0 0.06311944375 0.693567390625 0.097969040625 0.6508861453125 0.09722751562500001 0.6412829296875 0.0539516140625 0.6416238484375001 0.055410389062499996 0.6565022875000001 0.0561518578125 0.6703737249999999 0.0598592578125 0.6842450796875 0.06311944375 0.693567390625
0 0.21708319999999998 0.29131941875 0.2193076359375 0.2827831765625 0.183732171875 0.24027559843750002 0.183716596875 0.30305674374999997 0.1940973296875 0.30519081406250004 0.20225359843750002 0.299855659375 0.21708319999999998 0.29131941875
0 0.3972628796875 0.3147941109375 0.3941620734375 0.2562761921875 0.3868821484375 0.258241428125 0.37575994687500003 0.2646436390625 0.372052546875 0.271045809375 0.3972628796875 0.3147941109375
0 0.28752380781250003 0.5956392734375 0.27491866875 0.5839020296874999 0.26008906718749997 0.5700305515624999 0.2504764578125 0.5722879375 0.24822536875 0.6383205203125 0.2986460078125 0.6329853640625 0.2941971390625 0.6095107109375 0.28752380781250003 0.5956392734375
0 0.23858613437499998 0.622315053125 0.235620203125 0.611644740625 0.23117133281250002 0.5956392734375 0.217824696875 0.5839020296874999 0.20447803437499998 0.57536570625 0.19671022656249998 0.5736213203125 0.1970632328125 0.6511249015625 0.24451796875 0.64899083125 0.24229353437499998 0.636186490625 0.23858613437499998 0.622315053125
0 0.651590509375 0.3019897296875 0.644917234375 0.3190622125 0.642692771875 0.332933609375 0.6856986390625 0.332933609375 0.68644010625 0.2646436390625 0.67531790625 0.267844725 0.6641957046875 0.2753139515625 0.6552979109375 0.2934534890625 0.651590509375 0.3019897296875
0 0.736860775 0.3713467546875 0.7316703796875 0.3574753578125 0.7227726421875 0.346805046875 0.714616315625 0.33720175 0.7020111765625 0.33079957968749996 0.695438365625 0.3242787203125 0.6931134390625 0.40122361875 0.73982665 0.3980225328125 0.740568175 0.38201706562500004 0.736860775 0.3713467546875
0 0.6768008437499999 0.43430156875000003 0.68644010625 0.405491759375 0.6879230453125 0.392687378125 0.6444531484375 0.3882811 0.643434240625 0.46524556875 0.6545564421875001 0.460977346875 0.6671616359375 0.4492401015625 0.6768008437499999 0.43430156875000003
0 0.80730138125 0.38628516562500004 0.80667884375 0.330945634375 0.7976621171875 0.3350676796875 0.7917302546875 0.34040283437499996 0.785056978125 0.3436039203125 0.80730138125 0.38628516562500004
3 0.699702259375 0.11200449374999999 0.5433343749999999 0.11205817343749999 0.5433343749999999 0.3307995578125 0.7027525890625 0.3329336296875 0.699702259375 0.11200449374999999
3 0.69173035 0.1109374578125 0.6938549078125 0.400156603125 0.8510486593750001 0.400156603125 0.848824196875 0.11205821406250001 0.69173035 0.1109374578125
3 0.8495657218750001 0.6605121796875 0.848082784375 0.38995889687499996 0.5967210296875 0.38628516562500004 0.5952380359375 0.5559431765625 0.5418514937500001 0.5559431765625 0.5425929625 0.6562440390625001 0.8495657218750001 0.6605121796875
3 0.179267728125 0.659685546875 0.183716596875 0.659685546875 0.4884648953125 0.6575514359375 0.4868630703125 0.3204043921875 0.2852994015625 0.32143666406250004 0.1911313984375 0.322503678125 0.1911313984375 0.303297125 0.18890696406250002 0.30116305468750004 0.180009196875 0.303297125 0.179267728125 0.659685546875
5 0.586051896875 0.109604075 0.5863402984375 0.1291550375 0.6649371734375 0.1312891078125 0.6656786421875001 0.11314957031249999 0.586051896875 0.109604075
5 0.731591521875 0.109604075 0.7309289109375 0.1270209671875 0.80730138125 0.125953953125 0.80804279375 0.1110155 0.731591521875 0.109604075
5 0.2940456453125 0.1082706921875 0.29197267656250003 0.12510291406250001 0.3683451453125 0.127236965625 0.3683451453125 0.1090974375 0.2940456453125 0.1082706921875
5 0.40435911718749995 0.11227084062499999 0.4039362125 0.12616995 0.439527221875 0.12616995 0.439527221875 0.11123150781249999 0.40435911718749995 0.11227084062499999
5 0.29497264843750004 0.6402904656249999 0.2956800765625 0.6564844203125 0.40541915 0.6586185312499999 0.40690208749999995 0.6372779093750001 0.29497264843750004 0.6402904656249999
5 0.19485621875 0.6389570828125 0.1940973296875 0.6575514359375 0.24451796875 0.6586185312499999 0.24525943749999998 0.6404789531249999 0.19485621875 0.6389570828125
5 0.6722632671875 0.6389570828125 0.6708690374999999 0.659685546875 0.784315453125 0.662886590625 0.784315453125 0.64154596875 0.6722632671875 0.6389570828125
3 0.28041815312499996 0.3882671078125 0.288263559375 0.3874606921875 0.30367420312500004 0.37899317187500003 0.3157225328125 0.366493540625 0.32216699375 0.3479456984375 0.326650084375 0.363267846875 0.33729744687499996 0.3793964109375 0.350466534375 0.385444621875 0.3616742765625 0.38665424531250003 0.3622346546875 0.330204271875 0.40090136875000004 0.330204271875 0.40006077968750003 0.1112590171875 0.180124284375 0.11095089531249999 0.1803890515625 0.3277849921875 0.2784567859375 0.3281882015625 0.28041815312499996 0.3882671078125
1 0.296647359375 0.38406209062499996 0.305868121875 0.3772201765625 0.31465665781249996 0.36540229687500003 0.3218603765625 0.34902314687499997 0.32647076249999996 0.3635363125 0.334106709375 0.3749395203125 0.34347154375 0.3826107796875 0.352836378125 0.385928075 0.3622012140625 0.3871720578125 0.36172275468750004 0.3205398765625 0.280799178125 0.32061878906249996 0.2810873328125 0.3888307125 0.296647359375 0.38406209062499996