3 0.7503046078125 0.2587542234375 0.7496026171875 0.2590069078125 0.7495441203125 0.28065367812500003 0.7503046078125 0.28065367812500003 0.7500508796875 0.3339413140625 0.8943851781250001 0.3337402515625 0.8941247000000001 0.2758109359375 0.8702917203125 0.276185965625 0.8704219500000001 0.224658440625 0.8702917203125 0.15850466875 0.8920409484375 0.1577546078125 0.8923014171875 0.16000479843749998 0.8945154093750001 0.16000479843749998 0.8946456484375 0.082211909375 0.8351069437499999 0.082399428125 0.7879493656250001 0.08227417031249999 0.78845260625 0.18641105468750002 0.750546946875 0.18543645625 0.7503046078125 0.2587542234375
5 0.7499675625 0.28133630625 0.7553305796875 0.28150983125 0.7552703203125 0.2717924765625 0.7550895421875 0.2587781640625 0.749299121875 0.25877129375 0.7494854953125001 0.2666735140625 0.7495457515624999 0.28150983125 0.7499675625 0.28133630625
0 0.766364384375 0.1989276484375 0.768955503125 0.2040466140625 0.7713658484375 0.20161727499999998 0.7751018828125 0.1965850734375 0.7797417953125 0.190164678125 0.7798020515624999 0.185132478125 0.7644122328125 0.18494904843749999 0.7644361109375 0.1908587765625 0.7644963671875 0.1934616390625 0.766364384375 0.1989276484375
0 0.8581314453125 0.1641620109375 0.855191278125 0.1673370171875 0.8607959765625001 0.1760682875 0.8681464046875 0.1885037328125 0.8704434093750001 0.1885037328125 0.8701226828124999 0.158826178125 0.86520623125 0.160060959375 0.8612553796875 0.161383878125 0.8581314453125 0.1641620109375
5 0.970337675 0.1606629359375 0.9702122281250001 0.15244493125 0.956789903125 0.15244493125 0.9315009953125 0.15249928906250002 0.9313878328125 0.1603920109375 0.9441829531250001 0.1605726265625 0.970337675 0.1606629359375
0 0.9159956656249999 0.18337576718749998 0.9191317234374999 0.1818405359375 0.9219541781249999 0.1779573015625 0.9172500906250001 0.17001022187499998 0.91041348125 0.1585411375 0.9078359078125 0.1584558078125 0.907340146875 0.1853625375 0.91229511875 0.1849109984375 0.9159956656249999 0.18337576718749998
0 0.91624655 0.31901349843750004 0.9136122609375 0.31494965 0.9069010984375 0.32434165625 0.9021342906250001 0.3303922734375 0.9022473578125 0.3340738359375 0.9181909062500001 0.33427550781250004 0.9181281828125 0.326509040625 0.9173755328125001 0.3219936546875 0.91624655 0.31901349843750004
3 0.540080159375 0.3942075921875 0.5365981625 0.3942075921875 0.5363538140624999 0.43429079843749996 0.5392860203125001 0.43429079843749996 0.5391638453125001 0.45291895625 0.5629831125 0.45274304374999996 0.5629831125 0.45353464531250004 0.6089432625 0.45328360781250004 0.6364974625 0.45341901250000005 0.6364974625 0.3646509328125 0.6365915 0.3078097375 0.5989804890625 0.307268121875 0.5596619734375 0.30739280625 0.55950603125 0.3078846921875 0.539835809375 0.3285415640625 0.540080159375 0.3942075921875
0 0.550037446875 0.337781228125 0.55406923125 0.3397162546875 0.555596425 0.331272503125 0.5570014375000001 0.32186123437499997 0.5579177515625 0.31341748125 0.5576251515624999 0.3098061765625 0.5414240875 0.3277542703125 0.545089346875 0.33267979375 0.550037446875 0.337781228125
5 0.609321375 0.4542057640625 0.609262878125 0.44578289687500006 0.595115471875 0.44578289687500006 0.562683728125 0.44603009218749995 0.56273195625 0.45403730624999994 0.5720574593750001 0.45412153593750004 0.609321375 0.4542057640625
5 0.5205981078125 0.4354864015625 0.5205981078125 0.4274846765625 0.506265834375 0.42714776250000003 0.4896464046875 0.42704861093749996 0.48982759375 0.4354864015625 0.500766921875 0.4357390859375 0.5205981078125 0.4354864015625
3 0.6367241921875 0.312779784375 0.637022671875 0.264033546875 0.6367241921875 0.2030094390625 0.5476610453124999 0.20269822187500003 0.5471828828125 0.28549083125 0.5598678984375 0.312779784375 0.6367241921875 0.312779784375
5 0.6078507531249999 0.2104984125 0.6077337515625 0.20291783125 0.5942789640624999 0.20266514375 0.5764546421875 0.2026041671875 0.5764952453125 0.210245725 0.590769021875 0.2104984125 0.6078507531249999 0.2104984125
0 0.5670469 0.2990871328125 0.5685401421875 0.293755109375 0.561850421875 0.29065909218749997 0.555399628125 0.287305078125 0.5503823421875 0.2851550671875 0.5477782999999999 0.2855234109375 0.55826665 0.3106971875 0.5626269109375001 0.30639716875 0.56513555 0.3025271515625 0.5670469 0.2990871328125
0 0.53013291875 0.22482169062500001 0.5271762343749999 0.223060125 0.5241175984375 0.23113396874999997 0.5229960984375001 0.2368590578125 0.5227519015625 0.243856521875 0.5426733328125 0.24405212187499997 0.5426733328125 0.2402353921875 0.5356384640625 0.2315743609375 0.53013291875 0.22482169062500001
5 0.536795753125 0.1187982921875 0.5367368765625 0.1120165546875 0.5233719734375 0.1118470125 0.51106695625 0.1118391140625 0.5110668375 0.1191373796875 0.5214290578125 0.1193069234375 0.536795753125 0.1187982921875
0 0.39921176406250003 0.3155665890625 0.3958499203125 0.3236340578125 0.39462743125 0.3302347140625 0.3946989421875 0.336542075 0.41439100156249997 0.33742209375 0.414492878125 0.3336083828125 0.405935453125 0.32187388281249996 0.39921176406250003 0.3155665890625
5 0.38316378125 0.32745400468749997 0.38316378125 0.32005868125000003 0.3830149046875 0.311270040625 0.37741012500000004 0.3112988765625 0.3775064640625 0.31877253906249997 0.377432025 0.32745400468749997 0.38316378125 0.32745400468749997
5 0.4483633578125 0.454049046875 0.44828891875 0.4453675828125 0.431765259375 0.44526040624999996 0.40156578749999994 0.4456152765625 0.40146716875 0.454049046875 0.41776917812500003 0.454370584375 0.4483633578125 0.454049046875
5 0.44241664687500004 0.089659884375 0.45013852656250003 0.104568359375 0.45815289843749996 0.11855032031249998 0.462307634375 0.11181202500000001 0.45224579374999996 0.0927763453125 0.44446541406250006 0.08005326406249999 0.40667839843750003 0.0805586390625 0.398839521875 0.0926033390625 0.388488103125 0.1113078703125 0.3927993546875 0.11703420312499999 0.4033291890625 0.1000200125 0.40953009375000005 0.0894071984375 0.44241664687500004 0.089659884375
0 0.47936759375 0.22296153125 0.47661813437499995 0.22911022343749998 0.4753311546875 0.23475354375 0.474845890625 0.24325231406249997 0.49410936093749996 0.243850240625 0.4941678609375 0.24056532343749998 0.4882594546875 0.23298474218749998 0.47936759375 0.22296153125
5 0.38272413906249997 0.2698262609375 0.38272413906249997 0.261081615625 0.382827078125 0.2539673234375 0.37747425625000003 0.2539673234375 0.3773713171875 0.2622673265625 0.3773713171875 0.269974475 0.38272413906249997 0.2698262609375
0 0.400429625 0.25278160625 0.4069147703125 0.244185178125 0.41453224375 0.23484767187500002 0.414429309375 0.2314387421875 0.3945213765625 0.231058028125 0.3954885546875 0.24107267656250003 0.3969297 0.24655660625000003 0.400429625 0.25278160625
3 0.396144175 0.2441590421875 0.40020750937500005 0.2525447578125 0.4026455078125 0.2503995734375 0.407250609375 0.24474408906249998 0.41185572031250006 0.23889359531249998 0.4132092390625 0.23616335781250003 0.4369119921875 0.2357733265625 0.43826643593750003 0.24493910625 0.4405689875 0.2511796375 0.4430069859375 0.251959709375 0.44815387187500005 0.24669425625 0.451675421875 0.24142881093750002 0.456686859375 0.235578309375 0.4703667328125 0.23635837343750002 0.47023129375000006 0.24240389062499998 0.49840370468749995 0.24357399375000002 0.4989454796875 0.198747465625 0.498810040625 0.1128528953125 0.462076146875 0.1126578796875 0.44487472187500005 0.0795050515625 0.4065439796875 0.0797000671875 0.38798811718750004 0.11277243125 0.3775594 0.11236286250000001 0.3778592 0.23616335781250003 0.395196071875 0.23616335781250003 0.396144175 0.2441590421875
3 0.16468551874999998 0.726618040625 0.16395921093750002 0.7687263140625 0.1829469875 0.768576921875 0.186163496875 0.7733575390625 0.1916927953125 0.7814248296875 0.2004084984375 0.7890439359375 0.21068057499999998 0.792629396875 0.2199150640625 0.792181215625 0.22697063125 0.7890439359375 0.2332998953125 0.7842633171875 0.2376577390625 0.7796320984375 0.242534384375 0.7738057203125 0.2456471328125 0.7681496515624999 0.26453115625 0.7681496515624999 0.26473866562500004 0.48388069375000003 0.2649461890625 0.4202512609375 0.2642198796875 0.4202512609375 0.263804846875 0.41711398125 0.253947803125 0.41696458593749997 0.24844860937500002 0.40426607187499997 0.23859646875 0.38633875781250004 0.23693632656250002 0.38768330624999997 0.22448532812500002 0.37154872656250004 0.2224101609375 0.375582371875 0.22033499218750002 0.3811099578125 0.2188823796875 0.37632934375 0.21618465625 0.3719969078125 0.20445996875 0.3878327015625 0.20290359375000003 0.3858905765625 0.2015547359375 0.38798209375 0.1865097765625 0.4169771546875 0.17578157187500001 0.4171625609375 0.1755801453125 0.678992634375 0.164581759375 0.679291421875 0.16468551874999998 0.726618040625
5 0.1902596453125 0.42408415625 0.1975324734375 0.4105476515625 0.20560354374999998 0.39356317343749997 0.201187234375 0.3880382671875 0.1947829875 0.3996929125 0.1853815265625 0.417571309375 0.1902596453125 0.42408415625
5 0.249666859375 0.42157797343750003 0.2538354359375 0.41595904843750003 0.24913470312500002 0.4058705234375 0.238846940625 0.386213278125 0.23370210781249998 0.392461721875 0.23946715468750002 0.403316465625 0.249666859375 0.42157797343750003
5 0.1924249359375 0.7816303140625 0.1972957671875 0.7858551109375 0.2026947640625 0.7895729328125001 0.208093753125 0.7921078125000001 0.21378612343749998 0.7926223515624999 0.22065223281250002 0.7918618875 0.2256404359375 0.78941150625 0.2305103640625 0.7862851562500001 0.23532251249999997 0.78214485625 0.23931307343750002 0.7777510640624999 0.24312757812500002 0.7732727781250001 0.24653129218749997 0.7671045765625 0.24224730781249998 0.7616123375 0.232094853125 0.7742867296875 0.22569821562499998 0.78028594375 0.2192429015625 0.7833277984375 0.2123767890625 0.784257253125 0.20533462187499998 0.7819758609374999 0.1999356265625 0.7777510640624999 0.1942445390625 0.77217433125 0.190253978125 0.766513103125 0.1862458421875 0.7614015546874999 0.1824485359375 0.76743499375 0.1843851328125 0.771068321875 0.18837569375000002 0.776898540625 0.1924249359375 0.7816303140625
0 0.18769667031249998 0.661428303125 0.18970200625 0.6567363687500001 0.18725800312500002 0.6535783375 0.1844379984375 0.6516835171875 0.18117932187500002 0.6505105328125 0.17848465156249999 0.6500593875 0.1754458921875 0.649602990625 0.175539309375 0.6779402953125 0.1776699828125 0.6779402953125 0.1829966609375 0.6694587265624999 0.18769667031249998 0.661428303125
0 0.185628665625 0.621314071875 0.1880726703125 0.6193290234375 0.189388675 0.616802596875 0.186067334375 0.61084745 0.18149265625 0.6034486343750001 0.17760731406250002 0.5960498171874999 0.1754458921875 0.5960407796875 0.175601978125 0.624201415625 0.17879798593750001 0.62429164375 0.1828713265625 0.6231186625 0.185628665625 0.621314071875
3 0.095323628125 0.5410373203125001 0.1300140234375 0.5409471609375001 0.13007664531250002 0.5660829125 0.1550594609375 0.565541953125 0.16075775625 0.5723941265625 0.16927389375 0.582852703125 0.171089834375 0.5780742140624999 0.172216971875 0.574467809375 0.17303101406250002 0.5704106015625 0.1733441078125 0.5658124328125 0.17854145625 0.565992753125 0.17841200468750001 0.5202288828125 0.1822092484375 0.5202288828125 0.1820240234375 0.50956081875 0.18230187343749998 0.47770863593749996 0.1818387859375 0.41693799374999996 0.12312331406250002 0.417871446875 0.1179368359375 0.41187066093749997 0.10913833906249999 0.40093589375 0.10673033125 0.406536628125 0.105526328125 0.41173731093750005 0.104692784375 0.41707134375 0.0907081171875 0.416680621875 0.081353921875 0.39882748281249997 0.07246395312500001 0.3860258078125 0.07125995625 0.3870926109375 0.06459161875 0.3780247578125 0.058015898437500005 0.3706904625 0.056070971875 0.37362418124999996 0.054681735937499996 0.3776247046875 0.0536629640625 0.3821586328125 0.0531998828125 0.3790915640625 0.0517180296875 0.3745576359375 0.048939559375000004 0.37122386406249996 0.036343820312500004 0.3873593171875 0.034954584375 0.3853590515625 0.0325465703125 0.3889595265625 0.017820671875 0.417462996875 0.0076329421875 0.417462996875 0.0076329421875 0.4203967140625 0.006327209374999999 0.420299240625 0.00631126875 0.4700352859375 0.00631126875 0.5410373203125001 0.095323628125 0.5410373203125001
5 0.0379728328125 0.39355369218749997 0.03317590625 0.387910371875 0.021827084375 0.40770411093750003 0.017509982812499998 0.4170486109375 0.0215345875 0.4231890140625 0.0282034859375 0.41207082812499995 0.03411189375 0.40096581562500005 0.0379728328125 0.39355369218749997
5 0.0909210078125 0.41660823125 0.0815026546875 0.39967826875 0.0743310890625 0.3883449078125 0.070036834375 0.39420340625 0.076881228125 0.40683770625 0.086475075 0.4230938390625 0.0909210078125 0.41660823125
0 0.10943621875000001 0.40079160937499997 0.10696497499999999 0.405061415625 0.105341015625 0.4107544890625 0.1044937296875 0.41715919687499997 0.10408465156249999 0.4231263078125 0.12405187343749999 0.423258921875 0.12405187343749999 0.41959908593749995 0.1163557109375 0.40973786875 0.10943621875000001 0.40079160937499997
5 0.162712196875 0.42427680156249997 0.162712196875 0.41661199218749995 0.15335234375 0.4167804484375 0.137844603125 0.4170486109375 0.13779159218749998 0.42427680156249997 0.14709294374999998 0.42402411406249996 0.162712196875 0.42427680156249997
0 0.1628662765625 0.5756450671875 0.1694045265625 0.58321505625 0.1716962828125 0.57680968125 0.1728421609375 0.572054175 0.173516209375 0.56720161875 0.1739206359375 0.5618638046875 0.1543804671875 0.56183413125 0.1544406984375 0.5655517484375 0.158080546875 0.5691426390625 0.1628662765625 0.5756450671875
0 0.08046001875 0.52023321875 0.0775718578125 0.528002965625 0.0762797875 0.535225546875 0.07620378125 0.54113493125 0.07625747031249999 0.5408827484375001 0.0954328421875 0.5414632296875 0.09550885 0.5374142078124999 0.08707238125 0.5271275 0.08046001875 0.52023321875
1 0.046018503125 0.36784790156249997 0.034069759375 0.3856995265625 0.03498889375 0.3969394375 0.06991598906249999 0.394294753125 0.074971228125 0.38702186875 0.0593459484375 0.36784790156249997 0.046018503125 0.36784790156249997
1 0.21422004687500001 0.369831415625 0.20410957187499998 0.3837160125 0.20509285312499997 0.3916666640625 0.2349005640625 0.3923112390625 0.239496234375 0.3863606984375 0.22433052187500002 0.3685090734375 0.21422004687500001 0.369831415625
3 0.4161609046875 0.3309290484375 0.4015773109375 0.313033346875 0.39643015937500004 0.32228974374999997 0.3942855125 0.3284606765625 0.392998725 0.3321632359375 0.37803518281250004 0.3322222203125 0.377557271875 0.4537305921875 0.47492421250000005 0.4531134984375 0.473637425 0.332780328125 0.4161609046875 0.3309290484375