3 0.693487440625 0.7479894171875 0.6928140625 0.6873662171875 0.693487440625 0.5984480953125 0.5844035484375001 0.5980871671875 0.45743942187500003 0.5979537546875 0.45747999375 0.6686232484375 0.4578166921875 0.7479894171875 0.693487440625 0.7479894171875
0 0.5094773921875 0.6269161609375 0.5037094171875001 0.62290543125 0.49700608593749995 0.61939604375 0.489211525 0.61705645 0.48204052812500003 0.6154688703125 0.47486952968749996 0.614800415625 0.4678544171875 0.61438263125 0.45678614531250006 0.614299075 0.45633497656250005 0.6417958625 0.5175837343749999 0.641705725 0.5169601703125 0.6372772109375 0.514310021875 0.632096684375 0.5094773921875 0.6269161609375
5 0.630456103125 0.747893003125 0.6306008078125 0.7360257531250001 0.59644689375 0.7360257531250001 0.522934778125 0.7358546109375 0.5232220937500001 0.747970565625 0.54724789375 0.7478154359375 0.630456103125 0.747893003125
0 0.42097496874999996 0.696919221875 0.41179703749999996 0.6996919296875 0.403119725 0.7038062703125 0.3969454703125 0.708457265625 0.3932742984375 0.7129293734375 0.3906043625 0.7185642328124999 0.3906043625 0.7247316859375 0.39027144375 0.7327213484375 0.44266826249999996 0.732865290625 0.44266826249999996 0.6953987046875 0.432822846875 0.6955775890625 0.42097496874999996 0.696919221875
3 0.3868404140625 0.7849906546875001 0.385153121875 0.7218669421875 0.376716728125 0.7218669421875 0.3764355265625 0.6673242234375001 0.23864352656249999 0.66747495 0.139854109375 0.667279190625 0.1399399109375 0.8176777046874999 0.3868404140625 0.817526975 0.3868404140625 0.7849906546875001
0 0.3360075640625 0.696857396875 0.3451613515625 0.6941538796875 0.3533810859375 0.689547884375 0.360106328125 0.6838348515625 0.364029378125 0.6758244296875 0.36458981874999996 0.66731335625 0.31258222812500003 0.666837409375 0.3130296703125 0.699260521875 0.3259197015625 0.6989601328124999 0.3360075640625 0.696857396875
5 0.387007271875 0.781905065625 0.38719408906249997 0.7678007109375 0.38719408906249997 0.7494768703125 0.36457291718749996 0.7492822625 0.3647766359375 0.7637814859375001 0.365150259375 0.781905065625 0.387007271875 0.781905065625
5 0.20823365625 0.8178210046875 0.2596070046875 0.8178210046875 0.31863403125 0.8179211359374999 0.3185416359375 0.8054196109375 0.2629696140625 0.8057052406249999 0.20842046718749999 0.8057052406249999 0.20823365625 0.8178210046875
5 0.162771128125 0.78147305 0.162771128125 0.7662213765625 0.162771128125 0.749455515625 0.1393474140625 0.7494709078125 0.139626796875 0.7621509578125 0.1397670609375 0.78147305 0.162771128125 0.78147305
5 0.162598334375 0.6642965765625 0.1623970859375 0.6573927875 0.1621958234375 0.643477340625 0.139052696875 0.6434481328125 0.13945399218750001 0.651459846875 0.13925273124999998 0.66418870625 0.162598334375 0.6642965765625
0 0.2812129625 0.6424290953125 0.27471508437500003 0.6439680171875 0.26806610000000003 0.645830921875 0.2617193484375 0.648746775 0.25688371875 0.6519866109375 0.2525014359375 0.6565223828125 0.24993250625000002 0.661058153125 0.25023473281249997 0.66567491875 0.3032162671875 0.66575425 0.3034266171875 0.6414571453125 0.28907085 0.641538140625 0.2812129625 0.6424290953125
0 0.27990869687500003 0.615547890625 0.285125346875 0.6205187234375 0.29633146875 0.626628709375 0.31314067031250004 0.6309781859375 0.33362084062499997 0.6313924234375 0.333487553125 0.607705265625 0.2787494453125 0.6072631671875001 0.278942646875 0.6114055281249999 0.27990869687500003 0.615547890625
5 0.16202956875000002 0.6228652484375 0.16202956875000002 0.60536376875 0.162222771875 0.5846519640625 0.1390193140625 0.584709090625 0.139424096875 0.6037068265625 0.1396173125 0.622451009375 0.16202956875000002 0.6228652484375
3 0.6936609328125 0.567875478125 0.70323930625 0.567875478125 0.7036746703125 0.5396713906249999 0.7041100359375 0.474106921875 0.644898309375 0.47364019687500003 0.45790421718749996 0.47385116875 0.4568138796875 0.604279884375 0.6945316625 0.6040465234375 0.6936609328125 0.567875478125
5 0.7049808234375 0.5518061921874999 0.704545459375 0.5273358859374999 0.704545459375 0.4955987109375 0.67964725 0.4954000609375 0.6797287390625 0.5172686750000001 0.680164103125 0.55157283125 0.7049808234375 0.5518061921874999
0 0.47437548593749995 0.58752440625 0.4857412421875 0.5859737171875 0.49566044375 0.583204634375 0.5037198078125 0.5799925015625 0.5101259609375 0.5755619671875001 0.5144656078125001 0.5710206703125 0.5165321031250001 0.56559326875 0.5171520578125001 0.5601658656249999 0.45602561406250003 0.5599992375 0.45619028281249996 0.58763516875 0.46714273281249996 0.58763516875 0.47437548593749995 0.58752440625
0 0.3674413359375 0.491830115625 0.3558814 0.49353403125 0.3457664625 0.49725166875 0.337096521875 0.5026732203125001 0.3301605640625 0.5105731984374999 0.3287155671875 0.5190927750000001 0.388511378125 0.5192148171875 0.38998320937500003 0.49090070625 0.37871228125 0.49121051250000003 0.3674413359375 0.491830115625
0 0.4368009234375 0.45606955625 0.4249520015625 0.4506480046875 0.4107910796875 0.44816958125 0.396919165625 0.4473950734375 0.39614105781250003 0.47970911093749996 0.4495168484375 0.4800792875 0.44864984531249996 0.47186950781250003 0.4448928703125 0.4621107140625 0.4368009234375 0.45606955625
5 0.161976103125 0.5077517203124999 0.161976103125 0.491185446875 0.161976103125 0.47226501875000004 0.1395931125 0.47225994531250004 0.1396901328125 0.4864771359375 0.1398528078125 0.5077517203124999 0.161976103125 0.5077517203124999
5 0.68836920625 0.2832210359375 0.688610784375 0.2591557640625 0.68836920625 0.2375325015625 0.6640930093749999 0.237295346875 0.664453696875 0.25086262812500004 0.6646952749999999 0.28309155625 0.68836920625 0.2832210359375
5 0.1621756140625 0.2840434609375 0.162057228125 0.27059945 0.1618204453125 0.24889713750000003 0.1396229671875 0.24883673437499998 0.139918065625 0.263166090625 0.139681284375 0.28410691718750003 0.1621756140625 0.2840434609375
3 0.702490640625 0.480794490625 0.7044394171875 0.32996721562500003 0.6888500468750001 0.330489109375 0.686901390625 0.17757430624999998 0.2893754796875 0.176008609375 0.287426821875 0.1514796265625 0.1938913140625 0.1514796265625 0.1968142984375 0.17757430624999998 0.1403032625 0.17705239687500002 0.141277590625 0.5721258671875 0.387782628125 0.5710820484375 0.3916799421875 0.480794490625 0.702490640625 0.480794490625
1 0.1954421375 0.187695309375 0.2900987828125 0.1876611453125 0.2900987828125 0.1525157609375 0.1934876484375 0.1505632390625 0.1954421375 0.187695309375
4 0.4734375 0.1828125 0.31796875 0.01171875
1 0.7578125 0.54921875 0.1015625 0.03671875