3 0.7407400515625 0.7649287984375001 0.7916728640625 0.765767528125 0.7916728640625 0.7668567875 0.8474794578125 0.7673409062500001 0.8474794578125 0.7655254703125001 0.8645297703124999 0.765975690625 0.8645297703124999 0.72338760625 0.8645297703124999 0.6159464031249999 0.8645297703124999 0.533944828125 0.8150081578125 0.5348405859375001 0.77617165 0.534328525 0.7760363703125 0.7057711046875 0.7409081296875 0.7060131625 0.7407400515625 0.7649287984375001
0 0.7850854359375 0.5876984625 0.7901031109375001 0.585433528125 0.795420353125 0.5817664859375 0.80133671875 0.5739157828125 0.8050812531249999 0.5655031625 0.8081517703125 0.5529920890625 0.8080019937499999 0.543177365625 0.776039134375 0.5426823515625 0.7759487671875 0.5895319828125001 0.7797681937500001 0.5896398375 0.7850854359375 0.5876984625
5 0.8475238546874999 0.7673121046875 0.8475238546874999 0.7512418453125 0.835240125 0.7513496984375 0.7915267906250001 0.7513550312499999 0.7912712546875 0.7668806890625001 0.8089551374999999 0.7674199578125 0.8475238546874999 0.7673121046875
3 0.641425978125 0.7642588875 0.6416085140625001 0.767939096875 0.7096924796875 0.767413353125 0.710787659375 0.7650475015625 0.7458335546875 0.765573253125 0.746016103125 0.6646855031250001 0.74565103125 0.535163075 0.6615043609375 0.5343744609375001 0.608807809375 0.5343518078125 0.6091180359374999 0.6208226359375 0.609300565625 0.7650475015625 0.641425978125 0.7642588875
0 0.7191315953124999 0.574791284375 0.724468046875 0.5805105875 0.7309214390625 0.5862298890625001 0.7353891625 0.5887320828125 0.7425871734375 0.5908768203125 0.745813865625 0.59123428125 0.7459390171875 0.543673428125 0.7135469296875 0.543692584375 0.7135469296875 0.5549524546875 0.7151602765625 0.56478250625 0.7191315953124999 0.574791284375
5 0.71090984375 0.7673711937500001 0.71082923125 0.7516979078125 0.6755359421875 0.751581809375 0.6412423859375 0.7512285390625 0.64118375625 0.7672550953124999 0.6603640390625001 0.7672550953124999 0.71090984375 0.7673711937500001
3 0.678171675 0.540895803125 0.7455672625 0.5407058609375001 0.745303484375 0.4835601328125 0.745303484375 0.4028749796875 0.7099607734375 0.403064921875 0.7099607734375 0.4011655078125 0.6485002234375 0.40135545156249997 0.6486321078125 0.403634746875 0.6090652734375 0.4034324265625 0.608812446875 0.450536940625 0.60894433125 0.5401360390625001 0.678171675 0.540895803125
0 0.7339489593749999 0.48688808593750005 0.72908871875 0.489173634375 0.724228478125 0.49417326875 0.719070675 0.5024583781249999 0.715995828125 0.5108863328125001 0.71391286875 0.5193142921875 0.713615303125 0.5305991828125001 0.7458822031250001 0.5317280249999999 0.7459507765625 0.48417399687499996 0.7395035156249999 0.485316771875 0.7339489593749999 0.48688808593750005
5 0.7105873015624999 0.4170301 0.710514828125 0.4012692203125 0.685655521875 0.40106046875 0.648491934375 0.40080578125 0.648490034375 0.4175519859375 0.6655071671874999 0.4175519859375 0.7105873015624999 0.4170301
5 0.8483591890625 0.4172739265625 0.848433846875 0.40125402499999996 0.8237165531249999 0.40136154062499996 0.79159230625 0.4013964875 0.791817834375 0.4174889609375 0.806999746875 0.4172739265625 0.8483591890625 0.4172739265625
0 0.7968326296875 0.48892609531250003 0.7916067046874999 0.48548557812500004 0.7865300937499999 0.48312022343749994 0.7830959171874999 0.48236761093749997 0.7800350203125 0.4819375453125 0.77615318125 0.48105822812500004 0.7762275625 0.529659659375 0.782573328125 0.529767175 0.792129296875 0.505253496875 0.7968326296875 0.48892609531250003
5 0.5306339734375001 0.83222808125 0.5301388015625 0.8156836671875001 0.51944311875 0.8156836671875001 0.5075597187499999 0.815468109375 0.5077570984374999 0.8327985765625 0.516670165625 0.832513328125 0.5306339734375001 0.83222808125
0 0.47007224843750006 0.795199578125 0.46641456562499994 0.8029172609374999 0.463947753125 0.8125949890624999 0.46216144375 0.8187201328124999 0.46216144375 0.8302354062499999 0.4959319046875 0.8297029531250001 0.4951656578125 0.7800526 0.4861490421875 0.780420109375 0.4764519296875 0.786300246875 0.47007224843750006 0.795199578125
5 0.46106159375000005 0.83219723125 0.460898659375 0.8160068109375 0.42293232343750004 0.8160068109375 0.3840004875 0.8157638546875001 0.3841640515625 0.8320799093750001 0.4111236296875 0.8324318749999999 0.46106159375000005 0.83219723125
0 0.49303891718750004 0.7353300109375 0.488498590625 0.7242504265624999 0.48370601718749995 0.716076959375 0.4772738796875 0.710809615625 0.4704633828125 0.7077218625 0.46289616718750004 0.70699533125 0.46251780781249996 0.7478626562499999 0.46150884375 0.7478626562499999 0.4617234953125 0.7537743015625 0.49593968750000006 0.7540381625 0.49593968750000006 0.747681025 0.494426240625 0.747681025 0.49303891718750004 0.7353300109375
3 0.306183146875 0.765591390625 0.306183146875 0.7674974140625 0.360607753125 0.767616540625 0.36069046718750003 0.7658296421874999 0.3768204796875 0.7659487687500001 0.37681086874999997 0.7598949078125 0.42234166562500003 0.7598949078125 0.4226948609375 0.68565384375 0.4224376703125 0.6078266234374999 0.45610103593750007 0.6082089859375001 0.541327353125 0.6082089859375001 0.541327353125 0.49127239375 0.5414601 0.40357330156250004 0.517033878125 0.4033821203125 0.517033878125 0.40166147968750004 0.47472706093749995 0.4018526609375 0.47472706093749995 0.403955665625 0.458526275 0.4032900921875 0.45597172031250005 0.39225323125 0.4508626109375 0.3814993703125 0.44263349375 0.3715945 0.4337907796875 0.368481540625 0.42691314374999995 0.368481540625 0.4275026609375 0.4038560828125 0.286000221875 0.4035328546875 0.2857517953125 0.4237956328125 0.2857517953125 0.7659487687500001 0.306183146875 0.765591390625
0 0.4561619 0.3931594765625 0.45301793281249997 0.3851388109375 0.44789775781249996 0.3780237046875 0.44349620156249997 0.37310781249999997 0.438106546875 0.3705205015625 0.4319084375 0.36896811406249996 0.4272374015625 0.36896811406249996 0.4273272265625 0.4037674546875 0.426249296875 0.404026184375 0.426285596875 0.41470676875 0.4606532859375 0.4154103546875 0.460832940625 0.40337935468749997 0.458677078125 0.40337935468749997 0.4561619 0.3931594765625
5 0.51710370625 0.41566737500000006 0.517038071875 0.401393925 0.5006290234375 0.401393925 0.475017978125 0.40101176875 0.47509655000000006 0.415950953125 0.493802859375 0.415950953125 0.51710370625 0.41566737500000006
0 0.501597684375 0.5646942109374999 0.4959009296875 0.5645364390625 0.48943729999999996 0.5667452609375 0.48341188281249997 0.5705318171875 0.47859154843749996 0.57700051875 0.4747571921875 0.582995896875 0.47179925625 0.5912001046875 0.47103238437500006 0.600824271875 0.47125148906250003 0.6019286796875 0.46895087812499997 0.602086453125 0.4686774890625 0.60862291875 0.5026932203125 0.6085411984375 0.50280276875 0.6022302749999999 0.501926346875 0.6022302749999999 0.501597684375 0.5646942109374999
0 0.4133927671875 0.7425259093750001 0.409949321875 0.7328143859375 0.403779834375 0.7233094875 0.3958886265625 0.7173172703125 0.3881408984375 0.7160775015625 0.3852713609375 0.7156642468750001 0.3846405296875 0.76028735 0.4164057703125 0.760295934375 0.41654924062500004 0.7540970875 0.41525796093749995 0.7540970875 0.4133927671875 0.7425259093750001
5 0.360547225 0.767191646875 0.36060628125 0.7515421859375 0.3299939015625 0.7515421859375 0.3057274609375 0.7514474250000001 0.30603912968749997 0.76761690625 0.32924690624999997 0.767446803125 0.360547225 0.767191646875
4 0.3020019578125 0.41356289375 0.3943451234375 0.41587256874999995 0.3943451234375 0.40357840781250004 0.30118024375 0.40182209843749994 0.3020019578125 0.41356289375
5 0.4203125 0.42890625 0.0078125 0.02734375
5 0.41953125 0.50703125 0.0078125 0.028125