3 0.7641160874999999 0.615039028125 0.7641160874999999 0.72896035 0.9009197562500001 0.72896035 0.9009197562500001 0.5123362671875 0.7976083421875 0.5127812796875 0.69288464375 0.5127367015625001 0.6931954296875 0.5439316359374999 0.6931954296875 0.6155774734375 0.7641160874999999 0.615039028125
0 0.752761178125 0.5365863875 0.7557063328125 0.54543335625 0.7601240640625 0.5535581203125 0.7672604062499999 0.5605995796875 0.775076390625 0.5640300375 0.78141980625 0.5643911359375 0.78141980625 0.52340621875 0.7832322125 0.52340621875 0.7832322125 0.5122121 0.7495110171875 0.5119021015625 0.7502691234375 0.5203368609375 0.7507222234375 0.527739425 0.752761178125 0.5365863875
3 0.8386158390625 0.5223684796875 0.9618342234374999 0.522740446875 0.9618342234374999 0.487775509375 0.962300959375 0.3356928734375 0.8795103359375 0.3353209078125 0.7901780921875 0.335352315625 0.790326334375 0.41417801406250004 0.7898595984375001 0.522740446875 0.8386158390625 0.5223684796875
0 0.8226453015624999 0.5050742625 0.822521603125 0.49028630937499995 0.8196764078125 0.47904746718749996 0.8153467734375001 0.46879448437500004 0.8095326953124999 0.46071040625000004 0.8000074937500001 0.4547952234375 0.794688221875 0.45380936250000004 0.7895305031250001 0.45390570781250006 0.7896163640625 0.5084261953125 0.7965437796875 0.5086233671875 0.7967911859375 0.5052714359375 0.8226453015624999 0.5050742625
3 0.639622240625 0.327219015625 0.6832477234375001 0.327219015625 0.682688425 0.344602778125 0.9612062671875 0.346385721875 0.9614859078125001 0.187765621875 0.932402265625 0.1882113578125 0.9321226062499999 0.1316651015625 0.932681925 0.013990443750000001 0.8457060078125 0.012653228124999999 0.716480996875 0.0123112296875 0.7162464796875 0.23412229999999998 0.6393425921875 0.23501377343750002 0.639622240625 0.327219015625
0 0.7300955765625 0.151163925 0.73676843125 0.14560051875 0.7431333140625 0.136928153125 0.7479583062499999 0.12072882031250001 0.7484716046875 0.10436585937500001 0.715631384375 0.10399200312500001 0.7153126328125 0.1536183734375 0.7216775078125 0.1534547421875 0.7300955765625 0.151163925
0 0.6671604734375001 0.2787663109375 0.6603165265625 0.266922665625 0.6521037890625 0.26193585937499997 0.6386517390625001 0.261465221875 0.6390025265625 0.3080637671875 0.6718534640625 0.3086871140625 0.6714623828125 0.293103359375 0.6671604734375001 0.2787663109375
3 0.48051417343749997 0.07672705468749999 0.48341378749999997 0.08741476718749999 0.4881256515625 0.0983913390625 0.495012225 0.1065433109375 0.5033486046875 0.1123204546875 0.495012225 0.11578674062500001 0.489756678125 0.1206973109375 0.4850448140625 0.1299407390625 0.4810578484375 0.14149502187500002 0.4803329484375 0.1613857296875 0.5075168 0.1610968734375 0.5073355687500001 0.2566681421875 0.5383240781249999 0.2563792875 0.5830868140625001 0.2555329296875 0.5834492640625 0.2615989296875 0.586348878125 0.27315321875 0.5899733921875 0.2812412125 0.5959538390625 0.2901957859375 0.6030216375 0.2965506421875 0.6122641484375 0.2977060671875 0.6119016984375001 0.2561106421875 0.6459721171874999 0.2561106421875 0.6456096671875 0.09791803437499999 0.6459721171874999 0.012745615625000001 0.50796871875 0.013376401562500001 0.5076980203125 0.061759968750000005 0.48051417343749997 0.062048826562500006 0.48051417343749997 0.07672705468749999
5 0.593417771875 0.023154578125 0.593417771875 0.0121780125 0.5791009328125 0.0118891546875 0.5583885937499999 0.0124237796875 0.559166109375 0.023443434375 0.5729392546875001 0.023443434375 0.593417771875 0.023154578125
0 0.5906441671875 0.282867709375 0.597530746875 0.2921111375 0.6058671265625 0.2981771375 0.6136598234374999 0.2975994265625 0.6134786046875 0.24647171562499998 0.5811307375 0.24613370781250002 0.5824890203125 0.2594702859375 0.5861135328125 0.2718911421875 0.5906441671875 0.282867709375
3 0.2970431421875 0.107695925 0.29849294375 0.1172282109375 0.300848875 0.1247384921875 0.30574197187499996 0.133981921875 0.31208486875 0.1423025859375 0.31842776562499997 0.14779086875 0.3111787375 0.1521237265625 0.306466871875 0.1579008703125 0.3021174578125 0.165700009375 0.2988553921875 0.17523229375 0.2977680421875 0.186786578125 0.2975868109375 0.19631886406250001 0.3253143453125 0.19603000625 0.3251331140625 0.22260486406250002 0.2858071484375 0.22202715 0.2858071484375 0.2554772265625 0.25699226406250003 0.2557660828125 0.2573547203125 0.268475796875 0.26061677968749997 0.2817632234375 0.26496619374999997 0.28956236562500004 0.270765421875 0.2979392265625 0.2812765015625 0.30429408125 0.2762021859375 0.307471509375 0.26877193906249996 0.3135375109375 0.26460374375 0.31955370781250003 0.26043555937499996 0.3296637078125 0.258623296875 0.3426622765625 0.25826084531250004 0.35363884687499997 0.2863508171875 0.35363884687499997 0.2867132796875 0.398989409375 0.5469489734375 0.3987005515625 0.5473114109375 0.3453024171875 0.5474926546875001 0.24715165468750003 0.5134222234375 0.24744051250000001 0.5139658921875 0.17640187031250001 0.51432834375 0.013587542187500001 0.43714227499999997 0.013587542187500001 0.32516334375 0.0130588609375 0.3254955640625 0.0975859234375 0.2970431421875 0.0975859234375 0.2970431421875 0.107695925
5 0.8992544484374999 0.6103648890625 0.8992544484374999 0.5880624375 0.8992544484374999 0.556993090625 0.8940396578125 0.556927934375 0.8940815375 0.5764381296875001 0.893911934375 0.6100945578125 0.8992544484374999 0.6103648890625
5 0.8990000406249999 0.681405640625 0.8990000406249999 0.652634125 0.8990000406249999 0.6281690125 0.8939463734374999 0.628250371875 0.8941663375 0.64437005625 0.8941663375 0.6816759734375 0.8990000406249999 0.681405640625
1 0.31484375 0.1484375 0.0390625 0.10703125
1 0.275 0.30234375 0.03984375 0.10625
1 0.496875 0.1109375 0.03984375 0.11328125