5 0.39825038749999997 0.42392106875 0.398547896875 0.40440320781250005 0.3895833265625 0.40536585468749997 0.38872988125 0.4226198796875 0.3884323703125 0.44246303906250006 0.398547896875 0.44246303906250006 0.39825038749999997 0.42392106875
5 0.3759759984375 0.8323986343750001 0.38817412500000004 0.81808554375 0.38103375 0.8125554812500001 0.368835625 0.82589268125 0.3548523890625 0.8330492312500001 0.32599340625 0.8327239390625 0.3126052140625 0.82589268125 0.299217021875 0.8122301875 0.293229159375 0.8183739843750001 0.3063573953125 0.8320733421875 0.32420831875 0.84248286875 0.35812507656250003 0.8411816734374999 0.3759759984375 0.8323986343750001
5 0.4607678578125 0.8193867265625 0.46017283593749997 0.80865190625 0.45481755156250003 0.8089772109375 0.44618962343749996 0.80865190625 0.43571427968750004 0.8090243906250001 0.43637160625 0.8190614343749999 0.44886724375 0.8193867265625 0.4607678578125 0.8193867265625
5 0.648720615625 0.5019731546874999 0.6490181484375 0.49253952187500005 0.6302746703125 0.4918889375 0.612721259375 0.49156362500000006 0.5919642796875 0.491544715625 0.591597671875 0.502298453125 0.621349209375 0.502298453125 0.648720615625 0.5019731546874999
5 0.646935528125 0.8333924671874999 0.6594311640625 0.81940468125 0.653778390625 0.8135493125 0.6409852203125 0.8265612203125 0.6272995171875 0.8324165890625 0.5990355562499999 0.8324165890625 0.5841597875 0.8255853421875001 0.5734492375 0.812898715625 0.5659226125 0.8183739843750001 0.5793995453125 0.8317659781250001 0.598440534375 0.8418502265625 0.6299771609375 0.8418502265625 0.646935528125 0.8333924671874999
5 0.7171491750000001 0.50132255625 0.7168516406250001 0.4918889375 0.7001908078125 0.49156362500000006 0.6872023734375 0.49195122031249994 0.6882901921875 0.50132255625 0.70346345 0.5026237453125 0.7171491750000001 0.50132255625
5 0.7437846890625 0.65389390625 0.7440195843749999 0.636430559375 0.73485925625 0.6361737390625 0.73485925625 0.65466435625 0.73485925625 0.671100434375 0.7440195843749999 0.671100434375 0.7437846890625 0.65389390625
5 0.724524490625 0.8287376156249999 0.7327453109375 0.8189786968749999 0.7264035421874999 0.8125583578125 0.717947828125 0.8223172671875 0.7092572546875 0.8269399249999999 0.6991573828125001 0.826683115625 0.69023195 0.8233445265625001 0.679897184375 0.812301528125 0.674988246875 0.818741978125 0.68529944375 0.8292512546875 0.6968085765625001 0.8354147749999999 0.711606059375 0.834387534375 0.724524490625 0.8287376156249999
0 0.670971715625 0.5796221187499999 0.669562453125 0.5839879484375 0.667939375 0.5908857515625 0.6956341734375 0.5919491875 0.69586906875 0.5860424671875 0.673320521875 0.5749994593750001 0.670971715625 0.5796221187499999
0 0.6486580625 0.638741878125 0.654999865625 0.6420804578125 0.661341634375 0.6425940890625 0.6660392453124999 0.6423372781250001 0.6670582656249999 0.6127086015625001 0.6611067390625001 0.6135741125 0.6545300765625 0.626158 0.6486580625 0.638741878125
0 0.6582881796875 0.676750353125 0.6672136484375 0.69395688125 0.6728507671874999 0.69395688125 0.672932325 0.6637355578124999 0.6611067390625001 0.666220984375 0.655234725 0.66853229375 0.6582881796875 0.676750353125
0 0.7012713296875 0.71378410625 0.7022108375 0.7078773968750001 0.702680590625 0.7029979281250001 0.7022108375 0.69837526875 0.67586935625 0.699037228125 0.6756693265625 0.7047956171875 0.6993922765625 0.717636315625 0.7012713296875 0.71378410625
3 0.6662741046875 0.6502985078125 0.66674389375 0.539763396875 0.6670582656249999 0.49236200312499995 0.539780959375 0.4921154859375 0.5386195765624999 0.6515320640625 0.6662741046875 0.6502985078125
3 0.5673893921875 0.8200003546874999 0.5786636656249999 0.8323274234375001 0.59698435625 0.8418295328125 0.6291629859375 0.8420863609374999 0.6472488000000001 0.8338683031249999 0.6615764921875 0.818973115625 0.6728507671874999 0.818459465625 0.672932325 0.6457638 0.539780959375 0.6461092609375 0.5399745203124999 0.8194916828125001 0.5673893921875 0.8200003546874999
3 0.6744949234375001 0.818973115625 0.682480884375 0.8277047734374999 0.6885877578125 0.83284104375 0.7000969265625 0.8359228218749999 0.7132502171875 0.8343819421875001 0.7235849828124999 0.83001609375 0.733684853125 0.819486725 0.7440195843749999 0.818459465625 0.7437846890625 0.7300629109375001 0.74312734375 0.6980744546875 0.669327559375 0.6989884296875 0.6697973125 0.8187162859375 0.6744949234375001 0.818973115625
0 0.39568289375 0.6984081046874999 0.400443134375 0.7097935234375 0.40609593125 0.70946821875 0.40609593125 0.6785649390625 0.3950878484375 0.680191428125 0.38943505312500004 0.685721490625 0.39568289375 0.6984081046874999
0 0.4200791453125 0.6089512359375 0.417996546875 0.6050476640625 0.39241020625 0.617734275 0.39218749375 0.6212195125 0.4227567875 0.6219631437500001 0.4227567875 0.616758378125 0.421566721875 0.6122042125 0.4200791453125 0.6089512359375
3 0.267453746875 0.3835789671875 0.26596617031249997 0.5167588515625 0.39062511875 0.5174094484375 0.3897325859375 0.620854109375 0.47065678125000004 0.6205288171875 0.47065678125000004 0.5202705578125 0.4706845171875 0.4557723578125 0.39746798125 0.45644564374999996 0.39746798125 0.3835789671875 0.267453746875 0.3835789671875
4 0.32734375 0.3875 0.07265625 0.0109375
4 0.3328125 0.515625 0.07109375 0.0109375