3 0.09331176249999999 0.36893114374999997 0.092510778125 0.338750321875 0.3103717078125 0.3414940328125 0.31117261875 0.009211578125 0.2478968484375 0.009211578125 0.24749636874999997 0.0049000328125 0.064477209375 0.0059773703125 0.064477209375 0.010288915625 0 0.007941325 0.000800959375 0.008329123437499999 0.0004004796875 0.36893114374999997 0.09331176249999999 0.36893114374999997
3 0.41373160468750003 0.316212584375 0.4227584765625 0.3348638515625 0.442818190625 0.3535151171875 0.4558570046875 0.35596923125 0.46638835468749995 0.35596923125 0.4714032828125 0.3569508765625 0.470901790625 0.2995246109375 0.47892567656249996 0.3000154328125 0.47892567656249996 0.3574417296875 0.48745105468750005 0.3569508765625 0.6208481546875 0.3574417296875 0.6198451687500001 0.008194581250000001 0.522555615625 0.0096670484375 0.52155256875 0.0027955375 0.3375046921875 0.0030676421874999997 0.3375046921875 0.0089575203125 0.3034031765625 0.010307278125 0.3034032078125 0.2985429953125 0.41072264843750006 0.2995246109375 0.41373160468750003 0.316212584375
3 0.2569780078125 0.8645669687499999 0.2563290734375 0.8512293171875 0.4263498765625 0.8480536796875 0.43024348437500004 0.8734587703125 0.438249878125 0.892117375 0.45959638593749996 0.9126931328125 0.4717752828125 0.91728253125 0.48345610156249996 0.919823040625 0.49643478906249994 0.92426893125 0.5068177390625 0.9223635484375 0.505523659375 0.8468507171875 0.5120092140625 0.8474185328124999 0.5120092140625 0.8639318609375 0.6087004328125001 0.8626615875000001 0.610647315625 0.8696479874999999 0.7469235328125 0.867107496875 0.745625584375 0.5806650890625 0.5814452703125 0.5806650890625 0.4257009421875 0.5793948343750001 0.42699881250000005 0.510801090625 0.2122015375 0.5095308359375 0.21090366875000002 0.503814690625 0.15769105 0.503655909375 0.15704211562499998 0.5031795734375 0.15704211562499998 0.8658372234374999 0.2569780078125 0.8645669687499999
0 0.697559146875 0.0935250171875 0.70510183125 0.11646073125 0.7142856984375 0.13475484531249998 0.738446271875 0.1505191921875 0.76570435625 0.1590077234375 0.792962440625 0.1590077234375 0.7935819421875 0.08139859687499999 0.697559146875 0.080792275 0.697559146875 0.0935250171875
0 0.583444034375 0.2747382234375 0.5665501015625 0.288910659375 0.555689715625 0.300130471875 0.548449459375 0.31253135468750004 0.546036040625 0.32316065 0.5454326859374999 0.33851410312499997 0.6208520281250001 0.338956990625 0.6208520281250001 0.26706149687499997 0.6111983515625 0.2688330484375 0.583444034375 0.2747382234375
0 0.4102203078125 0.306521384375 0.41198659531250004 0.31948668750000003 0.41772703125 0.330723271875 0.426116896875 0.340231159375 0.4375977671875 0.34887469531250004 0.44907863593749997 0.35449299375 0.45923479062499994 0.35578952343750003 0.4702740890625 0.35751823125 0.47159880468750004 0.2935560828125 0.4698325171875 0.2939882453125 0.4097787359375 0.2939882453125 0.4102203078125 0.306521384375
0 0.3618207109375 0.5688920765625001 0.377351946875 0.5786971999999999 0.3918482953125 0.5835095359375 0.4094362203125 0.5861010671875 0.4102881921875 0.5821212609375 0.4109974203125 0.5099309375 0.3407838796875 0.51097214375 0.3404292875 0.5255490359375 0.3444502453125 0.5448859374999999 0.3520115046875 0.5571859671875 0.3618207109375 0.5688920765625001
0 0.4346119953125 0.883538671875 0.4420766890625 0.895173971875 0.45838846093749996 0.90978574375 0.4782943546875 0.9203387062499999 0.49515906718749997 0.9230445890625001 0.5067708390625 0.9238563390625 0.505388484375 0.8418680625 0.425764915625 0.8429504234375 0.425764915625 0.8543151281249999 0.428253153125 0.8705504296875001 0.4346119953125 0.883538671875
0 0.2775801890625 0.47469880625 0.27429344843750003 0.46534081250000003 0.264732040625 0.45013409375 0.2545730046875 0.4404836453125 0.24471278281250003 0.43434246249999997 0.22768149062499998 0.42790884218749997 0.2043755109375 0.4252769234375 0.2034791453125 0.49224504218750004 0.2043755109375 0.49421899375 0.2793729578125 0.49341479218749995 0.279970546875 0.48932067031250004 0.2784765734375 0.48464167343750003 0.2775801890625 0.47469880625
0 0.294106946875 0.2658740984375 0.28588320624999997 0.26566229531249996 0.2772266359375 0.26714495625 0.26402538125 0.272016584375 0.2534210703125 0.277735440625 0.24108545937499998 0.287266875 0.2296155046875 0.30654155625 0.2259364625 0.31988557968750003 0.224854390625 0.3340768140625 0.2246379765625 0.34043110468750004 0.2242051484375 0.3417019625 0.294106946875 0.34127834375 0.294106946875 0.2658740984375
1 0.5043467046875 0.4841250796875 0.4984810875 0.49622748281250006 0.49387240156249995 0.484945584375 0.4840265453125 0.46935605625 0.46119256093749994 0.453971653125 0.4392838796875 0.452383075 0.438705296875 0.520050703125 0.5596673187500001 0.5180915578125 0.5590885515624999 0.4540824328125 0.5498282859375 0.4526663015625 0.528437603125 0.45930490781250005 0.51394475625 0.47079277968750005 0.5043467046875 0.4841250796875
1 0.7095679078125 0.4532327625 0.7002262546875 0.45233064375 0.682655225 0.4583308265625 0.665581609375 0.46824374375 0.6542956609374999 0.48325475000000007 0.6486927 0.49868898906250003 0.6473504609375 0.4920347453125 0.6386689624999999 0.47702375625000004 0.6273830125 0.4659779421875 0.6146501468750001 0.4577643734375 0.5993128328124999 0.4526663015625 0.590052565625 0.4532327625 0.5891844171875 0.5205697859375 0.5894738 0.5209238187499999 0.7095679078125 0.5203573671874999 0.7095679078125 0.4532327625
5 0.24741732343749998 0.0088228609375 0.24741732343749998 0.005022234375 0.06767917812499999 0.003936345312500001 0.06601493593749999 0.0104516765625 0.074336146875 0.0109946203125 0.0737814 0.042485385937499995 0.2368771234375 0.0413995140625 0.23798661875 0.0104516765625 0.24741732343749998 0.0088228609375
5 0.5208644046875001 0.0092827265625 0.52057915625 0.0039783203125 0.33973138281250004 0.004257490625000001 0.3388756359375 0.010678625 0.34771835 0.010678625 0.34771835 0.041667575 0.5123069390625 0.041109214062499996 0.5128774359375 0.009841084375 0.5208644046875001 0.0092827265625
5 0.7661591453125001 0.0123533578125 0.7750036953125 0.0109106296875 0.7750036953125 0.0008115562499999999 0.6135906578125 0.0026149671875 0.61174804375 0.0116320171875 0.619855546875 0.0116320171875 0.6187499796875 0.0419292828125 0.6187499796875 0.0430113296875 0.7668961921874999 0.04120791875 0.7661591453125001 0.0123533578125
5 0.6116252578125 0.8620506875 0.6116252578125 0.86928121875 0.7465483125000001 0.8696617734375 0.7477147937499999 0.8422618796875 0.7057214515625 0.8407396437499999 0.70649910625 0.8323674484374999 0.6197906296875 0.8323674484374999 0.6194018031249999 0.8297035749999999 0.6186241484375 0.8620506875 0.6116252578125 0.8620506875