5 0.387406303125 0.217007896875 0.38682930937500004 0.180687309375 0.36616007968750003 0.180905328125 0.367212115625 0.26658835625 0.387406303125 0.2660118421875 0.387406303125 0.217007896875
0 0.357980475 0.361137175 0.384521409375 0.3651728015625 0.3858288734375 0.310973165625 0.330862546875 0.312133228125 0.332016496875 0.3328878421875 0.3452869828125 0.3519129078125 0.357980475 0.361137175
0 0.4722219015625 0.4349313796875 0.46991400156249996 0.382468303125 0.4175527375 0.3826690953125 0.4220248890625 0.40610553125 0.429525625 0.42282449843750003 0.4462579625 0.43262531718749997 0.4722219015625 0.4349313796875
3 0.329708596875 0.31962794843750003 0.3412481375 0.3426886234375 0.357980475 0.3617136890625 0.3770207125 0.36574931718750003 0.37644371875 0.3997638421875 0.421447934375 0.3997638421875 0.4335644703125 0.42340103281249997 0.45145071875 0.43262531718749997 0.4710679125 0.43262531718749997 0.47049095625000004 0.39745774218749996 0.5183800671875 0.3980342765625 0.5183800671875 0.22162001875 0.5195339796875 0.10228097656249999 0.369332465625 0.1009611953125 0.3706739671875 0.31155669375 0.330285590625 0.313862775 0.329708596875 0.31962794843750003
5 0.3614423265625 0.36292841249999996 0.2595679015625 0.36173134687499997 0.258740440625 0.3808004296875 0.30259070625 0.3813769640625 0.3614423265625 0.3813769640625 0.3614423265625 0.36292841249999996
0 0.2985518609375 0.6293718562499999 0.28239651875 0.6201475703125 0.2662411375 0.6189945390625 0.267181628125 0.661204609375 0.3083604578125 0.659350734375 0.30720650781250003 0.6432082640625 0.2985518609375 0.6293718562499999
0 0.25008579375 0.702012990625 0.2673950875 0.7031660609375 0.267181628125 0.6605701328125 0.2235448609375 0.6616568140625 0.22816066093749998 0.6789523171875 0.239700203125 0.696824371875 0.25008579375 0.702012990625
0 0.28932021875 0.7038042296875 0.330285590625 0.7038042296875 0.3293603984375 0.6624735640625 0.30893745156249997 0.66517758125 0.2950900109375 0.6778609578125 0.2887432640625 0.6916973671875 0.28932021875 0.7038042296875
5 0.08622435 0.9206055187500001 0.07430054375 0.9099196921875 0.0619913359375 0.9263707109375 0.093148090625 0.9540435281249999 0.10237973125 0.9338654312499999 0.08622435 0.9206055187500001
5 0.22469881093750002 0.9350184625000001 0.09904515625 0.932126396875 0.0914171453125 0.9517374671875001 0.147383909375 0.9517374671875001 0.23219950625000002 0.9517374671875001 0.22469881093750002 0.9350184625000001
5 0.2460469484375 0.9102282031250001 0.22023031093749998 0.934029828125 0.23046859999999997 0.9528904984375 0.24489299843749998 0.9384775546874999 0.2593174359375 0.9246411453125001 0.2460469484375 0.9102282031250001
0 0.3608653703125 0.9304062999999999 0.3620193203125 0.9131107984375 0.321746671875 0.9124576015624999 0.32047699375 0.95577305625 0.34182513281250004 0.95346699375 0.3562495296875 0.9413601515625001 0.3608653703125 0.9304062999999999
5 0.39779189531250003 0.70268204375 0.39606094999999997 0.6842334937500001 0.39548399375 0.6605962843750001 0.37377380625 0.661204609375 0.3752897671875 0.6784683203124999 0.3752897671875 0.701529003125 0.39779189531250003 0.70268204375
3 0.04987481875 0.9263707109375 0.0648762125 0.9269472078125001 0.0891092453125 0.95346699375 0.15719250625 0.9528904984375 0.22873765625 0.9540435281249999 0.259894390625 0.9281002375 0.2650871859375 0.9269472078125001 0.26566418125 0.7314462296875 0.2662411375 0.5077575671875 0.1958499765625 0.510063634375 0.047018021874999996 0.5108335 0.051028768749999995 0.5983015984375 0.04872086875 0.7459208265624999 0.04987481875 0.9263707109375
3 0.10641853750000001 0.54808293125 0.1814255390625 0.5492359625 0.1808485828125 0.522716175 0.2564325390625 0.5198335890625 0.25700953437499996 0.6558916421875 0.39259906093749997 0.659350734375 0.3908681546875 0.381407790625 0.385675359375 0.3837138625 0.384521409375 0.36526531093750003 0.21950601406249998 0.36526531093750003 0.048921453125 0.36300030156249996 0.04929784375 0.5204101031249999 0.1069955328125 0.5186805578125 0.10641853750000001 0.54808293125
5 0.7372969734375 0.340719253125 0.6408887296875 0.34015911875 0.640364840625 0.3603208359375 0.6882539125 0.36089735156249997 0.738450925 0.36089735156249997 0.7372969734375 0.340719253125
5 0.9023123296875 0.3401427328125 0.7995080421874999 0.34015911875 0.7996104828124999 0.35974431875 0.8330751187500001 0.35974431875 0.9034663187499999 0.35974431875 0.9023123296875 0.3401427328125
5 0.9328921484375 0.5898055015625 0.953663253125 0.5863463890625 0.9525093421875 0.5690508890625 0.9519323859375 0.5119756890625 0.9314793109374999 0.5140058875 0.9311612031250001 0.5142817515625 0.9328921484375 0.550025821875 0.9328921484375 0.5898055015625
0 0.7430667265625 0.5800047015625001 0.7263343890625 0.5667448078125 0.7096020515625 0.5667448078125 0.710681228125 0.6098119515625 0.751721371875 0.6105601140625 0.751721371875 0.5932645937500001 0.7430667265625 0.5800047015625001
0 0.7846090515624999 0.573086496875 0.77480045625 0.5771221234375 0.7632609140625 0.5915350484374999 0.7614394078125 0.610446428125 0.801918384375 0.6099835984374999 0.8007644328125 0.5713569515625 0.7846090515624999 0.573086496875
0 0.8434607109375 0.5788516703125001 0.8290362734375 0.5690508890625 0.81057303125 0.5667448078125 0.809659678125 0.610446428125 0.85211535625 0.609407084375 0.84980745625 0.5921115640625 0.8434607109375 0.5788516703125001
5 0.9525093421875 0.6301925328125 0.953663253125 0.60886140625 0.9321137890625 0.6098119515625 0.9340460593750001 0.6463350234374999 0.9548172421875 0.6457585078125 0.9525093421875 0.6301925328125
0 0.7436437203125 0.757087984375 0.785186046875 0.7565114687500001 0.7861840203125 0.7145006984375 0.767876753125 0.7150022421875 0.7511444171874999 0.72710910625 0.7442206765625 0.741522028125 0.7436437203125 0.757087984375
0 0.8273053671874999 0.77841913125 0.82961326875 0.7559349531249999 0.787452975 0.7551072421875 0.786339996875 0.7962911484374999 0.79845649375 0.7968676640625 0.8192276765625 0.791102509375 0.8273053671874999 0.77841913125
0 0.6276713484374999 0.7190378515625 0.62940229375 0.7005892984375001 0.5888615953125 0.6986387671875 0.5884369234375 0.7403689984375 0.600553459375 0.7397924828125 0.620170653125 0.73229774375 0.6276713484374999 0.7190378515625
5 0.6253634484374999 0.921457053125 0.5945718890625 0.895326715625 0.584975071875 0.9122327859375 0.601707409375 0.9254926796875 0.6167088015625 0.9393290875 0.6253634484374999 0.921457053125
5 0.7534523171874999 0.9364464921875 0.7430667265625 0.9203040218749999 0.6795992671875 0.9203040218749999 0.6212199359375 0.91753341875 0.6097850609375 0.9370230265625 0.6576741328125 0.9375995421875001 0.7090250953125 0.9375995421875001 0.7534523171874999 0.9364464921875
5 0.768453709375 0.8943607515625001 0.7424050890625 0.9194368515625 0.749990465625 0.9375995421875001 0.767299759375 0.9208805375000001 0.7799932515625 0.9099267062499999 0.768453709375 0.8943607515625001
5 0.8469225609375 0.921457053125 0.8204457921874999 0.895326715625 0.8111499859375 0.91107975625 0.8255744234375 0.9254926796875 0.8434607109375 0.9393290875 0.8469225609375 0.921457053125
5 0.88442608125 0.9208805375000001 0.8470938374999999 0.9181678968749999 0.8371139640624999 0.9375995421875001 0.86538584375 0.9370230265625 0.894234678125 0.9364464921875 0.88442608125 0.9208805375000001
5 0.906351175 0.8949372656250001 0.8813556078125 0.9181678968749999 0.8901958328124999 0.9375995421875001 0.9046202687499999 0.9243396484374999 0.9178907562499999 0.9099267062499999 0.906351175 0.8949372656250001
3 0.8151888312500001 0.9105032218750001 0.841729765625 0.9375995421875001 0.8890418828125 0.9370230265625 0.9167367671875001 0.911656271875 0.9490474515624999 0.911656271875 0.9490474515624999 0.82633171875 0.9478935406250001 0.7571496671875 0.8555772078125001 0.7565731515625 0.7728599984375 0.7570106734375 0.7765314 0.8280612859375 0.77826230625 0.91107975625 0.8151888312500001 0.9105032218750001
3 0.5895908734375 0.9122327859375 0.6144009015624999 0.9381760578125 0.7528753218750001 0.9399056031249999 0.7788393015625 0.9139623328125 0.7840320968750001 0.9128093015625 0.7846090515624999 0.8148013921875 0.785763003125 0.700074471875 0.5710962312500001 0.7011766765624999 0.5711276109375001 0.8073066624999999 0.57285855625 0.91107975625 0.5895908734375 0.9122327859375
3 0.8094190812500001 0.6076467015625 0.81172698125 0.5079092265625 0.9490474515624999 0.5079092265625 0.9478935406250001 0.3436018390625 0.753191203125 0.34333150625000003 0.7511444171874999 0.48369550156249996 0.7522983671875 0.6059171359375 0.8094190812500001 0.6076467015625
3 0.64844253125 0.609376228125 0.7638379078125 0.6087997328125 0.7621069640625 0.47389471875 0.7626839578125 0.345331390625 0.5729996640625 0.3439659828125 0.57401250625 0.4923432703125 0.57458948125 0.6059171359375 0.64844253125 0.609376228125
0 0.8625009484374999 0.6463041859375 0.863077903125 0.609407084375 0.824420471875 0.6099835984374999 0.8261514171875 0.62958518125 0.8382679140624999 0.6434215890625 0.8625009484374999 0.6463041859375
4 0.0807189609375 0.37755991093749997 0.207038128125 0.379710921875 0.207038128125 0.365009584375 0.0790637203125 0.365009584375 0.0807189609375 0.37755991093749997
1 0.181443246875 0.5479777421875001 0.183621534375 0.5098631625000001 0.1063180890625 0.508823528125 0.1052031734375 0.5485222359375 0.1422340671875 0.5496112234375 0.181443246875 0.5479777421875001