5 0.26426119843749996 0.8249543203125 0.29289920468749997 0.8249543203125 0.31804476406250004 0.8239139156249999 0.317811928125 0.8027590234374999 0.2840516796875 0.8024122265625 0.25122275625 0.8025856156250001 0.2509899296875 0.8145502718750001 0.2509899296875 0.8249543203125 0.26426119843749996 0.8249543203125
0 0.1812679609375 0.8410158734375001 0.1812679609375 0.8248345125000001 0.1793181109375 0.81363203125 0.175139825 0.8007699296874999 0.159540875 0.8123873109374999 0.1411564171875 0.8285686734375 0.1408778828125 0.8285686734375 0.138649446875 0.8418456937500001 0.1812679609375 0.8410158734375001
0 0.18142077968749998 0.7050809984375 0.18107280312500001 0.691605228125 0.1793329828125 0.6796843546875 0.1737655171875 0.6677634703125 0.1575850984375 0.6817575421875001 0.141926628125 0.6960107734375 0.1415786671875 0.6965290640624999 0.1417526484375 0.7050809984375 0.18142077968749998 0.7050809984375
0 0.2278742390625 0.6887545796875 0.23953108906249998 0.683312440625 0.24457660625000002 0.6781294578125 0.23761728125 0.659988984375 0.23152788281249997 0.6415893734375 0.22335067031250003 0.6290854078125 0.22317669843750002 0.6294093484375 0.223002709375 0.6882362890625 0.2278742390625 0.6887545796875
3 0.22359206406249998 0.7397238125000001 0.2240191875 0.8224278187499999 0.351725046875 0.82115546875 0.351725046875 0.46616437031249996 0.2234852734375 0.4664824578125 0.222310734375 0.468072925 0.22273785781250002 0.5514131203125 0.22359206406249998 0.7397238125000001
0 0.20363550312499998 0.49576674687500005 0.21892767968750002 0.48461025312499995 0.2226727 0.47112948593750004 0.18397414375 0.46880521406250003 0.1829598578125 0.46950249531250005 0.1845983046875 0.48693451874999993 0.1886554203125 0.5008801375 0.190840025 0.505063821875 0.20363550312499998 0.49576674687500005
3 0.18317830156249998 0.500453275 0.188240203125 0.5117629531250001 0.21354983125000002 0.49668335468749997 0.22557191406250002 0.4750065 0.3508544734375 0.4731215390625 0.35275269374999996 0.1743575328125 0.374265821875 0.1743575328125 0.360978278125 0.15833549687499998 0.346425271875 0.12063656250000002 0.355283615625 0.1074419453125 0.3698366796875 0.1055569953125 0.3692039203125 0.02261935625 0.30023521875000003 0.0245043 0.29390785468749997 0.0018849453125 0.2806203109375 0.0037698937500000003 0.2736601296875 0.02167688125 0.2369612375 0.0207344109375 0.226204615625 0.0028274203125 0.21291707187500003 0.0018849453125 0.2027932671875 0.0245043 0.1319263453125 0.02261935625 0.13034447656249998 0.023090590624999997 0.13066085624999998 0.22525108437500002 0.1325590765625 0.4750065 0.1819128109375 0.4740639984375 0.18317830156249998 0.500453275
5 0.4242657828125 0.0422477375 0.44515269843749994 0.0408335859375 0.44515269843749994 0.0199748734375 0.4287754453125 0.0199748734375 0.4074138125 0.0197981 0.407651171875 0.0210354875 0.4081258671875 0.0422477375 0.4242657828125 0.0422477375
0 0.3945921 0.3658182765625 0.394172103125 0.3539319296875 0.3790520234375 0.34204556875000003 0.360151921875 0.3307848078125 0.3533268796875 0.362064690625 0.3525918828125 0.36269029218750004 0.3714919828125 0.3664438796875 0.3945921 0.3658182765625
5 0.693392515625 0.8242231562500001 0.7238616671875 0.8229139999999999 0.7238616671875 0.8028402734375 0.7062833203125 0.8032766515624999 0.674349315625 0.8032766515624999 0.6452717921875 0.8030584515625 0.6450520640625 0.8028402734375 0.6453450453125 0.8242231562500001 0.693392515625 0.8242231562500001
0 0.5905861421874999 0.7862417015625 0.5953443859374999 0.8019087171875 0.6056121859375 0.8026547703125001 0.6061130593749999 0.7467011453125 0.6060504421874999 0.7468876453125 0.59384178125 0.7478202171875 0.5800679125 0.7541616171875 0.5833235515624999 0.768336540625 0.5905861421874999 0.7862417015625
0 0.6213238984375 0.5759116343749999 0.625126796875 0.5627939390625001 0.625126796875 0.5538500546875 0.5905003828125001 0.5538500546875 0.5846459171875 0.5539991171875001 0.5961046640625 0.5714396921875 0.607713515625 0.581277965625 0.6181214500000001 0.5866442968750001 0.6213238984375 0.5759116343749999
3 0.531712671875 0.6132249203125 0.531712671875 0.8177368546875 0.7579053124999999 0.8196017046874999 0.7579053124999999 0.5777927625 0.7574879703125 0.5523064796875 0.6715180890625 0.5529281 0.595981421875 0.5516848578125 0.5772015890625 0.5510632515625 0.5776189328125 0.6132249203125 0.531712671875 0.6132249203125
0 0.8025978859375 0.5649830140625001 0.8032159015625 0.553629653125 0.7840573796875 0.553629653125 0.76304480625 0.553629653125 0.7631993109375 0.5538597890625 0.7778772109375 0.5723473546875 0.7972417453125 0.5876897296875 0.8013618515625 0.5766432171875 0.8025978859375 0.5649830140625001
5 0.78895675 0.823198075 0.8081164484375 0.8235482375000001 0.8358568890625 0.823198075 0.8357393421875001 0.8037638218750001 0.823162115625 0.8035887374999999 0.8050603031250001 0.8035887374999999 0.7796413624999999 0.8035887374999999 0.779670753125 0.8037638218750001 0.7799058375000001 0.82337315625 0.78895675 0.823198075
3 0.8711880234375 0.8208404984375001 0.8709881984375001 0.5546128296874999 0.8222280421875 0.5543151703125 0.7581803781249999 0.553347778125 0.7582803 0.5709796890625001 0.7592794859375 0.8208404984375001 0.8711880234375 0.8208404984375001
0 0.61386198125 0.44880176718750003 0.614068328125 0.43251243281249996 0.6080844609375 0.4168377953125 0.5994181734375 0.422062671875 0.5919899281250001 0.4279022453125 0.5783714765625 0.44081077031250004 0.5732129765625 0.4494164484375 0.61386198125 0.44880176718750003
5 0.5728609015624999 0.31552260625 0.5889393875 0.3152650921875 0.6008685859375 0.3144925421875 0.6008685859375 0.2962088359375 0.5806408140625 0.295951325 0.559851153125 0.2962088359375 0.5597214875 0.3041918703125 0.5600672640625 0.31578013125000004 0.5728609015624999 0.31552260625
5 0.703679528125 0.3164706734375 0.716352721875 0.31609313437500003 0.7342219359375 0.31590436875 0.7340952109375001 0.29646119843749996 0.72142200625 0.2958948921875 0.7095091921875001 0.2960836578125 0.6773826265625 0.29584769375 0.677699459375 0.2958948921875 0.67807965625 0.3166594390625 0.703679528125 0.3164706734375
0 0.739894371875 0.4749219328125 0.7367702984375 0.47235456875 0.7293371515625 0.466578003125 0.7171640296875 0.45759223593750004 0.7089767921875 0.451655209375 0.7045599921875 0.467059384375 0.7030518171875 0.4830251671875 0.7033749968749999 0.4832658578125 0.7400021015625 0.48278447656249995 0.739894371875 0.4749219328125
3 0.759073540625 0.4834850796875 0.759073540625 0.298797040625 0.6779885734375 0.297287328125 0.6468215374999999 0.29766475625 0.6455545859375 0.298797040625 0.6458924500000001 0.48247859687499994 0.759073540625 0.4834850796875
0 0.8013085875 0.433292621875 0.8013085875 0.42186567343750003 0.79980761875 0.41168077812500004 0.795471478125 0.399757003125 0.7822963234375 0.410687134375 0.77545856875 0.4168974296875 0.7666195375 0.42410138125 0.7629505 0.43304421406250004 0.8013085875 0.433292621875
5 0.782259565625 0.158956865625 0.7963543421875 0.1585284171875 0.8300091937499999 0.15767150000000002 0.846405146875 0.15724305 0.8458298328125 0.1362487453125 0.8360498078124999 0.1362487453125 0.8113120359374999 0.1358202859375 0.7819719093749999 0.136141628125 0.781684278125 0.1362487453125 0.781684278125 0.136677203125 0.782259565625 0.158956865625
3 0.7503306046875 0.25257433125 0.75119355 0.2984190203125 0.7555082734375 0.311272675 0.7560835609375001 0.43381086562500004 0.8412274765625 0.4318764640625 0.870855234375 0.4318764640625 0.870855234375 0.1383910171875 0.750258684375 0.1383910171875 0.7503306046875 0.13859638125 0.7506182625 0.20886303593750002 0.7503306046875 0.25257433125
2 0.290272709375 0.0033220906250000003 0.28733892499999997 0.0022297703124999997 0.2758482640625 0.0211633109375 0.23550871406249999 0.021891523437499998 0.2223066796875 0.00113745 0.2076377515625 0.0226197375 0.2078931953125 0.037587410937499996 0.3029857796875 0.038640425 0.30274129843750003 0.02334795 0.290272709375 0.0033220906250000003