5 0.3205583875 0.2191647578125 0.285622571875 0.2200108046875 0.25292725625 0.2198556828125 0.2532939140625 0.2623128953125 0.285622571875 0.2631589484375 0.321601209375 0.2623128953125 0.3205583875 0.2191647578125
5 0.0275147953125 0.40275586093750004 0.026471937499999997 0.363837934375 0.0029272562500000003 0.366038178125 0.0030075796875000003 0.4501342078125 0.0269933484375 0.44759608906250004 0.0275147953125 0.40275586093750004
0 0.26945824375 0.46113274843749996 0.257465340625 0.4746694359375 0.250165309375 0.5017427796875 0.2540740453125 0.5289804499999999 0.2981368859375 0.5330463234375 0.2976154390625 0.4552104734375 0.26945824375 0.46113274843749996
0 0.2830154125 0.59739076875 0.312215465625 0.6016209671875 0.3079731265625 0.5243249578125 0.256422484375 0.5305534578125 0.2579867859375 0.5576268046874999 0.26945824375 0.5847001484375001 0.2830154125 0.59739076875
0 0.1990652 0.9452045140625 0.2605939109375 0.94689659375 0.2569410171875 0.8613826859374999 0.2381724421875 0.8639844765625 0.21679383125 0.8783672031249999 0.20427951875 0.9045945109375 0.1990652 0.9452045140625
0 0.314822659375 0.8927499015624999 0.2986582953125 0.90290243125 0.2830154125 0.922361365625 0.27780109531249997 0.952818896875 0.2781566140625 0.9945297984374999 0.333072665625 0.99089075625 0.330986953125 0.8910578234375001 0.314822659375 0.8927499015624999
5 0.222529559375 0.957895134375 0.192286615625 0.957895134375 0.14512909062499998 0.9535614562499999 0.14640078750000002 0.9891986765624999 0.18133660468749999 0.9891986765624999 0.223572415625 0.9917368234374999 0.222529559375 0.957895134375
5 0.110422115625 0.953664909375 0.08539348906250001 0.9545109765625 0.0361841359375 0.951699259375 0.0363790921875 0.99089075625 0.06766489375 0.99089075625 0.1109435625 0.992582890625 0.110422115625 0.953664909375
3 0.135450778125 0.9891986765624999 0.2553796265625 0.9866605859375 0.256422484375 0.7480767390625 0.2553796265625 0.58056044375 0.1380579015625 0.579714390625 0.1380579015625 0.5120310406249999 0.0369005390625 0.5103389609375 0.0369005390625 0.5814064828125 0.0040740453125 0.5801908796874999 0.005093309375 0.7853025859375 0.004050453125000001 0.9900447453125001 0.135450778125 0.9891986765624999
3 0.2522510578125 0.604914646875 0.25485818125000004 0.5287708734375001 0.3090868953125 0.529616884375 0.30856545 0.4864687609375 0.36852992812499996 0.4881608421875 0.365922734375 0.22165763906249997 0.1677793984375 0.22165763906249997 0.0029272562500000003 0.22171788124999997 0.00457188125 0.458549378125 0.0056147375 0.5989923421875 0.2522510578125 0.604914646875
5 0.7730797234375 0.21745457968749998 0.7381439078125 0.21576249375 0.6749456046875 0.214269090625 0.6740080390625 0.25383438593749996 0.70477239375 0.254680425 0.7720368328125 0.2563725046875 0.7730797234375 0.21745457968749998
5 0.9514087140624999 0.21830061875 0.8842345953124999 0.2170623875 0.8857085437500001 0.2521422921875 0.9123015062500001 0.25383438593749996 0.9524515359375 0.25298833125 0.9514087140624999 0.21830061875
5 0.8638084859375 0.21745457968749998 0.828041934375 0.21799348593749998 0.8273084031250001 0.255526465625 0.849208459375 0.255526465625 0.8627656296874999 0.2563725046875 0.8638084859375 0.21745457968749998
5 0.653672284375 0.40442983750000006 0.6531508390625 0.357897528125 0.62850065 0.35672719218750004 0.62916506875 0.4577304890625 0.653672284375 0.4577304890625 0.653672284375 0.40442983750000006
5 0.6505436796875 0.6583782078125 0.6510651249999999 0.620306321875 0.6281222125 0.6186142140625 0.6281222125 0.7049104875000001 0.651586571875 0.7040644484375 0.6505436796875 0.6583782078125
0 0.8413870187500001 0.8005132515625 0.840865571875 0.7167550968749999 0.7936382656250001 0.715200190625 0.7939368890625 0.7497507171875 0.805929790625 0.7810542890625001 0.8257441359375 0.7979751046875 0.8413870187500001 0.8005132515625
0 0.738665353125 0.7023723703125 0.7381439078125 0.7167550968749999 0.78663689375 0.718447175 0.7844639531250001 0.65002328125 0.76786540625 0.649071746875 0.7485725078125001 0.664300484375 0.742315334375 0.6803752890625 0.738665353125 0.7023723703125
0 0.9175157546875001 0.8022053296875 0.9305515140624999 0.8022053296875 0.9295086921875001 0.712524871875 0.8762070718749999 0.7133379921875 0.8768442453124999 0.748904678125 0.8883157015625001 0.775131984375 0.9013514609375 0.7945909484375 0.9175157546875001 0.8022053296875
0 0.9821730687500001 0.8521217968749999 0.9821730687500001 0.7666715625 0.9392804671875 0.7654795203125 0.9383729546874999 0.8005132515625 0.9441086828125 0.82504845 0.9576658531250001 0.8428153359375001 0.9821730687500001 0.8521217968749999
5 0.7428367796875001 0.9486611046875 0.712072425 0.94950714375 0.6703584484375 0.9479748640624999 0.6703580234375 0.9841948437499999 0.70268668125 0.9841948437499999 0.7428367796875001 0.9833488046875001 0.7428367796875001 0.9486611046875
5 0.9717445031249999 0.9486611046875 0.90258321875 0.947043765625 0.901872871875 0.9858869515625001 0.9347229390624999 0.9850408843749999 0.9722659140625 0.9850408843749999 0.9717445031249999 0.9486611046875
3 0.9926016343749999 0.9833488046875001 0.9926016343749999 0.8936683750000001 0.9915588124999999 0.7676081203125 0.9430658624999999 0.7693002 0.9441086828125 0.7210758140625 0.8423767968749999 0.7207867828125 0.842429875 0.8471360656250001 0.842429875 0.9850408843749999 0.9926016343749999 0.9833488046875001
3 0.7522225234375 0.9816567265625 0.8533798859375 0.982502765625 0.855465634375 0.8505202234375 0.8559870453125 0.719383734375 0.6854794953125001 0.719383734375 0.6860009421875 0.743072909375 0.6296474390625 0.7431331515624999 0.6296865140625 0.8640569109375 0.6281222125 0.982502765625 0.7522225234375 0.9816567265625
3 0.93576583125 0.5423346828125 0.993644525 0.5381044578124999 0.9926016343749999 0.34943710625 0.9926016343749999 0.21830061875 0.8710465218750001 0.215200190625 0.8711085171875 0.3968154546875 0.8711085171875 0.543180725 0.93576583125 0.5423346828125
0 0.9159514515625 0.4822657171875 0.9013514609375 0.46111464843750005 0.8841442765625 0.4628067265625 0.8825144109374999 0.540153634375 0.9295086921875001 0.543180725 0.9258586765624999 0.5059548765625 0.9159514515625 0.4822657171875
0 0.7918511765625 0.37820253125000003 0.804886934375 0.386662953125 0.821572675 0.384970875 0.8217345953124999 0.3092411578125 0.7657796921875 0.3079810640625 0.76786540625 0.33420836875000004 0.7777725609374999 0.357897528125 0.7918511765625 0.37820253125000003
0 0.7975869046875 0.57617634375 0.8481656031249999 0.5787144921875 0.849830925 0.50663408125 0.824179834375 0.5059548765625 0.80853695 0.52202968125 0.79915120625 0.5499490671875 0.7975869046875 0.57617634375
3 0.62916506875 0.5998655625 0.8325227203125 0.60324971875 0.8466013 0.588020953125 0.8450370328125001 0.48311175625 0.8174012484375 0.4822657171875 0.8174012484375 0.21745457968749998 0.62850065 0.2161312890625 0.62916506875 0.3215177359375 0.6286436578125 0.47549737500000006 0.62916506875 0.5998655625
1 0.033748371875 0.598829471875 0.140994825 0.5999914015625001 0.13853782812499998 0.5082400390624999 0.036162942187500005 0.510899496875 0.033748371875 0.598829471875
1 0.1404092796875 0.22226052031250002 0.054869453125 0.2180203375 0.0530913765625 0.3024534625 0.13864528125 0.3024534625 0.1404092796875 0.22226052031250002