0 0.21266616093750002 0.750224409375 0.203889978125 0.7403542015625 0.19041223125 0.7273114234375 0.176307621875 0.7125061015624999 0.1662776875 0.7241388546875 0.1602440296875 0.7544545015625 0.16063584375 0.75586454375 0.2132930515625 0.7562170453125 0.21266616093750002 0.750224409375
5 0.06995761874999999 0.8055074125000001 0.10816482187500001 0.8047872453125 0.10816482187500001 0.78678305 0.0733727953125 0.7870231078125001 0.0385273796875 0.7874432015624999 0.0379404046875 0.7949449515625 0.0381538484375 0.8047872453125 0.06995761874999999 0.8055074125000001
0 0.15441414375 0.703791828125 0.1547921578125 0.6893376296875 0.1532801359375 0.6583036156250001 0.1287099640625 0.6625548546875 0.11736987968749998 0.673608059375 0.13438000625 0.7012410890624999 0.15101211875 0.7212218859374999 0.1540361640625 0.7144199078125 0.15441414375 0.703791828125
0 0.086326153125 0.565941284375 0.049251457812499996 0.565413490625 0.05445918749999999 0.5900125109375 0.0630204578125 0.604455246875 0.0744354859375 0.59910609375 0.0925093078125 0.5819887687499999 0.10939402812500001 0.5654063765624999 0.086326153125 0.565941284375
3 0.08049537968750001 0.645956421875 0.0005762578125 0.6450373843749999 0.0009007593750000001 0.704160646875 0.0009007593750000001 0.8017816734375 0.0654281046875 0.8028868171875001 0.15288392343749999 0.8021500484375 0.1535390125 0.64448289375 0.08049537968750001 0.645956421875
0 0.066201984375 0.4662916078125 0.0484192546875 0.4671611453125 0.014013575 0.4671611453125 0.012660518749999999 0.4674872234375 0.034502346875 0.490638765625 0.0526716328125 0.5054209828125 0.06426905625 0.488464925 0.066201984375 0.4662916078125
5 0.556194565625 0.7616679734375 0.554338390625 0.7357223390625001 0.5129718328124999 0.7369152515625 0.48037791875 0.7357223390625001 0.45251301718750003 0.7351258984375 0.4530433734375 0.7637555468749999 0.49440993125 0.7625626359375001 0.556194565625 0.7616679734375
0 0.4510386765625 0.522879103125 0.4554144359375 0.5107653453125 0.4567608296875 0.49448747812500005 0.406271425 0.49524459375 0.40593481875000004 0.4960017 0.4133399421875 0.5077369078125 0.4305063390625 0.525528990625 0.4443067671875 0.5346143203125 0.4510386765625 0.522879103125
0 0.46355932187500004 0.3920461671875 0.438830853125 0.37006646875000004 0.42327583906250005 0.3566095078125 0.4149000640625 0.3687207734375 0.409715046875 0.3968682390625 0.41011390625 0.39698039375 0.46435703906250003 0.396531815625 0.46355932187500004 0.3920461671875
5 0.44396148437500005 0.1098742296875 0.5028561234375 0.1098742296875 0.5582863312499999 0.1098742296875 0.5579399125 0.0900033515625 0.5160207921875 0.0911722265625 0.44396148437500005 0.0910748171875 0.44361506562499997 0.0915618546875 0.444307934375 0.098185475 0.44396148437500005 0.1098742296875
3 0.3892756 0.3966230421875 0.6092867625 0.397781171875 0.6092867625 0.0930353703125 0.5759368640625 0.09362142500000001 0.41127181718749994 0.0924493296875 0.3883437640625 0.0930353703125 0.38886487187499996 0.2114174046875 0.3892756 0.3966230421875
3 0.390275428125 0.754977878125 0.6099109421875 0.7556112390624999 0.610474128125 0.4940291453125 0.5091038906249999 0.4940291453125 0.3871779859375 0.49577091093750003 0.3874595796875 0.4971959953125 0.3891490828125 0.573200478125 0.390275428125 0.754977878125
0 0.8297687859374999 0.6187916984374999 0.8353590000000001 0.603074046875 0.8368640421875 0.5900163093749999 0.803752846875 0.5897744968749999 0.7975176171875 0.5897744968749999 0.7862297093749999 0.590258115625 0.7973026125 0.6054921421875 0.8097730609375 0.6166154078125 0.8237485796874999 0.6289477156250001 0.8297687859374999 0.6187916984374999
5 0.86112814375 0.7579252921874999 0.894333265625 0.75773079375 0.9175076687500001 0.75753629375 0.9176806171875 0.740614628125 0.8877614250000001 0.740809128125 0.8477250296875001 0.7407118734375 0.8474082562499999 0.7471876796875 0.8476385640625 0.75753629375 0.86112814375 0.7579252921874999
3 0.7764099546875001 0.6867632515625 0.7760738875000001 0.7551750125 0.869501846875 0.7563089078125 0.997545215625 0.754797034375 0.997881296875 0.5896261296875001 0.8446325421875001 0.5903820578125 0.775989859375 0.589531634375 0.7764099546875001 0.6115481296875 0.7764099546875001 0.622509125 0.7764099546875001 0.6867632515625
0 0.8369585671875001 0.5578429734375 0.8513325625 0.55392398125 0.8744180578125 0.5416771609375 0.8665776968750001 0.5274708343750001 0.8526392890625001 0.5088556734374999 0.8378297046875 0.49403699687499997 0.8365229781249999 0.4926898609375 0.8347806828125 0.5191430078125 0.8369585671875001 0.5578429734375
0 0.837664790625 0.42188615 0.8283713875000001 0.40359534375 0.8008783968750001 0.42754759375000007 0.7851957781250001 0.44474965781250003 0.785389396875 0.4462738984375 0.8450220625 0.44583839999999997 0.837664790625 0.42188615
0 0.8628344312499999 0.41491823125 0.8628344312499999 0.43669300624999996 0.8763873 0.4227571484375 0.8934252296875 0.3979339109375 0.8976846937499999 0.387482021875 0.86302803125 0.3751792703125 0.8624471937499999 0.3748526484375 0.8628344312499999 0.39009499375 0.8628344312499999 0.41491823125
5 0.8928859156250001 0.1089297171875 0.93824285 0.1085754640625 0.937927890625 0.0898005890625 0.8903660953125 0.0905090734375 0.8442217031249999 0.0905090734375 0.8434342765625 0.098656665625 0.8440642234375 0.1099924453125 0.8928859156250001 0.1089297171875
3 0.7762765890625001 0.4476016140625 0.8670654859375 0.44476533749999997 0.8689569203125 0.4334201984375 0.9017418203125 0.3852033015625 0.8777836578124999 0.37456722343750004 0.8632826140625 0.3724400078125 0.86517405 0.34407714375 0.9975745249999999 0.3469134203125 0.9975745249999999 0.094483825 0.8702179171875001 0.0916475390625 0.7748580125 0.094483825 0.7762765890625001 0.0951929015625 0.7762765890625001 0.25260685625 0.7762765890625001 0.4476016140625