5 0.026706978125000003 0.34231809687500003 0.026706978125000003 0.287472221875 0.026706978125000003 0.2271417421875 0.0256892421875 0.1873784828125 0 0.189435209375 0.0002451859375 0.249080103125 0.0002451859375 0.3176374515625 0.0012629484375 0.34231809687500003 0.026706978125000003 0.34231809687500003
5 0.6054075203125 0.12140006875 0.6033720484375 0.10357516250000001 0.5504484609375 0.10357516250000001 0.511834784375 0.10304569374999999 0.51279125625 0.11865777656250001 0.568768165625 0.12140006875 0.6054075203125 0.12140006875
5 0 0.5706113937499999 0.0263012953125 0.5706113937499999 0.0263012953125 0.5377038609375 0.024265767187500002 0.48902814687499996 0.0008457734375 0.4876135953125 0.0008572671875 0.512337640625 0 0.5370182859375 0 0.5706113937499999
5 0 0.7509440015625 0.024265767187500002 0.7523151515625 0.0263012953125 0.722835478125 0.0263012953125 0.690613540625 0.0255710484375 0.6561321140625 0.024265767187500002 0.65496370625 0 0.6563348578125 0 0.713923034375 0 0.7509440015625
0 0.35503823125 0.43412870625 0.356157128125 0.44255186718750006 0.44969007968749997 0.4402988671875 0.4466367578125 0.41836051406249997 0.42628152343750003 0.3964221625 0.35503823125 0.43412870625
0 0.4181394625 0.5122840921875 0.439512434375 0.5157119515625 0.457832140625 0.5157119515625 0.4596369828125 0.4524284109375 0.3916776421875 0.5006293265624999 0.40389081562499995 0.5074850625 0.4181394625 0.5122840921875
0 0.3112744953125 0.586352809375 0.3346829953125 0.6034921421874999 0.3499494359375 0.6034921421874999 0.3515783734375 0.5382308796874999 0.30618570156249997 0.5445328140625 0.2797238796875 0.5575587125 0.3112744953125 0.586352809375
0 0.299061378125 0.673420621875 0.33061199375 0.6795907828125001 0.34689617031250003 0.6789052265625 0.34883112031249996 0.617243225 0.30822123125 0.641198684375 0.27768835 0.6658793109375 0.299061378125 0.673420621875
0 0.5585905203125 0.7647090234375 0.5433241359375 0.7818483734375 0.53721755 0.7989877062499999 0.5347285562499999 0.81415680625 0.6339049265625001 0.81338475625 0.6339049265625001 0.802415565625 0.5972655171875 0.7818483734375 0.5585905203125 0.7647090234375
0 0.40490855156250005 0.7311279796875 0.3825177890625 0.7112463453125 0.3652158765625 0.6941070125000001 0.34791390624999996 0.6810811140624999 0.3369263578125 0.6839098921875 0.336718525 0.745525028125 0.351984965625 0.7462106046875 0.3784467875 0.74072601875 0.40490855156250005 0.7311279796875
3 0 0.616583653125 0.0944913234375 0.617269228125 0.26547523281249996 0.6179547859375 0.3499494359375 0.6179547859375 0.3499494359375 0.5034640265625 0.350662621875 0.449959275 0.25936864531250003 0.44998928281249995 0 0.44930371718749995 0 0.5356859828125 0 0.616583653125
3 0.380482259375 0.74004044375 0.40490855156250005 0.729071253125 0.3499494359375 0.6872512765625001 0.3509671734375 0.6084103328125 0.1850720859375 0.60635360625 0.0008572671875 0.60703918125 0.0017615234375 0.81415680625 0.13723729375 0.8147679328124999 0.3489316984375 0.8133967828124999 0.34791390624999996 0.7468961796875 0.380482259375 0.74004044375
3 0.34663669375 0.44247297812499997 0.45956056875 0.4435014671875 0.45956056875 0.3591653984375 0.67472633125 0.3612223765625 0.6777783265624999 0.10512870468749999 0.0018315203125 0.10411522343749999 0.0017610750000000002 0.4579003078125 0.34968869062499996 0.458928796875 0.34663669375 0.44247297812499997