5 0.7819627234375 0.8581092046875 0.7819627234375 0.8365242609375001 0.7825728171875 0.8188246140625 0.763050403125 0.817961221875 0.76122018125 0.817421590625 0.7606101421875 0.86415299375 0.76122018125 0.8909183031250001 0.7819627234375 0.8909183031250001 0.7819627234375 0.8581092046875
5 0.78074259375 0.7536381000000001 0.78135263125 0.73896034375 0.78135263125 0.7208290015625 0.77037129375 0.7212606921875 0.7616777359375 0.7215844671875 0.761830271875 0.7506162093750001 0.76122018125 0.780403428125 0.7795224078125 0.780835121875 0.78074259375 0.7536381000000001
0 0.5603261546875 0.7096160171875 0.566254546875 0.702799090625 0.56884823125 0.6870677171875 0.550321984375 0.6870677171875 0.5366125734375 0.6870677171875 0.5254041859374999 0.6868055265625 0.526237865625 0.7198414093750001 0.5388357218750001 0.720627978125 0.550321984375 0.716695134375 0.5603261546875 0.7096160171875
5 0.7795980218749999 0.6381165953125 0.77989988125 0.6282903765625 0.7805036546874999 0.6112013078125 0.762692878125 0.6105604671875 0.7622400625 0.6109876921875 0.761787246875 0.6295720578124999 0.761787246875 0.650506171875 0.7795980218749999 0.6509333984375 0.7795980218749999 0.6381165953125
0 0.62879828125 0.6789708625 0.62879828125 0.6688603796875 0.618451746875 0.6566580828124999 0.600222146875 0.6486394296875 0.5765729265624999 0.6479421578125 0.5765729265624999 0.6566580890625 0.57608023125 0.6789708625 0.62879828125 0.6789708625
3 0.7779768484375 0.6105265109375 0.7786062703125001 0.57311325 0.6445374484374999 0.57400404375 0.5784471828125 0.5735586500000001 0.577660384375 0.57378134375 0.5778177609374999 0.6938155687500001 0.6873387703125 0.6942609578125001 0.7773474 0.6929247703125 0.7779768484375 0.6105265109375
3 0.515319878125 0.688022078125 0.4244931890625 0.6862178828125 0.38164156875 0.6871127984375 0.380888603125 0.9132625093750001 0.77645654375 0.9132625093750001 0.7810921046875 0.6869286703124999 0.515319878125 0.688022078125
0 0.5069862453125 0.6540037390625 0.5355944734375 0.6509480859375001 0.5528673453125 0.642545065625 0.5582651390625 0.6314683421875 0.5566458062499999 0.619245753125 0.507526015625 0.6196277218749999 0.5069862453125 0.6341420265625 0.5069862453125 0.6540037390625
5 0.780486178125 0.5141103124999999 0.780486178125 0.4935601703125 0.7808895265625 0.4844267765625 0.771612421875 0.484712196875 0.7619319734375 0.48521167500000006 0.761528628125 0.5089727765625 0.762738684375 0.539227159375 0.77967946875 0.5397979890625 0.780486178125 0.5141103124999999
0 0.380345025 0.5956809 0.40721885625 0.5931264609375 0.418449725 0.5883014046875 0.4304827859375 0.5780836515625001 0.430883884375 0.563892334375 0.3801444671875 0.5644599796875001 0.380345025 0.5655952937500001 0.380345025 0.57155565 0.380345025 0.5956809
0 0.5648519624999999 0.5406185515625 0.5580332390625 0.5309684546875 0.5504122875 0.5235889609375 0.5359726140625 0.52018304375 0.5231373609375 0.52018304375 0.5218337671875 0.5563709218749999 0.5407858390625 0.5559451828124999 0.56645638125 0.5556613609375 0.5648519624999999 0.5406185515625
0 0.556248678125 0.47480321718749996 0.534405053125 0.479665934375 0.52186244375 0.48568850625 0.5155911296875 0.49805062187500004 0.5151431859375 0.509144825 0.51603909375 0.509778784375 0.5585943875 0.509778784375 0.556248678125 0.47480321718749996
3 0.5998579078125 0.4408251765625 0.5993687140625 0.5020941718749999 0.55778835625 0.50244031875 0.5597450734375 0.47163274375 0.5431129343750001 0.47405581406249997 0.525013253125 0.4806327140625 0.517186346875 0.48755576093749997 0.5137620890625 0.5020941718749999 0.501532578125 0.50244031875 0.5034892937500001 0.5554016484375001 0.5783339484375001 0.5567862531250001 0.5773555796875 0.5803246265625 0.7784088687499999 0.579632315625 0.7779197171875001 0.4096714546875 0.5944769125 0.4096714546875 0.594232315625 0.42931560468749996 0.5949660875 0.430094446875 0.5949660875 0.4408251765625 0.5998579078125 0.4408251765625
5 0.3963615109375 0.1721163421875 0.376021253125 0.1721346984375 0.3759400625 0.2768678875 0.3963615109375 0.2775903125 0.3973825828125 0.19884604687500002 0.3963615109375 0.1721163421875
5 0.58015454375 0.157667853125 0.40257354218749997 0.15695909531250002 0.40453009062499995 0.16994906875 0.58015454375 0.1713939171875 0.58015454375 0.157667853125
3 0.6087445687499999 0.37656246250000003 0.609885634375 0.1584043921875 0.3779822078125 0.158390278125 0.3779822078125 0.37656246250000003 0.6087445687499999 0.37656246250000003