5 0.7817149578125 0.95968103125 0.8073502765624999 0.9509206625 0.83569243125 0.9384968656250001 0.8519334421875 0.9254359515624999 0.8398322968749999 0.9212946859375 0.8137193 0.936904071875 0.78824320625 0.9474165140625 0.7634040140625 0.950602103125 0.7229607140625001 0.9464608374999999 0.7028982906250001 0.9365855125 0.6882495359374999 0.9273473046875 0.6751930374999999 0.9187462140625 0.669142465625 0.9222503625 0.6665713906249999 0.9246175781250001 0.67996980625 0.936904071875 0.7013060359375001 0.948372190625 0.7312404453125 0.9588846343749999 0.7817149578125 0.95968103125
0 0.7018658624999999 0.7050924734375 0.7202377359375001 0.6928404171875 0.7266533109375 0.6756291921875001 0.73044433125 0.6759209078125 0.7316107984375 0.6695031625000001 0.7085730531250001 0.6703783109375 0.6861185421875 0.6695031625000001 0.6867017765625001 0.6753374765625 0.6907844140625 0.6756291921875001 0.6893263296875001 0.7062593374999999 0.7018658624999999 0.7050924734375
3 0.618427234375 0.8226354640625001 0.6195005703125 0.924100065625 0.6645807031250001 0.9246369156249999 0.6978541328125 0.9520162515624999 0.7542042984374999 0.96812174375 0.82987451875 0.9466477546875 0.8572445999999999 0.9251737640625001 0.8899813625 0.9257106140625 0.8910546984375 0.6696332875000001 0.7601076484375 0.6696332875000001 0.6193609625 0.6704553828125001 0.6189639015624999 0.7007705718749999 0.6189639015624999 0.727613059375 0.618427234375 0.8226354640625001
0 0.6584761218749999 0.657111203125 0.6575158140624999 0.6446229671875 0.648152803125 0.6357371078125 0.6339882484375 0.6290126734375 0.6277462421875 0.6290126734375 0.6275061640625 0.6234890296875 0.6144747921875 0.623252015625 0.613821765625 0.6681584890625001 0.6217443125 0.66791833125 0.6284664734375001 0.6681584890625001 0.62918670625 0.663355321875 0.6572757375 0.66359548125 0.6584761218749999 0.657111203125
0 0.769931446875 0.6480714921875 0.769931446875 0.6396713671875001 0.7666325140625 0.62962121875 0.760634453125 0.6222711109375 0.7492381390625 0.6134209796875 0.7402410484375 0.6123709640625 0.7405409515625 0.60772089375 0.7336431828125 0.60682088125 0.733793134375 0.646271465625 0.73428436875 0.6462467859375 0.7340930375 0.65242155625 0.7402410484375 0.6522715531250001 0.7403910015624999 0.6483714968750001 0.769931446875 0.6480714921875
0 0.594525696875 0.43681803906249994 0.598387778125 0.4480673171875 0.6081565734375001 0.4599983671875 0.6240592640625 0.4647707890625 0.6245136265625 0.46908869218750004 0.631101884375 0.4693159515625 0.631101884375 0.4254551328125 0.6310823875 0.42483210781249997 0.6242864453125 0.42454610156249994 0.6249679890625 0.42954577968749996 0.59532083125 0.42886400468749997 0.594525696875 0.43681803906249994
0 0.6742663296875 0.41704658281249996 0.670631428125 0.41704658281249996 0.670404246875 0.3879575421875 0.6594995453125 0.3886393171875 0.64586866875 0.395229803125 0.636327053125 0.4086380328125 0.635418328125 0.41613755 0.631101884375 0.41772835625000004 0.6312641109375 0.42265144218749995 0.631783428125 0.4231825515625 0.6742663296875 0.4231825515625 0.6742663296875 0.41704658281249996
0 0.6810113515625 0.46750092343749994 0.6807275578125 0.46381036093750005 0.6970456859375 0.4568550671875 0.705275696875 0.44734476875 0.7095326 0.434995575 0.70924880625 0.4271886125 0.6804437640625001 0.4271886125 0.6801599703125001 0.4232141609375 0.6744112609374999 0.4231181390625 0.6743422031249999 0.42363999375 0.674058409375 0.4677848125 0.6810113515625 0.46750092343749994
5 0.761586703125 0.42569880312499997 0.77971140625 0.42511393750000004 0.7794190734375 0.4075679703125 0.7501856796874999 0.40786040312500005 0.7501856796874999 0.417218253125 0.7504780140625 0.411369596875 0.7504780140625 0.42569880312499997 0.761586703125 0.42569880312499997
5 0.8493226828125 0.4252643984375 0.8496473281249999 0.41860691875 0.8498096500000001 0.40821475625000003 0.834064353125 0.4083771328125 0.8201046046875 0.4083771328125 0.820052859375 0.4205329578125 0.8204292499999999 0.4205554484375 0.8209162171875001 0.4252643984375 0.8493226828125 0.4252643984375
0 0.8171727875 0.41377663125 0.8164389078125 0.40533414843750004 0.8100174515624999 0.39725873125 0.80231170625 0.3891833140625 0.7887349140625 0.38422794374999997 0.781579578125 0.38422794374999997 0.7815631828125 0.42101996875000003 0.820658721875 0.4213014515625 0.8201083109375 0.4146942921875 0.8171727875 0.41377663125
5 0.750830975 0.283807446875 0.7510670625 0.27436077187499996 0.7335966234375 0.2738884375 0.7332481796875 0.2745462984375 0.7328883625 0.3303323171875 0.7498866265624999 0.3312769859375 0.7505948874999999 0.3010476265625 0.750830975 0.283807446875
0 0.733690753125 0.2038620828125 0.7304264921875 0.204615628125 0.7306775890625 0.176232078125 0.7143562875 0.1830139875 0.7053167984375001 0.18753526250000002 0.699290471875 0.20335971874999997 0.6947707265624999 0.2038620828125 0.69490613125 0.20985285468749998 0.6957751140624999 0.2101416296875 0.73394185 0.20913690312500002 0.733690753125 0.2038620828125
3 0.7464585968749999 0.42410683125000004 0.7454414640625 0.20373401875 0.7317412734375 0.2033997546875 0.7320754234375 0.1733159921875 0.7253924031250001 0.1733159921875 0.709019003125 0.1779956875 0.70200183125 0.1890264015625 0.6933139046875 0.20473681093749999 0.5643292859375 0.2033553171875 0.5649999125 0.2037739984375 0.5656682140625 0.42304652656249997 0.7464585968749999 0.42410683125000004
3 0.89002605625 0.412174146875 0.8222860937500001 0.4085806609375 0.8094565546875 0.38733169218749997 0.77917884375 0.37911801093749997 0.7766129359375 0.409919315625 0.7453088625000001 0.40837925156250005 0.7447956812500001 0.4176196421875 0.6986093421875 0.41710628749999995 0.67640644375 0.41575279062500003 0.6744898109374999 0.57542106875 0.816641096875 0.57542106875 0.889512875 0.57542106875 0.89002605625 0.412174146875
5 0.7311616015625 0.069241053125 0.7105926671875 0.0688376046875 0.6755044828125001 0.0696445015625 0.6641842578125 0.06962309375 0.664211734375 0.089413496875 0.7001065421875 0.0906238421875 0.7303549765625 0.0898169453125 0.7311616015625 0.069241053125