0 0.1407290765625 0.8249685390625 0.12718913125 0.8108624656250001 0.101613684375 0.785642478125 0.090706503125 0.803168234375 0.088825959375 0.8249685390625 0.1031181265625 0.8245410921874999 0.1159058515625 0.8249685390625 0.1407290765625 0.8249685390625
0 0.11621112656249999 0.6220687265625 0.1322707046875 0.60481676875 0.11973103125 0.60481676875 0.09707163437500001 0.60406668125 0.08728252187499999 0.6041943062499999 0.08827186718749999 0.62231875625 0.0928917515625 0.63281995625 0.0979516140625 0.639570721875 0.11621112656249999 0.6220687265625
3 0.07232968281249999 0.734559115625 0.07232968281249999 0.8258449390625 0.26721190625 0.8277667390625 0.265520971875 0.603876284375 0.171673140625 0.6043567249999999 0.07232968281249999 0.6024349250000001 0.072752434375 0.6211725421875001 0.07190695625 0.652882340625 0.07232968281249999 0.734559115625
0 0.1209408640625 0.5320550515625 0.11014501875 0.5202235390625 0.097806928125 0.5088302328125 0.0877822359375 0.5259201984375 0.0853200765625 0.5444290796875 0.08585439218749999 0.5443247812500001 0.1321222671875 0.543010153125 0.1209408640625 0.5320550515625
0 0.1537139359375 0.33667070468750004 0.1548706265625 0.3270302078125 0.1032048390625 0.3270302078125 0.10440163124999999 0.3271989890625 0.12209755468750001 0.34543479062500004 0.1413758453125 0.3634011546875 0.147930446875 0.3524460546875 0.1537139359375 0.33667070468750004
5 0.22045600312500002 0.33811359375 0.243805484375 0.33811359375 0.24363628906249998 0.3234988953125 0.2344995375 0.3231142953125 0.2119960484375 0.322921996875 0.1890800921875 0.32334208124999997 0.1889849765625 0.32965245 0.18932336562500002 0.3383058984375 0.22045600312500002 0.33811359375
0 0.14736199218749998 0.3102362875 0.16918868125 0.3154283515625 0.17037307343750002 0.28119917656250004 0.17037307343750002 0.275622515625 0.16918868125 0.26120011249999997 0.156329546875 0.2761994125 0.14634680312499998 0.2885065296875 0.137040846875 0.3017751375 0.14736199218749998 0.3102362875
5 0.15807052187499998 0.2508671765625 0.1721747109375 0.250439715625 0.1721747109375 0.235692353125 0.171798609375 0.18803058125 0.1580342515625 0.1874702828125 0.15807052187499998 0.198289615625 0.15807052187499998 0.21196833124999997 0.15807052187499998 0.2508671765625
5 0.1716890390625 0.168763546875 0.17212519531249998 0.133817534375 0.1716890390625 0.1035805640625 0.15751435 0.10407625312499999 0.15729628281250002 0.12092964843750001 0.15729628281250002 0.15314937343749999 0.1579504953125 0.1682678578125 0.16514689062500001 0.168763546875 0.1716890390625 0.168763546875
3 0.07268824375 0.3331483234375 0.102859459375 0.3331483234375 0.14147863125 0.3669814171875 0.158776796875 0.336925459375 0.170845278125 0.33554957500000004 0.1704430046875 0.28937625625 0.1700267640625 0.2683377265625 0.168819921875 0.0827129265625 0.1261779296875 0.08317013125 0.0727303109375 0.0829719875 0.07268824375 0.0833654375 0.07268824375 0.28251818906250004 0.07268824375 0.3331483234375
3 0.26538176562500004 0.4218797796875 0.2657840828125 0.32495254375 0.187338896875 0.32632415312499996 0.07268824375 0.3276957625 0.0722859484375 0.33729705 0.0722859484375 0.3382114546875 0.0722859484375 0.46714298125 0.07268824375 0.5448676375 0.26538176562500004 0.5453248546875 0.26538176562500004 0.4218797796875
5 0.5446823609375 0.5434118812500001 0.5774940875000001 0.5407481953125 0.5774940875000001 0.5162425015625 0.547494778125 0.518906159375 0.516177128125 0.5194687984375 0.515620534375 0.519971628125 0.515620534375 0.5434118812500001 0.5446823609375 0.5434118812500001
0 0.4710903109375 0.3255574046875 0.44390344375 0.3244919359375 0.41999777343750005 0.3239592171875 0.41921513125 0.32349130000000004 0.4242164234375 0.3537922390625 0.43031001093750004 0.364446896875 0.45468446093750003 0.3436703296875 0.4710903109375 0.3255574046875
3 0.4106281078125 0.32446386875 0.411560471875 0.4224815171875 0.41249795312500004 0.5354208515625001 0.5957748734375 0.53488813125 0.5971811078125 0.3276550859375 0.5564008328125001 0.32605688593750004 0.4106281078125 0.32446386875
0 0.468746621875 0.2265522609375 0.45796563125 0.187130034375 0.44062227343749993 0.20151381875 0.417106240625 0.2218811375 0.41718533124999996 0.2233558546875 0.41718533124999996 0.22388857343750002 0.468746621875 0.2265522609375
0 0.5329638640625001 0.2100375390625 0.5287452140625 0.20151381875 0.5203079125000001 0.186597284375 0.504370790625 0.2020465375 0.48515249687499995 0.221757665625 0.4842150171875 0.2233558546875 0.5315576562500001 0.2233558546875 0.5329638640625001 0.2100375390625
5 0.5374824484375 0.09814717656250001 0.568073921875 0.0979040359375 0.5682878437500001 0.08234357656249999 0.5426166859375 0.0821004375 0.5141367296875 0.0817955125 0.5141644828125 0.08185731093750001 0.51395055625 0.09814717656250001 0.5374824484375 0.09814717656250001
3 0.5965971828125001 0.22313623749999997 0.59696086875 0.0846644140625 0.5667741187499999 0.0854911140625 0.48366328125 0.08439332187500001 0.483574571875 0.1233505890625 0.48494256875 0.223549575 0.5965971828125001 0.22313623749999997
5 0.9021207265625 0.3765378640625 0.8344236265625 0.3765378640625 0.8344236265625 0.39547140468749997 0.9031622203125 0.39547140468749997 0.9021207265625 0.3765378640625
5 0.7653031671875 0.20211261875000003 0.761944453125 0.225063128125 0.8062685921874999 0.22420175156250002 0.8062685921874999 0.215523878125 0.7750237765625 0.18554577187500002 0.7653031671875 0.20211261875000003
3 0.9257225984374999 0.2171014296875 0.8167129093750001 0.2178903265625 0.8049093125000001 0.21631253125 0.77505315625 0.185545528125 0.767415534375 0.197378990625 0.7625552296875 0.2171014296875 0.7410310234375 0.2171014296875 0.7411111203125 0.3915719671875 0.9271112578125 0.39223668125 0.928499915625 0.26206858906249997 0.9257225984374999 0.2171014296875