0 0.3551602109375 0.80635481875 0.33849462343750003 0.7937313765625 0.3226419796875 0.7844570078124999 0.30435046718750003 0.772864046875 0.28727838906250003 0.7834265140625 0.2799617828125 0.8001719062499999 0.2794536609375 0.8127953484375 0.310041146875 0.8127953484375 0.354753721875 0.8130529765625001 0.3551602109375 0.80635481875
5 0.1389138734375 0.8158868046875 0.184439428125 0.8158868046875 0.2478500046875 0.81537156875 0.2478500046875 0.8009447703125 0.201105015625 0.8006871515625 0.1153381515625 0.7999142890625001 0.07143852187500001 0.8004295234375001 0.07143852187500001 0.8079005468749999 0.07143852187500001 0.8164020515624999 0.1389138734375 0.8158868046875
0 0.38315758125 0.5804208234375 0.4144473765625 0.556984040625 0.3848642953125 0.556984040625 0.3575568515625 0.5573446078125001 0.3335205953125 0.556984040625 0.3370762703125 0.57717573125 0.351867784375 0.5908772296875 0.36040136093749997 0.5970068453125 0.38315758125 0.5804208234375
3 0.004019484375 0.8130146093749999 0.41209106875 0.8130146093749999 0.41247392187500004 0.5542619734375 0.0323471453125 0.5592356421875 0.0032538484375000004 0.5587504078125 0.0036366671875 0.6285032390625 0.004019484375 0.8130146093749999
0 0.414144059375 0.510017175 0.3903290484375 0.490697190625 0.356035346875 0.470169725 0.33507805625 0.4864709546875 0.3298387125 0.5124321625 0.35031972968749997 0.5130359296875 0.372229565625 0.5124321625 0.414144059375 0.510017175
0 0.09637075625 0.5126942984375 0.0905788578125 0.4890377484375 0.06869836093750001 0.47353864999999995 0.0567927953125 0.4806764015625 0.0313728 0.49515581875 0.023006704687499997 0.507391959375 0.023006704687499997 0.51473364375 0.09637075625 0.5126942984375
5 0.09920792187500001 0.285661659375 0.1868800640625 0.2860794578125 0.18753927343750001 0.2706213375 0.11964279687499998 0.26978577656249997 0.0603157984375 0.2702035578125 0.007251071874999999 0.2696813171875 0.0075806765624999994 0.2702035578125 0.0062622890625 0.285243878125 0.09920792187500001 0.285661659375
0 0.3503588875 0.28399051875 0.35892836250000004 0.2731280578125 0.30487485468750003 0.2727102765625 0.2762001375 0.2737547375 0.2804849046875 0.2906750984375 0.303556496875 0.311982221875 0.32860565468749997 0.2973596984375 0.3503588875 0.28399051875
5 0.1857180796875 0.23210995625000003 0.2121169109375 0.23240348281249998 0.2102643890625 0.187199653125 0.20980123750000002 0.11998096093749999 0.185023375 0.1196874265625 0.185254971875 0.11998096093749999 0.183865559375 0.1681201078125 0.1857180796875 0.23210995625000003
5 0.18442010312499998 0.056354525 0.1850474 0.09849616562499999 0.2126476671875 0.0980986078125 0.21139312812500002 0.0408495703125 0.2107658296875 0.0042738046875 0.18567464218750002 0.0052677046875 0.1837928046875 0.0050689265625 0.1831655625 0.0221641265625 0.18442010312499998 0.056354525
0 0.39832229375 0.0173933734375 0.4039678078125 0.0022859843750000003 0.314894196875 0.0022859843750000003 0.31269868125 0.002882328125 0.3468854375 0.0265373125 0.3751130015625 0.042837379687499996 0.388285865625 0.031308065625 0.39832229375 0.0173933734375
5 0.7918715671875 0.7295922984375001 0.8827952781249999 0.72900426875 0.8827952781249999 0.7113635125 0.788160365625 0.7113635125 0.6990922125 0.7116575203125 0.6990922125 0.7195958609375 0.70094785625 0.730180315625 0.7918715671875 0.7295922984375001
0 0.688346103125 0.47535553906250005 0.688346103125 0.4672234875 0.639355571875 0.467962765625 0.603050090625 0.467870353125 0.6311905015625 0.49198928750000004 0.656852190625 0.5078837593750001 0.67959779375 0.4934678453125 0.688346103125 0.47535553906250005
0 0.9620814015624999 0.48510160156250004 0.9809364703125001 0.46867013750000003 0.9333273625 0.467475125 0.9206001703125001 0.46807263125 0.89396733125 0.46822200625 0.9059874562499999 0.49376546250000003 0.922014303125 0.508105646875 0.9380411515624999 0.49914303125000004 0.9620814015624999 0.48510160156250004
3 0.5902564296875 0.72415498125 0.99865005625 0.7255030812500001 1 0.626642340625 0.9993590953125 0.46756640312500003 0.761838453125 0.4684651390625 0.5881293796875 0.4671170390625 0.5881293796875 0.493629690625 0.5895473906250001 0.5349714640625 0.5902564296875 0.72415498125
0 0.6851738796875 0.4128735296875 0.6774337125 0.40220909374999997 0.6686839578125 0.391757953125 0.655222771875 0.38599915937499996 0.6269543015625 0.40391540625 0.60339723125 0.42257815781249997 0.603733771875 0.4226848046875 0.6861834671875 0.424177821875 0.6851738796875 0.4128735296875
5 0.6621180796874999 0.19850811875000002 0.7802063390625 0.198160009375 0.7802063390625 0.1817989703125 0.7373650203125 0.1817989703125 0.6796940140625 0.1814508640625 0.60046501875 0.181624915625 0.6006023484375 0.1817989703125 0.6011515875 0.19920433125 0.6621180796874999 0.19850811875000002
0 0.9488253921875 0.21208429843749999 0.968598309375 0.1999005421875 0.9839772109375 0.1863243625 0.9334464406249999 0.185280040625 0.92301071875 0.185280040625 0.9052974812500001 0.185541121875 0.9054348093750001 0.199552440625 0.9158705312500001 0.21660968593750002 0.9301509546875 0.22461615625000003 0.9488253921875 0.21208429843749999
3 0.9993334234375 0.42351702500000005 1 0.247347028125 0.9993334234375 0.184623975 0.7489084390625 0.1829877203125 0.6249867578125 0.184623975 0.5888429453125 0.185169384375 0.5897034999999999 0.30679759687499997 0.5888429453125 0.42242618125 0.7239519453125001 0.424062434375 0.9993334234375 0.42351702500000005
5 0.768838659375 0.1219435734375 0.7696160734374999 0.1672720734375 0.7960473546875 0.1662866859375 0.7960473546875 0.1071625359375 0.7960473546875 0.051979981249999994 0.7694217015625 0.051979981249999994 0.7672839031249999 0.0524726859375 0.7680613171874999 0.075136946875 0.768838659375 0.1219435734375
3 0.0041270046875 0.2699681453125 0.00038523124999999996 0.516601559375 0.4085283140625 0.5103723437500001 0.41430547500000003 0.27484945 0.0041270046875 0.2699681453125