0 0.12876167656249998 0.7678098734375001 0.12459269843750001 0.748193603125 0.1084379078125 0.73299099375 0.078212815625 0.7560401125 0.032009146875 0.7944085921874999 0.061536903125 0.7942918390625 0.1329306546875 0.795272653125 0.12876167656249998 0.7678098734375001
5 0.31644093125 0.7982648234374999 0.3161734 0.777368603125 0.2937008609375 0.7776203640625 0.2541063875 0.777116840625 0.2278884234375 0.7766133171875 0.22786181249999998 0.7772426593749999 0.2278884234375 0.7980130625 0.25357132656250003 0.7985165859375 0.285942484375 0.7987683484375 0.31644093125 0.7982648234374999
0 0.1562166375 0.73939679375 0.1586908546875 0.7189587625 0.16198980937500002 0.6863613984375 0.1608901578125 0.6773065734375 0.1438455578125 0.6786001203125 0.124876565625 0.682998178125 0.1097563546875 0.68972461875 0.1259317453125 0.713289165625 0.14796925156250001 0.744570978125 0.1562166375 0.73939679375
0 0.083150034375 0.7008753765625 0.0909245578125 0.6810604375 0.0918963734375 0.6667327125 0.015770828125 0.6664278671874999 0.0152333078125 0.6664020640625 0.04136196875 0.6917300187500001 0.0569110171875 0.7030092921875 0.0734318796875 0.7152031 0.083150034375 0.7008753765625
0 0.09244642656249999 0.50867494375 0.1088166953125 0.497120903125 0.1263031203125 0.47681380156250003 0.1396969765625 0.460358046875 0.13188389375 0.4512548625 0.1151415734375 0.44250180156249996 0.0883255046875 0.4392170875 0.0890979625 0.462808903125 0.09058616875 0.48451649375 0.09244642656249999 0.50867494375
0 0.2300843296875 0.32973642812500004 0.2237485328125 0.3167276484375 0.21222890468750003 0.3010087078125 0.1770940359375 0.32811033125 0.1514819765625 0.35185950625 0.1517508515625 0.3530438265625 0.2306603109375 0.35250179375 0.2300843296875 0.32973642812500004
5 0.08415740000000001 0.132854521875 0.15133224375 0.131048365625 0.15209995625 0.1104581796875 0.10642106250000001 0.1100969484375 0.062265609374999996 0.11028686875 0.061509881249999995 0.120211425 0.061126024999999994 0.13213206093750002 0.08415740000000001 0.132854521875
3 0.37845599218750003 0.244051878125 0.37845599218750003 0.11419319375 0.0031637015625000002 0.11310651093749999 0.0022117796875 0.1141845515625 0.002586328125 0.25872210625 0.0014315843749999999 0.35217689218750003 0.37787861875 0.35000352343749996 0.37845599218750003 0.244051878125
3 0.0022250859375000003 0.42789611718750004 0.0022250859375000003 0.7936269859375 0.3773435921875 0.7905647109375 0.3800618421875 0.35399367187499997 0.0020214421875 0.35169408125 0.0040372515625 0.41182128125000006 0.0022250859375000003 0.42789611718750004
5 0.8435299562499999 0.77654228125 0.8438294687499999 0.7973998140624999 0.8629982453125 0.7985272484375 0.898939703125 0.7988091078124999 0.9351806734375 0.7985272484375 0.9357796984375 0.7776697140625 0.893847996875 0.7779515734375 0.87048605 0.7773878562500001 0.8558099546875001 0.7768241390624999 0.8492206875000001 0.77654228125 0.8435299562499999 0.77654228125
0 0.750717834375 0.7807929312499999 0.7756447890625 0.7583126046875 0.802648990625 0.7283388359375 0.7832613578125 0.714980959375 0.765604765625 0.7110713375 0.7586806109374999 0.7097681312499999 0.7510640421875 0.7113971390625 0.752102665625 0.7377870890625 0.750717834375 0.7807929312499999
5 0.7167601921875 0.7976005125000001 0.717115659375 0.7773623 0.6954321390625 0.7773623 0.6760591578125 0.7776968156249999 0.669127540625 0.7776968156249999 0.6609139093749999 0.777430040625 0.6609517890625 0.7972659953125001 0.679258365625 0.797433253125 0.701652821875 0.7976005125000001 0.7167601921875 0.7976005125000001
0 0.7767816890625 0.5712118375 0.7758160171874999 0.5615184531249999 0.7004935484375 0.5624272078125 0.7004935484375 0.5627301265625 0.73332641875 0.59241611875 0.7574682359375 0.610591215625 0.76776874375 0.59181028125 0.7767816890625 0.5712118375
3 0.6184667296875 0.563137265625 0.6184667296875 0.6517825515625 0.7504569984375 0.651219725 0.7492608421875 0.7939791078125 0.9412440796875 0.7945419359375 0.9941740390625 0.7939791078125 0.994473078125 0.5330627234375 0.878445825 0.5333441375 0.7785494953125001 0.5323700984374999 0.7784527625 0.5493479984375 0.779050840625 0.5622930234375 0.6184667296875 0.563137265625
0 0.77905643125 0.5326672515624999 0.80741253125 0.5083772765625 0.8208635015624999 0.490929546875 0.8310426156249999 0.4765608296875 0.811775009375 0.46527112343750004 0.7792693796875 0.4609019328125 0.7779658109375001 0.480666178125 0.776511653125 0.49708756875000004 0.77905643125 0.5326672515624999
0 0.7788088203125 0.40069199843750003 0.8310407984375001 0.3534662109375 0.8228475484375 0.3452739828125 0.7992919484375001 0.334672275 0.7785837546875001 0.33401543125 0.776248428125 0.3602127515625 0.77676050625 0.37370583281249997 0.7788088203125 0.40069199843750003
0 0.7784097140624999 0.32117427656249997 0.770198896875 0.314260765625 0.75637015 0.3036871625 0.7377877703125 0.2886401125 0.727848359375 0.28009989375 0.7140196125 0.29738366875 0.7087700859375 0.322558525 0.70883383125 0.32280098437500004 0.7784097140624999 0.3282911234375 0.7784097140624999 0.32117427656249997
5 0.7490813203125 0.13114785625 0.7500184 0.1102039484375 0.727294178125 0.1097630234375 0.69941600625 0.10888117500000001 0.6792687578125001 0.10910163749999999 0.660659975 0.10961798281249999 0.6605271296875 0.13136831875 0.6968390328125 0.13136831875 0.7265913671875001 0.1318092421875 0.7490813203125 0.13114785625
5 0.9303969640625 0.11263998125000001 0.8957917406250001 0.1114664484375 0.8814508359375001 0.1114664484375 0.8661746562499999 0.1102929140625 0.85370430625 0.10999953124999999 0.8409221953125 0.11058629843750001 0.8412339546875 0.1343503515625 0.8761509375 0.1349371171875 0.9303969640625 0.1352305015625 0.9303969640625 0.11263998125000001
3 0.789900603125 0.3261961375 0.7881033875 0.11309411875 0.7359841312500001 0.11196659375 0.6622982859375 0.11365788125000001 0.620962325 0.11309411875 0.61902138125 0.11351709843749999 0.6185660375 0.3763709515625 0.7144175421875001 0.374115903125 0.7130433703125 0.32585834375 0.789900603125 0.3261961375
3 0.7797163796875 0.1401546921875 0.7785182359375 0.27996765625000003 0.7791173078125 0.4034315234375 0.9935850500000001 0.3977939046875 0.9935850500000001 0.11309411875 0.7988866812500001 0.11253035625 0.7785182359375 0.11309411875 0.7785182359375 0.12662440625 0.7797163796875 0.1401546921875
4 0.19248889375 0.11257839843749999 0.1930118171875 0.1264814796875 0.3273090421875 0.1278514546875 0.3268169984375 0.11211557812499999 0.19248889375 0.11257839843749999