5 0.458544840625 0.0569436109375 0.380989459375 0.058322642187499996 0.3806613734375 0.075699671875 0.4078394421875 0.076110728125 0.4581392125 0.077023453125 0.458544840625 0.0569436109375
0 0.3551058734375 0.30621032812500004 0.314947215625 0.265594284375 0.306834353125 0.275177846875 0.30156099687500004 0.288412278125 0.2983158359375 0.303015803125 0.2966824984375 0.319989771875 0.2970989234375 0.3194447609375 0.354294590625 0.3199011359375 0.3551058734375 0.30621032812500004
0 0.2889860609375 0.3463700140625 0.273165990625 0.32994104218750003 0.254100759375 0.32492108124999997 0.24003178906249997 0.3250121734375 0.2407145390625 0.39063692968749997 0.25085562499999997 0.3897242125 0.2889860609375 0.3463700140625
0 0.32062620000000003 0.5970337421874999 0.29425941718750004 0.590644690625 0.2800619140625 0.5924701406249999 0.26411949218749997 0.6007420296875 0.2893916890625 0.6627495765625 0.2983158359375 0.6545350890625 0.32062620000000003 0.5970337421874999
0 0.2630249046875 0.5796920515624999 0.2646474734375 0.5655448875 0.2646474734375 0.551854096875 0.20702271562500002 0.550015771875 0.2070461640625 0.5637194515624999 0.24395967343749997 0.60616093125 0.2545063875 0.5938392171875 0.2630249046875 0.5796920515624999
0 0.26545875625000004 0.6769455765625 0.2585628328125 0.6650802046875001 0.25085562499999997 0.6554966421875 0.212319534375 0.69519996875 0.2114834015625 0.7127415874999999 0.2719490515625 0.7139107359375 0.2707321125 0.693374534375 0.26545875625000004 0.6769455765625
5 0.4573279015625 0.6947436109375 0.3738523625 0.6936564609375 0.37335979531249996 0.7139107359375 0.394858878125 0.7139107359375 0.45692227343749997 0.713454378125 0.4573279015625 0.6947436109375
3 0.27357161875 0.3180756859375 0.39161374375 0.31761932656249997 0.5246646265625 0.31625025 0.525881565625 0.1852260921875 0.5275041328125 0.057445271875 0.338068865625 0.05835799375 0.338068865625 0.0702233578125 0.290608628125 0.06976699374999999 0.2914199109375 0.0565325546875 0.24193147812500002 0.0565325546875 0.2427427625 0.05927071406249999 0.18879222812500002 0.05881435625 0.188733903125 0.1914162875 0.18757530312499998 0.2240655140625 0.273165990625 0.22360915625 0.27357161875 0.3180756859375
3 0.2938537625 0.7134787874999999 0.3518607125 0.71256606875 0.5254759375 0.71256606875 0.5250702546875 0.41989279531249996 0.5254759375 0.3062591484375 0.35388893593750004 0.3058027890625 0.3194092890625 0.26473038125000004 0.3080512640625 0.27294486406249996 0.2999384015625 0.29074290625 0.2970989234375 0.30671550625 0.2415258234375 0.30673992031249997 0.24193147812500002 0.3176925625 0.2407145390625 0.4126154515625 0.2646474734375 0.41215909218749996 0.26411949218749997 0.5515224921875 0.26343053437499997 0.5915818328125 0.293042478125 0.6687554984374999 0.2938537625 0.7134787874999999
5 0.958105365625 0.693471178125 0.931332928125 0.6939275375 0.8805862624999999 0.6946609421875001 0.88062755625 0.7144637390625 0.9037492046875 0.7153764578125 0.95851099375 0.7144637390625 0.958105365625 0.693471178125
5 0.85993975625 0.694383896875 0.8392519578125001 0.694383896875 0.7820051078125 0.6946609421875001 0.7808393796875001 0.7144637390625 0.7974707328124999 0.7144637390625 0.8595341296875001 0.7149200984374999 0.85993975625 0.694383896875
5 0.750010521875 0.694383896875 0.7325678578125 0.694383896875 0.6731643765624999 0.6941587015625 0.67212705625 0.71400738125 0.6968712734375 0.71400738125 0.750010521875 0.7144637390625 0.750010521875 0.694383896875
0 0.7954425374999999 0.6537678515625001 0.8141021140625 0.6323189328125001 0.798687671875 0.6186281265625 0.7800280953125001 0.6108699984375 0.765500571875 0.612293553125 0.7662362203125 0.6774985796874999 0.7771885890625 0.6756731296875 0.7954425374999999 0.6537678515625001
0 0.7954425374999999 0.46704335625000004 0.798687671875 0.44148718750000004 0.7400746625 0.44102965312500003 0.7394637828125 0.45517798593750003 0.7800280953125001 0.49579403125 0.789763525 0.48301595624999993 0.7954425374999999 0.46704335625000004
0 0.8003102390624999 0.4149938890625 0.809234384375 0.41545024843749995 0.810107428125 0.3611734671875 0.795848165625 0.3602306875 0.7800280953125001 0.3679888078125 0.767453159375 0.3816796140625 0.8003102390624999 0.4149938890625
3 0.9808213609375 0.5491881640625 0.9796044203125 0.41182378750000004 0.79949895625 0.41319286406250005 0.7999046109375 0.4423999125 0.7212098609375001 0.4428562703125 0.7236437125 0.5701807234375 0.7668387765625 0.5696031390625 0.7686700984375 0.71398295625 0.866430053125 0.7130702390625 0.9816326703125 0.711725571875 0.9808213609375 0.5491881640625
5 0.9264652265625 0.056629195312500005 0.8480232578125 0.056815921874999994 0.8485817593749999 0.077165396875 0.8700808421874999 0.0767090390625 0.9264652265625 0.0762526796875 0.9264652265625 0.056629195312500005
5 0.7654249375 0.058454637499999997 0.6883307078125 0.056815921874999994 0.6871358421875 0.0785344765625 0.709446209375 0.07807811875000001 0.765019309375 0.077165396875 0.7654249375 0.058454637499999997
0 0.75893466875 0.1885416640625 0.7479823 0.198581578125 0.740275065625 0.21181602656249998 0.7362186484375 0.22870134375 0.7362186484375 0.2433048671875 0.7962538203125 0.2428485078125 0.795848165625 0.23052679375000001 0.75893466875 0.1885416640625
0 0.8461479093750001 0.28802815625 0.8392519578125001 0.27798823437500003 0.8282996171875 0.27068647968750004 0.8124795203125 0.2652101453125 0.7980635765625 0.2657478328125 0.7982820171875 0.330926009375 0.809640040625 0.330926009375 0.8461479093750001 0.28802815625
3 0.9808213609375 0.3574681171875 0.9796044203125 0.1720882890625 0.9808213609375 0.0575419171875 0.9260595703125001 0.05799827656249999 0.8469591937500001 0.05799827656249999 0.8457422546875 0.058910996874999996 0.7989557140625 0.0578204015625 0.7990933 0.22918211875 0.7990933 0.3583808359375 0.9808213609375 0.3574681171875