5 0.33228114375 0.082004275 0.33137849375 0.054809903125000003 0.3136962640625 0.0711943640625 0.315130890625 0.10753368593749998 0.332882884375 0.1069786921875 0.33228114375 0.082004275
5 0.33468818749999996 0.0545324109375 0.27721985937500004 0.055364890624999996 0.22576916093750002 0.055364890624999996 0.177327265625 0.055364890624999996 0.133097715625 0.05508739687500001 0.1519025265625 0.072721321875 0.2480343703125 0.0725694953125 0.3163344125 0.0731244796875 0.33468818749999996 0.0545324109375
5 0.1349029984375 0.21908609218750003 0.1523541203125 0.21908609218750003 0.1535576421875 0.1572050359375 0.1538585328125 0.1067011984375 0.1547611640625 0.0717370109375 0.1370135328125 0.0534816640625 0.1349029984375 0.1214083609375 0.1352038875 0.17385464687500002 0.1349029984375 0.21908609218750003
5 0.332882884375 0.19552882968750002 0.332882884375 0.175549296875 0.3146888625 0.1753328203125 0.31483002031249996 0.2135659140625 0.3331837953125 0.2135659140625 0.332882884375 0.19552882968750002
0 0.2991842 0.5125600875 0.29858241875 0.5253247921875001 0.3395022734375 0.5247698062499999 0.33851125312499997 0.48622123281249996 0.3286705796875 0.4867531890625 0.3136265 0.493135540625 0.3046000671875 0.501460340625 0.2991842 0.5125600875
0 0.3831300828125 0.45151149999999995 0.38794416875 0.4426317046875 0.390351253125 0.43597185937500005 0.3900503421875 0.42653707812499997 0.34843725000000003 0.426364525 0.3488296171875 0.465108690625 0.359962221875 0.46399870937500004 0.37440452031250004 0.45900383125 0.3831300828125 0.45151149999999995
0 0.44106097968749997 0.4116963671875 0.43203452656249997 0.403926546875 0.419096640625 0.39920915625000003 0.4067605125 0.398099184375 0.40700062656249997 0.43613704843749995 0.4485829984375 0.43694828281250003 0.4464768265625 0.42140864375 0.44106097968749997 0.4116963671875
0 0.5933069046874999 0.436670790625 0.584882253125 0.43278587812499997 0.57405051875 0.43084342500000006 0.5614134828124999 0.4319534 0.5520861796875 0.4358383078125 0.541001575 0.44346644062499996 0.5707408234375 0.46997002187500003 0.599324553125 0.4430531421875 0.5933069046874999 0.436670790625
0 0.601129815625 0.518531390625 0.6110588984375 0.511594053125 0.616474765625 0.4985518578125 0.6176782875 0.486342140625 0.577066028125 0.48622123281249996 0.5776610828125001 0.523803771875 0.5887936890625001 0.5229712921874999 0.601129815625 0.518531390625
0 0.5496791359375 0.5079866390625 0.5376438796875 0.514923975 0.5313253609374999 0.5229712921874999 0.528015665625 0.5343485328125 0.5280977796874999 0.5430240265624999 0.569537303125 0.54322831875 0.5689355218750001 0.5060441796874999 0.5496791359375 0.5079866390625
0 0.3847961734375 0.5698677140624999 0.40044199531249997 0.571532671875 0.401645515625 0.5343485328125 0.3603484453125 0.5338622859375 0.3601239 0.5451707781249999 0.3655397671875 0.5557155390624999 0.37456619999999996 0.5654278125000001 0.3847961734375 0.5698677140624999
0 0.46663588437500003 0.7328751859375 0.47175086093749996 0.724550375 0.47265351093749997 0.71372813125 0.430161284375 0.712821628125 0.4299283546875 0.7506347671875 0.44346802187499995 0.7495247968750001 0.4597156046875 0.7434199375 0.46663588437500003 0.7328751859375
0 0.64987258125 0.6979109890624999 0.64235058125 0.6915286421875 0.62971354375 0.68597876875 0.614970375 0.6848687921875001 0.6151156796875 0.723204934375 0.657394621875 0.7226079171875 0.6543858375 0.7054033203125 0.64987258125 0.6979109890624999
5 0.40796403437500006 0.65517698125 0.38870762812500004 0.6554544765625 0.3411581859375 0.6547972671875 0.34086749375 0.6662767234375 0.3550089234375 0.6662767234375 0.40766314374999996 0.6662767234375 0.40796403437500006 0.65517698125
0 0.3772741328125 0.87363864375 0.36794681093750004 0.8650363421874999 0.355309803125 0.85754401875 0.3393630921875 0.8556015609375001 0.3388421203125 0.8960564484375 0.3802829578125 0.8963931140625 0.38058382812499997 0.8847383828125001 0.3772741328125 0.87363864375
5 0.4082649046875 0.88335091875 0.3878103671875 0.8832300109375 0.3881058671875 0.898890559375 0.3980349515625 0.898613065625 0.4085657953125 0.898890559375 0.4082649046875 0.88335091875
5 0.50334339375 0.9069378765625 0.49491872187499997 0.8991680499999999 0.4780693796875 0.8839059046875001 0.47714433281249996 0.883535403125 0.46663588437500003 0.8955606359375 0.4762640765625 0.9049954171874999 0.4967240046875 0.922477515625 0.50334339375 0.9069378765625
5 0.62971354375 0.919702578125 0.6227932843749999 0.9058278953125001 0.5794663859375 0.9063828812500001 0.5256086234375 0.9063828812500001 0.501297590625 0.9061343640624999 0.49431696093750005 0.92081255 0.522298928125 0.9213675359375 0.5629179140625 0.9210900421874999 0.62971354375 0.919702578125
5 0.6461877890625 0.8842421625 0.6190860765624999 0.90552358125 0.6269313828125 0.9217037937500001 0.638966640625 0.9106040562500001 0.6561168734375 0.8956194015625 0.6461877890625 0.8842421625
5 0.7090719640625001 0.6957349609375 0.70877109375 0.6682631 0.7090719640625001 0.6452311328125 0.69717058125 0.64594091875 0.6970367484375 0.678252871875 0.6979393593750001 0.6960124624999999 0.7090719640625001 0.6957349609375
5 0.7096737453124999 0.5824433671875 0.709372875 0.5388768765624999 0.70877109375 0.5139024546875001 0.697501446875 0.5143172390624999 0.6982402703125 0.5569139609375 0.6979393593750001 0.5821658734375 0.7096737453124999 0.5824433671875
3 0.46695347031249995 0.8970309000000001 0.4944532171875 0.9237517375 0.627532278125 0.9228459499999999 0.656996253125 0.8974837796875 0.713959971875 0.8970309000000001 0.7115046640625 0.7797309203125 0.7070850609375 0.7797309203125 0.7070850609375 0.7149668484375 0.6574873343750001 0.71541974375 0.655523075 0.7054560390625 0.6481570484375 0.695039440625 0.6334250609375001 0.684622840625 0.6152556015624999 0.6850757359374999 0.6152556015624999 0.7158726375 0.5435598609375 0.713608159375 0.40851655468750003 0.7149668484375 0.40998975 0.8078104546875 0.410480815625 0.8974837796875 0.46695347031249995 0.8970309000000001
5 0.678603184375 0.207934375 0.643737478125 0.20748147343749998 0.5681423859375 0.20541441875 0.5681132171875001 0.2255973046875 0.5970861421875 0.2269559875 0.6781121359375 0.2260501984375 0.678603184375 0.207934375
0 0.509676284375 0.2514123546875 0.5224440109375 0.2518652484375 0.5229350921875 0.2115575375 0.483361546875 0.2089034109375 0.481194409375 0.22061545312500003 0.48463188125 0.23556100156249998 0.49641747656249996 0.2459776078125 0.509676284375 0.2514123546875
5 0.481194409375 0.2255973046875 0.4821765390625 0.2070285796875 0.43552522031249996 0.206575684375 0.36834041093750003 0.20641127343750001 0.3667758875 0.2255973046875 0.39623989375 0.22650309375000002 0.43012348593749994 0.22650309375000002 0.481194409375 0.2255973046875
3 0.5342296078125 0.433023496875 0.5784256015625 0.47604858906249997 0.5882469375 0.4765014984375 0.6255679859375001 0.45385669375 0.7075761093749999 0.4529509046875 0.708558271875 0.30938299687500004 0.7065939796875 0.21065174843749998 0.6766389234375 0.20974595156250003 0.5695863953125 0.20974595156250003 0.5319620281249999 0.2084049828125 0.5312832171874999 0.31889380625 0.531774265625 0.4271358546875 0.5342296078125 0.433023496875
3 0.329454746875 0.3591862734375 0.3928628765625 0.3591862734375 0.3933957328125 0.4333911875 0.452541109375 0.43486546875 0.5415256187499999 0.4314255 0.5415256187499999 0.30365545312500003 0.53992708125 0.20782793125 0.3270179578125 0.2077457140625 0.3241263484375 0.22502774531249997 0.328921925 0.22502774531249997 0.329454746875 0.3591862734375
5 0.14160305625 0.5941996140625 0.14107019999999998 0.5671713359375 0.12193780624999999 0.5673966046875 0.12188793125 0.63351346875 0.14160305625 0.634004890625 0.14160305625 0.5941996140625
0 0.2977255921875 0.7170554265625 0.33928720156250003 0.7165639890625 0.339322765625 0.6766439421875 0.3249004734375 0.6782329953125 0.3105137828125 0.6860957421875 0.3003897734375 0.6964156484374999 0.2977255921875 0.7170554265625
5 0.17484407500000002 0.9071473046874999 0.16504888906249998 0.89811350625 0.1493343109375 0.8832159640624999 0.1381121421875 0.8956041265625 0.1484514953125 0.9056416687500001 0.1694023078125 0.9227055 0.17484407500000002 0.9071473046874999
5 0.29918844375 0.9204470499999999 0.2921141328125 0.90539073125 0.24395450625 0.9056416687500001 0.19443443124999998 0.9066454296875 0.17356984375 0.9050331406250001 0.16423261718749999 0.920697996875 0.202324996875 0.920697996875 0.2556542953125 0.920948934375 0.29918844375 0.9204470499999999
5 0.31551373125 0.8845628218750001 0.30517438750000003 0.8928438 0.2887634296875 0.905585475 0.2975559 0.921199871875 0.308711515625 0.9109113828125001 0.32530891875 0.8948513046875 0.31551373125 0.8845628218750001
3 0.1404865984375 0.8971492859374999 0.1641248796875 0.922765309375 0.3000452078125 0.9238553515625 0.3260473546875 0.8987843312500001 0.33845745 0.8971492859374999 0.3390484265625 0.7581686140625 0.3372755375 0.6578845140625 0.224402596875 0.65733949375 0.1233488140625 0.6578845140625 0.124530725 0.754898471875 0.124530725 0.8966042484375001 0.1404865984375 0.8971492859374999
3 0.32300961250000004 0.6699423796875 0.423284721875 0.668709265625 0.423284721875 0.534304103125 0.341727575 0.53307103125 0.341727575 0.390034284375 0.33771662812500003 0.249463721875 0.3390535796875 0.176712278125 0.365793615625 0.17301306249999998 0.36178266875 0.099028546875 0.3350426328125 0.10149469062500001 0.333705590625 0.04847245 0.1331553703125 0.04847245 0.1331553703125 0.21123838281250001 0.12379643437500001 0.20877223906250003 0.12218484062499999 0.42085275 0.1251333859375 0.48621415 0.12379643437500001 0.6662431234375 0.32300961250000004 0.6699423796875
4 0.31663026875 0.22376952656250002 0.3172285765625 0.2154870828125 0.1569026453125 0.213863571875 0.15748008593750001 0.22376952656250002 0.23526025 0.22653034062500002 0.31663026875 0.22376952656250002