5 0.180584646875 0.8885441296875 0.2088133015625 0.8885441296875 0.23333983906250003 0.8882095187499999 0.2310260140625 0.86913665625 0.1930792984375 0.8698058796874999 0.15761224375 0.8695360109375001 0.156983640625 0.870140490625 0.1588347 0.889547965625 0.180584646875 0.8885441296875
5 0.316637509375 0.8885441296875 0.3564352859375 0.8878749078125001 0.38512670625 0.887205684375 0.3846639421875 0.8708097140625 0.34301510625 0.8708097140625 0.3198768640625 0.8711443265625001 0.3022918 0.8711443265625001 0.3027545640625 0.8888787421875 0.316637509375 0.8885441296875
5 0.17364317499999998 0.506232228125 0.230100484375 0.5058976171875 0.22963772031250002 0.48983625937499997 0.20326012499999999 0.48983625937499997 0.17641976406249998 0.489501646875 0.1629995828125 0.48916703593750005 0.1639251125 0.5052283937500001 0.17364317499999998 0.506232228125
3 0.0874003 0.8859468875 0.4331916859375 0.88616736875 0.43459164843750003 0.49023639062499996 0.40449243749999997 0.49023639062499996 0.40519241875 0.46138663125 0.3799930796875 0.4669541296875 0.3638935015625 0.4780891234375 0.35409375781249997 0.46644799375 0.32609449218750003 0.464929584375 0.32539450937500003 0.48973025468750003 0.17839836250000002 0.4907425265625 0.089468221875 0.4906086140625 0.0895006921875 0.49172311874999997 0.0895006921875 0.7773481015625 0.0874003 0.8859468875
5 0.609237146875 0.889437009375 0.6511834515625 0.888299628125 0.6511834515625 0.8712389265624999 0.6134317765625 0.8708598000000001 0.597177584375 0.8701015453125001 0.57777741875 0.86972241875 0.5788260765625 0.889437009375 0.609237146875 0.889437009375
5 0.75028159375 0.88905788125 0.803238803125 0.8879205015625 0.8027144749999999 0.8693432937500001 0.7723034046875 0.86972241875 0.7221355953125 0.8691043328125 0.721443509375 0.868964165625 0.72091918125 0.888299628125 0.75028159375 0.88905788125
0 0.8077070453124999 0.7458317078125 0.8086179124999999 0.72739033125 0.8086179124999999 0.7053265421875 0.7589756999999999 0.7049972312499999 0.7587610265625 0.705400659375 0.7585202671875 0.7231092984374999 0.7730941265625 0.736281709375 0.7904005859375001 0.7438558468750001 0.8077070453124999 0.7458317078125
3 0.5094922390625001 0.8175418156250001 0.5076505734375 0.8854561625 0.8520419625000001 0.8863439312500001 0.8532697390624999 0.7061267765625 0.67585599375 0.7047951218749999 0.6764698828125 0.648421775 0.6212199265625 0.647977890625 0.5081317671875001 0.645929290625 0.5078434625 0.6806111046875001 0.5088783515624999 0.703907353125 0.5094922390625001 0.8175418156250001
5 0.626558346875 0.506312428125 0.6666346765625 0.506312428125 0.6671356296875001 0.4867522703125 0.6546117765624999 0.4867522703125 0.6090249546875001 0.48711449531250006 0.58175021875 0.487998434375 0.5804705703125 0.48820117031250004 0.581472478125 0.507036878125 0.626558346875 0.506312428125
5 0.770332175 0.506312428125 0.8169209078125 0.505587978125 0.8154180453125001 0.48965007031249996 0.7768445796875 0.48965007031249996 0.7480459609375 0.4894466609375 0.7492921031249999 0.4961701234375 0.7492921031249999 0.506312428125 0.770332175 0.506312428125
3 0.508441853125 0.6553217390625 0.632456065625 0.6536191234375 0.63190208125 0.6616886390625 0.6677765703125 0.662132196875 0.6685614703125 0.7103729375000001 0.853012990625 0.7109404765625 0.8522280906249999 0.49187075468749997 0.714085675 0.491303215625 0.5814375609375 0.49016814062499997 0.5096742187500001 0.490040121875 0.5076569531249999 0.49016814062499997 0.509226753125 0.584947009375 0.508441853125 0.6553217390625
0 0.7233518671875 0.6109021828125 0.707795975 0.6129472734375 0.6884689578125001 0.6190825515625 0.6771555828125 0.6330573484375 0.6744894968749999 0.6524391421875 0.6743272390625 0.6531674203125 0.7247660390624999 0.654530815625 0.7233518671875 0.6109021828125
5 0.5940280453125 0.38177492343749997 0.6275415546875001 0.3822500734375 0.6531695328125 0.3812997734375 0.651855278125 0.3637192359375 0.6242559171875001 0.3632440875 0.580716540625 0.3639143234375 0.580228365625 0.3637192359375 0.580228365625 0.38177492343749997 0.5940280453125 0.38177492343749997
5 0.75830995625 0.3812997734375 0.804308890625 0.3812997734375 0.804308890625 0.3632440875 0.760938465625 0.3632440875 0.7210612656250001 0.3631544375 0.7201965515625 0.37084648124999997 0.7208536796875 0.380349475 0.75830995625 0.3812997734375
0 0.743573546875 0.23688586875 0.7452586921875 0.1978945171875 0.6918957234375 0.1978945171875 0.6905032624999999 0.19805308593749998 0.6941425859375 0.2141409140625 0.7076237562500001 0.22713803124999998 0.7278455140625 0.2360735484375 0.743573546875 0.23688586875
3 0.5093381984375001 0.287249696875 0.5093381984375001 0.3782295171875 0.697512878125 0.378635678125 0.8519846296875 0.3782295171875 0.8531080609374999 0.19830067812500002 0.5823612078125 0.19830067812500002 0.5076318234375 0.19772830937500002 0.5076530515625 0.1978945171875 0.5093381984375001 0.2332304296875 0.5093381984375001 0.287249696875
5 0.6316524421875 0.0321187859375 0.66668591875 0.0321187859375 0.667102984375 0.0164372734375 0.6208087484375 0.0164372734375 0.58074460625 0.016111300000000002 0.5807704890625 0.022770190625 0.5811875546875 0.0321187859375 0.6316524421875 0.0321187859375
5 0.7928129625 0.0196392546875 0.8165479437500001 0.0192155 0.8156688703125001 0.003748453125 0.78929666875 0.003748453125 0.7499983921875 0.003864965625 0.7497383656250001 0.010740406249999999 0.7500313890625 0.0198511328125 0.7928129625 0.0196392546875
0 0.6753555234374999 0.1769053609375 0.6784103859374999 0.1358201703125 0.6762802140625 0.13593765625 0.642973978125 0.1393543796875 0.6215899406250001 0.1539329953125 0.61914605 0.17513825624999999 0.6753555234374999 0.1769053609375
3 0.688185946875 0.2027809765625 0.691240809375 0.2160342640625 0.7224004093749999 0.23768129999999998 0.745617365625 0.23856485156249999 0.7468393109375 0.19860164062500002 0.8525375609375001 0.1977180875 0.8519265875 0.005103640625 0.714457765625 0.0055454171875 0.714457765625 0.0174733765625 0.5091709921875001 0.018251995312499998 0.5085600203125 0.0566865296875 0.5079490468750001 0.201455646875 0.688185946875 0.2027809765625