5 0.059425278125 0.6254619328125 0.0647081078125 0.6152386453124999 0.058283040625000004 0.6040179593749999 0.051144078125000006 0.5905531374999999 0.0451473453125 0.60102578125 0.0504301828125 0.610251671875 0.054285223437499995 0.6172334390625001 0.059425278125 0.6254619328125
5 0.0928356296875 0.6274567281250001 0.0925500703125 0.61349320625 0.077843803125 0.61399190625 0.06384217656249999 0.6136821265625 0.06413698906250001 0.6274567281250001 0.07341764375 0.6269580296874999 0.08255552187500001 0.6272073859375 0.0928356296875 0.6274567281250001
5 0.10497187031249999 0.5905531374999999 0.09107884375 0.6136821265625 0.0966906703125 0.625212590625 0.1028301796875 0.61399190625 0.11011191718749999 0.6002777265625 0.10497187031249999 0.5905531374999999
0 0.1296726875 0.35424718906249997 0.12753100312500001 0.3597328578125 0.126245990625 0.36646526874999996 0.1261524734375 0.37659234218750004 0.1469489828125 0.3764392109375 0.14680620625000002 0.3697067984375 0.1296726875 0.35424718906249997
0 0.1452356265625 0.41384150000000003 0.1530884828125 0.41409085 0.15300371562499998 0.3781624734375 0.148376771875 0.3784339984375 0.14395061250000002 0.3941429578125 0.1393816765625 0.408605178125 0.1452356265625 0.41384150000000003
0 0.14552119375 0.521527296875 0.1530884828125 0.521527296875 0.15326066562500001 0.48986608125000003 0.148376771875 0.48961067968750005 0.1442361796875 0.502576803125 0.140095571875 0.5167896796875 0.14552119375 0.521527296875
0 0.1766470703125 0.608506234375 0.1810732296875 0.5942933703125 0.185784940625 0.5795818015624999 0.1810732296875 0.574844178125 0.1766470703125 0.572849390625 0.17021934375 0.5733073281250001 0.170364778125 0.5733480890625 0.171364240625 0.6087555906250001 0.1766470703125 0.608506234375
0 0.2026596359375 0.35190396874999996 0.193093421875 0.36063116875 0.1856689015625 0.367862278125 0.185636325 0.3770409515625 0.2075141390625 0.3768388234375 0.20608633437499999 0.36212726093750003 0.2026596359375 0.35190396874999996
0 0.1955206734375 0.5039738125000001 0.1955206734375 0.4952466140625 0.17471596250000002 0.494800778125 0.1749604578125 0.502477715625 0.1920939765625 0.5171892921875 0.19437843593749998 0.511204921875 0.1955206734375 0.5039738125000001
5 0.21950758750000002 0.6074097640625 0.20208851718749998 0.6079084484374999 0.1842411109375 0.6071604078124999 0.1839555515625 0.6211239281250001 0.19751958281249998 0.6211239281250001 0.21950758750000002 0.6203758875000001 0.21950758750000002 0.6074097640625
3 0.1716765359375 0.56576854375 0.1718193109375 0.6203758875000001 0.1833844328125 0.6208745859375 0.1899522765625 0.6211239281250001 0.2097985984375 0.6208745859375 0.23050160625 0.6201265312500001 0.2300732640625 0.5824749 0.22993048749999997 0.5408336859375 0.2300732640625 0.49520289687499996 0.19851904375 0.49545224687499995 0.1709626328125 0.49470420156249995 0.1716765359375 0.52113515 0.1716765359375 0.56576854375
5 0.22462486875 0.010200703125 0.2078851859375 0.009821040625000001 0.16626048124999998 0.009198778125 0.16614470312500002 0.023109234375000003 0.187884534375 0.023488896875 0.22462486875 0.023868560937499998 0.22462486875 0.010200703125
5 0.2226682828125 0.1905404953125 0.2313642203125 0.1897811671875 0.23114682812499998 0.1510555765625 0.23071201718749998 0.0891705546875 0.23114682812499998 0.020071932812500002 0.2224028921875 0.0197862109375 0.2222334859375 0.08081796875 0.2220160796875 0.12941479843749998 0.2226682828125 0.1905404953125
5 0.21158096249999997 0.1867105890625 0.1952760890625 0.1867105890625 0.1724492578125 0.185571596875 0.17201445937499998 0.19961911875 0.1839713640625 0.1999987828125 0.21158096249999997 0.20075811093749998 0.21158096249999997 0.1867105890625
5 0.3359328359375 0.2614375875 0.31897574687499997 0.2614375875 0.304953753125 0.2615894890625 0.304627471875 0.2770037640625 0.3194105578125 0.27738341875 0.3357154421875 0.27738341875 0.3359328359375 0.2614375875
3 0.044149815625 0.6017518796875 0.059291409375000007 0.6281950078125 0.0950806140625 0.6286758078125 0.11187400781250001 0.6003095359375 0.1259143921875 0.6003095359375 0.12646498125 0.53251893125 0.12646498125 0.4483816625 0.125363771875 0.3690522375 0.0647974421875 0.3690522375 0.025979918749999997 0.3704945890625 0.026255212500000003 0.47963264843750003 0.026255212500000003 0.6003095359375 0.044149815625 0.6017518796875
3 0.07198556874999999 0.378742209375 0.12217711875 0.377462584375 0.23135290625 0.376822753125 0.23135290625 0.275092828125 0.2320856125 0.18551926093749999 0.16870506093749998 0.1867988859375 0.16907141406249998 0.14009268125000002 0.1767650234375 0.1093817484375 0.16870506093749998 0.07547176562499999 0.16797231562499998 0.012130478125 0.14672333437500001 0.0095992734375 0.14269337499999998 0.00064191875 0.055865646874999994 0.0019215453125 0.0507365875 0.0108789 0.0260177484375 0.009746370312499999 0.026190351562500002 0.1931969984375 0.026190351562500002 0.2930075203125 0.025823998437500002 0.3761829578125 0.07198556874999999 0.378742209375
5 0.46927104531249997 0.2642896890625 0.4617029828125 0.26448695624999996 0.44812100781249997 0.26439275156250003 0.4482612078125 0.277309225 0.454586746875 0.2775064921875 0.46927104531249997 0.277111959375 0.46927104531249997 0.2642896890625
0 0.3783558125 0.4280644546875 0.38275168437499996 0.4280644546875 0.3834779359375 0.3876932 0.37793716875 0.3882175953125 0.3722853296875 0.3918732625 0.36935473750000003 0.3947978125 0.3783558125 0.4280644546875
3 0.34297948749999996 0.4372036421875 0.38275168437499996 0.436472525 0.3825423609375 0.368111365625 0.3825423609375 0.26794584375 0.346328725 0.2672147109375 0.346328725 0.263559034375 0.3046725828125 0.262462328125 0.3046725828125 0.263193465625 0.29382059374999997 0.2630588109375 0.29378756093749997 0.35275753125 0.2939968828125 0.436106946875 0.34297948749999996 0.4372036421875
0 0.43717680625 0.321318721875 0.441363365625 0.30706158125 0.432780946875 0.2990190890625 0.42679976249999996 0.298903528125 0.427547753125 0.33776926406249996 0.43215295625000005 0.33740369531250003 0.43717680625 0.321318721875
5 0.3934096984375 0.1434376171875 0.37241604375000004 0.142998484375 0.3721622140625 0.156409790625 0.38097214375 0.15671146875 0.3934096984375 0.15671146875 0.3934096984375 0.1434376171875
0 0.413793484375 0.15580643125 0.41396622499999997 0.144644334375 0.393555525 0.143541240625 0.39306421875 0.157616503125 0.39427341562499996 0.1642534265625 0.3965190875 0.171192034375 0.413793484375 0.15580643125
0 0.4049835375 0.3316585015625 0.39772830312499996 0.32502157343750004 0.3956553703125 0.3319601890625 0.39427341562499996 0.339200459375 0.3947990234375 0.348703271875 0.4160391375 0.3485524921875 0.4156936578125 0.34131220624999997 0.4049835375 0.3316585015625
0 0.4226034140625 0.4181873234375 0.426231040625 0.41577388906249996 0.42882219062500004 0.4118520671875 0.42070322187500003 0.3825892640625 0.41593850468750004 0.38235418593750004 0.4163846359375 0.419394025 0.42001226249999996 0.41909235312500004 0.4226034140625 0.4181873234375
0 0.3856362265625 0.47819487499999996 0.389782090625 0.47849654687500004 0.389669590625 0.43988639531249996 0.385290746875 0.440183396875 0.376826296875 0.47095458749999997 0.3816631203125 0.47578144062499994 0.3856362265625 0.47819487499999996
0 0.4115478140625 0.49177040312500003 0.41206603125 0.48302172812500005 0.390446778125 0.48276417499999996 0.39047305 0.49086537343750003 0.4079201859375 0.5056476187500001 0.4103385984375 0.49810564375000005 0.4115478140625 0.49177040312500003
3 0.431758840625 0.34794913437499997 0.4321043203125 0.336787040625 0.44125974687499997 0.3081275796875 0.4386685953125 0.3039040859375 0.4321043203125 0.3002839515625 0.43227705937499994 0.2776977390625 0.43504096875 0.27739605156249997 0.434695471875 0.14405420156249998 0.4208759796875 0.14435587968750002 0.42070322187500003 0.126858528125 0.3901275703125 0.126858528125 0.3671526421875 0.126858528125 0.3671526421875 0.1446575515625 0.3391681421875 0.1446575515625 0.33899539375 0.1989596703125 0.33915244843750003 0.27407422656249997 0.37855373124999997 0.2749429625 0.3788992296875 0.3476474625 0.431758840625 0.34794913437499997
5 0.3402045984375 0.5870611234374999 0.33156741093750003 0.58736279375 0.3147487828125 0.586430703125 0.31429303124999997 0.5997316046875001 0.324312165625 0.60063665 0.3403773484375 0.60063665 0.3402045984375 0.5870611234374999
5 0.374235146875 0.5861560765625 0.365079709375 0.5864577640624999 0.348634128125 0.586973459375 0.348323559375 0.6003349625000001 0.3588609328125 0.6003349625000001 0.3744078859375 0.6003349625000001 0.374235146875 0.5861560765625
5 0.4251945640625 0.5867594359375 0.41552091874999997 0.5867594359375 0.397596896875 0.585887946875 0.3973828046875 0.6000332921875 0.40878390312499996 0.60063665 0.4251945640625 0.6003349625000001 0.4251945640625 0.5867594359375
3 0.396691828125 0.6003349625000001 0.4286494515625 0.5994299328125 0.44506011250000005 0.5985248875 0.44506011250000005 0.5445244625 0.4426417015625 0.5448261343749999 0.4426417015625 0.483887103125 0.414311703125 0.483887103125 0.3850064703125 0.48412106718750003 0.3854634875 0.5342674 0.3861544640625 0.5997316046875001 0.396691828125 0.6003349625000001
3 0.34469594375 0.6000332921875 0.3896093328125 0.5997316046875001 0.3899548296875 0.5526697796875 0.3894365921875 0.5077196953125 0.3896093328125 0.4310933765625 0.3336403328125 0.42988666249999996 0.29423105 0.42984539687499995 0.29425474375 0.5119431890625 0.29373651562499997 0.598223215625 0.34469594375 0.6000332921875
5 0.471412525 0.557602071875 0.4715256359375 0.5435767515625 0.4615716765625 0.54337920625 0.451288253125 0.5428594890625 0.451052159375 0.557206990625 0.45738649374999996 0.5574045375 0.46496507343750004 0.557602071875 0.471412525 0.557602071875
0 0.46292903750000003 0.42765550937499996 0.4637208234375 0.41679082031250003 0.44273866718750005 0.416693021875 0.44268178750000003 0.42409979375000006 0.45987498281250005 0.4391128203125 0.4620241296875 0.4337792453125 0.46292903750000003 0.42765550937499996
0 0.6311123796875 0.426784409375 0.6271213375 0.4279861203125 0.6232679015625 0.4320719421875 0.6273965765625 0.44529078125000005 0.633176709375 0.463076128125 0.6373669203125 0.4626600015625 0.637443003125 0.4260633796875 0.633176709375 0.426784409375 0.6311123796875 0.426784409375
0 0.6507923765625 0.381621084375 0.657123 0.381861428125 0.65730428125 0.345910421875 0.653407196875 0.3458100484375 0.6445993703124999 0.3758528609375 0.6480399203125 0.3799386828125 0.6507923765625 0.381621084375
5 0.683271240625 0.310479696875 0.6632483390624999 0.31110175 0.6635912578125 0.3222564796875 0.67212383125 0.32297750937499997 0.683271240625 0.32249682343749997 0.683271240625 0.310479696875
5 0.622166934375 0.3239388796875 0.622166934375 0.310239353125 0.604138403125 0.310239353125 0.5852841421874999 0.310479696875 0.5718584484375 0.3102369390625 0.57165953125 0.3234581921875 0.5876237171875001 0.32417922187500003 0.60565225 0.32441956250000004 0.622166934375 0.3239388796875
3 0.6088175609375 0.546453909375 0.6305618875000001 0.5462135734375 0.6410211875 0.5459732359375 0.64088356875 0.5515011109375 0.6644169875 0.5507800875 0.6645546062500001 0.522910884375 0.6623526562500001 0.5221898609375 0.6619397859375 0.4683531328125 0.6373053843750001 0.46886541875 0.637443003125 0.41887416875000005 0.65794874375 0.41887416875000005 0.65698538125 0.3109603828125 0.6232679015625 0.310720040625 0.5712466593750001 0.310720040625 0.5484013546875001 0.311200725 0.5481261078124999 0.3883506765625 0.54820605 0.452066059375 0.5478508671875 0.5454925484375 0.586247496875 0.546934596875 0.6088175609375 0.546453909375
2 0.13838265156250001 0 0.1333533046875 0.0089022875 0.11365503125000001 0.0096339125 0.1056918984375 0 0.0981478796875 0.0096339125 0.0914420828125 0 0.0851554 0.0096339125 0.06629535156250001 0.0096339125 0.059589554687500004 0 0.0495308625 0.0103655359375 0.0495308625 0.021339895312500003 0.14718400781250002 0.020608271875 0.1467648953125 0.0103655359375 0.13838265156250001 0
1 0.1765218625 0.10035528125 0.16772050624999998 0.07401681875 0.1602112734375 0.0740632296875 0.1601764859375 0.1442527171875 0.16813961718749998 0.14352109375 0.1765218625 0.11425613593749999 0.1765218625 0.10035528125