5 0.1751244171875 0.51539915625 0.1755776359375 0.49904437812499997 0.0939950765625 0.49678854531249994 0.019490198437500002 0.4984638796875 0.020117559375 0.5142712359375 0.0690670703125 0.5159631124999999 0.11756339375 0.5165270703125 0.1751244171875 0.51539915625
5 0 0.62762678125 0.0001751546875 0.7065808828125 0.0142254578125 0.707708834375 0.013772237500000001 0.6468013515625 0.013772237500000001 0.5847659734375 0.013772237500000001 0.5238585203125 0 0.523910753125 0 0.62762678125
5 0.013772237500000001 0.9001089953125 0.0133189875 0.86288775 0.0133189875 0.8031082187499999 0.0133189875 0.7495322046874999 0 0.749208665625 0.0001751546875 0.8313061062499999 0.0001751546875 0.8989810453124999 0.013772237500000001 0.9001089953125
5 0.2128293640625 0.964125265625 0.2111219390625 0.93660483125 0.198403084375 0.9377490546875 0.19810868125 0.9567985359375 0.198991909375 0.9820757406249999 0.2128293640625 0.964125265625
5 0.3158741859375 0.9802440640625001 0.3149909375 0.962659925 0.255519359375 0.9637589296875 0.21176944843749998 0.9599884546874999 0.19751985625 0.9798777281250001 0.22961094843750002 0.9802440640625001 0.2693568140625 0.9798777281250001 0.3158741859375 0.9802440640625001
0 0.3093970828125 0.7695418875 0.30851383593750004 0.7816309875 0.3397216984375 0.780898315625 0.33932870312499996 0.743085190625 0.3264730890625 0.7431656703125 0.3191127375 0.7504924015625 0.311457984375 0.7585518 0.3093970828125 0.7695418875
0 0.32352894062500004 0.71235423125 0.33000604375 0.7156512609375 0.339132853125 0.7152849125 0.33932870312499996 0.6757564796875 0.3070417796875 0.676086934375 0.30851383593750004 0.6925720671875 0.3149909375 0.7053938375000001 0.32352894062500004 0.71235423125
5 0.483850234375 0.9516290812499999 0.4835558328125 0.9204904875000001 0.4835558328125 0.9007083375 0.46850672812500005 0.9015293968750001 0.4685407265625 0.9248865234375 0.46883514843749996 0.9516290812499999 0.483850234375 0.9516290812499999
5 0.483850234375 0.8636887625 0.483261409375 0.835114528125 0.483261409375 0.8080056421874999 0.46850672812500005 0.8083980687500001 0.4685407265625 0.8369462171875 0.46883514843749996 0.8636887625 0.483850234375 0.8636887625
0 0.46000272343750004 0.8559956984375001 0.45588094375 0.8435402625 0.44910941718749997 0.8336491875 0.43968818593750003 0.8285204765625 0.4277136671875 0.8293626953125001 0.42761720781249996 0.868084796875 0.46059155 0.866985790625 0.46000272343750004 0.8559956984375001
0 0.4641245234375 0.72149148125 0.46912955156249997 0.710135059375 0.46883514843749996 0.6951152656249999 0.437102546875 0.6955116109375 0.4370384609375 0.7343132515625 0.447342940625 0.7343132515625 0.456764171875 0.729917215625 0.4641245234375 0.72149148125
0 0.362257353125 0.7614221437500001 0.37344508125 0.7606894734375 0.3725618328125 0.7222241515625 0.3406237203125 0.7221205609375 0.341059565625 0.735778603125 0.34635901874999997 0.7493330453125 0.35489702031250003 0.7566597734375 0.362257353125 0.7614221437500001
0 0.41937362812499995 0.6782441953125 0.42908928281250003 0.6815412234375 0.4355663859375 0.681907559375 0.43548377499999996 0.6426968750000001 0.40406411875000003 0.641976903125 0.40494734687499995 0.6562640203125001 0.410835625 0.6701848015625 0.41937362812499995 0.6782441953125
0 0.44881499375 0.6852045890625 0.4803172796875 0.68447191875 0.479838134375 0.6455190359375 0.4661854234375 0.6463729390624999 0.45764742031249994 0.6547986734375 0.44910941718749997 0.6665214374999999 0.44881499375 0.6852045890625
5 0.42055127968750006 0.49794793750000005 0.3896378390625 0.49868061093750005 0.3458037921875 0.4967508109375 0.3454757703125 0.5137003984375 0.37491715625 0.5140667390625 0.4202568765625 0.5133340625 0.42055127968750006 0.49794793750000005
5 0.46883514843749996 0.49794793750000005 0.4299799484375 0.49796030937499997 0.4296781078125 0.5137003984375 0.4435155625 0.5140667390625 0.4685407265625 0.5137003984375 0.46883514843749996 0.49794793750000005
3 0.3313439125 0.6768162359375001 0.3063187390625 0.6753508890625 0.30955729062500004 0.6903706749999999 0.31838970624999996 0.7090538343749999 0.3331103890625 0.7156478921875 0.3331103890625 0.7317666921875 0.3416483921875 0.7317666921875 0.3457701921875 0.7460538015625 0.3525416984375 0.7566775609375 0.364612675 0.76143993125 0.3719730078125 0.759974578125 0.37226742968750004 0.731690121875 0.382571909375 0.732422790625 0.382571909375 0.70421489375 0.4352719625 0.706779253125 0.43497755937499993 0.6412050375 0.4803172796875 0.63827434375 0.481200509375 0.5671659124999999 0.48090610624999997 0.4986610171875 0.42643955624999996 0.4986610171875 0.3331103890625 0.4986610171875 0.33193273749999996 0.54408671875 0.33188235 0.6471317 0.33193273749999996 0.647142996875 0.3322271609375 0.6478756671875 0.3313439125 0.6768162359375001
3 0.0185736421875 0.7317036031249999 0.0172947515625 0.7619386031250001 0.0812394921875 0.7611429484375 0.08060002499999999 0.7324992578125 0.11896686875 0.7332949140625 0.1957005125 0.730907946875 0.19186384218750002 0.6219027625 0.19314273125 0.501758371875 0.098504534375 0.500167053125 0 0.4992297703125 0.0000296859375 0.6441811937499999 0.0013085781249999998 0.7317036031249999 0.0185736421875 0.7317036031249999
3 0.079321134375 0.9242954593749999 0.0799605578125 0.9433912531249999 0.1944216234375 0.938617290625 0.1957005125 0.9855611468750001 0.31911381250000004 0.9807872109375 0.31911381250000004 0.9378216359374999 0.3389366796875 0.936230325 0.3395761453125 0.83677305 0.33829725625 0.7221982625 0.2385434953125 0.723789575 0.1279191015625 0.7253808875 0.00288661875 0.722520434375 0.0013085781249999998 0.7229939203125 0.0013085781249999998 0.9211128093750001 0.079321134375 0.9242954593749999
5 0.2530265875 0.4840290578125 0.273533034375 0.483374803125 0.28948249375 0.4857737421875 0.3017513046875 0.4896992765625 0.312442684375 0.4944971515625 0.3227835609375 0.498858859375 0.32996957656250003 0.5036567328125 0.33365020312500004 0.499295028125 0.3145459265625 0.48751842187500005 0.2940394796875 0.4801035234375 0.27458464375 0.47683224218750003 0.253902934375 0.4761779875 0.23269541562499998 0.479013096875 0.2146427359375 0.48490140000000004 0.202373925 0.49144395625000004 0.1923836078125 0.498640771875 0.1946621 0.5032205640625 0.20430188125 0.498858859375 0.2186739109375 0.49122587187500005 0.23532444375 0.48686416875000005 0.2530265875 0.4840290578125
3 0.18831871718749998 0.7225625375 0.18831871718749998 0.7339107859375 0.26247047343749996 0.7339107859375 0.33979448749999996 0.7334174015625 0.33979448749999996 0.6480586921875 0.33979448749999996 0.5533253375 0.338604878125 0.4995444171875 0.31917475781250004 0.4877027421875 0.2878486171875 0.4753676734375 0.250177934375 0.4743808703125 0.21686911874999998 0.48128850781250004 0.200755315625 0.4878086328125 0.186675746875 0.49746240625000004 0.1863360421875 0.6515125171875 0.1637336375 0.6510191 0.1641301578125 0.7220691203125 0.18831871718749998 0.7225625375
5 0.5577111640625 0.290803990625 0.5571043703125 0.375250690625 0.5577111640625 0.48108973749999995 0.572881215625 0.48033374218749997 0.5713642109375 0.37887719531249997 0.57166760625 0.291559978125 0.5577111640625 0.290803990625
5 0.8633435421875 0.2874073703125 0.863457359375 0.27166835625 0.8119010531249999 0.2708175984375 0.756142375 0.269892415625 0.75522326875 0.2872655703125 0.8100800906250001 0.2876909515625 0.8633435421875 0.2874073703125
5 0.9772963359375 0.2868559421875 0.9774041234374999 0.27154774531250003 0.9507818468749999 0.27087633437499997 0.917138925 0.2710346359375 0.916614784375 0.2871245078125 0.9491651093750001 0.2871245078125 0.9772963359375 0.2868559421875
5 0.9783478953125 0.729690353125 0.9780773093749999 0.71418295 0.9479066093749999 0.7135087140625 0.90801135625 0.71388434375 0.90691235 0.7295217953125 0.9411418781249999 0.7303645890625 0.9783478953125 0.729690353125
5 0.76157350625 0.72480215625 0.7476381578125 0.72480215625 0.7479087515625 0.7632335453125 0.883641671875 0.7634021015625 0.8839122671874999 0.725813503125 0.8706300171875 0.7248373671875 0.871224053125 0.7468833453125 0.7614382125 0.7468833453125 0.76157350625 0.72480215625
5 0.69851039375 0.603475040625 0.69851039375 0.5878666796875 0.6696297375 0.587373784375 0.6421997046875 0.587373784375 0.6419359578125 0.603475040625 0.6667284765625 0.603967934375 0.69851039375 0.603475040625
0 0.7238652953125 0.45055282500000005 0.718388946875 0.4549194109375 0.7148840859375001 0.4606505546875 0.7113792171875 0.46733688593749995 0.7097363140625 0.4762065125 0.7095172625 0.48453031874999997 0.734160834375 0.484257415625 0.7340513093750001 0.4884875328125 0.7394181234375 0.48739588749999996 0.7390895484375 0.4418196609375 0.733175090625 0.442365478125 0.7330655640625 0.44618624218749997 0.7238652953125 0.45055282500000005
0 0.9098935750000001 0.58234155 0.9127015296875 0.5889763109375 0.922384125 0.5972999171875 0.9317762390625 0.5994712921875001 0.937198490625 0.5991093968750001 0.9371016734375001 0.57064024375 0.939231840625 0.570398978125 0.9390381921875001 0.5631610593749999 0.9025348046874999 0.5624372703125 0.902825278125 0.56291979375 0.9028339843750001 0.5624584796875001 0.902825278125 0.571846565625 0.9069887968750001 0.5717259296874999 0.9082475296875 0.5783606906250001 0.9098935750000001 0.58234155
0 0.8785480859374999 0.5079513109375 0.878862021875 0.5112106265625 0.8743623156250001 0.5116017421875 0.8700719031249999 0.513296584375 0.8645257546874999 0.5181203703125 0.8606539218749999 0.52424788125 0.8565727937500001 0.530114646875 0.8550031296875 0.5365029031249999 0.8548984828125 0.5479756859375 0.8783388000000001 0.5478453109375 0.8782341499999999 0.5520172328124999 0.8845128046875 0.5514957421875 0.88461745625 0.5514957421875 0.885036025 0.50782094375 0.8785480859374999 0.5079513109375
0 0.9212429421874999 0.405242246875 0.9116156671875 0.40615485468749996 0.904081284375 0.40967491406249995 0.89905835625 0.41541130624999995 0.8930936375 0.4268840890625 0.8927797015625 0.43431532656250005 0.887861425 0.43405457968750005 0.8880800328125 0.4413738609375 0.92532406875 0.4412250703125 0.9255333546875001 0.4336634640625 0.9214522265625 0.4336634640625 0.9212429421874999 0.405242246875
0 0.86507394375 0.43455657499999994 0.86486465 0.42882018437499997 0.8614113953125001 0.42151932031249995 0.8571209734374999 0.416043678125 0.8519934125 0.41161100624999997 0.8475983484375 0.4067872203125 0.8415289874999999 0.40626573125 0.8352503328124999 0.405744240625 0.8353549750000001 0.43468695 0.83116920625 0.43494769531250005 0.8311232609375001 0.4418107671875 0.8691550625 0.44355228125 0.86905041875 0.43507806562500007 0.86507394375 0.43455657499999994
3 0.6559748828124999 0.50367245625 0.6608109625 0.5224172 0.66994576875 0.5304506328125 0.682841946875 0.537479925 0.688215359375 0.5364757328125 0.688215359375 0.5050113703125 0.739800134375 0.50534609375 0.7392628015625 0.27324423750000004 0.5579872078125 0.2719677171875 0.5587161187499999 0.510032278125 0.6132562671875 0.5107017484374999 0.6132562671875 0.5050113703125 0.6559748828124999 0.50367245625
3 0.8848822796875 0.273646915625 0.8007883625 0.2716385546875 0.7329880125 0.27322256718750004 0.73308336875 0.4421506125 0.8840762609375 0.441146428125 0.884344946875 0.32619909062499997 0.8848822796875 0.273646915625
3 0.8835022562500001 0.762575153125 0.884039590625 0.497602071875 0.732778021875 0.49726734375000003 0.7330466984374999 0.58730896875 0.7289572843750001 0.587353228125 0.7287479625 0.7270261171875 0.7470175640625001 0.7270261171875 0.7478235828125 0.7639140546875 0.8835022562500001 0.762575153125
3 0.9968812781249999 0.622188546875 0.9971499250000001 0.5639460078125 0.8789348640625001 0.5639460078125 0.8783975109375 0.6449499953125 0.8781288437500001 0.7276276187499999 0.9974186125 0.726958175 0.9968812781249999 0.622188546875
1 0.0806123984375 0.7223703265625 0.02380364375 0.720405525 0.01909723125 0.7224842734375 0.0182805703125 0.7616663546875 0.0806123984375 0.7606839546875 0.0806123984375 0.7223703265625
1 0.194229909375 0.72826473125 0.1942866265625 0.6428852171874999 0.1634585 0.6496726749999999 0.1626694890625 0.7272823296875 0.194229909375 0.72826473125