5 0.23808548125 0 0.23780261875000003 0.025816001562500003 0.265314128125 0.0253994921875 0.3111666421875 0.025816001562500003 0.3100550515625 0 0.28143196875 0 0.23808548125 0
0 0.336177103125 0.2675025546875 0.3314528921875 0.251258709375 0.30644243125 0.2695851 0.285044590625 0.2866619625 0.2860628578125 0.30579848125 0.3403455109375 0.3054048625 0.3389560359375 0.28291337968749997 0.336177103125 0.2675025546875
0 0.2722614671875 0.45081103125000005 0.2786530375 0.444563403125 0.26086781875 0.390000734375 0.250003428125 0.39105764062500004 0.25002995625 0.45622564531250004 0.2628130796875 0.4558091375 0.2722614671875 0.45081103125000005
0 0.2464173359375 0.70836948125 0.248362578125 0.6987897765625 0.24919626718750001 0.6787973546875 0.194080753125 0.677546753125 0.1933395703125 0.697123746875 0.23780261875000003 0.728778425 0.243638384375 0.7196152296875 0.2464173359375 0.70836948125
0 0.2903245890625 0.720864753125 0.2786530375 0.720864753125 0.26948253437499997 0.7216977671875 0.2579487265625 0.729343984375 0.283655134375 0.8012509640625 0.29226983125 0.794586828125 0.2903245890625 0.720864753125
0 0.253086790625 0.791299309375 0.24808469375 0.7779710375 0.226686853125 0.7929653531249999 0.20334375312500003 0.81045873125 0.2020260515625 0.8370638921875001 0.2580888671875 0.8358657656249999 0.256421509375 0.8037945796875 0.253086790625 0.791299309375
5 0.40370532499999995 0.8358657656249999 0.4028716734375 0.8071266546875 0.36646754531250003 0.8071266546875 0.33128993906250004 0.8081857890625 0.3317307953125 0.83669878125 0.35813073125 0.83669878125 0.38369697812500003 0.83669878125 0.40370532499999995 0.8358657656249999
3 0.24251860625 0.30547221874999997 0.35506614375 0.3072202625 0.471112559375 0.30634624062500004 0.471112559375 0.1481477453125 0.46936314062499995 0.00043753125 0.3387380125 0 0.175773553125 0.000120240625 0.1748734375 0.15951006406249998 0.1742902921875 0.3028501515625 0.24251860625 0.30547221874999997
3 0.28100636875 0.375487703125 0.2483500671875 0.37461367968750003 0.2483500671875 0.4716304421875 0.255347859375 0.472504465625 0.25593098593749997 0.55903293125 0.246600609375 0.5555368421875 0.2512658171875 0.6787743609375 0.24718377500000002 0.7059158875 0.296751334375 0.8379871265625001 0.47052943281250004 0.8388611499999999 0.4681968484375 0.5240719546875 0.46690707500000006 0.29157439375 0.34340318281250004 0.2898332734375 0.3299907625 0.242635925 0.28100636875 0.2898332734375 0.28100636875 0.375487703125
5 0.6412787718749999 0.000054009374999999997 0.6098039390625 0.000054009374999999997 0.5723402359375 0 0.5713753500000001 0.027481115625000004 0.599556303125 0.030223828125 0.6405467765624999 0.029675278125 0.6412787718749999 0.000054009374999999997
5 0.7733998390625 0.0269325671875 0.7741318109375 0 0.7291154859375 0.000054009374999999997 0.695492953125 0.0000754640625 0.695444740625 0.0269325671875 0.719965840625 0.02802965625 0.7463168546875 0.0269325671875 0.7733998390625 0.0269325671875
0 0.648964475 0.1794566265625 0.6431086859375 0.161354734375 0.616391675 0.18165080625000002 0.5966284203125001 0.1964614359375 0.597292746875 0.21378165 0.65006244375 0.215660409375 0.65006244375 0.194815815625 0.648964475 0.1794566265625
0 0.68263521875 0.2842281921875 0.6921508609375 0.2776456703125 0.68080528125 0.24363606718750003 0.6690937265625 0.2096264453125 0.6548445078125 0.211366890625 0.6555522359375 0.29135921875 0.6709236656249999 0.28861651718750003 0.68263521875 0.2842281921875
0 0.6921508609375 0.3682431671875 0.678243396875 0.3578208625 0.667995759375 0.353981059375 0.653637128125 0.354441371875 0.6555522359375 0.4401021765625 0.66543385 0.43955363593749996 0.6921508609375 0.3682431671875
0 0.65408829375 0.5361557375 0.656650178125 0.5164082249999999 0.6017198046875001 0.5132117875 0.6010202687499999 0.5290246921875 0.6471345375 0.5635828546874999 0.6511603874999999 0.5498693046875001 0.65408829375 0.5361557375
0 0.6800733109375 0.7239038703125 0.6712896390624999 0.716224284375 0.6595780859375 0.7118359421875 0.6451854703125 0.71242941875 0.6442066546875 0.793020184375 0.6555522359375 0.793568725 0.6800733109375 0.7239038703125
5 0.6453045984375 0.8094764546875 0.582804190625 0.8090197859374999 0.583086928125 0.838549175 0.6079740015625 0.83745209375 0.644938625 0.8369035531250001 0.6453045984375 0.8094764546875
5 0.7730338671875 0.8089279140625001 0.7481467937499999 0.8089279140625001 0.6942855734375 0.8078124062500001 0.6947127703125 0.83745209375 0.721063784375 0.83745209375 0.7726678687499999 0.8363550125 0.7730338671875 0.8089279140625001
3 0.5330036390624999 0.614516196875 0.6072726953124999 0.6151827515625 0.6068279859375 0.6751727828125 0.6441848921875 0.674506228125 0.6450743390625 0.8338131078125001 0.6926599015625 0.8351462171874999 0.774934028125 0.8364793234375 0.8260773796875001 0.8344796406249999 0.825632671875 0.6445112125 0.8251879625 0.48587089843750003 0.727348434375 0.48587089843750003 0.656839365625 0.4864473328125 0.65619244375 0.5151993609375001 0.5321141921875 0.513866253125 0.5330036390624999 0.614516196875
3 0.7233459375 0.305686878125 0.8251879625 0.3010209765625 0.8265220890625 0.1343819828125 0.8269668578125 0.0017373609375000002 0.7269037265625 0.000404253125 0.656839365625 0.0015588359375 0.6557477359375 0.19770480625 0.6557477359375 0.3036871921875 0.7233459375 0.305686878125
3 0.5934862187500001 0.2130355921875 0.665086946875 0.21170248281249998 0.6646422375000001 0.11705153593749999 0.6646422375000001 0.0017373609375000002 0.5872600875 0.0017373609375000002 0.5311547015625 0.0015588359375 0.5316694531249999 0.1217174359375 0.532558915625 0.215035253125 0.5934862187500001 0.2130355921875
4 0.4393962796875 0.00019662968750000002 0.3564120609375 0.00019662968750000002 0.35647217656249996 0.0203722296875 0.3572502859375 0.032882703125 0.43855805468750003 0.0291112328125 0.4393962796875 0.00019662968750000002