3 0.21177855625 0.533532153125 0.210698053125 0.5492669 0.41005082656249997 0.5517513843749999 0.41113132812500003 0.5186256015625 0.393843284375 0.5177974062499999 0.39330303125 0.45403027187499995 0.41005082656249997 0.45568656250000006 0.40843007187499997 0.16169523125000002 0.40248730625 0.1608670875 0.40291960937500004 0.1441095578125 0.2174512953125 0.144614971875 0.14964964218750001 0.2643851609375 0.1485691390625 0.262728871875 0.1485691390625 0.4267015265625 0.21177855625 0.533532153125
3 0.377635740625 0.2561037140625 0.3781759921875 0.386122415625 0.3851992609375 0.3836379828125 0.3846590421875 0.4432643921875 0.4748809953125 0.4440925375 0.5661834859375 0.4440925375 0.5661834859375 0.36459065625 0.56456273125 0.16086709999999999 0.40032629999999997 0.1614881953125 0.3850259015625 0.16187226875 0.3847690453125 0.255580021875 0.377635740625 0.2561037140625
3 0.6779274609375 0.44525292656250004 0.6771037343749999 0.3505518515625 0.6762800312499999 0.1611496640625 0.6227377656249999 0.1605183515625 0.5440717953124999 0.1609918265625 0.54571925 0.27794765625 0.54324806875 0.44335886562500004 0.6779274609375 0.44525292656250004
3 0.6594663265625 0.44266575937499997 0.6838287937499999 0.444382765625 0.6838287937499999 0.43279299687500006 0.7283532546875 0.4319344671875 0.7283532546875 0.4439535140625 0.8851690265625001 0.4435242890625 0.8854490546875 0.16150593124999998 0.6526360984374999 0.161569325 0.652465621875 0.26409708125 0.6591862984375 0.26280933906250004 0.6594663265625 0.44266575937499997
3 0.7103314296875001 0.51261541875 0.711363409375 0.577472334375 0.6859084125 0.5801087953125 0.686596384375 0.628092371875 0.711363409375 0.628092371875 0.7103314296875001 0.6723849375000001 0.7075795406250001 0.672912196875 0.7075795406250001 0.795771246875 0.8856884796875001 0.7946010296875 0.8850764015625 0.42196546875 0.72925066875 0.4224927703125 0.72925066875 0.4224484765625 0.7278747250000001 0.513142703125 0.7103314296875001 0.51261541875
3 0.20023247031250002 0.6795753421875 0.20023247031250002 0.744538071875 0.21073009531250003 0.746326 0.21073009531250003 0.8893631265625 0.43467942031250006 0.8899591140625001 0.43506822187500005 0.6444120484375 0.4206825890625 0.6456040421875 0.42107138906249997 0.560973734375 0.4342906203125 0.560377746875 0.4342906203125 0.52819439375 0.41096256562500005 0.5258104328125001 0.4101849640625 0.516274625 0.38530170468749997 0.5180625875 0.38530170468749997 0.528790371875 0.23172534374999998 0.528790371875 0.22394932656250002 0.5132946828125 0.2188949140625 0.521638525 0.2111188953125 0.5335582859375 0.2111188953125 0.678383384375 0.20023247031250002 0.6795753421875
0 0.36000449218749997 0.4564762796875 0.359751325 0.46462590937500003 0.3622830015625 0.47820862656249996 0.3645615109375 0.4890748109375 0.3721565421875 0.49955289374999995 0.37595405937500004 0.5022694375000001 0.383295921875 0.50886675625 0.39392896718750003 0.508381659375 0.3936757984375 0.5069263687500001 0.3929162953125 0.4568643640625 0.36000449218749997 0.4564762796875
0 0.41388187812500005 0.5695568468750001 0.4055411203125 0.5750856875 0.3967495125 0.5847611500000001 0.3917901578125 0.5951277234375 0.3890850328125 0.6048031921875 0.38863418125 0.6127509 0.38863418125 0.6193163953124999 0.420644653125 0.620266665625 0.42132093125000003 0.6196619484375 0.42222264843749996 0.5699023953125 0.41388187812500005 0.5695568468750001
0 0.5002528578125001 0.7539466796875 0.4965170921875 0.7419730578125 0.49006440781249994 0.7273964953125 0.47546096406249994 0.715422890625 0.46459328437499997 0.7122993578125 0.4642536703125 0.7695644234375 0.4659517453125 0.770085 0.5009320875000001 0.7680026328125 0.5002528578125001 0.7539466796875
0 0.5586666328125001 0.5701778578125001 0.5671570078125 0.5722602234374999 0.5742889421874999 0.570698465625 0.5732700765625001 0.524365803125 0.5406670390625 0.5237150640625 0.541006653125 0.5337364515624999 0.544402803125 0.549354196875 0.5522139687500001 0.563930759375 0.5586666328125001 0.5701778578125001
0 0.642941215625 0.4142063484375 0.636229928125 0.40031802499999997 0.626163 0.39568860156249996 0.6174383265625 0.3972317328125 0.6167672 0.4439119265625 0.6496525015625 0.44506928593749995 0.6493169375 0.42963781718750005 0.642941215625 0.4142063484375
0 0.7003227125 0.5839525078125 0.6929403171875 0.593725771875 0.6892490890625 0.6024702703125 0.686564575 0.612757915625 0.68622903125 0.62613185625 0.7171009265625 0.6281893859375 0.7171009265625 0.575722390625 0.7120674625000001 0.5731504796875 0.7003227125 0.5839525078125
0 0.739191259375 0.50136353125 0.7489438796875 0.49432839375000004 0.756114925 0.48553447031249997 0.7595570265625 0.46662753593749995 0.7609912343749999 0.4521175765625 0.72886495625 0.4534366515625 0.7285781140625 0.45431605625 0.72886495625 0.5044414046875 0.739191259375 0.50136353125
0 0.719352225 0.3838616953125 0.7100654671875 0.3875629390625 0.7024503265625001 0.3932571609375 0.6950209203125 0.4046456046875 0.69223489375 0.41461049218749996 0.6898203359374999 0.42058944218749994 0.6905632765624999 0.43340143906249995 0.72269545625 0.43311671093750004 0.7223239875 0.38329227499999996 0.719352225 0.3838616953125
5 0.5727587 0.6895463671875001 0.5727587 0.6717516046875 0.5621338406249999 0.6717516046875 0.5517057359375 0.671676203125 0.551705746875 0.6889431375 0.5619370828125 0.6889431375 0.5727587 0.6895463671875001
5 0.5965662593750001 0.6886415312499999 0.5971565296875 0.672354825 0.5863349125 0.6732596328125 0.5763003203125 0.6728826265625 0.5757100515625 0.68924474375 0.5845641015624999 0.688339925 0.5965662593750001 0.6886415312499999
5 0.6568035828125 0.6888046453125 0.656438590625 0.67313886875 0.6471312874999999 0.67313886875 0.638371484375 0.6725793765625 0.638188978125 0.689643884375 0.6495037375 0.688245153125 0.6568035828125 0.6888046453125
5 0.8155581625 0.7951181921875 0.8157513312500001 0.778536265625 0.7966276328124999 0.7791284968750001 0.7767312578125 0.7787583453125 0.7771175953125 0.79452598125 0.7956617890625 0.79452598125 0.8155581625 0.7951181921875
5 0.82915908125 0.1779176546875 0.8294366703125 0.1611098828125 0.8113933687499999 0.1615353984375 0.794876809375 0.16148220625 0.794738015625 0.1779176546875 0.8082010937499999 0.1785559171875 0.82915908125 0.1779176546875
5 0.7196501234375 0.177066621875 0.7358890953125 0.17727937968750002 0.736166684375 0.1615353984375 0.71881735625 0.1615353984375 0.7007740546875 0.16169496249999998 0.7007740546875 0.1615353984375 0.7006352609375 0.17813040468750002 0.7196501234375 0.177066621875
5 0.6229849328125 0.178047034375 0.642338015625 0.1782488390625 0.6420747078125 0.16190222031249998 0.6249597375 0.1627094546875 0.6077131140625001 0.161700403125 0.6075814671875001 0.16149859687499998 0.60744980625 0.17784521874999998 0.6229849328125 0.178047034375
5 0.460515425 0.17803464062500002 0.47934807187499995 0.178194128125 0.47955616718750005 0.1624042734375 0.46072352031249997 0.1612878234375 0.440850396875 0.16188591562500002 0.4406423015625 0.16144730937500001 0.4404342109375 0.17803464062500002 0.460515425 0.17803464062500002
5 0.192587603125 0.21454586562500003 0.2125385390625 0.17751394843749999 0.2045310203125 0.1664876015625 0.1824085546875 0.20643213125 0.164900590625 0.2382629359375 0.1644934328125 0.23951121562500002 0.1727723890625 0.24928929375000003 0.192587603125 0.21454586562500003
5 0.1600062703125 0.3420010484375 0.1598441578125 0.3154113203125 0.1598441578125 0.294288640625 0.1489825359375 0.29453714531249997 0.14946887656250002 0.3203813640625 0.149955228125 0.34224955 0.1600062703125 0.3420010484375
5 0.14946532343750002 0.348415115625 0.14914465937500002 0.3666027625 0.148820421875 0.3956775078125 0.1600062703125 0.3961745109375 0.160168384375 0.3738093203125 0.1591957015625 0.3474680953125 0.14946532343750002 0.348415115625
5 0.20556023437499998 0.5234075984375 0.21334169374999998 0.5124735046875 0.1911321109375 0.47321018437499995 0.17265115312499998 0.44015938749999994 0.1655181375 0.45208748906249996 0.16470756875 0.4528329953125 0.18691715312499999 0.4906053328125 0.20556023437499998 0.5234075984375
5 0.22205514218750003 0.6457972375 0.22188327343749997 0.609967196875 0.22205514218750003 0.5709756500000001 0.21139924531249998 0.5703828734374999 0.21208672343749999 0.6044346 0.211914853125 0.64606069375 0.22205514218750003 0.6457972375
5 0.2118411328125 0.854760121875 0.22208791562500002 0.8533942796874999 0.22275618593750002 0.8171995031250001 0.22253342968749998 0.778273046875 0.21139562031249998 0.7789559671874999 0.2120638875 0.7796388875 0.21228664375 0.8093459203125001 0.2118411328125 0.854760121875