5 0.40900570937499997 0.1061125265625 0.505025871875 0.106548384375 0.505025871875 0.09172926406250001 0.397840575 0.09172926406250001 0.3203648375 0.0921568625 0.31968463593749996 0.09172926406250001 0.31968463593749996 0.1061125265625 0.40900570937499997 0.1061125265625
5 0.7737334203125 0.1061125265625 0.7715003703125001 0.09172926406250001 0.7030209046875 0.09172926406250001 0.6396127890625001 0.0921568625 0.6390074234374999 0.10567666875 0.7335389828125 0.10567666875 0.7737334203125 0.1061125265625
5 0.028646790625 0.29658176406250003 0.0279024609375 0.26520010312500003 0.0057706453125 0.264270153125 0.006316523437500001 0.298761046875 0.0070608546875 0.34147498593750003 0.0271581015625 0.34060325156250004 0.028646790625 0.29658176406250003
5 0.029391121875 0.52140456875 0.0279024609375 0.49133048749999997 0.00763215 0.4908496734375 0.0070608546875 0.5139950062499999 0.006316523437500001 0.5462484187500001 0.028646790625 0.5471201015625 0.029391121875 0.52140456875
5 0.025669410937499998 0.7130131093750001 0.025669410937499998 0.6868617265625 0.006701396875 0.68529411875 0.00557219375 0.710833828125 0.0048278328125 0.7417796234375 0.0271581015625 0.7413437734375 0.025669410937499998 0.7130131093750001
5 0.35020265625 0.8272074828125 0.35020265625 0.812824209375 0.2653476265625 0.811952509375 0.18726729375 0.8122004359374999 0.18942473906249999 0.8272074828125 0.26981366875 0.8276433328125 0.35020265625 0.8272074828125
5 0.8630544921875 0.37172744999999996 0.8637988796875 0.3521139125 0.8630544921875 0.317245403125 0.8425167359374999 0.316013071875 0.8399798374999999 0.341653353125 0.840724225 0.37172744999999996 0.8630544921875 0.37172744999999996
5 0.8645431546875001 0.46194970625 0.8652875421875 0.43143977656250004 0.8406552328125001 0.4303921578125 0.840724225 0.4602063078125 0.840724225 0.50379194375 0.8645431546875001 0.50509949375 0.8645431546875001 0.46194970625
5 0.7372606953124999 0.8258998999999999 0.7372606953124999 0.812388359375 0.6710141640625 0.811952509375 0.5645732531250001 0.812824209375 0.563828865625 0.8254640515625 0.670269890625 0.8263357499999999 0.7372606953124999 0.8258998999999999
0 0.6963218703125 0.276274896875 0.6844123484375 0.28847888125 0.6805658796875 0.30511982656250003 0.7506587640625 0.30591313593749997 0.7506587640625 0.300682871875 0.7238625109375 0.28847888125 0.6963218703125 0.276274896875
0 0.6055120796875 0.41967165156249997 0.582437421875 0.41139037343749996 0.5521220984374999 0.408061003125 0.5541524515625 0.45105329687499995 0.563828865625 0.45061744687500005 0.5883921828124999 0.4340549421875 0.6055120796875 0.41967165156249997
0 0.7313059328125 0.62731768125 0.7327945953125 0.621215684375 0.6572970796875001 0.620479303125 0.6635707421875 0.6395216390625 0.6784575875 0.65128978125 0.7313059328125 0.62731768125
0 0.5377768859375001 0.6342913765625 0.5385212734375 0.621215684375 0.46557570937500004 0.621651534375 0.51991271875 0.6525973296875 0.5288448015625 0.6478029171874999 0.5377768859375001 0.6342913765625
0 0.6211432546875 0.27714661406249996 0.586159134375 0.2915298703125 0.564221875 0.3056644890625 0.6404962000000001 0.30722071875 0.6367744875 0.298503590625 0.630819728125 0.28760718125 0.6211432546875 0.27714661406249996
0 0.28172319218749997 0.5034452625 0.30703078281249996 0.5064962937499999 0.3159629234375 0.5064962937499999 0.3175725828125 0.46252723281249997 0.2839561828125 0.48078072812499995 0.263858965625 0.4964715671875 0.28172319218749997 0.5034452625
0 0.119456553125 0.574232384375 0.10829141875 0.58512879375 0.10308101875 0.597768634375 0.1007073546875 0.6068627453125 0.17528222499999999 0.607357478125 0.1745378921875 0.6008196328125 0.140298159375 0.583385378125 0.119456553125 0.574232384375
0 0.068841284375 0.6266243499999999 0.04427796875 0.620086503125 0.009493653125 0.6155773421874999 0.00854954375 0.659749428125 0.02492508125 0.659749428125 0.050977059375 0.6431868890625 0.068841284375 0.6266243499999999
3 0.308902040625 0.30122980625 0.3461191546875 0.2746425734375 0.38929102968749996 0.2497987578125 0.50615274375 0.248927040625 0.556023709375 0.24849119218750002 0.554534990625 0.0922762109375 0.2999699578125 0.0922762109375 0.2069271734375 0.050433996875 0.15184583437500002 0.053049137499999996 0.07592291718750001 0.0922762109375 0.0018748625 0.09279237343749999 0 0.1987143578125 0.001488690625 0.358326984375 0.308902040625 0.3557118859375 0.308902040625 0.30122980625
3 0.3174515859375 0.5811169281249999 0.31521859375 0.43466916875 0.01042440625 0.4369281046875 0.00854954375 0.60726829375 0.2058002453125 0.6068324109375001 0.2058002453125 0.5811169281249999 0.3174515859375 0.5811169281249999
3 0.19314645 0.57571834375 0.19314645 0.5992545859375 0.1737935609375 0.6005621609375 0.121689575 0.57441078125 0.10829141875 0.586614753125 0.09935930625 0.6005621609375 0.010038234375 0.6001263015625 0.0085629015625 0.8236383437500001 0.443989771875 0.82328476875 0.443989771875 0.6746577359375 0.4425011109375 0.5765900640625 0.19314645 0.57571834375
3 0.4313359765625 0.82415646875 0.8585883937500001 0.82415646875 0.85933278125 0.6214832796875001 0.4328246375 0.6210474046875001 0.43208030624999993 0.7640082921875 0.4313359765625 0.82415646875
3 0.86007716875 0.4188891359375 0.8578441187499999 0.3918660375 0.5511913453124999 0.3917211328125 0.5534081203125 0.5535687453125 0.7327945953125 0.554440478125 0.86007716875 0.552261196875 0.86007716875 0.4188891359375
3 0.5496864078125 0.24506153125000002 0.5526637328125 0.3065172734375 0.8578441187499999 0.3065172734375 0.85933278125 0.177067928125 0.8583395203125 0.0943355125 0.5504307390625 0.094255225 0.5519194015625 0.2424463828125 0.5496864078125 0.24506153125000002
1 0.1629184078125 0.058932326562500005 0.089467665625 0.094635575 0.0883815703125 0.1033068765625 0.2951297421875 0.1032308015625 0.2985197765625 0.09595791718749999 0.2182889671875 0.05827115468750001 0.1629184078125 0.058932326562500005