0 0.5650769999999999 0.0730622625 0.56880278125 0.048708175 0.4843517140625 0.048708175 0.5377545953125 0.102710715625 0.5563835078125 0.09106310937499999 0.5650769999999999 0.0730622625
0 0.6383507203125001 0.23401101249999998 0.617237953125 0.2181279109375 0.576254346875 0.21071579843750002 0.576254346875 0.28060144062500003 0.5973671140625 0.27001270625 0.6197218078125 0.247776365625 0.6383507203125001 0.23401101249999998
0 0.5191256828124999 0.32613299375000004 0.5538996515625 0.2996611609375 0.5538996515625 0.288013553125 0.47193243906250004 0.288013553125 0.47193243906250004 0.312367640625 0.491803278125 0.3420160953125 0.5191256828124999 0.32613299375000004
0 0.3067560859375 0.263659465625 0.2993045203125 0.2975434140625 0.3874813703125 0.2975434140625 0.351465475 0.2626005921875 0.326626925 0.24036425156250002 0.3067560859375 0.263659465625
0 0.21112767031250002 0.376958915625 0.20119225 0.4097839890625 0.284401390625 0.41084286406250003 0.255837059375 0.38119440937500004 0.22975658124999998 0.356840321875 0.21112767031250002 0.376958915625
5 0.5377545953125 0.6903854296875 0.5365126671875 0.6501482421875 0.5153999015624999 0.6501482421875 0.5153999015624999 0.691444303125 0.5153999015624999 0.7337992375 0.5389965218749999 0.7327403640625 0.5377545953125 0.6903854296875
5 0.5849478390625 0.595086828125 0.5837059109375 0.5770859796875001 0.54023845 0.5770859796875001 0.5191256828124999 0.5770859796875001 0.5191256828124999 0.5940279546875 0.5563835078125 0.595086828125 0.5849478390625 0.595086828125
5 0.8780427218750001 0.5961457 0.8743169390625001 0.5802626 0.8296075500000001 0.5802626 0.7799304515625 0.5802626 0.783656234375 0.5982634484375 0.824639840625 0.5982634484375 0.8780427218750001 0.5961457
0 0.6979632390625 0.5389665390625 0.6805762546875 0.5569673875000001 0.670640834375 0.579203728125 0.6718827625 0.595086828125 0.753849975 0.5940279546875 0.753849975 0.5813214734375001 0.7240437156249999 0.5580262593749999 0.6979632390625 0.5389665390625
3 0.5774962734375 0.578144853125 0.582463984375 0.5940279546875 0.92026825625 0.595086828125 0.919026328125 0.45637441718750005 0.919026328125 0.20859805156250003 0.92026825625 0.046590428125 0.5787382015625 0.04773930625 0.57501241875 0.42884371093749996 0.5774962734375 0.578144853125
3 0.331594634375 0.2445997453125 0.31420765 0.2573062265625 0.303030303125 0.2890724265625 0.29185295624999996 0.2890724265625 0.2893691 0.5410842859375 0.351465475 0.5940279546875 0.5849478390625 0.5940279546875 0.5837059109375 0.2890724265625 0.37754595156250004 0.28589580625 0.331594634375 0.2445997453125
3 0.301788375 0.40343074999999995 0.27943368125 0.401313003125 0.230998509375 0.354722575 0.21857923437500001 0.3631935625 0.2098857421875 0.376958915625 0.20119225 0.401313003125 0.1875310484375 0.4002541296875 0.1862891203125 0.5802626 0.0558867359375 0.5802626 0.0571286640625 0.7507412109375 0.32786885312499997 0.751800084375 0.375062096875 0.800508259375 0.535270740625 0.7973316390625 0.5315449578125 0.5855569671875 0.36015896718749996 0.5823803468750001 0.303030303125 0.53578991875 0.301788375 0.40343074999999995