5 0.0142857140625 0.1397705078125 0.016428571875 0.0927734375 0.015 0.059814453125 0.0007142859375 0.059814453125 0.0007142859375 0.1031494140625 0.0007142859375 0.140380859375 0.015 0.1409912109375 0.0142857140625 0.1397705078125
5 0.09 0.035400390625 0.08857142812499999 0.0225830078125 0.042142857812500004 0.02197265625 0.015 0.02197265625 0.0142857140625 0.035400390625 0.050714285937500006 0.0347900390625 0.09 0.035400390625
5 0.2507142859375 0.0360107421875 0.2507142859375 0.02197265625 0.206428571875 0.02197265625 0.1757142859375 0.0213623046875 0.1771428578125 0.035400390625 0.223571428125 0.0360107421875 0.2507142859375 0.0360107421875
5 0.2628571421875 0.0994873046875 0.2628571421875 0.05615234375 0.248571428125 0.0555419921875 0.248571428125 0.0927734375 0.248571428125 0.1409912109375 0.2628571421875 0.1409912109375 0.2628571421875 0.0994873046875
5 0.21000000000000002 0.9002685546875 0.1842857140625 0.92041015625 0.083571428125 0.92041015625 0.0642857140625 0.9033203125 0.054285714062500004 0.9112548828125 0.07642857187499999 0.9332275390625 0.1921428578125 0.933837890625 0.21857142812500002 0.91064453125 0.21000000000000002 0.9002685546875
0 0.215 0.474853515625 0.22714285781250002 0.462646484375 0.24714285781249998 0.4443359375 0.251428571875 0.43701171875 0.1928571421875 0.4376220703125 0.196428571875 0.4498291015625 0.20214285781250002 0.4632568359375 0.215 0.474853515625
0 0.1557142859375 0.494384765625 0.1707142859375 0.499267578125 0.185 0.5010986328125 0.1842857140625 0.450439453125 0.1628571421875 0.46630859375 0.141428571875 0.48583984375 0.1557142859375 0.494384765625
0 0.21071428593750002 0.61279296875 0.23071428593749999 0.5963134765625 0.23071428593749999 0.58837890625 0.17357142812499998 0.5877685546875 0.1828571421875 0.61279296875 0.1928571421875 0.626220703125 0.21071428593750002 0.61279296875
0 0.1421428578125 0.5682373046875 0.12285714218749999 0.5474853515625 0.10857142812500001 0.5340576171875 0.0978571421875 0.5340576171875 0.09714285781250001 0.5816650390625 0.1078571421875 0.5816650390625 0.1271428578125 0.5767822265625 0.1421428578125 0.5682373046875
5 0.601428571875 0.0347900390625 0.6021428578125 0.0225830078125 0.5714285718750001 0.02197265625 0.5257142859374999 0.0225830078125 0.526428571875 0.0341796875 0.5728571421875001 0.0341796875 0.601428571875 0.0347900390625
5 0.8985714281250001 0.035400390625 0.8971428578125 0.0213623046875 0.8678571421875001 0.0213623046875 0.8478571421875 0.02197265625 0.82 0.02197265625 0.8207142859375001 0.0360107421875 0.8642857140625001 0.035400390625 0.8985714281250001 0.035400390625
0 0.8457142859375001 0.145263671875 0.8607142859374999 0.13427734375 0.8857142859374999 0.1141357421875 0.886428571875 0.1068115234375 0.8271428578125001 0.1068115234375 0.8300000000000001 0.12451171875 0.8357142859375 0.133056640625 0.8457142859375001 0.145263671875
0 0.5307142859375 0.2276611328125 0.52 0.223388671875 0.4828571421875 0.2532958984375 0.48214285781250005 0.2618408203125 0.538571428125 0.26123046875 0.5392857140625 0.2520751953125 0.5364285718749999 0.238037109375 0.5307142859375 0.2276611328125
0 0.531428571875 0.4107666015625 0.54 0.3948974609375 0.5428571421874999 0.3814697265625 0.4842857140625 0.379638671875 0.5042857140625 0.4010009765625 0.525 0.4180908203125 0.531428571875 0.4107666015625
0 0.4421428578125 0.4071044921875 0.44785714218750006 0.394287109375 0.44928571406250006 0.3814697265625 0.393571428125 0.380859375 0.4142857140625 0.4034423828125 0.4328571421875 0.4180908203125 0.4421428578125 0.4071044921875
3 0.1942857140625 0.9356689453125 0.21928571406250003 0.9130859375 0.261428571875 0.9130859375 0.2607142859375 0.5865478515625 0.003571428125 0.5853271484375 0.0028571421875 0.9130859375 0.053571428125 0.9124755859375 0.07642857187499999 0.936279296875 0.1942857140625 0.9356689453125
3 0.213571428125 0.4736328125 0.24714285781249998 0.4443359375 0.2621428578125 0.4425048828125 0.2607142859375 0.02197265625 0.178571428125 0.0201416015625 0.15714285781249998 0.0006103515625 0.116428571875 0.0006103515625 0.08857142812499999 0.0213623046875 0.0007142859375 0.0225830078125 0.0028571421875 0.4437255859375 0.195 0.4437255859375 0.1978571421875 0.455322265625 0.213571428125 0.4736328125
3 0.3721428578125 0.1318359375 0.37 0.1409912109375 0.3707142859375 0.2618408203125 0.63 0.2587890625 0.63 0.1324462890625 0.3721428578125 0.1318359375
3 0.6307142859375 0.577392578125 0.6292857140625 0.380859375 0.37 0.3802490234375 0.371428571875 0.48095703125 0.371428571875 0.577392578125 0.5107142859375 0.57861328125 0.6307142859375 0.577392578125
3 0.9980952390625 0.1082356765625 0.73904761875 0.107421875 0.73904761875 0.2718098953125 0.8647619046875 0.2718098953125 0.99904761875 0.27099609375 0.9980952390625 0.1082356765625