0 0.3528913828125 0.8473975171875001 0.339084990625 0.8467201421875 0.29600904687499996 0.8738151859375 0.27502333125 0.9164898812500001 0.2733665640625 0.9571324484374999 0.3131289734375 0.9584872000000001 0.35510040468750004 0.955777696875 0.3528913828125 0.8473975171875001
0 0.422812603125 0.75444413125 0.45041892499999997 0.713454646875 0.4557464609375 0.6671187078124999 0.4150634609375 0.668900859375 0.379707996875 0.667712759375 0.3801923171875 0.7116724953125 0.379707996875 0.766325140625 0.396174925 0.7687013421875 0.422812603125 0.75444413125
0 0.5752535187500001 0.664504303125 0.5730452515625 0.646447121875 0.5572193390625 0.612138475 0.5417614703125 0.5904698578125 0.5123179125 0.576475540625 0.48618675468749994 0.5737669640624999 0.485450665625 0.604915603125 0.48692284375000006 0.6658585921875 0.5752535187500001 0.664504303125
0 0.1778260984375 0.69965335 0.2633028953125 0.7022875859375 0.2637324265625 0.6106161390625 0.2637324265625 0.6085087484375 0.2272222375 0.61219668125 0.1975845546875 0.63485111875 0.17911469375 0.67278413125 0.1778260984375 0.69965335
0 0.3363232734375 0.575844209375 0.3358937421875 0.5447602125000001 0.32601451406250004 0.506300353125 0.29122245156250004 0.47890428749999997 0.2658800859375 0.47205527187499996 0.265021021875 0.5173641484375 0.26416195937500003 0.5484481453125001 0.26416195937500003 0.575844209375 0.3363232734375 0.575844209375
0 0.1177455265625 0.7013632484375 0.15257166718749998 0.7078724203125 0.15124495625 0.622846365625 0.15091327968749998 0.6224395421875 0.0802659640625 0.6224395421875 0.084577771875 0.655799046875 0.098508228125 0.68264938125 0.1177455265625 0.7013632484375
5 0.064281653125 0.1564327578125 0.12035713750000002 0.1555939765625 0.175748775 0.1555939765625 0.2516558328125 0.1555939765625 0.25199775625 0.115751853125 0.20002535625 0.11659063437499999 0.1630975984375 0.11701002499999999 0.07864244687500001 0.11617124375000001 0.0632558828125 0.11659063437499999 0.06359780625 0.1358826109375 0.064281653125 0.1564327578125
5 0.316688971875 0.159375796875 0.4518026984375 0.15747090625 0.451285053125 0.114928371875 0.4072824828125 0.114928371875 0.334290009375 0.11556332656249999 0.2602621734375 0.11619829374999999 0.2597445046875 0.136517115625 0.2592268125 0.15747090625 0.316688971875 0.159375796875
5 0.8322943374999999 0.6768473937499999 0.8668545968749999 0.6759157328125001 0.8664748031249999 0.6051099625 0.8660950078124999 0.5282484109375 0.8341932406250001 0.527316759375 0.8334336859375 0.526850928125 0.8330538921875 0.5892718140625 0.8322943374999999 0.6768473937499999
3 0.251041521875 0.2912251125 0.251041521875 0.5772618625 0.5004278078125 0.5790664828125001 0.5011634828125 0.247011225 0.512198275 0.2181368609375 0.5129338828125001 0.119783528125 0.4584956015625 0.1215881703125 0.37610246875 0.11888119687500001 0.2966519703125 0.1206858484375 0.250305846875 0.11707655624999999 0.251041521875 0.2912251125
3 0.15195680312499998 0.6185550421875 0.07647296875000001 0.6236098921875 0.08993361718750001 0.6781473890624999 0.109057425 0.70413976875 0.147821915625 0.7111133484375001 0.1498893703125 0.7250604796875 0.2641153875 0.725694459375 0.26260775937499997 0.6134094046875 0.2618520953125 0.1172941359375 0.14472075625 0.1174649046875 0.000904496875 0.117306409375 0 0.1174850609375 0.0031725593750000004 0.6180459968750001 0.15195680312499998 0.6185550421875
3 0.5692182015625 0.6839208218749999 0.5679081484374999 0.9562839703125 0.8646352437499999 0.95949769375 0.8646352437499999 0.9586942640625 0.8646352437499999 0.2106998296875 0.485374784375 0.213110121875 0.4860298109375 0.683117365625 0.5692182015625 0.6839208218749999