3 0.0827956921875 0.9041547890625001 0.1213359125 0.903595896875 0.155505590625 0.903595896875 0.15510826875 0.8739745953125 0.1022644640625 0.8728568109375001 0.050990884375000003 0.8717481265625 0.051407265625 0.8728568109375001 0.050612621875 0.9024781125000001 0.0827956921875 0.9041547890625001
0 0.23735389375 0.9041547890625001 0.2603985609375 0.9041547890625001 0.2607958828125 0.8823579828125 0.25563069843749997 0.88068130625 0.2532467671875 0.8678267796875 0.2456976515625 0.8505011109374999 0.23417531875000003 0.837646584375 0.213117259375 0.8314987671875 0.213117259375 0.8812401984375 0.2083493984375 0.881799090625 0.2075547546875 0.9041547890625001 0.2155011921875 0.9041547890625001 0.22861281249999998 0.90471368125 0.23735389375 0.9041547890625001
0 0.2603788796875 0.730906540625 0.225938359375 0.730906540625 0.2274228640625 0.75011778125 0.2363298953125 0.7768464609375 0.25028424375 0.7864520796875001 0.259785078125 0.7914637078125 0.2600819796875 0.7981458765625 0.266910703125 0.7989811484375 0.26706275 0.72325558125 0.2663169015625 0.7233891 0.26097268281249997 0.7238067359375 0.2603788796875 0.730906540625
0 0.1914978375 0.6452912390625001 0.15586971249999998 0.6452912390625001 0.15586971249999998 0.6557321296875 0.164182940625 0.681207903125 0.1716054671875 0.6974956921875 0.19209163906249999 0.706266040625 0.192388540625 0.7133658453125 0.1989203640625 0.712948209375 0.1989203640625 0.6699317406249999 0.199217265625 0.6373561624999999 0.1914978375 0.6373561624999999 0.1914978375 0.6452912390625001
0 0.19152221875 0.5219155390625 0.15642656093750001 0.520975209375 0.1570950484375 0.5360204765625001 0.1631114484375 0.5581182124999999 0.17447575625 0.5755143015625 0.191187975 0.5896192390625 0.1978728625 0.5910297328125 0.1985413515625 0.5158034 0.19820710625 0.5158034 0.1925249515625 0.515333234375 0.19152221875 0.5219155390625
0 0.1918564640625 0.44104723124999995 0.19152221875 0.447629534375 0.15642656093750001 0.44574887656250006 0.155423828125 0.45233118125000005 0.1614402265625 0.47866039843749997 0.1738072671875 0.4993476390625 0.1925249515625 0.5078106015625 0.1925249515625 0.5134525765625 0.1992098390625 0.513922740625 0.1988422859375 0.5057817484375 0.19887559531250001 0.4899443484375 0.19887559531250001 0.44057706718749995 0.1918564640625 0.44104723124999995
0 0.2753385234375 0.430062675 0.2702458734375 0.43136514375 0.27163477812500003 0.380568903125 0.255430890625 0.3828482203125 0.2387640359375 0.3935935796875 0.2285787359375 0.41378182968750005 0.22718983124999997 0.430062675 0.22209718125000003 0.430713909375 0.2225601484375 0.4411336515625 0.24617152656250002 0.44048241718750003 0.2748755546875 0.4417848859375 0.2753385234375 0.430062675
5 0.3598669203125 0.1143852296875 0.324361946875 0.1143852296875 0.297604575 0.115109040625 0.2803924953125 0.11511805 0.2801093703125 0.1462329671875 0.3783912546875 0.1469567796875 0.377876690625 0.115832853125 0.3598669203125 0.1143852296875
0 0.436572415625 0.366121796875 0.43506510781249996 0.3695142046875 0.42752856406250006 0.3779952234375 0.422102253125 0.3877483953125 0.4178817890625 0.40046992187499997 0.41577155625 0.4225205703125 0.4519469640625 0.42294462031249996 0.45164550312499996 0.42888133437500003 0.4670200515625 0.42760918124999997 0.4670200515625 0.3534002703125 0.451801603125 0.35326681249999997 0.45074111875 0.3614572359375 0.4429031125 0.36400154218749997 0.436572415625 0.366121796875
3 0.4677149703125 0.425056934375 0.468271084375 0.35465379375 0.4599293765625 0.35543605 0.4615977171875 0.12154117499999999 0.375956184375 0.12232343125 0.375400071875 0.11606537343750001 0.2841974 0.11684763125 0.2841974 0.12232343125 0.22024430781249998 0.12154117499999999 0.2196342359375 0.12232724531250001 0.21968819375 0.440702075 0.46215383125000004 0.43991981874999997 0.46215383125000004 0.4281859625 0.4677149703125 0.425056934375
3 0.22652298437499999 0.4410745171875 0.22800309843750002 0.12356940000000001 0.19100025625 0.1194053984375 0.1895201421875 0.0590273765625 0.1606579265625 0.0611093765625 0.1317957078125 0.099626390625 0.0918326390625 0.0527813734375 0.078511615625 0.0527813734375 0.07654310156250001 0.1194054984375 0.0373200890625 0.1225284984375 0.007466159375000001 0.1204463984375 0.0052459890624999995 0.51706754375 0.19914088125 0.51498554375 0.198400825 0.4410745171875 0.22652298437499999 0.4410745171875
3 0.007717815625000001 0.591342303125 0.0062377015625 0.591342303125 0.0054976453125 0.896355415625 0.1971723671875 0.8953144140625 0.20013259374999998 0.592383303125 0.007717815625000001 0.591342303125
5 0.6172524765625 0.9027517140624999 0.6581112499999999 0.9027517140624999 0.687255271875 0.9023497984375 0.6869695453125 0.87300994375 0.6395390812499999 0.873813775 0.59485475625 0.8744914250000001 0.5938229703125 0.887880828125 0.5938229703125 0.9027517140624999 0.6172524765625 0.9027517140624999
5 0.8058712281249999 0.8757417671875001 0.7873110328124999 0.8749886609375 0.759827665625 0.8747376265625 0.7432305671874999 0.8749886609375 0.7430521031249999 0.8822686890625 0.7432305671874999 0.9021004890625001 0.7701785437499999 0.9023515234374999 0.8053358375 0.9023515234374999 0.8058712281249999 0.8757417671875001
5 0.9435441109375 0.8734742343749999 0.90147666875 0.8734742343749999 0.8626073359375 0.8731281875000001 0.8469931984375 0.8731324953125 0.8473548125000001 0.902196184375 0.9027067109375 0.9032343265625 0.9435441109375 0.9032343265625 0.9435441109375 0.8734742343749999
0 0.77238875 0.8177116625 0.760928646875 0.8020391046875 0.744056828125 0.7980090203125 0.7450118375 0.7890532718750001 0.7378567828125 0.789928459375 0.7376901046875 0.8647293375 0.7446935 0.86428155 0.7450118375 0.8566691640625 0.78002881875 0.8589081015625 0.780665490625 0.8378620953125001 0.77238875 0.8177116625
0 0.83314070625 0.7147819734375 0.8552214375 0.7019926265625 0.86405373125 0.6807988500000001 0.8674307828125001 0.6650862234375 0.8705480640625 0.6647208124999999 0.8718469296875 0.6552201546875 0.8289843328125001 0.6559509734375 0.8187208578125 0.6552247375 0.81963249375 0.6654516328125 0.8250877328125 0.6650862234375 0.8245681859375 0.713320334375 0.83314070625 0.7147819734375
3 0.7859986812499999 0.8461336515625 0.7816857890625 0.823214909375 0.7562876484375 0.7962516843749999 0.7447866046875 0.79288128125 0.7438281828125 0.5353824765625 0.6810516484375 0.5347083953125 0.681530859375 0.4685946078125 0.5353717515625 0.4685946078125 0.5353717515625 0.8933192968749999 0.7419113421875 0.8980378609375 0.7428697640624999 0.858267103125 0.7792897375 0.8602893453125 0.7859986812499999 0.8461336515625
0 0.7382638640625 0.35738616562500003 0.737453075 0.3647993734375 0.7029946078125 0.3636588796875 0.7021838203125 0.3756340625 0.7115078765625 0.40699763593749994 0.7354261078125 0.425245534375 0.7358315 0.43322898906249996 0.7451555562500001 0.43379923593749997 0.744287678125 0.4244948359375 0.7451555562500001 0.42410504062500004 0.7451555562500001 0.356245671875 0.7382638640625 0.35738616562500003
0 0.8260651250000001 0.41492692187499997 0.8262902249999999 0.39719520468749997 0.8166108921875 0.37439728125 0.811433575 0.37028099062500003 0.7988279328125001 0.3664813375 0.799053034375 0.356665565625 0.7923000109375 0.356665565625 0.791963115625 0.357934965625 0.7923000109375 0.42157631562500003 0.7997283359375 0.4228428671875 0.799053034375 0.4133437328125 0.8260651250000001 0.41492692187499997
5 0.6494390296875 0.11738501718750001 0.6151393234375 0.11566188749999999 0.5967644812499999 0.11509999687500001 0.5967644812499999 0.1432319765625 0.6257558984375 0.1438063515625 0.6629139140625 0.14495510625000002 0.6843512296875 0.1455294828125 0.685780384375 0.11738501718750001 0.6494390296875 0.11738501718750001
5 0.9279199734375 0.11566188749999999 0.90954513125 0.1150875109375 0.8850453406250001 0.1139387578125 0.87157045625 0.11451313437499999 0.8572789125 0.1150875109375 0.8568705828125 0.1432319765625 0.8838203515625 0.1438063515625 0.92751164375 0.14495510625000002 0.9279199734375 0.11566188749999999
3 0.7819386421875001 0.3573999765625 0.7826617687499999 0.123447584375 0.5367990015624999 0.121413215625 0.535259465625 0.121087821875 0.5353527515625001 0.4814964640625 0.745782353125 0.4804792796875 0.7450592281249999 0.3584171609375 0.7819386421875001 0.3573999765625
3 0.7761536359375001 0.3594343453125 0.789893025 0.3573999765625 0.7927855296875 0.4418262765625 0.9779057296874999 0.44284345937499997 0.9780639546875 0.488977434375 0.99092199375 0.4886167546875 0.9921748703125 0.1224441328125 0.99236824375 0.1224303984375 0.774707384375 0.123447584375 0.7761536359375001 0.3594343453125
5 0.9949414765625001 0.5545471375 0.9953433234375 0.5175228640625 0.9955442453125001 0.488977434375 0.9764565718749999 0.4892600625 0.9763446390625001 0.48945130312499996 0.976054725 0.544372528125 0.9762556484375 0.611355371875 0.9947405546875 0.6124858828125 0.9949414765625001 0.5545471375
1 0.140569909375 0.0854407578125 0.13414659843750001 0.0996409125 0.12221759375 0.08156798750000001 0.10753574375 0.066076909375 0.094689121875 0.0531676765625 0.0818425015625 0.0531676765625 0.0781720390625 0.09189537343750001 0.0754191921875 0.1215866078125 0.07085169999999999 0.1384297484375 0.1892035421875 0.13965953281250001 0.1882859265625 0.060913215624999996 0.1635103015625 0.0622041390625 0.140569909375 0.0854407578125