5 0.086571125 0.6995362734375 0.0784761625 0.6990249015625001 0.077464290625 0.6990249015625001 0.077576734375 0.7251041046875 0.0942163734375 0.7266381749999999 0.09556553437500001 0.6995362734375 0.086571125 0.6995362734375
5 0.1333420265625 0.743001603125 0.16392300312500002 0.74197888125 0.16347326874999998 0.7240814046875 0.14953195156250002 0.7240814046875 0.12074986875 0.7245927546875001 0.0951158203125 0.7245927546875001 0.09286721249999999 0.7322631078125 0.091967765625 0.743001603125 0.1333420265625 0.743001603125
5 0.164997928125 0.7291401109375 0.18017886875 0.728708578125 0.1799891015625 0.7148993046875 0.1797993515625 0.7017373499999999 0.164903034375 0.7016294624999999 0.16480815937499999 0.7021688921875 0.16461839218750002 0.7146835375 0.164997928125 0.7291401109375
0 0.3022557515625 0.763269134375 0.29313965 0.763269134375 0.26883003437499997 0.762837234375 0.25401636875 0.7630531796875 0.26275265625 0.7943656828125001 0.27300827031249997 0.7909105046875 0.2893412625 0.7796812078124999 0.3022557515625 0.763269134375
0 0.2359798046875 0.5368591515625 0.23484664843749997 0.5128078656249999 0.2344689171875 0.5130226046875 0.20840632343749999 0.5591925046874999 0.22049334687500002 0.5664937765625 0.23409122187500003 0.568855959375 0.2359798046875 0.5368591515625
3 0.08073739375 0.70235793125 0.08111510625 0.738864346875 0.178944259375 0.7392938484375 0.180077415625 0.70235793125 0.2344689171875 0.70235793125 0.2344689171875 0.51194889375 0.2061400109375 0.4604104140625 0.205384584375 0.412737321875 0.1362620515625 0.412737321875 0.035316701562500004 0.41187834062500006 0.0354111421875 0.41229869218750004 0.03616656875 0.7014989500000001 0.08073739375 0.70235793125
0 0.25360219375000004 0.27019545625 0.239321571875 0.2619389109375 0.22407276406249999 0.253682365625 0.21850572499999998 0.2663423984375 0.21741652500000003 0.2868461484375 0.2177795921875 0.286708546875 0.26836691875 0.28588289218749996 0.25360219375000004 0.27019545625
5 0.0994872265625 0.0442123140625 0.131398240625 0.043602485937500005 0.1319345515625 0.025917565625 0.09573299843750001 0.025917565625 0.0685147875 0.025765104687500002 0.0686488703125 0.0265273890625 0.068112546875 0.043602485937500005 0.0994872265625 0.0442123140625
3 0.0362067390625 0.28462781718749997 0.323227109375 0.28462781718749997 0.322568846875 0.1184545875 0.3429762203125 0.10498108125000001 0.323227109375 0.0653090828125 0.32059393593749996 0.028631203124999997 0.2968950015625 0.027134151562499997 0.25673845625 0.000935659375 0.24752222499999998 0.015157696875000001 0.23764767031249998 0.0016841921874999998 0.1961745375 0.02788266875 0.035877546875 0.029005460937499998 0.034890090624999995 0.029379735937500002 0.0355484140625 0.157378034375 0.0362067390625 0.28462781718749997
5 0.6272774296875 0.70481715 0.6591115734375 0.7052284953125 0.6609203375 0.685484565625 0.6450032578125 0.6850732203125001 0.612083859375 0.685484565625 0.5883891125 0.68569021875 0.5882082484375 0.6957678546875 0.5878464859375 0.7060511453125 0.6272774296875 0.70481715
5 0.7623377546875 0.7035754234375 0.7928375437499999 0.7031003515625 0.793046434375 0.686235453125 0.777378740625 0.6867105125 0.7487068609375 0.6867105125 0.7489680015625 0.6938365296875 0.749594709375 0.703812953125 0.7623377546875 0.7035754234375
0 0.7730311515625 0.542023409375 0.775001284375 0.52354215625 0.7528372828125 0.5237288328124999 0.7329717640625 0.52354215625 0.7322329640625 0.5233088046875001 0.7328075968750001 0.5302626109374999 0.748897015625 0.5401566140625 0.7672849328125 0.5507973390625 0.7730311515625 0.542023409375
3 0.5431789953124999 0.7021090328125 0.7222715453124999 0.700913578125 0.72201585 0.4436164890625 0.5422696546875 0.44223785156249995 0.5422622171875 0.45652662499999996 0.542572778125 0.48497529687499996 0.5431789953124999 0.7021090328125
5 0.8953861671875 0.4804800703125 0.9197122359375 0.48017611718750003 0.9202468671874999 0.46254661406249997 0.9026037890625 0.46285056718749995 0.8704586296875 0.462470615625 0.8699908375 0.46224264843749996 0.870258140625 0.47987216562499996 0.8953861671875 0.4804800703125
0 0.824233959375 0.276563884375 0.8396325812500001 0.27497215 0.8533979984375 0.26780934375 0.8421990078125001 0.2444638953125 0.8293668265624999 0.22483250625 0.8263337703125 0.2261589484375 0.82400065 0.22748539843749999 0.824233959375 0.276563884375
0 0.89921405625 0.14962504999999998 0.8976274656250001 0.131133328125 0.8918759921875001 0.11782831875 0.8710516515625001 0.1306823171875 0.855185490625 0.1433107984375 0.8543921953125 0.144212840625 0.8532022328125001 0.15097810312499998 0.89921405625 0.14962504999999998
3 0.8227008359375001 0.47843497343749997 0.9758345234375 0.4776362640625 0.9781608796875 0.24833596406249997 0.9758345234375 0.1485624515625 0.9059801671875001 0.1391865921875 0.886632703125 0.11380301875000001 0.8515011921875001 0.1437701140625 0.8227008359375001 0.1437701140625 0.8234032734375001 0.1669330703125 0.8227008359375001 0.1932909234375 0.8227008359375001 0.47843497343749997
0 0.7251333015625 0.2172922921875 0.7241036328125 0.22139002031250002 0.7732135078125 0.221996975 0.7705444859374999 0.2074298453125 0.7636050562500001 0.1922557625 0.7545303984375 0.1977184359375 0.7251333015625 0.2172922921875
5 0.5986182953125 0.044381128125 0.62426535625 0.0440165984375 0.6527977093749999 0.0440165984375 0.6527977093749999 0.0246966875 0.63580653125 0.0246966875 0.610800653125 0.025061207812500003 0.5865962390624999 0.025061207812500003 0.5867565375 0.0352679578125 0.5864359546875 0.0440165984375 0.5986182953125 0.044381128125
5 0.74993593125 0.045110178125 0.7980241609375 0.04365206875 0.79738299375 0.0261547875 0.7653241640624999 0.026519317187500002 0.7300594734375 0.026519317187500002 0.7300594734375 0.026883846875 0.729418278125 0.045110178125 0.74993593125 0.045110178125
0 0.7093360453125 0.2772587765625 0.7210188359374999 0.2905427953125 0.721334596875 0.27007824375 0.7225976125 0.249254653125 0.72322910625 0.232021346875 0.721966090625 0.231213534375 0.6998634953125 0.23525259062499998 0.6929169500000001 0.24099703749999998 0.70081075 0.25858936718750003 0.7093360453125 0.2772587765625
3 0.6417651875 0.3032011984375 0.7184928312500001 0.3024831390625 0.7230113640625 0.21526951562500002 0.69942836875 0.214217440625 0.699659571875 0.028165815625 0.6127160328125 0.02809388125 0.54293491875 0.027914365625 0.5423034171875 0.02832075 0.542619171875 0.30356022031249996 0.6417651875 0.3032011984375
3 0.829124290625 0.2214349359375 0.8299415703124999 0.0268038921875 0.769328834375 0.026166585937499997 0.6973374640625 0.0285900203125 0.6942678843750001 0.0283535015625 0.6926332656249999 0.222674628125 0.829124290625 0.2214349359375
5 0.540880765625 0.3550745546875 0.540880765625 0.36493597968749997 0.5562249015625 0.3644302625 0.5562249015625 0.353810265625 0.5555577640625 0.3340874125 0.5408251640625 0.33427705625000004 0.5404360046875001 0.33434027187500004 0.540880765625 0.3434431328125 0.540880765625 0.3550745546875
0 0.7198371140625001 0.404518796875 0.7224835859375001 0.3881833 0.7232397046875 0.34992381093749997 0.72267260625 0.3503536875 0.71303193125 0.3494939359375 0.6963970515625 0.358091559375 0.70433643125 0.37313742968749997 0.7198371140625001 0.404518796875
0 0.7213183890625 0.5216452640625 0.7207013875 0.4746375484375 0.7182332140625001 0.45920217656249995 0.71761615625 0.4602545875 0.7021902234375 0.4879680984375 0.6904664671875 0.5111211499999999 0.7015731656249999 0.51883884375 0.7213183890625 0.5216452640625
3 0.8351229859375 0.523617396875 0.7162564453125 0.521850996875 0.71591530625 0.7027087609375 0.8358871453125 0.702419 0.8351229859375 0.523617396875
1 0.23951070156249998 0.0018420890624999998 0.1969041359375 0.02721495625 0.195921271875 0.0393401 0.2978411203125 0.0416313578125 0.2983483421875 0.026638299999999997 0.2552345546875 0.0018420890624999998 0.23951070156249998 0.0018420890624999998