0 0.4899882265625 0.6941607171874999 0.47372000156249994 0.68462873125 0.45338469375 0.6758696046875 0.4315704765625 0.67561198125 0.4315704765625 0.698540284375 0.43230993125 0.7147704296875 0.4286125921875 0.718119503125 0.4278731390625 0.72378718125 0.4959039609375 0.72456004375 0.4899882265625 0.6941607171874999
5 0.367663634375 0.725688165625 0.42954198593750004 0.7254236515625 0.42992160312500005 0.7165625078125 0.3809504015625 0.7165625078125 0.344506715625 0.7165625078125 0.3078732140625 0.7165294390625 0.307828575 0.7203527546874999 0.3074935984375 0.725688165625 0.367663634375 0.725688165625
0 0.51147991875 0.5616399015625 0.5459597234375 0.5564917390625 0.5667179671875 0.545459965625 0.5793840218749999 0.5317315359375 0.5793840218749999 0.5165322046874999 0.5113039796875001 0.5156741734375 0.5111280734375 0.515796753125 0.510776228125 0.5270736734375 0.51147991875 0.5616399015625
0 0.5928810343750001 0.634783540625 0.595424040625 0.616811403125 0.5540095578125 0.6170645343750001 0.53148586875 0.6165582734374999 0.53148586875 0.664146475 0.556189265625 0.6621214421875 0.5783496265625 0.6530088078125 0.5928810343750001 0.634783540625
3 0.5078723578125001 0.704965984375 0.506782503125 0.723950640625 0.5176810515625 0.7247100265624999 0.5180443312499999 0.78925785 0.616857840625 0.7887515890625 0.75853896875 0.7890047250000001 0.7592655265625 0.616811403125 0.6659013078125 0.616811403125 0.5124134078125 0.6161785796875 0.5122317765625 0.6170609640625 0.51259505625 0.7052191125 0.5078723578125001 0.704965984375
0 0.5548397890625 0.5934144421875 0.552974784375 0.61043783125 0.618623053125 0.6101779296875 0.618996065625 0.567944340625 0.618762928125 0.5678793640625 0.5992269796875 0.56781439375 0.5818824078125 0.571582925 0.5665893390625001 0.579639796875 0.5548397890625 0.5934144421875
0 0.5954483921875 0.487565396875 0.5754557218749999 0.46806278125 0.5567958765625 0.4610975609375 0.5288061374999999 0.4583114734375 0.5301389624999999 0.504514084375 0.5301389624999999 0.5056749671875 0.5961147734375001 0.5056749671875 0.5954483921875 0.487565396875
0 0.5998235046875 0.2380690375 0.5868074437499999 0.21690734531250003 0.5564366328125 0.2058226453125 0.5311276484375 0.2053188046875 0.532935390625 0.2564595515625 0.5325738546875 0.2572153265625 0.6029382859375 0.25563029843749996 0.5998235046875 0.2380690375
3 0.5217887343750001 0.7240166078125 0.5230683796875 0.5607560406250001 0.54354249375 0.5580799453124999 0.5670024031249999 0.5473754750000001 0.579372146875 0.530426765625 0.5849172296875 0.5137753875 0.520935659375 0.514667434375 0.5213621640625 0.2491198703125 0.27468756875 0.2492767140625 0.2755794671875 0.28270008281250003 0.2742457125 0.7232126484375 0.5217887343750001 0.7240166078125
3 0.5695515531249999 0.213148103125 0.55192230625 0.206553753125 0.5338630531249999 0.20535478437500002 0.53171314375 0.24971667968750003 0.51064403125 0.24881745312499998 0.51064403125 0.5059203671875 0.61899945625 0.5062201156249999 0.6185694484375001 0.4411759796875 0.7596034828125 0.4405764921875 0.7591513375 0.2499091859375 0.59750036875 0.24941694218750002 0.59750036875 0.234130075 0.5867508234375001 0.22184062343750002 0.5695515531249999 0.213148103125
4 0.5036664078124999 0.2497186375 0.2916016203125 0.24939321718750002 0.2925484765625 0.2565755203125 0.3579302546875 0.25850498437499997 0.42192337343749997 0.2594812453125 0.5027322015625 0.2575287234375 0.5036664078124999 0.2497186375