0 0.268000115625 0.864398721875 0.23102002968750002 0.8739459437500001 0.211107675 0.8930403890624999 0.2037116578125 0.9151183421875 0.20459610781249998 0.9422136203125 0.2264686328125 0.9419699078124999 0.2691379640625 0.9425666093749999 0.268000115625 0.864398721875
5 0.1303204078125 0.9240688640625001 0.09561601875 0.924665565625 0.074565815625 0.9240688640625001 0.0642921546875 0.924320125 0.0637562515625 0.9449534156249999 0.104718809375 0.9443567140625 0.1303204078125 0.9443567140625 0.1303204078125 0.9240688640625001
0 0.1252000890625 0.8470943796875 0.1911953203125 0.84769108125 0.19233316875 0.8208395171875 0.19233316875 0.8083087875 0.19347101718749998 0.7802638187500001 0.16843834375 0.782650625 0.141129971875 0.7987615640625 0.129182559375 0.823823025 0.1252000890625 0.8470943796875
0 0.1748576734375 0.5723655109375 0.19104236875 0.5707741140625 0.191548140625 0.5272759515625001 0.1945827703125 0.5071182671875001 0.18795312656250002 0.5064001593749999 0.1606960640625 0.5341720015625 0.14501714062499999 0.5569820140624999 0.156649890625 0.5659999250000001 0.1748576734375 0.5723655109375
3 0.0046938046875 0.5723577609375 0.006923262500000001 0.942248028125 0.1888601125 0.942248028125 0.1897931203125 0.7338142171875 0.191659140625 0.5713728437500001 0.0918271265625 0.57332996875 0.0046938046875 0.5723577609375
0 0.2625166015625 0.44710926874999996 0.25036648281249996 0.44650244375000003 0.23011628593750003 0.4562116484375 0.21160182187499998 0.4713822828125 0.20234458906250002 0.48533926406249994 0.20112597499999998 0.5141908140625 0.216809015625 0.51446688125 0.261359446875 0.51386005625 0.2625166015625 0.44710926874999996
3 0.22410815781250001 0.0803607078125 0.170024284375 0.035036759375 0.1665777625 0.038373492187500004 0.1607451890625 0.0494959328125 0.15809401875 0.0545010328125 0.15120097500000002 0.0358709421875 0.1004567546875 0.0814178 0.0160092265625 0.08013416718750001 0.0061562843749999995 0.08002606718750001 0.0037704546875 0.5114343484375 0.3170830234375 0.516568875 0.3170830234375 0.08270143125 0.22410815781250001 0.0803607078125
5 0.47781442343749997 0.9249826953125 0.4522282390625 0.9249826953125 0.4262866890625 0.92460998125 0.4113614140625 0.92460998125 0.39994455625 0.9245751359375 0.399989775 0.9443638171875 0.44654241875 0.9443638171875 0.4781697875 0.9443638171875 0.47781442343749997 0.9249826953125
5 0.6284886281250001 0.9253554093749999 0.60325780625 0.9253554093749999 0.5702089828125 0.9253554093749999 0.5570605265624999 0.9253554093749999 0.5486909046874999 0.9253202484375 0.5485317984375 0.943991103125 0.57696089375 0.9447365296875001 0.6288439921875 0.9443638171875 0.6284886281250001 0.9253554093749999
0 0.48776460781250003 0.6542801609375 0.506954246875 0.6654615765624999 0.5321850687499999 0.667325146875 0.5325404328125 0.62259948125 0.5324662609375 0.60343125625 0.46573205937499995 0.6050819296875 0.46893033125 0.6263266203125 0.47568224218750005 0.6442168859375 0.48776460781250003 0.6542801609375
3 0.5318874234375001 0.5833302796875001 0.455776696875 0.5833302796875001 0.34537665624999997 0.5818096390624999 0.3462483140625 0.6186150609375 0.347275434375 0.9428725375000001 0.53112983125 0.9439498046875 0.5325987390625 0.8601577624999999 0.5318874234375001 0.5833302796875001
0 0.5115829375 0.48645938437499997 0.4924976265625 0.49828768593749995 0.483822484375 0.50829625 0.5011727687499999 0.5346824640625 0.5289332203125 0.569257503125 0.5324032765625 0.5719871109375 0.5324032765625 0.48463964531250003 0.5115829375 0.48645938437499997
0 0.5970541078125 0.4304728875 0.58463545625 0.41879532187499996 0.56622159375 0.40127897343749996 0.549520646875 0.39049968281249997 0.540956059375 0.4057703453125 0.5379584546875 0.4219392828125 0.5378943953124999 0.4416312953125 0.5520900234375 0.442599590625 0.5974823375 0.44304872812499996 0.5970541078125 0.4304728875
0 0.49856135156250003 0.35995835625 0.508410628125 0.373432471875 0.5199728203125 0.3846609 0.53196324375 0.385559175 0.5323914734375 0.350077340625 0.5323914734375 0.3276204828125 0.508410628125 0.32851875625 0.48871207656250004 0.3357049515625 0.4844297828125 0.34244200937499997 0.49856135156250003 0.35995835625
5 0.572188634375 0.099380490625 0.5717295171875 0.07867460312499999 0.51342171875 0.07771153750000001 0.43445367656249995 0.07771153750000001 0.434702471875 0.078474215625 0.43491279374999997 0.0984174265625 0.4698056484375 0.099380490625 0.525817865625 0.10034355625 0.572188634375 0.099380490625
5 0.791491459375 0.292005353125 0.7905643609374999 0.2988118875 0.791491459375 0.31728676718750004 0.9032067265625001 0.3153420421875 0.9032067265625001 0.292491534375 0.8512892578125 0.292005353125 0.791491459375 0.292005353125
0 0.9268477171875 0.8248304578125 0.9185038375 0.8131621125 0.9027431781249999 0.800035225 0.8828105781250001 0.7854497953124999 0.875393796875 0.7985766828124999 0.8689041140624999 0.814134475 0.8693676625 0.8321231734375001 0.880029284375 0.8330955343750001 0.927311265625 0.833581715625 0.9268477171875 0.8248304578125
3 0.561981296875 0.0812099734375 0.4307971015625 0.0812099734375 0.3955535859375 0.0812099734375 0.34618966093750003 0.0811191734375 0.3456252734375 0.44161126875 0.65987995 0.44263805312500004 0.6579219765625 0.0822367578125 0.561981296875 0.0812099734375
3 0.9965084609374999 0.8320864578125 0.9965084609374999 0.43305004062499997 0.9196428671874999 0.430569471875 0.9208254140625 0.29537851718749997 0.7741895140625 0.2941382328125 0.7728595953124999 0.2963480703125 0.773006965625 0.4333236859375 0.687863540625 0.43208340156249997 0.6866809921875 0.8333267421875 0.9965084609374999 0.8320864578125