5 0.23886234375 0.7540330562500001 0.23831902187499998 0.7325453265624999 0.20246195937499997 0.7332863265625 0.16453803125 0.73259259375 0.1644317328125 0.755515003125 0.20735156875 0.755515003125 0.23886234375 0.7540330562500001
5 0.298624128125 0.6510402125 0.298624128125 0.6310343984375 0.28206520468749996 0.6307407421875 0.2812388578125 0.6628955515625 0.2817821375 0.6866060875 0.29916740937499997 0.6866060875 0.298624128125 0.6510402125
5 0.01883031875 0.6288115375000001 0.018286996875 0.5939866078125 0.003532596875 0.591851853125 0.0036182125 0.634739178125 0.001988328125 0.6806784171875 0.018286996875 0.6777146671875001 0.01883031875 0.6288115375000001
5 0.4483622078125 0.126729534375 0.4467323671875 0.10746469375 0.4201112 0.10746469375 0.392119553125 0.10759259375 0.392403471875 0.126729534375 0.42065447968749997 0.127470478125 0.4483622078125 0.126729534375
5 0.599939875 0.12895239687499999 0.59885323125 0.10598277656249999 0.5733186671875 0.105241803125 0.5282256671875001 0.10598277656249999 0.5265958671875001 0.126729534375 0.5575633203125 0.12895239687499999 0.599939875 0.12895239687499999
5 0.4467323671875 0.7482570578125001 0.4467323671875 0.7289921890625 0.4179380359375 0.72825124375 0.39008150937499997 0.7270370374999999 0.3929467515625 0.7475160843750001 0.41630815156249995 0.7482570578125001 0.4467323671875 0.7482570578125001
5 0.6015696765625 0.7475160843750001 0.6021129984375 0.7267693265624999 0.5624528875 0.7267693265624999 0.526630421875 0.7288888890624999 0.5282256671875001 0.7489980578125001 0.5629962109375 0.7482570578125001 0.6015696765625 0.7475160843750001
5 0.9161228640625 0.6930725125 0.915579625 0.67158478125 0.8813524046874999 0.67158478125 0.8533967265625 0.6714814828125 0.8531013546875 0.6923315390625 0.8911316218750001 0.69381345625 0.9161228640625 0.6930725125
0 0.49921224999999997 0.3623007859375 0.48111411875 0.3529629640625 0.4801971375 0.40305335781249996 0.489433075 0.40305335781249996 0.5084481875 0.3704513171875 0.49921224999999997 0.3623007859375
0 0.42744564062499996 0.33351851875 0.4633551890625 0.33562638749999996 0.4628119078125 0.32451205 0.453032690625 0.29857859531250003 0.42744564062499996 0.33351851875
0 0.49703912812500006 0.4691500515625 0.4824728140625 0.4659259265625 0.48074045937500004 0.5136074015625 0.49106291718749995 0.5136074015625 0.5100780296874999 0.48100536250000003 0.49703912812500006 0.4691500515625
0 0.46607163281249997 0.5543599718750001 0.4671582359375 0.5336132140625 0.43220107499999993 0.53259259375 0.44488335625 0.553619028125 0.45955218281250004 0.5691790890624999 0.46607163281249997 0.5543599718750001
3 0.42478168125 0.33695671875 0.4861733484375 0.3354747453125 0.488346471875 0.20654844687499999 0.48888979375 0.110224203125 0.356793465625 0.1094444453125 0.35632728125 0.2072893921875 0.3557840015625 0.3258423265625 0.4236951203125 0.32510138125 0.42478168125 0.33695671875
3 0.6459002671875 0.42735328125 0.646195640625 0.1094444453125 0.48074045937500004 0.11170609218750001 0.4801971375 0.42957617031249995 0.5405022453125 0.430317115625 0.6459002671875 0.42735328125
3 0.61221636875 0.501011175 0.5627770828124999 0.50619784375 0.5502814203125 0.47952344374999994 0.5415888062499999 0.48100536250000003 0.5394156406249999 0.42913845312500004 0.48074045937500004 0.42913845312500004 0.4818270203125 0.744785628125 0.64483694375 0.74462963125 0.644270425 0.5854801234375 0.6437271453125 0.47952344374999994 0.6296015984375 0.4787825 0.61221636875 0.501011175
0 0.026563879687500003 0.7182510125 0.02221759375 0.73529301875 0.021195640625 0.7511111125000001 0.056988051562499996 0.7515940249999999 0.056988051562499996 0.7389977984375 0.0357998171875 0.7115824265625 0.026563879687500003 0.7182510125
0 0.0906719921875 0.5706491765624999 0.072826075 0.566851853125 0.072743440625 0.611401746875 0.0781763296875 0.613624609375 0.098278046875 0.5825044859374999 0.0906719921875 0.5706491765624999
3 0.292140925 0.33712869218749997 0.2937707671875 0.1726364765625 0.29322748593750003 0.12151052656250001 0.1150287359375 0.12225148593749999 0.0949270203125 0.09631803125 0.068849175 0.0948361140625 0.0487474578125 0.12151052656250001 0.003306215625 0.120555509375 0.0025678984375 0.2756293359375 0.0025678984375 0.340833471875 0.1622948578125 0.33712869218749997 0.292140925 0.33712869218749997
3 0.11294683125 0.2949523078125 0.090930375 0.3214399765625 0.08294209999999999 0.32120831875 0.08294209999999999 0.399738934375 0.072064446875 0.39927561875 0.07138459375 0.5693094421875 0.07087470312500001 0.6063740359375 0.07087470312500001 0.6214315265625 0.11795454375 0.62258979375 0.11892300156249999 0.7484173125 0.2965785125 0.7498992015625 0.2949486296875 0.3208857609375 0.12381260937500001 0.3208857609375 0.11294683125 0.2949523078125
1 0.0708679984375 0.0904101109375 0.0510569734375 0.1174079375 0.0493659484375 0.12978394843750002 0.117282396875 0.131292534375 0.11841445625 0.1174079375 0.0963393140625 0.0911814765625 0.0708679984375 0.0904101109375
0 0.8041509328125 0.294733225 0.8257629578125 0.325026890625 0.83440776875 0.325026890625 0.8332509953124999 0.2821548796875 0.8232930125 0.28042788281250003 0.8115607703125001 0.283793846875 0.8041509328125 0.294733225
3 0.9517301984375001 0.44033921249999997 0.9517301984375001 0.4285583421875 0.9350580640624999 0.40667958281249994 0.9332056046874999 0.384800825 0.9517301984375001 0.35955610312499997 0.9511127125 0.32926243906249997 0.9332056046874999 0.32168902187500004 0.9350580640624999 0.308225171875 0.9523476859375 0.28802939375 0.952965171875 0.2661506359375 0.9949542515625 0.2653091453125 0.9937192781249999 0.1819453765625 0.8251454718750001 0.1819453765625 0.8263804453124999 0.2803997875 0.8053859062500001 0.29133916718749997 0.8060033921875001 0.29807109375 0.8152656890625 0.30816898125000003 0.8257629578125 0.3233158140625 0.8263804453124999 0.36454885937500003 0.8257629578125 0.41335531875 0.7720416359375 0.4150383015625 0.7738940953125 0.544684059375 0.7232602046875 0.5463670406250001 0.7232602046875 0.64902890625 0.8356427421875001 0.647345925 0.8362602296875 0.6919449328125 0.9252717468749999 0.6904040375 0.92517828125 0.647345925 0.9955717390625001 0.6465044343749999 0.9943367656250001 0.44202219375 0.9517301984375001 0.44033921249999997