5 0.2946885609375 0.180179771875 0.2946885609375 0.157638028125 0.23351196875000002 0.156385703125 0.17426214375 0.1582159640625 0.174938628125 0.1783012984375 0.2421895 0.17955362187499999 0.2946885609375 0.180179771875
5 0.026986700000000002 0.45169140781249995 0.027420570312499996 0.4372897359375 0.013129331250000001 0.4336463234375 0.0131026453125 0.45983148125 0.0131026453125 0.47924245 0.02611894375 0.4786162765625 0.026986700000000002 0.45169140781249995
5 0.1389268578125 0.8263912953125001 0.1384929875 0.8044757 0.1107248796875 0.8032233765625 0.078233496875 0.80375586875 0.07861800468749999 0.8257651218750001 0.1072538859375 0.8257651218750001 0.1389268578125 0.8263912953125001
5 0.3003289703125 0.8252670953125 0.30076284062499997 0.804603825 0.26301555625 0.8033515 0.22526830625 0.8052299984375001 0.22570217656249997 0.82589326875 0.26041230312499997 0.8265194203125 0.3003289703125 0.8252670953125
5 0.49210244375 0.8246409453125001 0.4912346375 0.804603825 0.466503684375 0.804603825 0.429795996875 0.8045383421875 0.43222746093750003 0.82589326875 0.4652020421875 0.82589326875 0.49210244375 0.8246409453125001
5 0.49991216875 0.180805946875 0.4994783328125 0.157638028125 0.4448098546875 0.157011853125 0.4097222125 0.1582159640625 0.4092319875 0.180805946875 0.45305355 0.180179771875 0.49991216875 0.180805946875
5 0.6636936234374999 0.1803406390625 0.6632597203125 0.1577988703125 0.6168349375 0.1559203953125 0.57214566875 0.1577988703125 0.5725795390624999 0.1803406390625 0.6237769906249999 0.18096678906250002 0.6636936234374999 0.1803406390625
5 0.6910278625 0.5077086359375 0.6914616984374999 0.47013904375 0.6766492953125 0.4696400640625 0.677143825 0.512717909375 0.677143825 0.555296775 0.6914616984374999 0.55592295 0.6910278625 0.5077086359375
5 0.6450369171875 0.8260541124999999 0.6450369171875 0.8035123656250001 0.6142317187499999 0.8022600421874999 0.58441839375 0.8029733968749999 0.58429419375 0.8254279625000001 0.618570484375 0.8260541124999999 0.6450369171875 0.8260541124999999
5 0.8969956484375 0.8267139140624999 0.8965617453125001 0.80479831875 0.848835353125 0.8035460421874999 0.8215060671875 0.80375586875 0.8228027578124999 0.8260877640625001 0.8644549046875 0.8273400640625 0.8969956484375 0.8267139140624999
0 0.7013173125 0.7097782265625 0.7052221750000001 0.7197968 0.7182384734375 0.7379554203125 0.736461309375 0.74734781875 0.7481759640625001 0.7479739921874999 0.7482638796875001 0.6917058765624999 0.7481759640625001 0.69161960625 0.6995818 0.69161960625 0.7013173125 0.7097782265625
0 0.645347225 0.4075566859375 0.6388390765625 0.42821995625 0.6392144 0.45164319218750004 0.6765863265625 0.450761725 0.678321840625 0.3887718890625 0.6592312625 0.39190268906250003 0.645347225 0.4075566859375
0 0.6640038984375 0.6387378078125 0.6778879703125 0.64124245625 0.6787557093750001 0.5798787953125 0.6365017265625 0.5768388109375 0.6397068171875 0.6042990140625 0.649685990625 0.626840784375 0.6640038984375 0.6387378078125
0 0.4096411015625 0.36828763750000004 0.390550525 0.357016765625 0.3823068953125 0.35639061562499996 0.38621175937499996 0.41900660156249997 0.423525171875 0.41963275156249996 0.423525171875 0.40898802968750003 0.4196202765625 0.384567809375 0.4096411015625 0.36828763750000004
0 0.44001246250000003 0.5568898953125 0.45216102031250005 0.571291590625 0.46517731875 0.5781793875 0.47559036250000003 0.576927015625 0.47536891406250004 0.5189358375 0.43133493125 0.5218249515625 0.43133493125 0.5374789484375 0.44001246250000003 0.5568898953125
0 0.4977180625 0.39659297968749996 0.47559036250000003 0.38970524218749997 0.4748263796875 0.44929577500000006 0.51463925625 0.44981656875000003 0.5150731265624999 0.4366672203125 0.508564978125 0.4134992890625 0.4977180625 0.39659297968749996
0 0.5276555546874999 0.686504990625 0.5415395921874999 0.6915142890625 0.5415395921874999 0.6270198046875 0.501953115625 0.6269170578125001 0.5046600812500001 0.6526923484375 0.5094327171875 0.67022484375 0.5276555546874999 0.686504990625
0 0.1677664296875 0.1308394640625 0.1599566375 0.11831626718749999 0.1478081125 0.10892386875 0.13696119843750001 0.10955003125 0.13736978125 0.1762128328125 0.1751423171875 0.17967994062499998 0.17167132499999999 0.148371953125 0.1677664296875 0.1308394640625
0 0.1230771265625 0.39257428125 0.10702370624999999 0.38881733125 0.106155965625 0.45205946875 0.1473742421875 0.45205946875 0.1473742421875 0.43703164531249994 0.13696119843750001 0.406975978125 0.1230771265625 0.39257428125
0 0.2332817875 0.5618937390625 0.2380544234375 0.54498741875 0.23848832656250002 0.530585746875 0.19379339375 0.5298904546875 0.1959684078125 0.5844354859374999 0.2046459390625 0.586940134375 0.22113326249999998 0.5794262109375 0.2332817875 0.5618937390625
0 0.11873836093750001 0.6420421968750001 0.1256804125 0.6232574015625 0.12958527656250002 0.60384643125 0.12784979531250001 0.590070934375 0.087999121875 0.5901408453125 0.08966864218750001 0.65894849375 0.1083253484375 0.65331309375 0.11873836093750001 0.6420421968750001
0 0.300532659375 0.5525013421875 0.2931567703125 0.5687814890625 0.290553484375 0.591323234375 0.3361105265625 0.5925755578125 0.336480025 0.5361502359375 0.323962034375 0.5374734953125 0.3113795734375 0.5418566203124999 0.300532659375 0.5525013421875
3 0.0866315203125 0.4538098421875 0.33524278750000003 0.45067904375 0.3369783328125 0.2791112078125 0.3365444296875 0.158262359375 0.1747084484375 0.1551315609375 0.1664647859375 0.127580553125 0.1460726 0.10816957187500001 0.136093425 0.10942189531249999 0.13652732812499999 0.158262359375 0.014214399999999999 0.1582159640625 0.01330636875 0.3204377734375 0.01330636875 0.4093524546875 0.0879331296875 0.4093524546875 0.0866315203125 0.4538098421875
3 0.2029104265625 0.8231305546875 0.201608815625 0.7004032078125 0.201608815625 0.5914513828125 0.014214399999999999 0.5924882640625 0.014174109374999999 0.7097956062499999 0.014174109374999999 0.8281398046874999 0.1682002984375 0.8256351562500001 0.2029104265625 0.8231305546875
3 0.19423289531250001 0.642170321875 0.19423289531250001 0.82250435625 0.3365444296875 0.8237567046875001 0.335676690625 0.665338240625 0.33480895 0.5131814 0.19336515468749998 0.5156860609375 0.19423289531250001 0.642170321875
3 0.4682876109375 0.45317001250000005 0.560269434375 0.44690841406250004 0.5594016953125001 0.3291903640625 0.5355384812499999 0.3279380640625 0.5355384812499999 0.2471634328125 0.5585338890625 0.2471634328125 0.5572323109374999 0.1588749140625 0.36794703906250004 0.15665101718750002 0.3671943171875 0.2866114984375 0.36892983125 0.42311436718750006 0.46872144687499995 0.41998356875000004 0.4682876109375 0.45317001250000005
3 0.550290259375 0.6265026921875 0.492584659375 0.6252503921875 0.49215082343749994 0.6452874875 0.36686196875 0.644913928125 0.3684959609375 0.8243692218750001 0.49648958906249996 0.8243692218750001 0.5515919031250001 0.8243692218750001 0.550290259375 0.6265026921875
3 0.5449291671875 0.82329864375 0.690277825 0.8239248421875001 0.6894100843750001 0.71309451875 0.6902126640625 0.575273865625 0.5427597828125 0.5772178234374999 0.5440613937500001 0.696188196875 0.5449291671875 0.82329864375
3 0.5267063296875001 0.236202453125 0.5267063296875001 0.33638803125 0.5510034453125 0.33764035625 0.550135671875 0.44721833125000005 0.690277825 0.45222762968749997 0.68912759375 0.1597809078125 0.5510034453125 0.16043713125 0.550135671875 0.235576303125 0.5267063296875001 0.236202453125