5 0.0291810640625 0.1997184015625 0.052255423437500004 0.162089928125 0.044477974999999996 0.14322100468750001 0.026696131249999998 0.173064884375 0.0039767828125 0.20834158125000002 0.011431565624999999 0.22715583281249999 0.0291810640625 0.1997184015625
5 0.0139164984375 0.3055484953125 0.0139164984375 0.2255879734375 0.0005326625 0.221590909375 0.00078186875 0.30084494687499996 0.00078186875 0.379237609375 0.0142714828125 0.369046540625 0.0139164984375 0.3055484953125
5 0.051900410937499995 0.4366246546875 0.0355708796875 0.41153902656249997 0.0121415484375 0.373126609375 0.004083798437499999 0.3900862078125 0.016756415625 0.40997116718750004 0.027406114062499997 0.42721755781250004 0.0469305734375 0.457006765625 0.051900410937499995 0.4366246546875
5 0.1591073890625 0.593410009375 0.1591073890625 0.5667564921875 0.1392279578125 0.5667564921875 0.1115056734375 0.5664184953125 0.11118374687499999 0.5926260953125 0.1374530078125 0.593410009375 0.1591073890625 0.593410009375
5 0.333762428125 0.816365996875 0.3334074703125 0.787360734375 0.31423798125 0.787360734375 0.3003933953125 0.78814465 0.3003933953125 0.8147981671875 0.31814289218749997 0.8171499109375 0.333762428125 0.816365996875
5 0.43372769062499994 0.592950321875 0.4511221765625 0.592950321875 0.4514771890625 0.5655128890625 0.43230769999999996 0.5655128890625 0.41704312187500003 0.5670807484375 0.4004793953125 0.565438871875 0.401778596875 0.5921664062499999 0.411718271875 0.592950321875 0.43372769062499994 0.592950321875
5 0.4912360515625 0.23875770937500002 0.4912360515625 0.172907890625 0.4786043953125 0.169670846875 0.478456390625 0.21680776875 0.478456390625 0.2912808 0.4915910078125 0.293632603125 0.4912360515625 0.23875770937500002
5 0.565057396875 0.153875203125 0.56541238125 0.08880928437499999 0.553178259375 0.08738244687499999 0.5533427453125 0.1515234 0.5533427453125 0.2056143484375 0.565057396875 0.2056143484375 0.565057396875 0.153875203125
5 0.565057396875 0.397836809375 0.56541238125 0.34531371875 0.553178259375 0.34502351249999996 0.552987734375 0.3994046375 0.5533427453125 0.44722418125 0.565057396875 0.448792040625 0.565057396875 0.397836809375
5 0.6626796296874999 0.59225060625 0.6626796296874999 0.5655970890625001 0.6239857484375 0.5655970890625001 0.6015624921875 0.565438871875 0.6016213718750001 0.59225060625 0.637830334375 0.5938184359374999 0.6626796296874999 0.59225060625
5 0.8116922453125 0.0357093375 0.8116922453125 0.0082719046875 0.7914578031249999 0.0074879906250000005 0.7689097921875 0.0070532921875 0.768738440625 0.034925421875 0.7900378375 0.0364932671875 0.8116922453125 0.0357093375
5 0.963272965625 0.594346365625 0.9636279234374999 0.56612501875 0.9330988203125001 0.56612501875 0.9113991390624999 0.565438871875 0.9125093937500001 0.5935624515625 0.9387786281249999 0.5935624515625 0.963272965625 0.594346365625
5 0.8077873343749999 0.8124383984374999 0.80743235 0.7889205984375 0.7882628875 0.7881366859375001 0.7755681734375 0.7887931046875 0.7765482359375 0.8132223140624999 0.7935877375 0.8140062875 0.8077873343749999 0.8124383984374999
0 0.901504684375 0.1275891796875 0.9050545828125 0.110342803125 0.892984946875 0.0782018078125 0.8794953187500001 0.0343019140625 0.8678977187499999 0.039380878125000005 0.8684906078125 0.1362124046875 0.8819802375 0.135428446875 0.8926299343749999 0.132292771875 0.901504684375 0.1275891796875
0 0.8418663625 0.24204248593750002 0.8574859531250001 0.2671281125 0.859970871875 0.2569370734375 0.8638757828125 0.233419275 0.864940709375 0.21460505312499997 0.8645857515625 0.1910872546875 0.8226207296875 0.190242946875 0.82056699375 0.2075497015625 0.82411689375 0.2193086015625 0.8418663625 0.24204248593750002
0 0.8337016109375 0.3840936296875 0.8411563937500001 0.35822402656249996 0.8333466265625 0.344113353125 0.8209219781250001 0.3386258609375 0.8057528328125001 0.3401253921875 0.806012384375 0.434264915625 0.8163070984375 0.435832775 0.8258918421875 0.40761142812499995 0.8337016109375 0.3840936296875
0 0.8276667921875 0.645301596875 0.8390264593750001 0.6319748671875 0.8528710734375 0.606889209375 0.8642307406249999 0.588858903125 0.8638757828125 0.56612501875 0.8190695937499999 0.5664184953125 0.819147028125 0.5912106765625 0.82234194375 0.621783796875 0.8276667921875 0.645301596875
0 0.6846058359375 0.0866645828125 0.6743111234375 0.1164537890625 0.6810559375 0.1282126890625 0.6874457671875 0.13370018125 0.699515403125 0.138403728125 0.710875096875 0.1391876734375 0.7103160421875 0.0403605015625 0.7016453640625 0.034925421875 0.69561051875 0.053739657812499994 0.6846058359375 0.0866645828125
3 0.65762660625 0.282806646875 0.710875096875 0.2812388171875 0.7105201125 0.1362124046875 0.7101651015625 0.008895428125 0.5540660421875 0.008032915625000001 0.5529045609375001 0.1605141046875 0.55361454375 0.28437450468750003 0.5901785046875 0.28437450468750003 0.65762660625 0.282806646875
3 0.7641235890625 0.20927798125 0.7002254 0.2108458265625 0.7002254 0.2563135796875 0.6224825968750001 0.2610171265625 0.55361454375 0.25552965 0.5529045609375001 0.4428881265625 0.5536221515624999 0.5899294671875001 0.67679606875 0.59183415625 0.7612836578125 0.5894824109375 0.7641235890625 0.20927798125
3 0.8152421453124999 0.3394098046875 0.8056574 0.3386258609375 0.80672238125 0.434264915625 0.7531189046875 0.42956136718750004 0.7524089093749999 0.5894824109375 0.8180820484375 0.588698496875 0.8212769625 0.614568040625 0.8251818468750001 0.636518009375 0.8287317453125 0.645141190625 0.8411563937500001 0.62867874375 0.8628108015624999 0.5894824109375 1 0.5894824109375 0.9992897640624999 0.23334639531249998 0.8798503296875 0.22966006249999998 0.8798503296875 0.18811195625 0.8152421453124999 0.187328028125 0.8152421453124999 0.3394098046875
0 0.3327642671875 0.545638165625 0.32300204374999997 0.53011645625 0.3105063796875 0.5223555703125 0.29550780312499997 0.523922415625 0.29683926718750003 0.6206599828125 0.3073824859375 0.6223845953125 0.3190971546875 0.5861672109375 0.3327642671875 0.545638165625
3 0.49122829531249995 0.585400396875 0.4908558703125 0.5360862187500001 0.5117116578124999 0.4719777859375 0.510221959375 0.4374578609375 0.4904834453125 0.3848560703125 0.4901110203125 0.005958796875 0.29645013124999997 0.0051368937500000005 0.2953328796875 0.69471349375 0.3768938859375 0.6930696875 0.37540420937499996 0.59115371875 0.49122829531249995 0.585400396875
0 0.221454471875 0.1462611203125 0.2279638078125 0.152245859375 0.23555803437499997 0.1570336515625 0.243152259375 0.159427546875 0.254001153125 0.1546397546875 0.254101575 0.04999999375 0.24423715000000001 0.0493083328125 0.21548757968749999 0.134291640625 0.221454471875 0.1462611203125
0 0.211148021875 0.4431841453125 0.2030113515625 0.5521064109375 0.2100631328125 0.5664697875 0.241524925 0.49345595937500003 0.23555803437499997 0.46832005312499997 0.225794028125 0.4563505734375 0.211148021875 0.4431841453125
0 0.511119946875 0.44071032499999996 0.49159193749999996 0.38445376875 0.4786241390625 0.3905651296875 0.48020059843749996 0.542450903125 0.49159193749999996 0.5388600593749999 0.511119946875 0.48020960781250005 0.511119946875 0.44071032499999996
3 0.0025517171875 0.3880292546875 0.044048737500000004 0.45805071249999996 0.044048737500000004 0.5940539265625 0.1923395609375 0.5927073593750001 0.202103565625 0.58328139375 0.25458509218750003 0.4701698109375 0.25458509218750003 0.0069509390625 0.13863753437499998 0.0069509390625 0.044067390625 0.004310340625 0.0434384875 0.13891445468750002 0.000720965625 0.21432217812499998 0.0025517171875 0.3880292546875