0 0.4382179828125 0.730412878125 0.41842885937499996 0.7359727640625 0.4024453484375 0.7538879390625 0.39369244999999997 0.7755097140625 0.39377226875 0.806423015625 0.394453571875 0.8076334953125001 0.43859855468750003 0.8076334953125001 0.4382179828125 0.730412878125
0 0.311110915625 0.658134346875 0.3225277125 0.62909939375 0.3255722015625 0.599446671875 0.2776873375 0.5991111890624999 0.2776216171875 0.600682196875 0.2776216171875 0.6698718859375 0.311110915625 0.658134346875
0 0.2519371 0.5505324140625001 0.2668861609375 0.562383690625 0.28565940312500004 0.5652054296875 0.286007065625 0.49748387968749996 0.285896134375 0.49551631875 0.23976925 0.49409779218749994 0.23907396093750002 0.5138499234375 0.2428981234375 0.5313446468749999 0.2519371 0.5505324140625001
0 0.421591603125 0.390258090625 0.40838078125 0.39420851875 0.3958652875 0.406624134375 0.3812638890625 0.43709882968749997 0.3812638890625 0.4687022140625 0.3930840578125 0.468137865625 0.4226345359375 0.4687022140625 0.421591603125 0.390258090625
5 0.16825637031250001 0.489049559375 0.1800567984375 0.46083849375 0.1624634421875 0.44203111718750004 0.1493757296875 0.428448009375 0.1326406 0.412426909375 0.1234148265625 0.40337150624999996 0.1206463453125 0.40423265781250006 0.11118530468750001 0.429492865625 0.12255661250000001 0.442379403125 0.1407936109375 0.46223163749999996 0.16825637031250001 0.489049559375
3 0.3094167765625 0.6652604578125 0.328205665625 0.6463794125 0.334021284375 0.6078911859375 0.3317845140625 0.5962720765625 0.2857069578125 0.59554588125 0.2861543015625 0.45466437812500005 0.20518305468750003 0.4553905546875 0.187736221875 0.472819209375 0.08931814375 0.3776878671875 0.0784638203125 0.3664847859375 0.0020839453125 0.8054157843749999 0.2866016453125 0.8083205671875 0.2857069578125 0.66961763125 0.3094167765625 0.6652604578125
5 0.4735057125 0.192191365625 0.44565848125 0.180710859375 0.4133910921875 0.16779528593749998 0.402340615625 0.16349008125 0.390943278125 0.1594094390625 0.3851018515625 0.19147383125 0.4200213875 0.20582447343750002 0.46731742656249997 0.22735043593749998 0.4735057125 0.192191365625
3 0.5473238828125 0.38340723125 0.545868834375 0.22908700624999997 0.489605596875 0.20625393125000002 0.39405510781249997 0.16688651875 0.27037299843749996 0.11413419218750001 0.25004387499999997 0.10691675625 0.18743324374999998 0.470802846875 0.43237232812500004 0.46686611562499997 0.4314022421875 0.382619903125 0.5473238828125 0.38340723125
0 0.51666388125 0.51214839375 0.502476709375 0.51379340625 0.4828849046875 0.5340818265625 0.47612910781249995 0.560401940625 0.4750474578125 0.592457915625 0.49200522500000005 0.5922053984375 0.51801504375 0.5911087390625 0.51666388125 0.51214839375
0 0.5842218 0.5631436125 0.5825328546875 0.54285519375 0.5781415859375 0.524211784375 0.5676701390625001 0.5066650515625 0.5565230546875 0.49679499531250004 0.5372690687499999 0.4978916703125 0.5372690687499999 0.5318884765624999 0.5382824125 0.56369195 0.5842218 0.5631436125
5 0.6900183703125 0.4696685984375 0.6963801578125 0.4337953875 0.6320925203125001 0.4087928484375 0.61501613125 0.40227044999999995 0.5947156625 0.3941101640625 0.5895689421875 0.42455532187499995 0.6277397078125 0.440861328125 0.6622273437499999 0.4577108640625 0.6900183703125 0.4696685984375
0 0.7124520765625 0.42243208125000004 0.759328465625 0.443629890625 0.771047571875 0.3751446640625 0.7700641515625 0.3735717234375 0.7456003828125 0.3659045984375 0.7238363234375 0.382754140625 0.7158003828124999 0.4055825390625 0.7124520765625 0.42243208125000004
5 0.8656898953125 0.353331503125 0.843182125 0.34331329843749997 0.8246676484375 0.33683094062499996 0.8251135265625 0.33716669062500004 0.8195852546875001 0.37042136718749996 0.8424560453125001 0.381028871875 0.8606074609375 0.388100546875 0.8656898953125 0.353331503125
5 0.9769321421875 0.6425146093749999 0.9689455125 0.595370146875 0.9605958625 0.5499935921875 0.9533352734375 0.553529421875 0.9368306140625 0.5598470390625 0.9460747218750001 0.6136386171875 0.9631370406249999 0.7082221859375 0.9845557125 0.6973200515625 0.9769321421875 0.6425146093749999
3 0.596535278125 0.806719096875 0.9983337140625 0.805598434375 0.9265346921875001 0.38309843906249996 0.7725809671875 0.32346830312499997 0.76774838125 0.3660545140625 0.7325391906250001 0.35708903125 0.7056146046875 0.39743385781249996 0.7056146046875 0.426571753125 0.7553216265625 0.446744165625 0.753250475 0.46019248125 0.547518653125 0.37950283125 0.5454475015625 0.362692465625 0.5302592374999999 0.3716580109375 0.5337111046875 0.41424422187500004 0.5392341234375 0.49628808593749996 0.538543765625 0.5937881015625 0.5951545234375 0.592667409375 0.596535278125 0.806719096875