5 0.027257853125 0.038577015625 0.021707471875000002 0.05690090625000001 0.0283459796875 0.0682829203125 0.0399127109375 0.0353433890625 0.0352504015625 0.017558442187500002 0.027257853125 0.038577015625
5 0.0550097328125 0.005162875 0.0342053546875 0.020240215625 0.039024653124999996 0.0364212703125 0.047017184375 0.0315708265625 0.0552317546875 0.024025703125 0.0550097328125 0.005162875
5 0.07388100625 0.020253132812499998 0.0542248859375 0.0048191015625 0.054565703125 0.026181448437499998 0.0623362296875 0.032109764062500004 0.0698847484375 0.0374991421875 0.07388100625 0.020253132812499998
5 0.08697989218749999 0.0552840984375 0.0740002765625 0.020240215625 0.06833064062500001 0.035882334375000005 0.073436978125 0.050433646875 0.0800974390625 0.0671407109375 0.08697989218749999 0.0552840984375
0 0.1569146515625 0.084386721875 0.15758067343749999 0.0622902859375 0.1235608234375 0.061165482812500005 0.12405640468750001 0.07522478906249999 0.15003216875 0.12049555 0.15491649999999998 0.1048663671875 0.1569146515625 0.084386721875
5 0.20967894999999998 0.021903954687499998 0.202574459375 0.036994203125 0.196136034375 0.0526234046875 0.2021741046875 0.06709668125 0.2087908921875 0.051006596875 0.21411925156249997 0.038072075 0.20967894999999998 0.021903954687499998
5 0.22766216718750001 0.012742004687499999 0.21611738906250003 0.017592448437499998 0.2090100421875 0.0208333359375 0.21323119375 0.0407667734375 0.221889778125 0.0348384578125 0.2285502234375 0.029988015624999996 0.22766216718750001 0.012742004687499999
5 0.24653344062500002 0.0240597 0.2383188859375 0.016514575 0.22744014375 0.0105862609375 0.2273205890625 0.008970939062499999 0.226996115625 0.0310658875 0.23476664062500002 0.0364552671875 0.24298121093749997 0.04292251875 0.24653344062500002 0.0240597
5 0.2600763546875 0.05477915 0.2523058296875 0.0364552671875 0.2461194171875 0.020240215625 0.24142710312500001 0.0407667734375 0.24653344062500002 0.053162340625000006 0.253415909375 0.069869415625 0.2600763546875 0.05477915
0 0.16150168125 0.38313639374999997 0.15595130625 0.372896571875 0.146404659375 0.36696825624999996 0.1367444171875 0.3672153046875 0.1368580109375 0.45050360781250004 0.1426304 0.45050360781250004 0.16150168125 0.38313639374999997
0 0.2749513703125 0.6650873171875 0.28605211875 0.6650873171875 0.28713504218749997 0.5789590765625 0.27939167187499997 0.5804740921875 0.2605203984375 0.649458115625 0.2678468953125 0.65969791875 0.2749513703125 0.6650873171875
5 0.111089878125 0.7354600359375 0.1112323703125 0.7164350984375 0.0711908171875 0.71678100625 0.037623890625 0.7161141984375 0.037419115625 0.7351141296875 0.0567986578125 0.7354600359375 0.0854404859375 0.7351141296875 0.111089878125 0.7354600359375
3 0 0.7324465046874999 0.14439769062500002 0.7387124109375 0.28701137656250003 0.7387124109375 0.28765670625 0.5084396375 0.1437523609375 0.506873159375 0.14439769062500002 0.289132303125 0.110841540625 0.29226525468750003 0.1134227765625 0.060426056250000006 0.0901915671875 0.0572930765625 0.083093146875 0.0165645578125 0.06308850625 0.00246624375 0.041147959375 0.0040327203125 0.0295323546875 0.022830490624999998 0.019207390625 0.0572930765625 0 0.057106421875 0 0.401918921875 0 0.7324465046874999
3 0.285464609375 0.24721346562500002 0.285464609375 0.061073834375000004 0.2632488984375 0.0602040265625 0.2571574703125 0.0367191171875 0.24425802968750002 0.017583265625 0.2274170640625 0.006275721874999999 0.2084261953125 0.017583265625 0.1923018875 0.06194364375 0.16986727968749998 0.0594696453125 0.16936951875 0.335064415625 0.170086153125 0.5229436921875 0.2858229390625 0.5212040765625 0.285464609375 0.24721346562500002
5 0.5230356359375 0.0625004921875 0.4948750125 0.061714746875000004 0.4478140671875 0.059774829687499996 0.44729325624999994 0.0821440140625 0.47901441875 0.083715490625 0.52335933125 0.082929753125 0.5230356359375 0.0625004921875
5 0.6651335578124999 0.060929007812500005 0.6090563718750001 0.0615043 0.6094596578125 0.0821440140625 0.6311465703125 0.083715490625 0.66545723125 0.083715490625 0.6651335578124999 0.060929007812500005
5 0.4725407078125 0.47038408125000003 0.438915484375 0.46965934843749996 0.43855374375 0.49002759687499997 0.4592696125 0.49002759687499997 0.47221703593750003 0.48924185781249996 0.4725407078125 0.47038408125000003
5 0.59942540625 0.4680268390625 0.5442746953125 0.4687946140625 0.544398875 0.4915990734375 0.574177953125 0.4915990734375 0.59942540625 0.49002759687499997 0.59942540625 0.4680268390625
5 0.68584940625 0.47038408125000003 0.6440939921875 0.469598315625 0.63041296875 0.46965934843749996 0.6304992234375 0.48924185781249996 0.668694096875 0.490813334375 0.6868204703125 0.490813334375 0.68584940625 0.47038408125000003
0 0.62888076875 0.469598315625 0.6492729421875 0.4028103578125 0.641504515625 0.391024228125 0.6317939609375001 0.38473831875000003 0.6225822171875001 0.383185821875 0.6217596890625 0.38238107656250003 0.62337814375 0.469598315625 0.62888076875 0.469598315625
0 0.5120303421875 0.45466925781249995 0.52076985625 0.455454996875 0.521494325 0.36935005625 0.51300140625 0.3705949734375 0.49422764375000006 0.43738295781250003 0.5019960921875 0.4499548 0.5120303421875 0.45466925781249995
0 0.48354602343749997 0.44681184687500003 0.491961840625 0.44759758437499997 0.491595090625 0.35983796875 0.4845170875 0.3627375625 0.4660670203125 0.42716833125000003 0.47545387968749997 0.443668865625 0.48354602343749997 0.44681184687500003
5 0.794861821875 0.0621887140625 0.7777064921875 0.062974459375 0.7386197265625001 0.059774829687499996 0.7388642484375 0.0857609359375 0.765082765625 0.0857609359375 0.794861821875 0.084975196875 0.794861821875 0.0621887140625
5 0.956704528125 0.062974459375 0.9395492203125 0.062974459375 0.9009298625 0.0615043 0.90167801875 0.084975196875 0.924012321875 0.084189459375 0.95735191875 0.0834037203125 0.956704528125 0.062974459375
5 0.7968039296875 0.46300062343750004 0.7527827125 0.46300062343750004 0.7407553859375 0.46101199687500005 0.7411300390625 0.48500138125000003 0.7679959359375 0.4842156421875 0.7968039296875 0.4842156421875 0.7968039296875 0.46300062343750004
5 0.9673861484374999 0.4606434078125 0.911964103125 0.46014726093749997 0.91171226875 0.4842156421875 0.9346939421875 0.48342987812500005 0.9680335390625 0.48342987812500005 0.9673861484374999 0.4606434078125
0 0.843738315625 0.357711346875 0.838559365625 0.374997646875 0.8353224984375001 0.4001413578125 0.8361481843749999 0.42555785 0.8731937000000001 0.42292785468750005 0.8728700046875 0.40564155468749996 0.843738315625 0.357711346875
3 0.88128584375 0.47705991406250003 0.9978125953125 0.47941710468750004 0.9978125953125 0.2719815296875 0.99813626875 0.066903159375 0.8607082703125 0.064963240625 0.8612173421874999 0.1894787484375 0.8822568859375 0.1894787484375 0.88128584375 0.47705991406250003
3 0.82561194375 0.47548843749999997 0.8249645750000001 0.1886930109375 0.8667199890624999 0.1902644875 0.8673673578125 0.0676889046875 0.7126358671874999 0.064963240625 0.7132931 0.24998079999999998 0.7126457312500001 0.4786313921875 0.82561194375 0.47548843749999997
3 0.5768316625 0.3781790125 0.6290778312499999 0.3781790125 0.62984615625 0.32129352187500004 0.6936171765625 0.320360975 0.6936171765625 0.06577517656250001 0.5580978937500001 0.06581165156249999 0.557239378125 0.1907367109375 0.5772158375 0.1916692578125 0.5768316625 0.3781790125
3 0.48540092343749996 0.4863546890625 0.5199755781250001 0.4854221109375 0.5203597265625 0.1907367109375 0.5637701390625 0.189804165625 0.5653067859375 0.06577517656250001 0.40559425468750004 0.063759046875 0.40664753124999997 0.316630790625 0.48693756875 0.316630790625 0.48540092343749996 0.4863546890625
1 0.1935753515625 0.64660596875 0.1624525875 0.7177583484375 0.1606445390625 0.7357651203125 0.257651634375 0.73554644375 0.257651634375 0.7162760078125 0.2185956140625 0.6451236265625 0.1935753515625 0.64660596875
1 0.2149341125 0.4613133078125 0.1899414140625 0.5192763890625 0.25582088281250004 0.5220893 0.25582088281250004 0.5043012046875 0.23019037031249998 0.458348625 0.2149341125 0.4613133078125