0 0.2302302359375 0.2655951171875 0.2265997046875 0.2870856046875 0.3004209703125 0.2884287640625 0.300506271875 0.22046607968749998 0.281058021875 0.2205994046875 0.2568543171875 0.227986746875 0.23991174375000002 0.2427614703125 0.2302302359375 0.2655951171875
0 0.1231288703125 0.210525721875 0.10981682968749999 0.1850057734375 0.09166406875000001 0.17426051250000002 0.068065475 0.16955947031250002 0.06801724218750001 0.2518806234375 0.1291798125 0.2541783125 0.1279696234375 0.2326877890625 0.1231288703125 0.210525721875
5 0 0.178961571875 0.0263140890625 0.1782899921875 0.025708976562500003 0.133294259375 0.024498821875 0.0956858890625 0 0.096016153125 0 0.178961571875
5 0.025366475 0.30673506875 0.026331376562499998 0.29334860625000003 0.0007616078125 0.2922776875 0.0002791453125 0.319050625 0.0258489390625 0.3195860703125 0.025366475 0.30673506875
3 0.142119078125 0.2527241453125 0.142119078125 0.3068054671875 0.2993973890625 0.3094827828125 0.2989149 0.225415778125 0.2969850984375 0.10975670625 0.296020225 0.0021295234375 0.23523168593750002 0.0021295234375 0.11944398437499999 0.0021295234375 0 0.001894934375 0.0007616078125 0.08994473593749999 0.0012440453125 0.250582334375 0.142119078125 0.2527241453125
5 0.599734590625 0.10691631875 0.5991840374999999 0.0678083953125 0.5736444671875 0.068674653125 0.5738579781250001 0.1503016671875 0.6002852046875 0.149690603125 0.599734590625 0.10691631875
0 0.4312611484375 0.186354290625 0.4174970125 0.158245471875 0.39657546875 0.1423578796875 0.3723505171875 0.140524690625 0.37250886875 0.22093805 0.4362162484375 0.2224068984375 0.433463421875 0.20468613593749999 0.4312611484375 0.186354290625
3 0.285911521875 0.2205737265625 0.4362162484375 0.221795853125 0.597532378125 0.21935159999999998 0.597532378125 0.1619118328125 0.59808293125 0.0005916515625 0.4494298921875 0.0018137734374999998 0.3417935796875 0.0016127968749999999 0.342069325 0.1099716171875 0.286462075 0.1099716171875 0.285911521875 0.2205737265625
0 0.48686842812500003 0.284124090625 0.5061382812499999 0.2664033109375 0.513846209375 0.2462383109375 0.5143967625 0.22485115156250002 0.44117135 0.22546219843749998 0.44227251875 0.29390106875 0.46594685625 0.2926789421875 0.48686842812500003 0.284124090625
5 0.5991840374999999 0.33484218125 0.5991840374999999 0.29390106875 0.5991840374999999 0.2572374140625 0.574139875 0.2588664765625 0.5738579781250001 0.3006227453125 0.57440853125 0.33606430781249996 0.5991840374999999 0.33484218125
0 0.4323287578125 0.7339671890624999 0.41724953124999997 0.712544959375 0.3907100125 0.699825503125 0.35816789843749997 0.6967138390625001 0.358138803125 0.7661005515625 0.43534466875 0.767439428125 0.4323287578125 0.7339671890624999
0 0.1416005625 0.7359755296875 0.126521303125 0.7319588484375 0.107219853125 0.7346366359375 0.089727903125 0.7406616406250001 0.07404545312500001 0.7553894375 0.0585746046875 0.776807378125 0.1114420421875 0.8156394640625001 0.1518544765625 0.7426699812499999 0.1416005625 0.7359755296875
0 0.40880514999999995 0.8423585921875001 0.3979480796875 0.8296391359375 0.3828687875 0.8222752375000001 0.3597961234375 0.8189618718749999 0.361154646875 0.8858725171874999 0.376837096875 0.8852030703124999 0.40880514999999995 0.8423585921875001
0 0.072235953125 0.8450363796874999 0.064394728125 0.8249530265624999 0.0487123140625 0.8115641234375 0.026998173437500002 0.802191903125 0.001044009375 0.800895659375 0.001061828125 0.8691363984375 0.0746486421875 0.8671280578125 0.072235953125 0.8450363796874999
5 0.5986303296875 0.676526459375 0.5986303296875 0.6209625265625001 0.5986303296875 0.5700847125 0.5741790046874999 0.57025035625 0.57390034375 0.62966531875 0.57390034375 0.6771959062499999 0.5986303296875 0.676526459375
3 0.3603779828125 0.906815540625 0.48040890625 0.9115016515625 0.599233484375 0.9101627578124999 0.5980271734375 0.8853933109375 0.5968208609375 0.7012959249999999 0.5974240171874999 0.515859671875 0.4695518359375 0.5171985625 0.3603388640625 0.5178583421875 0.3609811375 0.642384775 0.36158429375 0.7769431953125 0.3603779828125 0.906815540625
3 0.1245999015625 0.8214657000000001 0.25367839375 0.8214657000000001 0.3761220078125 0.819457378125 0.3767251625 0.765901765625 0.435232734375 0.76657123125 0.43161373437500006 0.731090634375 0.40869321562499994 0.7089989375 0.3755188515625 0.6982878234375 0.3761220078125 0.634021115625 0.3749156953125 0.51552935 0.2579006171875 0.516198796875 0.144504540625 0.5168682390625 0.0005012671875 0.5154495140625001 0.0015531 0.77393509375 0.056441637499999996 0.7752739875 0.1245999015625 0.8214657000000001