5 0.5872327640624999 0.045496889062500004 0.58812629375 0.03153935 0.5157492921875 0.032004620312499996 0.47284914218749996 0.031511628125 0.471965653125 0.045496889062500004 0.547916840625 0.0464273953125 0.5872327640624999 0.045496889062500004
5 0.37035709843750003 0.21897983124999998 0.370995334375 0.20402532343750002 0.30334134375 0.20369300625000003 0.2571428421875 0.20357142968750003 0.25802593906250004 0.21831518437500003 0.322488703125 0.2186475140625 0.37035709843750003 0.21897983124999998
5 0.23568735468750002 0.4838484921875 0.23568735468750002 0.4519455359375 0.23504911874999998 0.424695096875 0.20845968125 0.423671096875 0.20760455156250002 0.44131121562500003 0.20760455156250002 0.45792733593749996 0.20760455156250002 0.4838484921875 0.23568735468750002 0.4838484921875
5 0.3614216546875 0.8488141984375 0.3205739953125 0.82821019375 0.279088053125 0.8072739125 0.2554729484375 0.7959749203125 0.235594559375 0.8049003328125 0.2650466265625 0.8208990999999999 0.3014266375 0.8398414781250001 0.340359590625 0.8594485031250001 0.3614216546875 0.8488141984375
5 0.596934171875 0.87240908125 0.5962959359375 0.8584515265625001 0.466093890625 0.8577868921875 0.3896248859375 0.8580564781250001 0.38950445624999996 0.8727413984375 0.47247634375 0.8727413984375 0.596934171875 0.87240908125
5 0.7130947937500001 0.8252193 0.74883656875 0.8066092390625 0.7303274937500001 0.79630725 0.7009681718749999 0.8099324640625 0.6613969843749999 0.8308687703125001 0.6258579265625 0.8493355484375 0.642249625 0.86044548125 0.6754383609375 0.8454909734375 0.7130947937500001 0.8252193
0 0.579063334375 0.24523330468750001 0.595019465625 0.25187975156250003 0.6186345703125 0.2575292359375 0.6396965859375 0.25852620000000004 0.6403348703125 0.21166873593750002 0.5564245671875 0.2110465125 0.5580012203125 0.22429699687500002 0.564383671875 0.23626062343749998 0.579063334375 0.24523330468750001
0 0.5114092953125 0.433932121875 0.5471510703125 0.4425724984375 0.5726808796875 0.4442341109375 0.5745955875 0.3910625296875 0.475818021875 0.3900332234375 0.480135315625 0.408010978125 0.4903472296875 0.4213038734375 0.5114092953125 0.433932121875
0 0.530556653125 0.5802219703125 0.55480999375 0.5695876640625 0.572042596875 0.559285675 0.5816162765625 0.5459927796875 0.5803398046875 0.53070595625 0.4853950375 0.530398671875 0.48651776875 0.5842098546875001 0.499920909375 0.5848744890625001 0.530556653125 0.5802219703125
0 0.5471510703125 0.49242086875 0.524812484375 0.5090369890625001 0.5318331734374999 0.51368950625 0.5465127859375001 0.51701273125 0.564383671875 0.5200036124999999 0.5816162765625 0.5216652234375 0.5937429468750001 0.52133290625 0.5931364578125 0.47308970156249996 0.587998728125 0.47015525468749997 0.5694896546875 0.479792609375 0.5471510703125 0.49242086875
3 0.3416360609375 0.85878386875 0.367165871875 0.8714121046875001 0.46928511562499997 0.8727413984375 0.5994872124999999 0.871744421875 0.61608153125 0.871744421875 0.64799379375 0.857454575 0.747560096875 0.8056123 0.776919321875 0.7896608031250001 0.7750046640625 0.5240595078125 0.6122521171875001 0.5240595078125 0.6135285890625 0.5194069765625 0.5873604921875 0.51973930625 0.587998728125 0.5303736125 0.20845968125 0.5308139546875 0.208881071875 0.61857506875 0.2082427875 0.7360208796875 0.208881071875 0.79165473125 0.3416360609375 0.85878386875
3 0.485879484375 0.5493160046875001 0.4852412484375 0.584542171875 0.49545316250000004 0.5848744890625001 0.521621259375 0.5835451953125 0.5426833234374999 0.576898746875 0.5675749 0.5649351453125 0.5803398046875 0.5489836859375 0.5803398046875 0.5309702609375 0.5886370140625 0.5309702609375 0.587998728125 0.5203359546875 0.59438118125 0.5200036124999999 0.5924664749999999 0.473478478125 0.6141667749999999 0.47314616093749995 0.614805059375 0.44157553437499997 0.6645882109375 0.44157553437499997 0.6645882109375 0.3907302125 0.2108539359375 0.39127907031250003 0.21015754375 0.5363554265625 0.485879484375 0.5366877437500001 0.485879484375 0.5493160046875001
3 0.47758232500000003 0.39690833125 0.485879484375 0.418841603125 0.5203447390625 0.4391132640625 0.5490657765625 0.44376578125000005 0.5758721078125 0.44542739375 0.57651034375 0.39823762500000004 0.6639499265625 0.3979052828125 0.6633117390625001 0.21200106562499998 0.42014024843750003 0.21067177187500002 0.42014024843750003 0.20502228906250003 0.2108539359375 0.20440199374999998 0.208881071875 0.277468565625 0.21015754375 0.39624367031249996 0.3129150234375 0.39690833125 0.47758232500000003 0.39690833125