5 0.2932200828125 0.5257761859375 0.2934409140625 0.532802153125 0.2934409140625 0.541877346875 0.20731440937499998 0.542462846875 0.206872734375 0.5275326812500001 0.20181560156249997 0.5269471921875 0.19589316406249999 0.527859221875 0.196272553125 0.5573930171875 0.30382025156250003 0.55710026875 0.30382025156250003 0.5257761859375 0.2932200828125 0.5257761859375
5 0.1315262390625 0.5255489375 0.131816625 0.5397914484374999 0.0476072265625 0.54094625 0.0476072265625 0.5216996140625 0.035701765625 0.52208454375 0.035514865625 0.5229192703125001 0.035411396875 0.5548038265625 0.1443028421875 0.555958621875 0.1443028421875 0.525164009375 0.1315262390625 0.5255489375
0 0.18386184218749999 0.5278275421874999 0.18386184218749999 0.516492125 0.18325105625 0.5081929828125 0.1788228859375 0.49928658437499995 0.1549743015625 0.5170072359375 0.154696940625 0.521350165625 0.1548496421875 0.5280299609375 0.18386184218749999 0.5278275421874999
0 0.15108717656249998 0.3798806453125 0.15108717656249998 0.3507589703125 0.14758500000000002 0.3516030734375 0.1472300171875 0.351971865625 0.13039251406250002 0.3878996578125 0.14058065 0.4010030859375 0.150450415625 0.40098330156250006 0.15108717656249998 0.3798806453125
3 0.1409761375 0.5536574359374999 0.1424155734375 0.5293284578125 0.14889301875 0.5283743765625 0.1514120234375 0.333742625 0.038788528125 0.333912978125 0.0222350671875 0.3343900171875 0.0222350671875 0.5266365890625 0.036617300000000005 0.5293284578125 0.0373370171875 0.55270335625 0.1409761375 0.5536574359374999
0 0.149732128125 0.3278173328125 0.1501738171875 0.295027621875 0.15061550625 0.27511956406250004 0.1498075203125 0.27600580625000004 0.13118071874999998 0.2885867796875 0.1373645140625 0.3014684484375 0.1444317109375 0.31844884375000004 0.149732128125 0.3278173328125
0 0.0755264921875 0.17270649062500001 0.09584470625 0.1721209578125 0.0940779015625 0.15396951406249998 0.08877748437500001 0.1440154921875 0.0755264921875 0.152212915625 0.06404230625 0.1574826921875 0.0560917046875 0.163923534375 0.056091693750000005 0.17387755625 0.0755264921875 0.17270649062500001
5 0.28706450625 0.0049609703125 0.26204874375 0.0043791859375 0.235716346875 0.0040882953125 0.212675490625 0.0046700796875 0.20193452031249998 0.004664364062500001 0.20214254999999998 0.01863288125 0.2563433890625 0.0189237734375 0.2875033921875 0.0189237734375 0.28706450625 0.0049609703125
3 0.19006558125 0.35864414375 0.18828369375 0.527378165625 0.1971930015625 0.5289529 0.19838094687500002 0.5541486078125 0.302917059375 0.5525738734375001 0.30232311875 0.527378165625 0.316578021875 0.527378165625 0.316578021875 0.0078747703125 0.024945984375 0.005512646875 0.0229404828125 0.005620325000000001 0.0219762140625 0.1704639390625 0.2078841953125 0.1688892046875 0.2078841953125 0.357069409375 0.19006558125 0.35864414375
5 0.420752821875 0.55769196875 0.4539658578125 0.557014609375 0.453710378125 0.5400806874999999 0.430205759375 0.5397419984375 0.4041273546875 0.5396124375 0.40312435312500006 0.5465155703125 0.40363532500000004 0.55769196875 0.420752821875 0.55769196875
5 0.57966444375 0.557014609375 0.6113445937499999 0.55599858125 0.6105781296874999 0.5397419984375 0.5878399875 0.5404193578125 0.567782728125 0.5414406671875 0.5684231265624999 0.549563678125 0.568934084375 0.557014609375 0.57966444375 0.557014609375
0 0.4857062703125 0.344275221875 0.49128979531250005 0.343990540625 0.49107504999999996 0.318084659375 0.49080411718750006 0.2991349578125 0.47067373281249997 0.304704696875 0.47410973125 0.3166612546875 0.4790489953125 0.33260333750000004 0.4857062703125 0.344275221875
0 0.47002947187500005 0.3942365546875 0.47625725625 0.3997878125 0.49021604375 0.4009265359375 0.49128979531250005 0.3733125765625 0.49128979531250005 0.3582245296875 0.49061088125 0.358014721875 0.484847265625 0.36334878593750003 0.480015396875 0.3716045 0.472821234375 0.3852691265625 0.47002947187500005 0.3942365546875
0 0.5486816 0.4064402171875 0.5437881828125 0.3987177796875 0.52887494375 0.388524153125 0.5179230390625 0.382963996875 0.5149439140625 0.406843984375 0.515126796875 0.4079847015625 0.52188435 0.40767581093749994 0.5486816 0.4064402171875
0 0.5820033890625 0.29183920625000004 0.5810713078124999 0.281336690625 0.579207146875 0.2742320453125 0.5752458109374999 0.268362990625 0.558701421875 0.2801011 0.5472834921875 0.29183920625000004 0.5500797078125 0.29276590156250004 0.5820033890625 0.29183920625000004
5 0.6023298593749999 0.0221241625 0.6216273671875 0.0221241625 0.6216273984375 0.0035869375000000003 0.6009314906250001 0.0035869375000000003 0.5844307171875001 0.0035869375000000003 0.576599846875 0.004328428125 0.5774388484374999 0.0217534171875 0.6023298593749999 0.0221241625
5 0.41575547031250004 0.0232256328125 0.449096646875 0.0216838484375 0.464604178125 0.020655984375 0.4638287984375 0.0026683921875 0.432426059375 0.0031823249999999997 0.400101240625 0.0041308921875000005 0.3994725609375 0.011919151562499999 0.3994725609375 0.0232256328125 0.41575547031250004 0.0232256328125
0 0.46527681562499995 0.11861334375000002 0.4686176515625 0.1188146484375 0.47651417812499997 0.10049588437500001 0.48258842343749997 0.08217712968749999 0.46453250625000003 0.0728233890625 0.46466940624999997 0.085398009375 0.4649731109375 0.1027102421875 0.46527681562499995 0.11861334375000002
0 0.58062625 0.372146771875 0.5853489453125 0.3719380921875 0.5886548234375 0.36338202656249996 0.593220090625 0.35148700312500003 0.5982576234375 0.33771381875 0.5810433421875 0.3308048890625 0.58062625 0.34230488124999997 0.58062625 0.3466872546875 0.58062625 0.372146771875
3 0.48221887187499995 0.5539842046875 0.4825163265625 0.5283531359375 0.5066107359375 0.527958821875 0.5066107359375 0.40019780625 0.4902503359375 0.3998034828125 0.490547790625 0.3544562046875 0.37062660625 0.3551249546875 0.3625951421875 0.355519278125 0.36353165781249996 0.5283531359375 0.3763225078125 0.52874745 0.3763225078125 0.5539842046875 0.48221887187499995 0.5539842046875
3 0.6431620171875 0.5538840031250001 0.6436812453125 0.5277278328125 0.6579603406250001 0.5280720031249999 0.6582199546874999 0.37492075156250004 0.5811128046875 0.37457659374999996 0.581372446875 0.400732759375 0.5128327484375 0.3997002796875 0.501542421875 0.40003015937499997 0.5019287015625 0.5277278328125 0.5372370203125 0.5284161546874999 0.5377562625000001 0.5542281734375 0.6431620171875 0.5538840031250001
3 0.470872490625 0.1167987296875 0.47878840624999996 0.10164751718750001 0.4862645484375 0.07833796093749999 0.47219180937500005 0.07367605 0.47395090156249997 0.0626040109375 0.4752702203125 0.0072438125 0.3620072015625 0.008663490625 0.363475934375 0.3589315859375 0.49022250625 0.3609481296875 0.4919815984375 0.14533473125000002 0.470872490625 0.14475199218749998 0.470872490625 0.1167987296875
3 0.657595346875 0.291338659375 0.6580312687500001 0.007719671875 0.6166187125 0.007719671875 0.5433838765625 0.0065644015625 0.5433838765625 0.0186947453125 0.5429479546875 0.0325579953125 0.5425120328124999 0.044110703125 0.5435358890625 0.059105167187499995 0.5429479546875 0.07299247343750001 0.5468712499999999 0.073570109375 0.5473071703125 0.29191629375 0.657595346875 0.291338659375