5 0.1761246078125 0.8173978156249999 0.176974425 0.8000983843749999 0.177540975 0.7785795890625 0.17725769375 0.7705627890625 0.16932607187499998 0.7709847187500001 0.1619609859375 0.7714066500000001 0.1616777171875 0.799254503125 0.1613944484375 0.824992684375 0.175558059375 0.824992684375 0.1761246078125 0.8173978156249999
5 0.1968034875 0.8450346937500001 0.2160660140625 0.8446127625000001 0.2477925296875 0.8437688828125 0.2477925296875 0.82014039375 0.2135165625 0.8192965328125 0.19708675625 0.8197184640625 0.175841328125 0.82014039375 0.175841328125 0.8458785750000001 0.1968034875 0.8450346937500001
5 0.264505590625 0.792503515625 0.264505590625 0.7714066500000001 0.2571405171875 0.7705627890625 0.24977541875 0.77077374375 0.24977541875 0.799254503125 0.24977541875 0.825836546875 0.264222309375 0.825836546875 0.264505590625 0.792503515625
0 0.27866920156249997 0.7363858671875 0.2854677375 0.738917490625 0.284617921875 0.6988334609375 0.284617921875 0.6809011234375 0.27073759218750004 0.6827998421875 0.2605397859375 0.6908166515625 0.2701710296875 0.7136012593750001 0.27866920156249997 0.7363858671875
0 0.32767534062500003 0.7697189078125 0.32767534062500003 0.7536852890625 0.323992790625 0.7515756062500001 0.3095458984375 0.7414491125 0.294532471875 0.728790996875 0.2900001046875 0.742714925 0.2901417328125 0.7682421203125 0.297931740625 0.7697189078125 0.301331009375 0.7697189078125 0.32767534062500003 0.7697189078125
0 0.2630873796875 0.47276514062499997 0.280333584375 0.46041495 0.26938888437499997 0.43324454843750004 0.2551275984375 0.406321134375 0.2551275984375 0.4233643921875 0.255790934375 0.47375315156250003 0.2630873796875 0.47276514062499997
5 0.3633721265625 0.2481420484375 0.33755259375 0.247576478125 0.32084580625000003 0.24644534999999998 0.3060375375 0.2470109140625 0.30632231249999997 0.248000653125 0.30641725000000003 0.26793685156249997 0.3314773953125 0.2690679921875 0.3633721265625 0.2707646890625 0.3633721265625 0.2481420484375
5 0.44847916874999993 0.2707216203125 0.44804998906250004 0.24706943906249998 0.4330291703125 0.24706943906249998 0.4180083109375 0.2477086859375 0.40159268593749997 0.2462703765625 0.4004124921875 0.2694431296875 0.418437490625 0.2694431296875 0.439895809375 0.2707216203125 0.44847916874999993 0.2707216203125
3 0.164705946875 0.7711706953124999 0.16376406875 0.839211075 0.2626582609375 0.8399125421875 0.264071034375 0.770469259375 0.2904428484375 0.769767790625 0.29091374375 0.7557388656249999 0.285262646875 0.754335959375 0.2847917515625 0.666655034375 0.3036287109375 0.6645506937500001 0.30268687656250004 0.48031606875 0.26171642500000003 0.4796146 0.2824370984375 0.461376990625 0.27254767968750004 0.4333190765625 0.26077459062499997 0.41437999999999997 0.2612454859375 0.25164423281250003 0.1496363265625 0.25164423281250003 0.1501072671875 0.23971961875 0.1392760125 0.24042107031249998 0.13974690781250002 0.2528717546875 0.1392760125 0.292205003125 0.140217846875 0.769767790625 0.164705946875 0.7711706953124999
0 0.3361377296875 0.479090540625 0.325673215625 0.4719289265625 0.3177541015625 0.46687367343749997 0.3098349875 0.46139715625 0.30615827812499996 0.4748778359375 0.3060168484375 0.4883584984375 0.317188459375 0.4896223125 0.3361377296875 0.4894116890625 0.3361377296875 0.479090540625
0 0.3867634546875 0.36703242812500003 0.4096722953125 0.35650065625 0.4085409859375 0.3476539640625 0.40005623124999995 0.32322023906249997 0.387329096875 0.3013141390625 0.3867634546875 0.32027133750000003 0.386480621875 0.33164565625 0.3867634546875 0.36703242812500003
3 0.4082000484375 0.3581643171875 0.41361983281250003 0.34793874687500004 0.4035028921875 0.323720275 0.392663325 0.3043454953125 0.3923019953125 0.24998847031250002 0.266924346875 0.25214121562499997 0.25626542812499997 0.25039211093749997 0.256446109375 0.48786771250000005 0.3923019953125 0.48732950781250006 0.3919406984375 0.366775346875 0.4082000484375 0.3581643171875
5 0.4725038 0.4563713421875 0.4727516453125 0.436067659375 0.466803525 0.43532934687499997 0.4625902578125 0.43532934687499997 0.458315046875 0.4362522359375 0.45862485937499997 0.46412365624999996 0.45862485937499997 0.472245121875 0.47200812968749994 0.47335259531249996 0.4725038 0.4563713421875
0 0.4154878125 0.427438240625 0.4324442125 0.427438240625 0.432673359375 0.4185642484375 0.42167460625000003 0.410372878125 0.4097593046875 0.3997923625 0.40036454218750006 0.3919422921875 0.39738571875 0.403205428125 0.395781728125 0.42701160156249995 0.4044890703125 0.42777954218750003 0.407697040625 0.427438240625 0.4154878125 0.427438240625
0 0.4610710359375 0.3712596078125 0.470764565625 0.3712596078125 0.47112356406250006 0.327409003125 0.47148259374999996 0.31083132812500003 0.46394318125 0.3102965609375 0.4603529734375 0.3123019234375 0.453531621875 0.3327566296875 0.445274146875 0.35842528125 0.44994141406250004 0.366446734375 0.4610710359375 0.3712596078125
5 0.6468067234375 0.77846398125 0.6475864671875 0.7505891046875 0.613667128125 0.7500083875 0.589104846875 0.7476854640624999 0.5735097546875 0.7476854640624999 0.5735097546875 0.7633650796875 0.5742895156250001 0.77730251875 0.591054240625 0.77730251875 0.63004198125 0.77846398125 0.6468067234375 0.77846398125
0 0.6959312843750001 0.6669644781249999 0.696711028125 0.6257328828125 0.6971009171875 0.6019230984374999 0.6959312843750001 0.6007616421875001 0.6799463203125 0.630378703125 0.6729285265625 0.6565114000000001 0.68150580625 0.66231865625 0.6959312843750001 0.6669644781249999
0 0.7792675921875001 0.4957953203125 0.79213355 0.479534971875 0.7605534734375 0.48011570312499996 0.7543154234375 0.48011570312499996 0.7449583640624999 0.4793897859375 0.746907775 0.4981182171875 0.7511964156250001 0.515540015625 0.7664016359375 0.5050869375 0.7792675921875001 0.4957953203125
0 0.695833803125 0.519024375 0.6966135828125 0.5126363859375 0.6716614125 0.5103134765624999 0.6578207500000001 0.511184565625 0.6576258234375 0.53238109375 0.6623043531249999 0.5486414296875 0.6798488390624999 0.5358654546875 0.695833803125 0.519024375
3 0.69544395 0.7698982546875001 0.6966135828125 0.51205565625 0.674390565625 0.51321711875 0.6595751984375 0.51205565625 0.6528498125 0.5129267453125 0.6521675328125001 0.5527065203125 0.532865028125 0.5527065203125 0.5320852671875 0.7698982546875001 0.69544395 0.7698982546875001
3 0.67945895 0.6636252921875 0.6907654203125 0.6717554734375 0.6911552734375 0.7698982546875001 0.86426086875 0.7693175359375 0.8646507578125 0.48011570312499996 0.7297531421875 0.4812771515625 0.7317025546875 0.48243859999999994 0.6919350515625 0.479534971875 0.6911552734375 0.4798253296875 0.6907654203125 0.6055526437500001 0.675170309375 0.6258780828125 0.6685424046875 0.6554951375 0.67945895 0.6636252921875
0 0.6508666203125 0.515328415625 0.657766621875 0.516613134375 0.6586291515625 0.47999896093750005 0.6590603765624999 0.46072834374999994 0.657766621875 0.46040715781249997 0.637066540625 0.46972130781250004 0.6418103359375 0.4851378015625 0.6487103359375 0.5050507625 0.6508666203125 0.515328415625
5 0.6508666203125 0.24746683906250003 0.6155039703125 0.2468244953125 0.5917851140625 0.2468244953125 0.58316009375 0.24746683906250003 0.5762600546875001 0.24746683906250003 0.57669131875 0.2705915796875 0.623697765625 0.2705915796875 0.6508666203125 0.2705915796875 0.6508666203125 0.24746683906250003
0 0.6903258390625 0.32025605625 0.6903258390625 0.359311671875 0.7130502171875001 0.3471610234375 0.709554159375 0.3337085390625 0.704018725 0.3167844390625 0.6909085078125 0.2890115546875 0.6903258390625 0.2903134078125 0.690617159375 0.2989924296875 0.6903258390625 0.32025605625
5 0.743349353125 0.24735223125 0.7249950468749999 0.24735223125 0.7165462765624999 0.2477861859375 0.7113021890625 0.24735223125 0.711593509375 0.2690497921875 0.730239134375 0.2699177015625 0.7430580328125 0.2703516453125 0.743349353125 0.24735223125
5 0.8343596375000001 0.24910595 0.8182377078125 0.2485130125 0.8054993874999999 0.2485130125 0.7982843203125001 0.2494024125 0.798334084375 0.2680798 0.8240097515624999 0.26837626875 0.8337625296875 0.2689692 0.8343596375000001 0.24910595
0 0.821291315625 0.424467215625 0.8199919234375 0.40608050625000003 0.8147944109375 0.3872099203125 0.8021254265625 0.3968871296875 0.7780868187500001 0.4230156328125 0.7845837546875 0.424467215625 0.791080659375 0.42543494531250003 0.821291315625 0.424467215625
0 0.7610451109375 0.4314881125 0.7696302828125 0.42425465781250005 0.7717115359375 0.4159878671875 0.75592870625 0.416504534375 0.7443083671874999 0.4159878671875 0.7378911625 0.41669828593749997 0.7385849203125 0.43097143437499996 0.7406661734375 0.43923823593750005 0.7437880546875 0.44466332187499996 0.7610451109375 0.4314881125
3 0.694738275 0.42503952500000003 0.6974019015625 0.3564292046875 0.7155145 0.3477007390625 0.7109863562500001 0.32826005625 0.701130959375 0.297313653125 0.696602815625 0.2866014359375 0.6955373609375 0.2504972859375 0.533056640625 0.25089403906249996 0.5325239125000001 0.25134033906250003 0.5325239125000001 0.5611243609375001 0.657447625 0.561917846875 0.657447625 0.4599534171875 0.694738275 0.42503952500000003