5 0.038243285937499996 0.1482931203125 0.03847395 0.125707815625 0.0302113265625 0.12602465937500001 0.0304006765625 0.1623326296875 0.03847395 0.1623326296875 0.038243285937499996 0.1482931203125
0 0.12289733437499999 0.1959053671875 0.103009621875 0.194895184375 0.10375214531250002 0.20323034843749999 0.1069814453125 0.21330217187499997 0.1231279921875 0.20231472031250003 0.12289733437499999 0.1959053671875
0 0.188175521875 0.13577963906249998 0.18263956406249998 0.1336431984375 0.1768729328125 0.15836494375000001 0.181134621875 0.1619717140625 0.1955568109375 0.14402022812499998 0.19140483749999998 0.1391369140625 0.188175521875 0.13577963906249998
5 0.208012696875 0.10647979375000001 0.207782040625 0.08877779375 0.1999049140625 0.0894056984375 0.20109275312500002 0.12723385468749998 0.208243384375 0.12723385468749998 0.208012696875 0.10647979375000001
0 0.0373206296875 0.0796215921875 0.0453939015625 0.0555102578125 0.0398579359375 0.053068606250000004 0.030464978124999997 0.0527867375 0.0304006765625 0.0536790171875 0.03086200625 0.080232009375 0.0373206296875 0.0796215921875
0 0.13881322499999998 0.19350898125 0.142042525 0.19076212812499999 0.1332772515625 0.169397646875 0.1278675765625 0.16969865 0.12935595 0.1956454328125 0.1341999234375 0.1953402265625 0.13881322499999998 0.19350898125
0 0.18171690625 0.175806990625 0.1766422765625 0.171839303125 0.168959296875 0.172050328125 0.1692609890625 0.197476678125 0.1747969625 0.19686625625 0.18171690625 0.175806990625
0 0.1602650578125 0.1953402265625 0.14866708906249998 0.1975828140625 0.1664930171875 0.21182139375000003 0.1692609890625 0.2060224625 0.17018366093749998 0.1953402265625 0.1602650578125 0.1953402265625
3 0.132585265625 0.26985594218750003 0.132815921875 0.196301109375 0.0774563390625 0.1959959046875 0.031225937500000002 0.1952311375 0.0315539984375 0.26985594218750003 0.07976298125 0.26985594218750003 0.132585265625 0.26985594218750003
3 0.18332693125 0.1317125359375 0.178252303125 0.1579603171875 0.1706403578125 0.16711651875 0.1701790296875 0.1982476078125 0.1699483734375 0.2702764046875 0.23384257343749998 0.2702764046875 0.298428759375 0.2702764046875 0.2991207609375 0.1964163734375 0.2991207609375 0.123777159375 0.2626756953125 0.12347195312499999 0.24652914843749998 0.113400128125 0.22969060156249999 0.123777159375 0.20066587187499998 0.123672984375 0.20039615156249999 0.12347195312499999 0.19186155 0.139647909375 0.18332693125 0.1317125359375
3 0.2043174515625 0.131667275 0.208238753125 0.1322776875 0.20616276562500002 0.084665425 0.1468818734375 0.0837498078125 0.1288821875 0.10788315625 0.1298126625 0.1707337375 0.173177671875 0.17225977812499998 0.2043174515625 0.131667275
5 0.23199724375000003 0.010454915625 0.2014268296875 0.0097846546875 0.201549465625 0.019611121875 0.2170040265625 0.020221534375 0.23268924375000002 0.020221534375 0.23199724375000003 0.010454915625
5 0.291508815625 0.008623675 0.2602742328125 0.008776793750000001 0.2599077078125 0.019305915625 0.2728249546875 0.0186954984375 0.29197015937500004 0.0186954984375 0.291508815625 0.008623675
5 0.29197015937500004 0.127654328125 0.29197015937500004 0.0669181671875 0.2922008171875 0.016559053125 0.28538583906250004 0.0161677765625 0.28551152968750004 0.0635608921875 0.285280871875 0.127654328125 0.29197015937500004 0.127654328125
3 0.2917394734375 0.1313167984375 0.29197015937500004 0.0666129609375 0.2928928171875 0.00892888125 0.260599709375 0.0092340921875 0.24514514687500003 0.00160391875 0.23199724375000003 0.010454915625 0.20041221875 0.0097846546875 0.20039615156249999 0.06020361875 0.20062680781250003 0.1304011703125 0.2917394734375 0.1313167984375
3 0.10200518125 0.20104812968750002 0.10848819531250001 0.21352530625 0.1235170046875 0.2006582046875 0.1332415265625 0.2002683078125 0.1420819921875 0.191300315625 0.1332415265625 0.1702450703125 0.1335362171875 0.11058850625000001 0.1488596984375 0.0903130703125 0.206912134375 0.08992315937499999 0.2075015171875 0.027927131249999997 0.1854003109375 0.025977568750000003 0.16212039843749998 0.01116090625 0.1388404859375 0.0263674796875 0.10554138125000001 0.0275372125 0.0311428609375 0.0266635859375 0.030986717187500002 0.106689384375 0.031281409375 0.20182795156250002 0.10200518125 0.20104812968750002
5 0.6579765859375 0.2867678265625 0.6576840265625 0.263927934375 0.64960006875 0.2638187640625 0.650077215625 0.30147825781250004 0.6573914671875001 0.3007040265625 0.6579765859375 0.2867678265625
5 0.5277830375 0.373869096875 0.5274904578124999 0.357610190625 0.5193007484375001 0.35841640625000004 0.519883646875 0.38896664375 0.5271978984375 0.3878052984375 0.5277830375 0.373869096875
0 0.533634434375 0.311156175 0.5298310296875 0.3080592484375 0.5212311078125 0.3042997375 0.521053921875 0.335544534375 0.5263201828125 0.334770303125 0.533634434375 0.311156175
0 0.6178945359375 0.3057365421875 0.6120431390625 0.3018653734375 0.60520178125 0.3000385828125 0.6047288859375 0.3281893125 0.6091174296874999 0.327027965625 0.6178945359375 0.3057365421875
3 0.519990509375 0.393366328125 0.5878667125 0.39375343125 0.6572057515624999 0.393366328125 0.6574983109375 0.338782859375 0.65779086875 0.2563269828125 0.5855261421875 0.25555274375 0.5228882890625 0.25578595625 0.5223310796875 0.3337503296875 0.5196979500000001 0.3337503296875 0.519990509375 0.393366328125
5 0.41682525156250005 0.334139315625 0.38912975156249996 0.3333081375 0.38868413125 0.3426851 0.3995253765625 0.34360072656249996 0.41682525156250005 0.34360072656249996 0.41682525156250005 0.334139315625
0 0.4442743875 0.31002798125000003 0.4371237703125 0.30636549999999996 0.43072877812500004 0.3057599296875 0.43181846874999996 0.334139315625 0.43550911406250004 0.33291848125 0.4442743875 0.31002798125000003
0 0.5065539296875 0.32895079531250004 0.50447794375 0.3228466578125 0.487408740625 0.334139315625 0.48729330624999995 0.343050796875 0.5077072593749999 0.3426851 0.5072459312500001 0.333834109375 0.5065539296875 0.32895079531250004
3 0.4359704421875 0.34237989375 0.4357397859375 0.3332236875 0.4435823859375 0.3109435984375 0.4357397859375 0.306060284375 0.4359704421875 0.25600638125 0.40252401875 0.2563115859375 0.3713740703125 0.2557028171875 0.3716149203125 0.2969040875 0.3716149203125 0.3426851 0.4359704421875 0.34237989375
3 0.5263911203125 0.3316976578125 0.5356177234375 0.312469628125 0.526852465625 0.3075863234375 0.526852465625 0.264857375 0.5286977796875 0.26516258125 0.5284670921875 0.25600638125 0.5284670921875 0.21663470468749998 0.48141145312500006 0.21510867031249997 0.48210343906249997 0.25722720468750004 0.4314897359375 0.25536686249999996 0.43204914062500005 0.3420746875 0.5263911203125 0.34237989375 0.5263911203125 0.3316976578125
5 0.948935571875 0.1138217890625 0.9092861093750001 0.11323217031249999 0.9089728765625 0.12431326875 0.928637071875 0.1238936109375 0.9492527671875 0.12473293437499999 0.948935571875 0.1138217890625
5 0.782424309375 0.0848652953125 0.7523385640625 0.08551598437499999 0.751659353125 0.0970354171875 0.765614596875 0.09661575312500001 0.7821071359375 0.09661575312500001 0.782424309375 0.0848652953125
5 0.8342742203125001 0.086347025 0.817204753125 0.08635071875 0.817177734375 0.095826465625 0.82450480625 0.095826465625 0.8341114031249999 0.095826465625 0.8342742203125001 0.086347025
0 0.8282497453125 0.14236190625 0.8266215140625001 0.13632953750000001 0.810664784375 0.1468861875 0.8098636875 0.153700128125 0.8293895140625 0.153134003125 0.8293895140625 0.148178840625 0.8282497453125 0.14236190625
0 0.8515335343749999 0.181819721875 0.8570695453124999 0.1788035375 0.84909118125 0.1574747921875 0.8444204109375001 0.1574944609375 0.8446949375000001 0.1576902328125 0.8445321203124999 0.183543259375 0.8515335343749999 0.181819721875
0 0.8105019671875 0.21090437343750001 0.8111170390625 0.1847662296875 0.8044774921875 0.1852667890625 0.79894148125 0.18936018593749998 0.8074083203125 0.21068893125 0.8105019671875 0.21090437343750001
0 0.8015466640625 0.22837113750000002 0.7982901890625 0.22384686406249998 0.7826591171875 0.2352652765625 0.7828270796875 0.24168122187500002 0.8028492500000001 0.24151309531249998 0.8028492500000001 0.23461895312499997 0.8015466640625 0.22837113750000002
3 0.8117924593750001 0.24128622656249998 0.810812825 0.16837401406250002 0.810567925 0.08736043593750001 0.7274521 0.086365990625 0.7277885859375 0.1628650859375 0.728278403125 0.24161026875 0.8117924593750001 0.24128622656249998
0 0.944792696875 0.21339451875 0.92378380625 0.2126377953125 0.923485578125 0.21663506250000003 0.94087414375 0.22959723906249999 0.9440579625 0.2218199265625 0.944792696875 0.21339451875
5 0.9729572718749999 0.24223535156249998 0.9727123375 0.2237642578125 0.965527859375 0.2240521953125 0.9658548828125 0.25552156875 0.9736919734375 0.25552156875 0.9729572718749999 0.24223535156249998
3 0.9254448468750001 0.2182553296875 0.940139409375 0.22927318593749998 0.9445477796875 0.21857939375000002 0.9719776375 0.2176072234375 0.9727123375 0.11455795937499999 0.9004641078125 0.11520607187500001 0.8448740812500001 0.1149019921875 0.8453595109375 0.26979480312500004 0.9254448468750001 0.2688226546875 0.9254448468750001 0.2182553296875
1 0.15677238124999998 0.0117918421875 0.137244371875 0.0265692390625 0.137741821875 0.0339985203125 0.1865293484375 0.0351893890625 0.1865293484375 0.024722065625 0.16560648125 0.0117918421875 0.15677238124999998 0.0117918421875
1 0.23998731874999998 0.113679040625 0.2284797421875 0.123376709375 0.2288644015625 0.1294345890625 0.26369990312499997 0.1303036140625 0.2640486171875 0.123376709375 0.24765903749999998 0.11275545312499999 0.23998731874999998 0.113679040625
1 0.2323156015625 0.0037721453125 0.23165457968749997 0.014412415625 0.261607615625 0.0143934 0.261607615625 0.0074664953125 0.24521803593749997 0.0005395890625 0.2323156015625 0.0037721453125