5 0.3660631984375 0.20966223125 0.366222 0.195660621875 0.3557230125 0.19516615312500002 0.3562178125 0.23173255781250002 0.3660631984375 0.23173255781250002 0.3660631984375 0.20966223125
5 0.3660631984375 0.3005540203125 0.36574560625 0.2896375140625 0.356246878125 0.28920639375 0.3563766140625 0.32618407656250004 0.366222 0.32618407656250004 0.3660631984375 0.3005540203125
0 0.350024753125 0.2794329515625 0.353677078125 0.2825180515625 0.357329390625 0.2829926796875 0.36542801406250003 0.28346730937500003 0.3653272140625 0.233043471875 0.3616168984375 0.2331564484375 0.3398617765625 0.268991075 0.3443080765625 0.2753985875 0.350024753125 0.2794329515625
5 0.366539590625 0.48435930312500003 0.36590439531249996 0.42692897968750004 0.3660631984375 0.40201086718749995 0.3558976359375 0.402577128125 0.355900221875 0.45920387656250006 0.3562178125 0.48435930312500003 0.366539590625 0.48435930312500003
5 0.3763849640625 0.66513228125 0.3763849640625 0.654690403125 0.36847040625 0.6551796640625 0.3681275515625 0.692186234375 0.3762261734375 0.692898178125 0.3763849640625 0.66513228125
5 0.3763849640625 0.78953833125 0.3763849640625 0.7798083984375 0.36881965 0.7803054281249999 0.36844514375 0.817304234375 0.3763849640625 0.817304234375 0.3763849640625 0.78953833125
5 0.305110334375 0.6620091968749999 0.30526912500000003 0.6480075875 0.295129240625 0.6478654234375 0.29590013593750003 0.6852661 0.305110334375 0.6857407296875 0.305110334375 0.6620091968749999
5 0.305110334375 0.788568684375 0.30558671875 0.7729058671875 0.295827728125 0.7722075187499999 0.2947885578125 0.8096897515625001 0.304951534375 0.8104016968750001 0.305110334375 0.788568684375
0 0.236827840625 0.6669576234375 0.267951953125 0.6287498499999999 0.269381121875 0.6190199171875 0.22667748593749998 0.6178247906250001 0.2265060734375 0.633733475 0.22888801875000003 0.6434634 0.2309523734375 0.6541425921874999 0.236827840625 0.6669576234375
5 0.377275290625 0.9519649203125 0.377275290625 0.9068392046874999 0.3771321890625 0.8713374609375 0.367626371875 0.8710505968750001 0.36768721875 0.9032034875000001 0.3679734296875 0.9523926578124999 0.377275290625 0.9519649203125
5 0.6124636406249999 0.9825284734374999 0.572815828125 0.9814983890625 0.5723542593750001 0.9972463671874999 0.580411946875 0.9975139640625 0.6117474031250001 0.9972463671874999 0.6124636406249999 0.9825284734374999
5 0.7471165671875 0.980922890625 0.71852514375 0.9820875015625001 0.7184669984375 0.9972463671874999 0.7265247046875001 0.9972463671874999 0.7480118578125 0.9964435765624999 0.7471165671875 0.980922890625
3 0.36791593749999996 0.7778901874999999 0.36692621875000003 0.9013952250000001 0.36692621875000003 0.99605778125 0.544581315625 0.99531820625 0.67918345625 0.998276403125 0.7712276171875 0.996797303125 0.77023793125 0.7276007140625 0.643553509375 0.7283402625 0.64454319375 0.8104304375 0.544086440625 0.8119095359375 0.544581315625 0.750526803125 0.562396290625 0.7401730703125 0.562396290625 0.7342566781250001 0.5384613953125 0.7026386078125 0.5384613953125 0.6213629203125 0.3684655953125 0.6179692218749999 0.36791593749999996 0.693581353125 0.3496060875 0.726121615625 0.3501009640625 0.7475685828125 0.36791593749999996 0.7778901874999999
5 0.906321990625 0.3942110765625 0.8874111953125 0.3650638703125 0.8789413546875 0.37716135156249997 0.8838850796875001 0.38540205156249996 0.8962444046875 0.40103096718750003 0.906321990625 0.3942110765625
5 0.90575155625 0.493383646875 0.9061318546875 0.4632624609375 0.9061318546875 0.41950150781250006 0.9055614203125 0.388812 0.8951476234375001 0.3988450828125 0.8970049765624999 0.45019100625 0.8971951125000001 0.49309948593749997 0.90575155625 0.493383646875
5 0.8975754109375 0.48887919843749994 0.8786293031250001 0.5127002828125 0.8855963593749999 0.5255361015625 0.89339225625 0.5167270734375 0.906892425 0.49854070781250004 0.8975754109375 0.48887919843749994
3 0.8824660421875 0.5293281249999999 0.9073832484375 0.4986616796875 0.9064060734374999 0.3898688359375 0.8873517859375 0.36650392656249997 0.8873517859375 0.3241550390625 0.746851640625 0.3239956203125 0.7476200359375 0.35920240312499996 0.7471314484375 0.527137671875 0.8824660421875 0.5293281249999999
5 0.887773253125 0.2933025296875 0.8887900984374999 0.26777237343750004 0.888586734375 0.235859684375 0.8881799812500001 0.21154525781250003 0.8780285875 0.21181119375000002 0.878214809375 0.268076303125 0.8790282921875001 0.2939103875 0.887773253125 0.2933025296875
0 0.7724618796875 0.28752785 0.7685978203125 0.28175317031249997 0.7629034359375 0.27840993593749996 0.75639556875 0.27537063125 0.7467527390625001 0.276044559375 0.74744724375 0.3243034265625 0.7541584875 0.32308770781249996 0.7724618796875 0.28752785
0 0.720602265625 0.2729391953125 0.7212123703125 0.26412521093749997 0.689277625 0.2633317046875 0.6892831265625 0.27537063125 0.6921303187500001 0.28813570781250003 0.6978247046875 0.300292928125 0.720602265625 0.2729391953125
0 0.7649371406250001 0.4094940703125 0.7718517609375 0.4021997421875 0.7533449921875001 0.3663359609375 0.7472000171875 0.3667072765625 0.747243865625 0.41344517343750004 0.7551753328124999 0.4140530328125 0.7649371406250001 0.4094940703125
0 0.8731305296875 0.136361775 0.8794350468750001 0.140616796875 0.887773253125 0.14183251562500002 0.8885396015625 0.089700890625 0.8786215640625 0.0907722140625 0.8615383953125001 0.12693993125 0.867232765625 0.1327146109375 0.8731305296875 0.136361775
0 0.7238561921875 0.1451757484375 0.6865939609375 0.14356324375 0.688062896875 0.1615879890625 0.6909100890625 0.1740491375 0.696197740625 0.184078840625 0.7238561921875 0.1451757484375
3 0.8869039359374999 0.331578165625 0.8877519843749999 0.14526685 0.7214136640625 0.1437831265625 0.7228004265625 0.272595971875 0.7482428109375 0.2732296828125 0.7478187859375 0.334066015625 0.8869039359374999 0.331578165625
0 0.693965703125 0.309492228125 0.68845315625 0.29681799531249997 0.6630107734374999 0.324701321875 0.6631262812500001 0.334912665625 0.699478221875 0.33420699374999996 0.6982060921875 0.3240676 0.693965703125 0.309492228125
0 0.6223029062500001 0.30822480625000004 0.61806251875 0.29428314375000003 0.5917720296875 0.3240676 0.5913162265625 0.334912665625 0.6273914015625001 0.3348407140625 0.6252711921875 0.3208990515625 0.6223029062500001 0.30822480625000004
0 0.5145967421875 0.318997909375 0.523501584375 0.324701321875 0.5328304671875 0.324701321875 0.5328304671875 0.2740043640625 0.525197740625 0.2733706484375 0.5061159375 0.3088585171875 0.5145967421875 0.318997909375
0 0.541735309375 0.4292637859375 0.550640153125 0.4197581140625 0.5328304671875 0.38236909375 0.5241691625 0.3837413796875 0.5264698703125 0.4349671984375 0.5353747 0.43306606875 0.541735309375 0.4292637859375
3 0.34916545781249997 0.28101215156250003 0.35824341249999997 0.28576049062500003 0.35778953125 0.376657109375 0.355973946875 0.5279253640625 0.53254013125 0.5292820265625 0.5329940125 0.43431542187499994 0.5502421328125 0.42007042656250004 0.5329940125 0.3888671125 0.533447925 0.3739437859375 0.533447925 0.1467022265625 0.43449823125 0.1467022265625 0.35793025156249997 0.145693846875 0.356427828125 0.23759884531250003 0.3350946578125 0.27083716406249997 0.34916545781249997 0.28101215156250003