5 0.0242175265625 0.4465842234375 0.0242175265625 0.417210615625 0.007389154687500001 0.41739418125 0.0069821578125000006 0.44764272656250004 0.0069821578125000006 0.48336738125 0.02452531875 0.4828381359375 0.0242175265625 0.4465842234375
5 0.13994076718749998 0.3891059921875 0.1402485375 0.37402225625 0.10239226093750001 0.37402225625 0.06396243125 0.3737433859375 0.063612675 0.3888413625 0.10146895156249999 0.3891059921875 0.13994076718749998 0.3891059921875
5 0.2541251125 0.83152060625 0.2541251125 0.8172307390625001 0.1593305484375 0.8164368609375 0.07704740624999999 0.8165343921874999 0.0777702984375 0.8320498625000001 0.1605616515625 0.83152060625 0.2541251125 0.83152060625
5 0.3304532046875 0.38878720625 0.3304532046875 0.374232715625 0.297521340625 0.3739680921875 0.25407942656250004 0.3734126984375 0.254740653125 0.388257959375 0.296905753125 0.38958109375 0.3304532046875 0.38878720625
5 0.48120829687500005 0.3896425390625 0.48120829687500005 0.37482342812499997 0.4424287109375 0.37455879375 0.40417179062499997 0.3740740734375 0.40518797500000003 0.3893779171875 0.4467375359375 0.3893779171875 0.48120829687500005 0.3896425390625
5 0.7360376828125 0.8309967374999999 0.7360376828125 0.81697149375 0.618160053125 0.8164422578125 0.5442579984375 0.8165343921874999 0.5439863968750001 0.8312613609374999 0.6178522828124999 0.8315259828125001 0.7360376828125 0.8309967374999999
5 0.6110812296875 0.10267041562500001 0.6104656890625 0.0870574140625 0.5655306125 0.0870574140625 0.535406396875 0.08637566249999999 0.5356764703125 0.10214115937499998 0.5683005890625 0.10240578281249998 0.6110812296875 0.10267041562500001
5 0.8188290593750001 0.10214115937499998 0.8200601390625 0.0870574140625 0.7742017531250001 0.086792790625 0.7420720375000001 0.0870370375 0.7434243 0.10108264687499999 0.7772794984375 0.10214115937499998 0.8188290593750001 0.10214115937499998
5 0.9534412718749999 0.10168219375000001 0.9540568109375 0.0873923265625 0.91250725 0.0868630703125 0.8783442812500001 0.087127703125 0.8786520515625 0.101946815625 0.9186627406250001 0.1022114484375 0.9534412718749999 0.10168219375000001
0 0.8740354328125 0.2641152046875 0.8303314593750001 0.294811953125 0.82789408125 0.3013227515625 0.88850085 0.301162996875 0.8894241609375 0.29216568125000003 0.8851153125 0.278405071875 0.8740354328125 0.2641152046875
0 0.8463357265625 0.36213554062500003 0.856184525 0.3594892703125 0.8614166828125001 0.35578448749999997 0.864494428125 0.3523443375 0.8435657515624999 0.3311741703125 0.8260226125000001 0.3131795359375 0.8205818890625001 0.3142195765625 0.8220215453125 0.3655756921875 0.82910035625 0.3658403140625 0.837102490625 0.364517178125 0.8463357265625 0.36213554062500003
0 0.9669833562499999 0.41252299218750005 0.9463624484375 0.4323700234375 0.9515946296875001 0.43739793281250006 0.9654444828125 0.44242585156249997 0.9811409781249999 0.4458660015625 0.99437526875 0.445601378125 0.9937597296874999 0.395057603125 0.9863731375 0.393205221875 0.9842187234375 0.3961161109375 0.9669833562499999 0.41252299218750005
0 0.9275882062499999 0.46153315156249997 0.9198938421875 0.4715889875 0.9143538921875001 0.484026453125 0.9125615687499999 0.4984126984375 0.9722155125 0.4988455765625 0.9722155125 0.49196526562500004 0.9497479640625001 0.4758230171875 0.9275882062499999 0.46153315156249997
0 0.42417666093750006 0.460602284375 0.41758665156249997 0.470191128125 0.4130243765625 0.479344121875 0.40960952187500005 0.4990196078125 0.46979974843749994 0.4993935078125 0.470306625 0.4924198125 0.43938434531250004 0.470191128125 0.42417666093750006 0.460602284375
0 0.305049815625 0.48370268593750004 0.29643214375000004 0.4959066609375 0.291362915625 0.5094182015625 0.289807290625 0.5208061015625 0.35016594843750004 0.5203146109375 0.3496590328125 0.51508433125 0.32431289531249996 0.49677837656249996 0.305049815625 0.48370268593750004
0 0.18592296875 0.55396475625 0.20974832187499998 0.577065140625 0.21735216406250002 0.577065140625 0.21817950156250002 0.5235294125000001 0.1925129796875 0.5286850734375 0.17172911562499998 0.5369663515624999 0.18592296875 0.55396475625
0 0.2300252328125 0.6181248312500001 0.258919853125 0.597203728125 0.2752281828125 0.5807189546875 0.21583141874999998 0.5819487546875 0.214310634375 0.5897941671875 0.21836603281250003 0.6015622921875 0.2300252328125 0.6181248312500001
0 0.41860051875000004 0.7210761296875 0.397309740625 0.7376386687500001 0.3744982171875 0.7533295078125 0.373478690625 0.762636165625 0.43330128593749995 0.76248251875 0.4358359015625 0.74940679375 0.429245890625 0.7341518203125 0.41860051875000004 0.7210761296875
0 0.2541828875 0.6846957312499999 0.26989748593749996 0.68949014375 0.281049809375 0.6916694265625 0.2876397828125 0.6916694265625 0.2834685484375 0.638997821875 0.26736287187499996 0.6524423515625 0.24150981875 0.6781578859375 0.2541828875 0.6846957312499999
3 0.216670596875 0.37627768437500003 0.008367128125000001 0.3748366015625 0.009339221875000001 0.589411440625 0.11477913125000001 0.5885397421875 0.21920520937500002 0.5889755921875001 0.216670596875 0.37627768437500003
3 0.289160565625 0.7618423125 0.2835844234375 0.58174443125 0.14874297812499998 0.5804368484375 0.008325353125 0.58174443125 0.009339221875000001 0.763674928125 0.0711837828125 0.763674928125 0.0723884265625 0.8307189546875 0.2587452 0.83114348125 0.25975903125 0.7627140109375 0.289160565625 0.7618423125
3 0.358102053125 0.52185371875 0.3560743921875 0.43075973125000006 0.3582657078125 0.3753812640625 0.208052925 0.3758418421875 0.208559840625 0.46170552656249997 0.209573709375 0.5222896031250001 0.358102053125 0.52185371875
3 0.3577020046875 0.5205550109375 0.2177913125 0.5215159109374999 0.2162705484375 0.5816641046875 0.3577020046875 0.581228221875 0.355167390625 0.7632479187500001 0.44235808906249996 0.7619403859375 0.441344259375 0.5464489125 0.8301540328125 0.547756478125 0.8291402031249999 0.36486508125 0.8448547625 0.3622499484375 0.8610762734374999 0.35701966875 0.8656386250000001 0.3513535390625 0.8291402031249999 0.3134340328125 0.8301540328125 0.088264571875 0.7419494281250001 0.0869569890625 0.74144255 0.089572121875 0.6116702953125001 0.08913627187499999 0.612177209375 0.0852135578125 0.5351249671875 0.08652113125000001 0.5351249671875 0.089572121875 0.5168757562499999 0.089482928125 0.5189034546875 0.4922243296875 0.5183965015625 0.498326359375 0.3571950890625 0.4961470765625 0.3577020046875 0.5205550109375
3 0.99348559375 0.3005323140625 0.99348559375 0.15844312656249998 0.9934076968750001 0.0894335515625 0.819104159375 0.08914195625 0.8241733874999999 0.302711596875 0.9138986984375 0.3018398640625 0.99348559375 0.3005323140625
1 0.4882558515625 0.6325207093749999 0.44084992500000003 0.589941278125 0.44084992500000003 0.6982411328125 0.4516239984375 0.6982411328125 0.48717844374999997 0.6575129828125 0.4882558515625 0.6325207093749999
2 0.5173458531249999 0.14551056874999999 0.47532696249999995 0.1751310421875 0.5195006671875 0.23066942968749998 0.473172146875 0.23622326718750003 0.5163793234375 0.30203703437499996 0.5335069640625 0.3010180515625 0.53242955625 0.14551056874999999 0.5173458531249999 0.14551056874999999