5 0.1587747421875 0.2485232953125 0.1587747421875 0.23938520625 0.13883513125 0.2398758078125 0.1389302078125 0.2616592984375 0.158377865625 0.26108816875 0.1587747421875 0.2485232953125
5 0.1587747421875 0.294784878125 0.158377865625 0.2736530421875 0.1383986875 0.2738238328125 0.1397239859375 0.31677340468750004 0.1587747421875 0.3170589703125 0.1587747421875 0.294784878125
0 0.23934358906250003 0.1965504140625 0.2202928328125 0.20169058906249998 0.207989215625 0.21111424374999999 0.1976700578125 0.22767703125 0.1973186515625 0.2433334765625 0.24807518750000002 0.24281199375 0.2496627453125 0.1965504140625 0.23934358906250003 0.1965504140625
0 0.207989215625 0.3696665109375 0.2086629859375 0.37939351875 0.2512503046875 0.3805179875 0.2516472078125 0.3428233671875 0.23339023124999997 0.344536759375 0.2214834890625 0.3491058046875 0.2111643328125 0.3579583296875 0.207989215625 0.3696665109375
5 0.08336550000000001 0.4082178234375 0.1040038140625 0.4079322578125 0.10440071718749999 0.402506515625 0.10321003437500001 0.385658165625 0.0825751578125 0.386040153125 0.08336550000000001 0.4082178234375
5 0.22426172968750002 0.4224960828125 0.199937315625 0.44104929375 0.2139425734375 0.45248043437499996 0.22346795 0.44619799687499995 0.240534271875 0.43506095624999996 0.22426172968750002 0.4224960828125
5 0.0766183359375 0.4265363515625 0.031906309375000004 0.4265899484375 0.030975909375 0.4351033046875 0.05082044375 0.43538886874999994 0.0774121421875 0.4351033046875 0.0766183359375 0.4265363515625
5 0.151233825 0.5099637625 0.151233825 0.4968277609375 0.1305426921875 0.4966863359375 0.1313892921875 0.5290966375 0.1508369234375 0.5293822015625 0.151233825 0.5099637625
0 0.1226576921875 0.571973784375 0.1305955125 0.5751150015625 0.1508369234375 0.57568613125 0.1497462359375 0.5463510406250001 0.100828696875 0.5445595125 0.1040038140625 0.5571243859375 0.11233853593750001 0.5665480406250001 0.1226576921875 0.571973784375
5 0.21235501406249999 0.581111875 0.14712757031249998 0.5806134000000001 0.1468680265625 0.5956756984375 0.1671094640625 0.5956756984375 0.21275189062500002 0.5956756984375 0.21235501406249999 0.581111875
0 0.10003491718749999 0.6059772296875 0.10122557343750001 0.592841228125 0.0602751796875 0.5922437421875 0.0619333796875 0.6242534015625 0.080587259375 0.621683321875 0.09249397499999999 0.61425861875 0.10003491718749999 0.6059772296875
0 0.1317861671875 0.6296791453125 0.1425022265625 0.62225445 0.14964626718750001 0.6122596671875 0.150440046875 0.6005514875 0.0982458234375 0.60104508125 0.09805045625 0.6351048875 0.11749811406249999 0.6339626218750001 0.1317861671875 0.6296791453125
0 0.15004314375 0.7171256515625 0.14329600625 0.7071308671875001 0.13257994687500002 0.699135034375 0.11829189375 0.6951371234375 0.0978093796875 0.6947164859375 0.097653553125 0.727406 0.151630703125 0.7276915640625 0.15004314375 0.7171256515625
0 0.11471987343750001 0.760552753125 0.12622971249999998 0.752842484375 0.1321830703125 0.7434188296875 0.13297684999999998 0.7328529171875 0.07991516875 0.7321221812500001 0.080587259375 0.765692921875 0.09963801562499999 0.7636939703125 0.11471987343750001 0.760552753125
0 0.07304634374999999 0.8617487374999999 0.062727159375 0.8540384796874999 0.050026665625 0.8486127359375001 0.030975909375 0.847184909375 0.0288512 0.8852026296875 0.0789997015625 0.886021790625 0.07780901875 0.8717435218749999 0.07304634374999999 0.8617487374999999
5 0.1427987234375 0.8936494546875 0.13213726875 0.8828204171875 0.11049166562499999 0.8828303015625 0.118233453125 0.8915070515625001 0.133270375 0.9072537359374999 0.1427987234375 0.8936494546875
5 0.22572511875 0.9062896593750001 0.215601240625 0.893006734375 0.21396355625000002 0.8938636984375 0.1767434546875 0.8940779390625 0.1416328859375 0.8927250093750001 0.1307394 0.9062896593750001 0.154858034375 0.906718140625 0.1893982875 0.906718140625 0.22572511875 0.9062896593750001
5 0.23733778593750002 0.8921497703125001 0.24567508437500002 0.8831516640625001 0.2248013984375 0.8825845937500001 0.21396355625000002 0.8936494546875 0.2239385390625 0.9062896593750001 0.23733778593750002 0.8921497703125001
3 0.1305435328125 0.907453628125 0.22656290937499998 0.9085502359375001 0.250186725 0.8860697234374999 0.2875276015625 0.884973115625 0.28676551875 0.7846332140625 0.2875276015625 0.724867909375 0.1663602984375 0.7259645171875 0.0788604421875 0.7267407921875 0.082533871875 0.884973115625 0.10996799374999999 0.884973115625 0.1305435328125 0.907453628125
3 0.2875276015625 0.7324628703125 0.2860034375 0.646927209375 0.28676551875 0.5800339359375 0.098972528125 0.5818905562500001 0.0970129640625 0.6622797546875 0.0977750453125 0.7308179578125 0.2875276015625 0.7324628703125
3 0.061958281250000004 0.6255026296875 0.084820065625 0.6249543265625 0.10082326875 0.6106983890625 0.110730025 0.599732275 0.110730025 0.594797521875 0.15035704375 0.5942492171875 0.15035704375 0.5399669703125001 0.151119125 0.46868725624999996 0.0026021125 0.469631625 0.0025177515625 0.5503847796875 0.0032797828124999998 0.6233094140625 0.061958281250000004 0.6255026296875
3 0.1386377953125 0.3533459109375 0.1475470625 0.3537465515625 0.146433409375 0.37898696875 0.1987752890625 0.37858632812500004 0.291765665625 0.3777850484375 0.2906520125 0.31728818125 0.291765665625 0.22874641406250001 0.2505603609375 0.22674320625000002 0.250003515625 0.19749638281249998 0.2327418625 0.19749638281249998 0.2143665171875 0.205108571875 0.2043435953125 0.2155252484375 0.19988894375 0.22954770156249998 0.1372242875 0.228935528125 0.139194640625 0.267608640625 0.139194640625 0.3224965171875 0.1386377953125 0.3533459109375
3 0.1893092125 0.2434810234375 0.2912088578125 0.24308038281250002 0.2928793203125 0.161349528125 0.2923225125 0.1092661328125 0.2294008640625 0.1092661328125 0.2294008640625 0.08883341875 0.1687065609375 0.08883341875 0.1687065609375 0.1108687 0.1059959140625 0.1103058015625 0.10634175781249999 0.17937839375 0.106898565625 0.2426797421875 0.1893092125 0.2434810234375
5 0.4606886421875 0.4630635890625 0.41129516875 0.463214578125 0.41097954843749995 0.4777060421875 0.4279940546875 0.477225959375 0.4610222484375 0.478186121875 0.4606886421875 0.4630635890625
0 0.40330632031249997 0.5761581234375 0.4019718515625 0.5898404140625 0.44504682500000003 0.58634213125 0.44600944531250003 0.5819190875 0.4156501875 0.5593553124999999 0.4059752578125 0.5672766390625 0.40330632031249997 0.5761581234375
5 0.57878945625 0.58119896875 0.5114495406249999 0.581321909375 0.51106499375 0.595601378125 0.5314156718749999 0.5960814578125 0.5791230625 0.595601378125 0.57878945625 0.58119896875
0 0.5103977375000001 0.709229390625 0.5010564140625 0.7005879453125 0.489713409375 0.695067021875 0.47703591406249995 0.693146696875 0.46192265312499997 0.693616353125 0.46202311093750004 0.7248320046875001 0.5140675375 0.7243519265625 0.5103977375000001 0.709229390625
0 0.4603550140625 0.7673191218750001 0.46369120781250006 0.7601179218749999 0.4646920484375 0.7461955828125 0.42340174062499997 0.7454039078125 0.4233234140625 0.7814814921875 0.4360008875 0.7802812859375 0.45134731875 0.7745203234375 0.4603550140625 0.7673191218750001
5 0.4656929109375 0.85816111875 0.41092830312500006 0.857962571875 0.41031229218750004 0.8723234890624999 0.42966214999999996 0.8728035671875001 0.46535928281250005 0.8728035671875001 0.4656929109375 0.85816111875
5 0.6064797328125 0.8579210796875 0.5514379171875 0.857434128125 0.55176639375 0.8723234890624999 0.566779196875 0.8723234890624999 0.6074805953125 0.8725635281249999 0.6064797328125 0.8579210796875
5 0.7998058140625 0.5820919265625 0.7385394921875 0.5810576875 0.738753703125 0.589533165625 0.7571027015625 0.5897732062500001 0.7998058140625 0.589533165625 0.7998058140625 0.5820919265625
5 0.9442624578125001 0.5933738140625 0.9125687328125001 0.5940939328125 0.8618064109375 0.5945330203125 0.860857934375 0.602735378125 0.878539696875 0.6029754171875 0.9445960875000001 0.6029754171875 0.9442624578125001 0.5933738140625
0 0.8154858734375001 0.6764633203125 0.8198229078124999 0.666861709375 0.8198229078124999 0.657980225 0.787332646875 0.6566252421875001 0.7874619468749999 0.6863049718750001 0.7938006828125 0.6863049718750001 0.808146275 0.6831844499999999 0.8154858734375001 0.6764633203125
3 0.777704840625 0.703547225 0.714487484375 0.7022719421875 0.7121242265625 0.8025945265625 0.841512990625 0.8030196078125 0.995715996875 0.8017443390625001 0.9963067921875 0.6805920546875 0.9974884203125001 0.5947227234375 0.814786734375 0.5943175265625 0.8190619640625 0.6580619796875 0.777704840625 0.6580619796875 0.777704840625 0.703547225
3 0.5149746859375 0.8718266796874999 0.650896259375 0.871256440625 0.6504999484375 0.79512925 0.6501036890624999 0.7463736359375 0.5462802296875 0.74665875625 0.5462802296875 0.7500802015625 0.472969796875 0.750365321875 0.4721772265625 0.7472289953125 0.36914633750000003 0.74665875625 0.367957509375 0.8051084671875 0.367957509375 0.871256440625 0.5149746859375 0.8718266796874999
3 0.5560359328125 0.7311341062500001 0.6500933265625 0.7288344734375001 0.6482669750000001 0.5821933671874999 0.5140297328125001 0.5818648484375 0.4629815640625 0.5822438640625001 0.463804921875 0.657825728125 0.4628917453125 0.7331052125 0.5564925359374999 0.7331052125 0.5560359328125 0.7311341062500001
1 0.16714946875 0.11683238437500001 0.2305766140625 0.11680547031249999 0.22934415156250001 0.088405159375 0.16895355625 0.088405159375 0.16714946875 0.11683238437500001