5 0.6223220859375 0.0598135328125 0.590583146875 0.0947733015625 0.6172323234375 0.1046653671875 0.6341982546875 0.0845278078125 0.6494675984375 0.0671362828125 0.6223220859375 0.0598135328125
5 0.7868915828125 0.0529484578125 0.6502846390625 0.0529597 0.6486192765625 0.067593953125 0.7029102468749999 0.067593953125 0.7868915828125 0.066678609375 0.7868915828125 0.0529484578125
5 0.846272315625 0.0959696078125 0.8135309078124999 0.060516375 0.7885881703125001 0.0680516234375 0.8004643390625 0.083154796875 0.819126859375 0.104207696875 0.846272315625 0.0959696078125
0 0.702061925 0.2946330890625 0.7665324765625 0.29509077499999997 0.7622249375 0.262027709375 0.7292074390625001 0.264426765625 0.71224150625 0.27495321562499997 0.702061925 0.2845643109375 0.702061925 0.2946330890625
0 0.8114921875000001 0.27495321562499997 0.79452625625 0.2831912984375 0.7885881703125001 0.293260078125 0.7902100125 0.304345090625 0.853058665625 0.3042441984375 0.851362078125 0.27174950781249996 0.8114921875000001 0.27495321562499997
0 0.702061925 0.361978725 0.7665324765625 0.361978725 0.7631577734375 0.32953400781250003 0.731752290625 0.330399375 0.71224150625 0.340010484375 0.701213659375 0.34870623749999996 0.702061925 0.361978725
0 0.8623899249999999 0.3491639078125 0.9285570078125 0.3482485671875 0.9294053874999999 0.31529620625 0.92920255 0.3154282140625 0.8997149640625001 0.3157538765625 0.88105244375 0.322618946875 0.86747974375 0.3331453984375 0.8623899249999999 0.3491639078125
0 0.8326995593750001 0.3959143140625 0.83185129375 0.36296194531250003 0.7696876234375 0.363790934375 0.7707739171875 0.37669209531250003 0.7919813453125 0.3913375953125 0.8114921875000001 0.3959143140625 0.8326995593750001 0.3959143140625
0 0.9048047828125 0.5639137953125 0.9048047828125 0.5291307375 0.84244881875 0.5310453421875 0.8454239937500001 0.545149246875 0.8606933375000001 0.55750639375 0.88105244375 0.563456125 0.9048047828125 0.5639137953125
5 0.72242103125 0.49205932656250007 0.6297622515625 0.4927581890625 0.6291084359375 0.5080778375 0.6783096421875 0.5085355078125 0.72242103125 0.508993178125 0.72242103125 0.49205932656250007
5 0.7558133437500001 0.528456965625 0.755662396875 0.5024769109375 0.7303644359375 0.5025222281249999 0.7303644359375 0.5168626078125 0.730929984375 0.52937230625 0.7558133437500001 0.528456965625
5 0.7558133437500001 0.762095821875 0.7563788921875 0.738907121875 0.7301648828125 0.7389168781250001 0.72866786875 0.7883356734375 0.75750995 0.788030559375 0.7558133437500001 0.762095821875
0 0.8106698437500001 0.855460865625 0.8180217421875 0.8450869734375 0.8185872515625 0.836543771875 0.7562842859375001 0.8363140234375 0.7558133437500001 0.8679705640625001 0.7750414109375 0.8673603375000001 0.795966046875 0.8627836125 0.8106698437500001 0.855460865625
5 0.9373487546874999 0.9613808515625 0.9367832437500001 0.94704048125 0.8253141375 0.9471452578124999 0.8253736390625 0.9613808515625 0.857608896875 0.9613808515625 0.898327109375 0.9613808515625 0.9373487546874999 0.9613808515625
0 0.9967295249999999 0.9589698640625001 0.9978605453125 0.8887635984375001 0.9984260562499999 0.8359787859375001 0.8683539687499999 0.8362839046874999 0.7332743374999999 0.8359781703125 0.7331921015625 0.8894037578124999 0.7343231609374999 0.96049543125 0.9967295249999999 0.9589698640625001
3 1 0.531545853125 0.731438225 0.530244896875 0.733450034375 0.5764872984375 0.6945771328125 0.5764872984375 0.6918005046875 0.696331146875 0.7292851375 0.6955821249999999 0.7278967765625 0.7322842921875 0.7292851375 0.8446379109375 0.7542748921875 0.8438888640625001 0.7556631609375 0.8716027453124999 0.7778762859375 0.8708537484375001 0.811195928125 0.8633634812500001 0.827855796875 0.8453869078125 1 0.8431398671875 1 0.6663701750000001 1 0.531545853125
3 0.7626047796875 0.5082150249999999 0.7598281499999999 0.5014738046875 0.84590393125 0.5007247828125 0.8500688296875 0.3629043609375 0.6570925015625 0.3629043609375 0.5268636640625 0.3636995625 0.5252022921874999 0.43406165625000004 0.5265905609375 0.508964046875 0.7626047796875 0.5082150249999999
3 0.74455664375 0.305734146875 0.9028249687500001 0.30348708125 0.898659978125 0.0950930390625 0.8500688296875 0.0973401046875 0.8098075671875 0.052398671875000004 0.6265494875 0.052398671875000004 0.583511690625 0.093838115625 0.5253369875 0.09491847656249999 0.5335321796875 0.2383219859375 0.7473332734375 0.23682394218749997 0.74455664375 0.305734146875
4 0.7183671953124999 0.6790592578125 0.71703479375 0.5934434078125 0.701045975 0.5916447546875 0.7017121765625001 0.678699528125 0.7183671953124999 0.6790592578125