5 0.3085951984375 0.831161790625 0.3518324234375 0.8300627921875 0.35280769843750004 0.8042363187499999 0.337528378125 0.8050605671875 0.3372032859375 0.8160505562499999 0.30209335937500004 0.8160505562499999 0.30209335937500004 0.8036868187499999 0.28518858125 0.8039615687499999 0.28518858125 0.8204465515624999 0.28518858125 0.8317112890624999 0.3085951984375 0.831161790625
0 0.439250575 0.810297384375 0.4377065546875 0.79423683125 0.434262203125 0.7864073109375 0.42879875 0.777875140625 0.4135960953125 0.7886156359375 0.394002425 0.8062188515625 0.39411769375 0.8064830031250001 0.3934050703125 0.8104981406249999 0.439250575 0.810297384375
0 0.3994281375 0.6993114921875 0.40044995625 0.6713313515625 0.4002455921875 0.6530233609375 0.3989795734375 0.6530289515625001 0.38062667656250004 0.6682224484375 0.363051396875 0.688257609375 0.3769481296875 0.6962025875 0.3994281375 0.6993114921875
0 0.43621360625000005 0.7604532765625 0.44520560937500003 0.7663256515625 0.447657971875 0.7435270203125001 0.44316197187500006 0.7255644625000001 0.44175034062499996 0.7258038296875 0.425177965625 0.7283279328125001 0.408420140625 0.7362729109374999 0.421090690625 0.7476722265625 0.43621360625000005 0.7604532765625
0 0.44234451718749995 0.6174436765625 0.425177965625 0.6060443609374999 0.4092375953125 0.5967176484375 0.40106304843749996 0.606735228125 0.3951656203125 0.6267747234375001 0.3945234078125 0.6274612578125 0.45011033749999996 0.6278066921875001 0.44234451718749995 0.6174436765625
0 0.4999750828125 0.5804822578125 0.48526089531250005 0.5652831703125 0.47340780000000005 0.558719928125 0.46155470468750004 0.5538838546875 0.4541976109375 0.5656286046875 0.45074037499999997 0.5784116703125 0.4513365203125 0.5787550890625 0.4791299828125 0.5808276921875 0.4999750828125 0.5804822578125
5 0.24150390625 0.7301417109375 0.2424357046875 0.693916528125 0.24274630312499998 0.67186641875 0.23653431875000003 0.6708164140624999 0.23125413125 0.6710789140625 0.22473154687500002 0.6713414171875 0.22473154687500002 0.6839414796875001 0.2253527453125 0.692341521875 0.2256633453125 0.72436668125 0.2256633453125 0.7301417109375 0.24150390625 0.7301417109375
3 0.349911934375 0.828237896875 0.35152974531250003 0.810587496875 0.396534309375 0.8100903015625001 0.396534309375 0.8071071359375 0.3997699328125 0.806609940625 0.3991816375 0.622526396875 0.2538727828125 0.622029203125 0.2294585421875 0.622526396875 0.2294585421875 0.811084690625 0.2856407109375 0.8100903015625001 0.2863393109375 0.8294808828125 0.349911934375 0.828237896875
5 0.4526708484375 0.45257278906250004 0.4757174671875 0.4519930953125 0.4762661953125 0.438196371875 0.448281015625 0.43842824843750006 0.41503117031250003 0.43881942812499997 0.41535727343750006 0.4470077234375 0.4161803671875 0.45257278906250004 0.4526708484375 0.45257278906250004
5 0.2551193421875 0.3349108375 0.2551193421875 0.3164360734375 0.2551193421875 0.3044665078125 0.237261975 0.302645053125 0.2371322609375 0.3022988625 0.23633831718749998 0.3997026140625 0.2369540890625 0.44289713124999996 0.2535799140625 0.443417546875 0.2551193421875 0.3349108375
5 0.312386075 0.308369628125 0.35333486718749996 0.30889004375 0.390281146875 0.30784921249999997 0.391204803125 0.2937979828125 0.249269515625 0.29405819218749996 0.2486537453125 0.3029052609375 0.251424715625 0.30862983593750004 0.312386075 0.308369628125
3 0.3434886109375 0.441979203125 0.310050471875 0.4188935140625 0.2996893578125 0.42884424218749995 0.29827647968750004 0.4332225625 0.288386325 0.41929154375 0.2554191453125 0.4411831453125 0.2290454015625 0.4403870875 0.2290079578125 0.4403884921875 0.22998732031250002 0.6286548578125 0.5012601140624999 0.627062740625 0.5012601140624999 0.4403870875 0.3434886109375 0.441979203125
5 0.8439463828125 0.4476259265625 0.829798153125 0.44790845937499996 0.801321475 0.44790845937499996 0.76796308125 0.44790845937499996 0.7671004546875 0.44860800625 0.7671494609375 0.46544292499999995 0.7956261390625 0.46578673750000005 0.8436296828125001 0.4650991125 0.8439463828125 0.4476259265625
5 0.9693124921875 0.4489257703125 0.9385552359375 0.4489257703125 0.9066692703125 0.44940273125 0.9075158 0.4622806578125 0.9264216375000001 0.46275761718749997 0.954074953125 0.4625191375 0.9690303171875 0.4625191375 0.9693124921875 0.4489257703125
5 0.7353402328125 0.2665598734375 0.7353402328125 0.24832361875000003 0.7258314296874999 0.24832361875000003 0.7185002218750001 0.24883989843749998 0.718151240625 0.269959853125 0.718151240625 0.2885051984375 0.7335116171875 0.28881428750000004 0.7353402328125 0.2665598734375
0 0.776661821875 0.31804694843750003 0.78983615 0.30814987031249996 0.8030104781249999 0.2975105109375 0.786908521875 0.2975105109375 0.775783534375 0.29701565625000004 0.7664151234375 0.2967682296875 0.7519521703125001 0.2975129734375 0.754411846875 0.30938700625000004 0.759974340625 0.323985196875 0.76319473125 0.326459465625 0.776661821875 0.31804694843750003
3 0.720759953125 0.38756081875000004 0.720759953125 0.45944150937500006 0.8894291828125 0.4602491578125 0.8903848156249999 0.2712594765625 0.833046834375 0.2720671234375 0.833046834375 0.2797397828125 0.8101116421875 0.2975080421875 0.72056366875 0.2973781265625 0.72089611875 0.31121629375 0.7202821375 0.3249680828125 0.720759953125 0.38756081875000004
0 0.8445023453125 0.207012559375 0.8392108484374999 0.21226921718749997 0.8332695156250001 0.22356710624999998 0.833471921875 0.2364339265625 0.857034840625 0.2361203171875 0.8626048390625 0.23643414843750002 0.8789434984375 0.2361203171875 0.8674321703125001 0.22137029375 0.8544355078124999 0.2132107078125 0.8445023453125 0.207012559375
0 0.9272168140625 0.23894479062500001 0.9264741484375 0.22576391875000001 0.92238948125 0.2179181609375 0.91496281875 0.21038623437499998 0.8859988296875001 0.2301575421875 0.8782008328125 0.2373756390625 0.9272168140625 0.23894479062500001
5 0.8433076984375001 0.0869782046875 0.819886534375 0.08673971875 0.7919504453124999 0.086501234375 0.7651430890625 0.08721668906249999 0.765026675 0.0878549625 0.76486090625 0.101525803125 0.79279699375 0.10128731718749999 0.8424611499999999 0.101525803125 0.8433076984375001 0.0869782046875
5 0.8960758656250001 0.1017642875 0.937274540625 0.10128731718749999 0.9567451468750001 0.10057186250000001 0.9558985984374999 0.087455175 0.9231654046875001 0.0879321453125 0.8957426953125 0.088172959375 0.8963580468749999 0.093655790625 0.8963580468749999 0.0969945828125 0.8960758656250001 0.1017642875
3 0.8812138875000001 0.235777559375 0.8812138875000001 0.0905653078125 0.7388922359375 0.0896132046875 0.7208673296875 0.0908826765625 0.7204918109375 0.23895123749999997 0.8357761046875 0.23863386874999998 0.8354005843750001 0.235460190625 0.8812138875000001 0.235777559375
3 0.8740790281249999 0.17054664218749999 0.8737035093750001 0.236876509375 0.8909773781249999 0.23782861249999998 0.9221454437500001 0.2384633484375 0.9919919531250001 0.239098084375 0.992367471875 0.0905699578125 0.8748300656250001 0.0905699578125 0.8740790281249999 0.17054664218749999