5 0.044379012499999995 0.117683125 0.038103146875 0.13344205781250001 0.035194809375000004 0.1417990640625 0.0420988625 0.148529490625 0.042695242187499996 0.1477683546875 0.050807954687500004 0.125562590625 0.044379012499999995 0.117683125
5 0.0987188625 0.11099751875 0.082952653125 0.11099751875 0.05236666718750001 0.1106825609375 0.0521855859375 0.12389119062500001 0.0607575015625 0.12389119062500001 0.0987188625 0.12389119062500001 0.0987188625 0.11099751875
5 0.1146381578125 0.140127659375 0.106230559375 0.11699038125000001 0.09948421562500001 0.125562590625 0.102545615625 0.134874690625 0.10729078750000001 0.1470520421875 0.1146381578125 0.140127659375
0 0.12443462812499999 0.3083114515625 0.1222916453125 0.31619091875 0.1221385796875 0.325980559375 0.148313540625 0.32478670468750004 0.1481434015625 0.288615696875 0.14050698749999999 0.288254634375 0.13224120156250002 0.292074978125 0.1268837421875 0.29995444375 0.12443462812499999 0.3083114515625
0 0.12780216875 0.360399090625 0.1342311 0.3666071515625 0.13897628281250002 0.3709050453125 0.1486196890625 0.3716213578125 0.14848005 0.333033275 0.121985515625 0.3343729765625 0.1222916453125 0.343685075 0.1247407578125 0.35299716718749996 0.12780216875 0.360399090625
5 0.162396 0.5004609390625 0.15150989374999999 0.48652360312500004 0.1466297703125 0.49783445000000004 0.150456525 0.50213234375 0.1578038828125 0.5107281234375 0.162396 0.5004609390625
5 0.1666819484375 0.5952532953125 0.166222734375 0.5730475328125 0.1665288828125 0.546543875 0.1665288828125 0.5138321578125 0.15790623125 0.5143831484375 0.1581100328125 0.5558559734374999 0.158263096875 0.59644715 0.1666819484375 0.5952532953125
5 0.15795696875 0.6169992296875 0.16224291562499998 0.6100748484375 0.156391309375 0.6003272187500001 0.1457113625 0.6148502828125 0.15244644375 0.6251174671874999 0.15795696875 0.6169992296875
5 0.360485003125 0.459305884375 0.327345246875 0.459176803125 0.3275366859375 0.47224218906250004 0.3385194484375 0.472941446875 0.3613815546875 0.4732910875 0.360485003125 0.459305884375
5 0.27800214218749997 0.4732910875 0.2595645109375 0.471876925 0.2593986578125 0.4858777515625 0.2685883359375 0.485528134375 0.27845041875 0.48517849375 0.27800214218749997 0.4732910875
0 0.27464005625 0.3376346546875 0.27396765156249997 0.326096865625 0.27127798593749997 0.3138598171875 0.26455384375 0.3044198078125 0.2569331375 0.2998746171875 0.2465013140625 0.2990782796875 0.24639865 0.30022424999999997 0.246846925 0.337285025 0.27464005625 0.3376346546875
0 0.266122815625 0.39532359375000004 0.2602952234375 0.3886806328125 0.2542434859375 0.38623321875 0.24662277968750002 0.3865828484375 0.246846925 0.42364362968749997 0.2520020953125 0.423294 0.266122815625 0.39532359375000004
0 0.2381055375 0.445696234375 0.23339862656250002 0.4341584453125 0.225329659375 0.42541769843750005 0.21434688125 0.423669553125 0.2142130359375 0.4741860390625 0.23967449218749998 0.4729673703125 0.2394503625 0.457234021875 0.2381055375 0.445696234375
0 0.3501746609375 0.276371628125 0.348605690625 0.265533109375 0.3452436203125 0.25679235 0.3387436078125 0.24770197500000002 0.3311228859375 0.24420567499999998 0.323726325 0.242807159375 0.324141065625 0.2863781578125 0.324847034375 0.2875597890625 0.350622921875 0.285462015625 0.3501746609375 0.276371628125
0 0.37684709843749997 0.22602491875 0.383347109375 0.22917159062499998 0.3932091921875 0.23057010625 0.392907703125 0.1909348078125 0.364743625 0.1921108125 0.36608846562499997 0.204697490625 0.369674665625 0.21763380156249998 0.37684709843749997 0.22602491875
0 0.18296752656249998 0.2588901359375 0.176467521875 0.25014939062499997 0.168174403125 0.243856046875 0.160553703125 0.243856046875 0.16097435 0.285608453125 0.1861054671875 0.2847627578125 0.185433046875 0.270427925 0.18296752656249998 0.2588901359375
5 0.22017447343750002 0.1420618734375 0.20695031875 0.14171224531249998 0.1813985625 0.14136261562500002 0.1816227 0.1420618734375 0.1806923828125 0.1416737234375 0.18050200624999999 0.1553478140625 0.1921571953125 0.15569744218749998 0.21995034375000003 0.15569744218749998 0.22017447343750002 0.1420618734375
5 0.3703470859375 0.1420618734375 0.3378470578125 0.14031372343749998 0.3380711875 0.15464855625 0.34726085 0.1542989265625 0.3698988265625 0.1542989265625 0.3703470859375 0.1420618734375
0 0.43617934375 0.10724495625 0.42990347656249994 0.11004199218749999 0.42273104375 0.1170345953125 0.4175758734375 0.1285723796875 0.41511035312500005 0.14080943125 0.4150904890625 0.154373846875 0.4413345140625 0.15514425625 0.44155865937499994 0.107594584375 0.43617934375 0.10724495625
5 0.56707608125 0.324792571875 0.566627790625 0.2912280921875 0.566627790625 0.275145115625 0.558046221875 0.27598714687500003 0.5578863890625 0.276893265625 0.5583346796875001 0.3261910890625 0.56707608125 0.324792571875
5 0.7043260671875 0.14168479843749998 0.6552398 0.140985540625 0.6549110546875 0.14090401875 0.6543432499999999 0.1556700015625 0.666222578125 0.1567188890625 0.7038777921875 0.1567188890625 0.7043260671875 0.14168479843749998
5 0.8276021140625 0.14203443437500002 0.7865289203125 0.14090401875 0.7865848140625 0.1553203671875 0.798239996875 0.15636925937499999 0.8280503734375 0.1556700015625 0.8276021140625 0.14203443437500002
0 0.7231536828125 0.3137545921875 0.7231536828125 0.3273901671875 0.7496019890625 0.3273901671875 0.7500505609375 0.28984182812500003 0.73973990625 0.28893087031250003 0.7316709390625 0.29452494375 0.7267398984375 0.30361533125 0.7231536828125 0.3137545921875
0 0.676308790625 0.38585614375 0.67025706875 0.389702075 0.665774303125 0.395296146875 0.661067390625 0.4029880078125 0.6594984203124999 0.41417616874999996 0.659946696875 0.42536432812499997 0.6832570765625 0.42606358593750004 0.6834812218749999 0.385506515625 0.676308790625 0.38585614375
0 0.73055024375 0.45962806718750004 0.7368261109375001 0.46102658124999996 0.7433261234375 0.46102658124999996 0.742877846875 0.4183717265625 0.7175158078125 0.4176127625 0.716877815625 0.43130804375 0.7202398875 0.44284583125 0.7253950734375 0.4536843515625 0.73055024375 0.45962806718750004
5 0.7128433249999999 0.64576083125 0.7126191953125 0.633523784375 0.6673432578125 0.6331741546874999 0.6275522859375 0.6323603 0.6269983859375 0.64576083125 0.6456018546875 0.646110459375 0.6792225859375 0.6464601 0.7128433249999999 0.64576083125
5 0.84620556875 0.45898065781249997 0.822514328125 0.45879195 0.8226710718750001 0.4729658609375 0.8309641843750001 0.47261623124999996 0.8464296984375 0.47261623124999996 0.84620556875 0.45898065781249997
5 0.9113515078125 0.15538044374999999 0.9111273625 0.1417448765625 0.887816996875 0.1420945046875 0.8723514531250001 0.1420945046875 0.871903178125 0.155030815625 0.8846790562500001 0.15538044374999999 0.9113515078125 0.15538044374999999
0 0.8833342312499999 0.31381466874999997 0.87773076875 0.3022768796875 0.8701100765625001 0.293536134375 0.8591272999999999 0.2914383484375 0.8592391640624999 0.3348695359375 0.8840066359375 0.33549173125 0.88423078125 0.32605171718750003 0.8833342312499999 0.31381466874999997
0 0.901489425 0.3753495328125 0.9070928859375 0.3680073140625 0.9115756375 0.3557702671875 0.9126963328125001 0.3414354359375 0.88511908125 0.341027171875 0.88557560625 0.3805940015625 0.8943169937500001 0.3788458453125 0.901489425 0.3753495328125
5 0.970524003125 0.4603874015625 0.954834328125 0.46003776093750004 0.9262804734375001 0.459176803125 0.92614463125 0.47122593281249997 0.9407136093749999 0.47192519062500005 0.970524003125 0.4722748078125 0.970524003125 0.4603874015625
3 0.9230066906250001 0.47122593281249997 0.9951792078125001 0.47122593281249997 0.9951792078125001 0.3852169640625 0.9951792078125001 0.326828753125 0.930179121875 0.3275280171875 0.88561203125 0.3271724921875 0.8862480265625001 0.3827695484375 0.8857997515625 0.4698274171875 0.9230066906250001 0.47122593281249997
3 0.9951792078125001 0.3330443171875 0.9951792078125001 0.252577575 0.99473091875 0.143143396875 0.9207653140625001 0.142444134375 0.8537479828125001 0.14279376875 0.8540631796874999 0.2655961375 0.8541962578125 0.3330443171875 0.9245756609375 0.333393946875 0.9951792078125001 0.3330443171875
3 0.6389100171875 0.3347691296875 0.6987549171875 0.33372023125 0.7494101546875 0.333370615625 0.7494101546875 0.2826742703125 0.7489618953125 0.143871175 0.7065997546875 0.142472653125 0.653254865625 0.14317191406250002 0.6011794171875 0.142443428125 0.6008065125 0.23966978593750002 0.6012547875 0.333370615625 0.6389100171875 0.3347691296875
3 0.712651490625 0.6458235 0.751427415625 0.6451242421875001 0.751427415625 0.6118575421875 0.751427415625 0.5271952390625 0.750979125 0.460765546875 0.748737734375 0.462164075 0.7489618953125 0.41880995 0.71623770625 0.41915957812500004 0.68306524375 0.41950921875 0.6832893890625 0.38594473749999997 0.672082465625 0.3866439953125 0.662892803125 0.3960840046875 0.6584100375 0.418861803125 0.6424962187500001 0.41851217500000004 0.600582375 0.4192114359375 0.60103065 0.565706384375 0.60103065 0.64407535625 0.6277030953125 0.6451242421875001 0.712651490625 0.6458235
3 0.153686665625 0.6290388765625 0.16777825468750002 0.6064791390625001 0.16777825468750002 0.50756333125 0.15294502968749998 0.48673893437500004 0.1525741609375 0.46186538437499997 0.14812419375000002 0.46244383750000007 0.14775337500000002 0.384352396875 0.14812419375000002 0.327663803125 0.06691204687499999 0.327663803125 0.0005331515625 0.3282560015625 0.0005331515625 0.47574830312499994 0.0012748125000000001 0.647549459375 0.049112101562499996 0.64812789375 0.10177022656250001 0.6469709875 0.153315846875 0.6458140796875 0.153686665625 0.6290388765625
3 0.1488658796875 0.333473203125 0.1484950125 0.2790984359375 0.14775337500000002 0.1431615 0.116232659375 0.14142612968749999 0.104736871875 0.1101895640625 0.0465163 0.11076801875 0.035391331250000005 0.14200459375000002 0.00164565625 0.142583046875 0.0008584484374999999 0.332452390625 0.0009039953124999999 0.333473203125 0.07024951093750001 0.334051675 0.1488658796875 0.333473203125
3 0.0568995828125 0.8561612843749999 0.09954524218750001 0.8544259046875 0.09954524218750001 0.8237678015625001 0.115861840625 0.8243462546875 0.1392242078125 0.7699714703125 0.1377408859375 0.634034534375 0.100657721875 0.6328776265625 0.0498537875 0.6328776265625 0.016354396875 0.6298050671875 0.0142539234375 0.7717068296875 0.0390996625 0.8255031609374999 0.0565287390625 0.8243462546875 0.0568995828125 0.8561612843749999
3 0.204155328125 0.2856064234375 0.2523318609375 0.28474264374999997 0.2523318609375 0.208153115625 0.251408946875 0.142217015625 0.22095251562499998 0.142217015625 0.17997477343749999 0.1427928765625 0.1435280171875 0.14202744843749998 0.1439808078125 0.21967033125 0.1439808078125 0.2850305640625 0.204155328125 0.2856064234375
3 0.39712901718750004 0.4722699578125 0.397965825 0.41157418281249997 0.39294514375 0.41287946406250003 0.39294514375 0.27712981875 0.322655353125 0.2758245375 0.3218185734375 0.14072751249999998 0.306338096875 0.14203279375 0.306338096875 0.11005330937499999 0.26198860625 0.10874802187499999 0.26282541406250004 0.14072751249999998 0.24776331406250002 0.14138015312500002 0.246926534375 0.276477178125 0.24665522499999998 0.38155531875 0.29336796249999997 0.3822052671875 0.294623146875 0.4703120140625 0.39712901718750004 0.4722699578125
4 0.049758457812500004 0.6434267218749999 0.1004654515625 0.6455317421875 0.1004654515625 0.632604703125 0.050094237500000006 0.632604703125 0.049758457812500004 0.6434267218749999
4 0.2630089765625 0.15204741093750002 0.3057453984375 0.15254454374999998 0.3057453984375 0.1105316703125 0.262619359375 0.10891579062500001 0.2630089765625 0.15204741093750002