5 0.25199149374999996 0.1864507265625 0.25224830468750004 0.169374959375 0.230162234375 0.16704644375 0.2129736609375 0.16741028125 0.21321245000000003 0.1852864734375 0.23375762500000002 0.1864507265625 0.25199149374999996 0.1864507265625
5 0.299245403125 0.1872269015625 0.2989885921875 0.1705392203125 0.2779297859375 0.1685987921875 0.25889530625 0.167895246875 0.256870959375 0.185674553125 0.2812683671875 0.18683880625 0.299245403125 0.1872269015625
5 0.6233061140625 0.3421377859375 0.6227924921875 0.29789603124999997 0.6108542015625 0.29641125156250003 0.6109790140625 0.32777861875 0.6109790140625 0.3875437921875 0.6233061140625 0.387155696875 0.6233061140625 0.3421377859375
5 0.62253568125 0.5791081984375 0.6220220390625 0.5441805046875 0.6108542015625 0.5427740062499999 0.611235825 0.5884222421875 0.6114926359374999 0.6140358796875 0.6233061140625 0.612871640625 0.62253568125 0.5791081984375
0 0.11634404375 0.5363483984374999 0.114803159375 0.5247058328125 0.10786914843749999 0.512287078125 0.101448778125 0.5060777171875 0.0896353 0.5041372890625 0.0904057515625 0.5355722078125 0.0850126453125 0.5351841296875001 0.084842640625 0.543258971875 0.0855262671875 0.5534241359375 0.12070988906249999 0.5518718171875 0.12070988906249999 0.5367364765625 0.11634404375 0.5363483984374999
0 0.2701761234375 0.5958048859375 0.2825032421875 0.5907597625000001 0.292775834375 0.5779529578125 0.2968848484375 0.5624295234375001 0.30125073125 0.5616533640625 0.30125073125 0.5546678140625 0.2659601734375 0.553928225 0.2652966578125 0.5616533640625 0.270432953125 0.5608771906250001 0.2701761234375 0.5958048859375
0 0.415791121875 0.283357753125 0.40680260312499994 0.285686275 0.3955027671875 0.2946122390625 0.39062328125 0.305866709375 0.38856875468749996 0.31789736875 0.3831756484375 0.3171211953125 0.3842029109375 0.325659078125 0.41912972187499997 0.325659078125 0.41964334374999995 0.3171211953125 0.415791121875 0.3171211953125 0.415791121875 0.283357753125
0 0.4168183859375 0.5211043421875 0.40295038125 0.5230447687499999 0.3931914296875 0.53895626875 0.39010964062500003 0.5544796890625 0.384459721875 0.553703528125 0.3847784140625 0.5621726484375 0.419900175 0.56185331875 0.42041379687499997 0.553703528125 0.4165615734375 0.553703528125 0.4168183859375 0.5211043421875
0 0.44994752031249996 0.2479625546875 0.4589360390625 0.23748424375 0.46432912656249997 0.222736996875 0.4653564078125 0.2107063515625 0.43455362343750004 0.209602328125 0.43453863125 0.21187060624999998 0.434795421875 0.2510672359375 0.44994752031249996 0.2479625546875
0 0.82792155625 0.296740228125 0.8179057546875 0.28703809062499996 0.805835465625 0.2850976640625 0.8063490874999999 0.31847301093749997 0.8022400546874999 0.31847301093749997 0.802496865625 0.325846640625 0.837166865625 0.3250704671875 0.8376804874999999 0.3176968515625 0.8333146421875 0.31730875625 0.82792155625 0.296740228125
3 0.9039387171875 0.63888180625 0.9047091703125 0.31203439843749997 0.8636187984375001 0.31281056875 0.8638756296875 0.3186318515625 0.8369100734374999 0.31785568125 0.830489703125 0.2980633265625 0.818162584375 0.28674884375 0.8053218234375 0.2832560671875 0.805835465625 0.3181837640625 0.7667996015625 0.3181837640625 0.7657723578125 0.31158630625 0.7341682671875 0.31241513125 0.73367050625 0.4151857296875 0.734184128125 0.6396579953125 0.83999184375 0.6392698859375 0.9039387171875 0.63888180625
3 0.42046748906250003 0.639137528125 0.529870596875 0.638749446875 0.6212966859375 0.638749446875 0.620526234375 0.61119536875 0.6233512125 0.6104191937500001 0.6218103078125 0.5432804046874999 0.620783065625 0.5432804046874999 0.620526234375 0.38819604218750003 0.623608003125 0.38780794687500003 0.623608003125 0.29877754218749997 0.620526234375 0.2976132734375 0.6197557812500001 0.17249090625000002 0.43102118906250003 0.171290009375 0.4299696296875 0.23932103906250002 0.43074008125 0.5341956078125001 0.420210678125 0.5341956078125001 0.42046748906250003 0.639137528125
0 0.3243944703125 0.4343004875 0.3156627625 0.43662899375 0.3059038125 0.44555497343750006 0.2987129890625 0.4618545515625 0.2979425375 0.46845202343750003 0.29306307187499997 0.46767583437500004 0.2943471453125 0.47737797187500003 0.3287603140625 0.4762137328125 0.3287603140625 0.4692281828125 0.3241376609375 0.46884010312499996 0.3243944703125 0.4343004875
3 0.3711347796875 0.4750494640625 0.3711347796875 0.3186510109375 0.3400601703125 0.3178748375 0.3395465484375 0.17140776562499999 0.2994834421875 0.17140776562499999 0.2989698 0.168691165625 0.25864988125 0.1675269125 0.25864988125 0.17257202031250002 0.2522295125 0.17140776562499999 0.2517158703125 0.1675269125 0.21319364843750002 0.16791499062499998 0.21216640468749998 0.1717958453125 0.16769427812499998 0.171290009375 0.1672238125 0.32710947031250004 0.16825105468749998 0.47660181250000005 0.27149062343749997 0.47660181250000005 0.3711347796875 0.4750494640625
1 0.3394348171875 0.3396378890625 0.3088932265625 0.3419874828125 0.309963484375 0.43410255624999994 0.34046580937500004 0.4365266375 0.3394348171875 0.3396378890625