0 0.2284944828125 0.7314007390625 0.22442319843749997 0.7169785890625 0.2166877578125 0.70435920625 0.1842557671875 0.7466303515625 0.18533886718749998 0.7482265828125 0.23012299687499999 0.7488275046874999 0.2284944828125 0.7314007390625
0 0.17068224375000002 0.5607386203125 0.1568398765625 0.5685506203124999 0.1482901796875 0.57996815625 0.17709121249999998 0.624099003125 0.17801055625 0.6256383 0.17801055625 0.5607386203125 0.17068224375000002 0.5607386203125
0 0.23704417968749997 0.6250373765624999 0.254550703125 0.5997986125 0.2667645578125 0.5775644640625 0.258214859375 0.5673487734375 0.2484437765625 0.5619404671875 0.23798992968750002 0.56211255625 0.2378584375 0.5637432359375001 0.2378584375 0.588982 0.23704417968749997 0.6250373765624999
3 0.2391723109375 0.382521365625 0.23789652499999997 0.6376766218750001 0.4209718359375 0.6395596859375 0.4209718359375 0.1141846578125 0.369940390625 0.1141846578125 0.3412352015625 0.0784064296875 0.3323836203125 0.0909375546875 0.31800289375 0.0766330765625 0.292755328125 0.113243125 0.2486002578125 0.11031781562500001 0.2373457765625 0.11216355625 0.2391723109375 0.2365838578125 0.2391723109375 0.382521365625
0 0.14889270937500002 0.24487955625 0.1554054453125 0.24487955625 0.1542561390625 0.1900299453125 0.15499546875 0.1884650359375 0.1400813625 0.1911608640625 0.12782209687499999 0.205862821875 0.1354841375 0.2194338609375 0.14889270937500002 0.24487955625
0 0.1986959765625 0.1464895328125 0.20520871093749998 0.12669843593750002 0.2040594046875 0.11143101875000001 0.15770405781250002 0.1097346390625 0.15714056875 0.1106938890625 0.1730281390625 0.13235303437499998 0.18337189375000001 0.1470549921875 0.192183240625 0.15779873125 0.1986959765625 0.1464895328125
3 0.178126421875 0.6359756765625 0.1773359078125 0.5531327109374999 0.23939131093750002 0.5548829140625 0.2370197671875 0.3399745375 0.155201496875 0.3393911375 0.15559675312500001 0.188290234375 0.15559675312500001 0.11186468125 0.021560539062500002 0.112052475 0.001197971875 0.11159993125 0.0013269625 0.1529123734375 0.002236903125 0.63830928125 0.178126421875 0.6359756765625
0 0.7345411281249999 0.3836882515625 0.7431670625 0.3652269859375 0.7129762937499999 0.3633172 0.698539553125 0.3623408609375 0.699606096875 0.3855980375 0.707800734375 0.406605684375 0.7185831515625 0.39960313593749996 0.7345411281249999 0.3836882515625
3 0.5753926515625001 0.6376897968749999 0.7561059625000001 0.6376897968749999 0.7561059625000001 0.36586358125 0.7026251734375 0.3652269859375 0.6202475062499999 0.36586358125 0.5753767875 0.36488605937499996 0.5753926515625001 0.3824150609375 0.5758239484375001 0.5008217968750001 0.5753926515625001 0.6376897968749999
0 0.6926765953125 0.32460886875 0.7002983656249999 0.3371086 0.7024155234375 0.2983594328125 0.7015686609375 0.2733599703125 0.701042784375 0.2717741265625 0.6854782562499999 0.27523492968749996 0.6727753062499999 0.288359646875 0.6803970765625 0.305234284375 0.6926765953125 0.32460886875
0 0.831562184375 0.30898420312499997 0.831985615625 0.3333586796875 0.849769746875 0.32835878749999997 0.8607789703125001 0.3171090296875 0.8493463140624999 0.2946095125 0.8348302828125 0.27127436875 0.8311387531250001 0.2733599703125 0.8311387531250001 0.2858597015625 0.831562184375 0.30898420312499997
0 0.8222466875000001 0.2634066265625 0.80912030625 0.245907003125 0.79641735625 0.22778239218750002 0.78456126875 0.24965692343749998 0.7836862 0.27127436875 0.7849847 0.27278142656250004 0.8235169828125001 0.2740313984375 0.8222466875000001 0.2634066265625
0 0.9094736125 0.2409071109375 0.906509590625 0.2115327421875 0.8988878203124999 0.19653306406249998 0.8802568265625 0.21653263437499998 0.8645898546874999 0.2396571375 0.8662835812499999 0.24028212343750002 0.88449114375 0.2409071109375 0.9094736125 0.2409071109375
3 0.7024155234375 0.37465423593749997 0.7011452296875 0.2127827140625 0.7413712375 0.21403268749999999 0.7401009421875 0.1102849171875 0.619422915625 0.11090990468749999 0.57572285 0.110852359375 0.575809453125 0.11090990468749999 0.575809453125 0.37465423593749997 0.7024155234375 0.37465423593749997
3 0.822229934375 0.3368962390625 0.8203690375000001 0.63811660625 0.9990151546874999 0.6362854796875 1 0.2361842625 0.8637899687499999 0.23893095312499998 0.865650865625 0.27463792656249997 0.830293821875 0.2718912359375 0.8309141203125 0.2728068 0.8296735234374999 0.3359806765625 0.822229934375 0.3368962390625
1 0.31961968281250003 0.0778352453125 0.2935823359375 0.1098458421875 0.29199219374999996 0.1250400234375 0.36898215156249997 0.125826384375 0.370067040625 0.1098210859375 0.3429448046875 0.078635509375 0.31961968281250003 0.0778352453125