5 0.011357368750000001 0.390145640625 0.0117056203125 0.3663963453125 0.0115315 0.3447538390625 0.0015519703125 0.3445083015625 0.0016062765625 0.37693030781250003 0.0014321453125 0.390145640625 0.011357368750000001 0.390145640625
0 0.016407046875 0.4984291703125 0.0223273484375 0.4957478 0.027028774999999998 0.4932579546875 0.030337178125000003 0.49000199999999994 0.01048673125 0.46280522343749997 0.0015519703125 0.46298985156250005 0.0028251546875 0.5003444359375 0.0106608640625 0.5001529109375 0.016407046875 0.4984291703125
0 0.1001619953125 0.5268035125 0.10486343281249999 0.52814419375 0.11391801875 0.528527246875 0.114525090625 0.49187236562500003 0.10764945156250001 0.49232872343749995 0.087973125 0.5191424453125 0.0935451875 0.5237390828125 0.1001619953125 0.5268035125
0 0.0883213890625 0.591007521875 0.10852010000000001 0.617821240625 0.1135697546875 0.617821240625 0.1137591703125 0.581471403125 0.1067788265625 0.581622721875 0.09824660156250001 0.5843040921875 0.0919780578125 0.5871769890625 0.0883213890625 0.591007521875
0 0.2690441265625 0.6111398453125 0.2671990125 0.6057278765625 0.2620736921875 0.600090409375 0.2378822109375 0.6203852953125 0.23764140312499998 0.6302510328125 0.27273434218750003 0.62940525 0.27068422187499996 0.6158753203125 0.2690441265625 0.6111398453125
5 0.40332737500000004 0.5563436515625 0.3904115859375 0.5565691515625 0.3451780671875 0.5565309296875001 0.3451037828125 0.5680695890624999 0.361299790625 0.5682950875 0.4037373859375 0.5673930921875 0.40332737500000004 0.5563436515625
0 0.339568453125 0.5238216671875 0.33710829531250003 0.5211156828125 0.33341807968750004 0.5186352000000001 0.3287027828125 0.51705670625 0.32173236250000004 0.5141252234375 0.3120378375 0.5133413734375 0.31312183125000004 0.5513325140625 0.3186571625 0.55088151875 0.339568453125 0.5238216671875
0 0.2897503984375 0.4396604734375 0.287290240625 0.4328955125 0.2827799640625 0.42748353906250003 0.257563415625 0.4489059203125 0.257255009375 0.45575530000000003 0.292620565625 0.4554453875 0.29118547499999997 0.4459744375 0.2897503984375 0.4396604734375
5 0.3978938546875 0.264694625 0.38660252968750003 0.26486475625 0.3558471765625 0.2638887296875 0.3559767203125 0.27541293906250003 0.374073790625 0.2755830703125 0.3978938546875 0.2752428078125 0.3978938546875 0.264694625
3 0.34245508281250003 0.5679257859375 0.4117080796875 0.5675988640625 0.4444026296875 0.567271940625 0.444105415625 0.49959875625 0.444105415625 0.450233296875 0.35612734687500003 0.44925252968749996 0.31282390625 0.4491482140625 0.3127327765625 0.5077718546875001 0.3124355453125 0.567271940625 0.34245508281250003 0.5679257859375
3 0.1267274 0.4260402890625 0.12469296249999999 0.4287752921875 0.12130223749999999 0.4342453 0.11904175937499999 0.441207128125 0.1174594171875 0.44792031874999994 0.11760260156249999 0.4562666609375 0.1509146 0.45612532968749997 0.1509146 0.4489148625 0.1267274 0.4260402890625
3 0.09479273125 0.52650320625 0.1074096125 0.5304062843749999 0.1070153484375 0.5802791078125 0.09755268125 0.5833148359375 0.08848427656249999 0.58938631875 0.10622679531250001 0.6167079390625 0.10622679531250001 0.6279835265625 0.1700998078125 0.6279835265625 0.2304243171875 0.6284172171875 0.321502515625 0.6301519171875001 0.31913688125 0.55729424375 0.3195311453125 0.5507890984375 0.3400335859375 0.5230337890625 0.3199254078125 0.512625553125 0.320319671875 0.44800772968749997 0.292325959375 0.44930875625000005 0.291143115625 0.4402015453125 0.2864117953125 0.425022865625 0.2568409484375 0.44887508125000003 0.18705374531250002 0.44887508125000003 0.151174471875 0.44844140625 0.1267292375 0.42415551406249996 0.11963222968750001 0.43846684375 0.1168722796875 0.44930875625000005 0.1074096125 0.44844140625 0.1070153484375 0.49224275312500004 0.08611861562499999 0.5182633453125 0.09479273125 0.52650320625
3 0.0876957234375 0.4561832703125 0.16497419687499998 0.4557495953125 0.16497419687499998 0.3589432203125 0.16418564375 0.2873865859375 0.16379135312499998 0.23744945 0.16418564375 0.13900485 0.1626085359375 0.0830605640625 0.0857243265625 0.0830605640625 0.002137425 0.082626884375 0.0017431484375000001 0.16025500625 0.001779865625 0.250676765625 0.0017431484375000001 0.332585421875 0.002925978125 0.45358120468749996 0.0876957234375 0.4561832703125
3 0.3080970796875 0.4561511140625 0.44451722031249996 0.4561511140625 0.44451722031249996 0.36848410781249996 0.44412295625000003 0.2643695640625 0.3207139875 0.2652369140625 0.3207139875 0.188411834375 0.3211082515625 0.08302840781250001 0.2422526703125 0.0838957578125 0.15787718906249998 0.0838957578125 0.15787718906249998 0.2405173484375 0.1582714796875 0.287788090625 0.157431803125 0.3451952109375 0.1570886359375 0.34556356875 0.15866574375 0.45485007343749995 0.3080970796875 0.4561511140625
0 0.7021590546875001 0.498545465625 0.70702571875 0.5073396578125 0.73344484375 0.4840159328125 0.7347496687499999 0.4756418359375 0.69729236875 0.48095707968749996 0.7000733421875001 0.48860420624999995 0.7021590546875001 0.498545465625
3 0.6809542468750001 0.6304583906250001 0.7438734328125001 0.6296936546875 0.7449163015625 0.539457590625 0.7456115390625 0.47713351406250004 0.7011161875 0.4782805859375 0.7025066625 0.44883915312499995 0.617394928125 0.44786405937499996 0.6187302765625 0.52569276875 0.6183826578125 0.628164234375 0.6809542468750001 0.6304583906250001
5 0.60517310625 0.421224446875 0.605520725 0.3711357734375 0.605520725 0.34054726875 0.592547834375 0.3409617015625 0.59265878125 0.39101830312499997 0.5930064015625 0.421606803125 0.60517310625 0.421224446875
5 0.605520725 0.18749135625 0.605520725 0.1637852609375 0.5921655703125001 0.16377314999999998 0.59265878125 0.2119621546875 0.6058683453125 0.21272686406250002 0.605520725 0.18749135625
5 0.902735721875 0.3174924734375 0.9441025156249999 0.318257209375 0.9600930046875 0.3174924734375 0.9595203109374999 0.304766415625 0.9204643406249999 0.305257084375 0.90204050625 0.30640415 0.902735721875 0.3174924734375
0 0.7379639015625 0.324757259375 0.7442210625000001 0.3243748921875 0.74430624375 0.2866687734375 0.7324019765625 0.288051053125 0.7230162328125 0.292256971875 0.7171067 0.29760995625 0.7379639015625 0.324757259375
0 0.7344876890625 0.3431670578125 0.7303162624999999 0.3359022859375 0.7038971609375 0.35846131406250004 0.703786365625 0.3683186046875 0.7400496140625 0.3668731515625 0.7376162703125 0.351196540625 0.7344876890625 0.3431670578125
0 0.899259509375 0.39866541875 0.8923071328125 0.3929300796875 0.8818785437500001 0.389106515625 0.87284043125 0.3875770953125 0.87284043125 0.4273421421875 0.8790975937500001 0.42657743281249993 0.899259509375 0.39866541875
0 0.687906625 0.4066949015625 0.6955542625 0.4078419796875 0.7028542921875001 0.4082243359375 0.7026395765625 0.36958122968749996 0.6931209421875 0.3680769203125 0.674697084375 0.397900709375 0.6809542468750001 0.40440077187499995 0.687906625 0.4066949015625
3 0.6955542625 0.30987370937500003 0.6948590234375 0.36531538124999996 0.7435258250000001 0.36531538124999996 0.7445686703125001 0.26084705937499997 0.8206974421875 0.26084705937499997 0.8210450484375 0.1862875828125 0.8210450484375 0.0834337421875 0.7476972515625 0.0841984578125 0.6781732734375 0.0830513859375 0.6173398015625 0.08266903125 0.6176874203125 0.148434309375 0.5937016500000001 0.14728724375 0.5936946234375 0.23574284687499997 0.6187302765625 0.2375800234375 0.6187302765625 0.3083442890625 0.6955542625 0.30987370937500003
5 0.9093404906250001 0.552840059375 0.9437548609374999 0.55360476875 0.9649596921875 0.5516929937499999 0.9641074671875 0.538352275 0.9235928984375 0.53869288125 0.9086452765624999 0.53869288125 0.9093404906250001 0.552840059375
3 0.8726463671875001 0.5278273859375 0.902294225 0.52974564375 0.9036022000000001 0.5522852406250001 0.9646419328125001 0.5532443687499999 0.9642058921875 0.5302252234375 0.9977777343750001 0.5292660953125 0.9986497578125 0.42615947656250003 0.9986497578125 0.32832809687500003 0.965077915625 0.32928722499999996 0.9646419328125001 0.30530894375 0.9040382109375 0.30530894375 0.90316621875 0.3288076609375 0.8745647078125 0.328933846875 0.8726463671875001 0.44294427187499996 0.8722103562499999 0.44726036562499993 0.8726463671875001 0.5278273859375