5 0.3964262203125 0.2037691390625 0.3971136984375 0.177094721875 0.34864574375 0.176600759375 0.319449809375 0.1760493828125 0.31908373125 0.2032751578125 0.361364303125 0.204263103125 0.3964262203125 0.2037691390625
5 0.6006103953124999 0.202882271875 0.6006103953124999 0.1771958265625 0.5603923125 0.1767018359375 0.522329671875 0.1766666671875 0.5232679078125 0.203870215625 0.562111034375 0.203376253125 0.6006103953124999 0.202882271875
5 0.9070052546875 0.492901784375 0.9063177234375001 0.45832384531250003 0.8876853562499999 0.45691358125 0.8884430249999999 0.5027811953125 0.887755546875 0.542792803125 0.9063177234375001 0.5418048578125 0.9070052546875 0.492901784375
5 0.9063177234375001 0.7031425359375 0.9059740109375 0.669058559375 0.8881151859375 0.6674074078125 0.887755546875 0.7184556140625 0.887755546875 0.7535275171875 0.9063177234375001 0.7500697375 0.9063177234375001 0.7031425359375
0 0.6943085921875001 0.596847809375 0.7011834796875 0.57758295 0.704277159375 0.5518964953125 0.6478400953125 0.5488888890625 0.6475593328125 0.6215463375 0.658902909375 0.6215463375 0.6798713390625 0.6131488328125 0.6943085921875001 0.596847809375
0 0.585341603125 0.7327908062499999 0.5973726562499999 0.7115500578125 0.6035600671875 0.6843816765625 0.6035600671875 0.6680806515625 0.5524177875 0.6674074078125 0.5530296515625001 0.7466219781250001 0.5722793328125 0.7461279968750001 0.585341603125 0.7327908062499999
0 0.52896754375 0.4817526734375 0.5131552796875 0.46989737187499997 0.4959680609375 0.46742751875 0.496539859375 0.546419753125 0.5454672578124999 0.5459688453125 0.5454672578124999 0.5286798765625 0.5406548328125 0.5034873765625 0.52896754375 0.4817526734375
0 0.44509390625 0.48323458124999996 0.43546905156250004 0.5010175234375 0.43168786875 0.519294428125 0.42928166875 0.5474507531249999 0.47912460625 0.5464628078125 0.4794683453125 0.466933546875 0.4629686046875 0.46989737187499997 0.44509390625 0.48323458124999996
0 0.3883760671875 0.8109392265625001 0.37943871875 0.8381076265624999 0.3780637359375 0.8712036375000001 0.376617228125 0.873580246875 0.425500459375 0.8731795281249999 0.4261879640625 0.7882165875 0.40762576250000004 0.791180403125 0.3883760671875 0.8109392265625001
0 0.29359453750000003 0.47955668906250004 0.27675105625 0.469677278125 0.2636887859375 0.4677013875 0.2631420515625 0.547654321875 0.3128442171875 0.547724621875 0.3125004796875 0.5314235968750001 0.309063034375 0.50623110625 0.29359453750000003 0.47955668906250004
3 0.4902163203125 0.177931384375 0.24718904375 0.1785264421875 0.24718904375 0.3198020328125 0.24718904375 0.548319678125 0.49193504218750006 0.5478257156249999 0.4902163203125 0.177931384375
3 0.6579649703125 0.5456347874999999 0.6579649703125 0.272760828125 0.657726190625 0.17851851875 0.48093657968750003 0.17742450625 0.48231156249999996 0.5461287140625 0.6579649703125 0.5456347874999999
3 0.7348634046875 0.11519713281249999 0.6822705015625 0.11173933124999999 0.680208040625 0.1774374125 0.6465210796874999 0.1769434484375 0.64686481875 0.8736555671874999 0.905704384375 0.8736555671874999 0.906048096875 0.6704315046875 0.9053083953125001 0.17728395156250001 0.7754252265625 0.1774374125 0.77370650625 0.11173933124999999 0.7348634046875 0.11519713281249999
1 0.67808788125 0.19867724375 0.7774250078125 0.1999602625 0.7765040953125 0.107396284375 0.6788874296875 0.10607394218749999 0.67808788125 0.19867724375