0 0.23237427031250002 0.8456766390625001 0.21888653281249998 0.8166176484375001 0.201107203125 0.79108096875 0.1741316578125 0.791961546875 0.17351859218750001 0.834229153125 0.1731785609375 0.8848827874999999 0.17474475625000002 0.8879442203125001 0.2360527640625 0.8905859296875 0.23237427031250002 0.8456766390625001
5 0.87081305 0.6639246890625 0.8716628890625 0.5870227984375 0.8376684750000001 0.58458149375 0.8376684750000001 0.6126567734374999 0.8376684750000001 0.7017653171875 0.8546657281250001 0.7017653171875 0.8691132765624999 0.7029859515625 0.87081305 0.6639246890625
5 0.872512728125 0.36734120312499996 0.872512728125 0.2904393125 0.8555155687499999 0.2867773078125 0.8373058578125001 0.28985696562499996 0.8376684750000001 0.3697825421875 0.8385183609375 0.4796423859375 0.872512728125 0.48086305312500005 0.872512728125 0.36734120312499996
0 0.65858465 0.6751423625 0.657425290625 0.65682520625 0.6429333500000001 0.6143626671875 0.6122104171875 0.5902173265624999 0.5846763125 0.5879774765625 0.5849655609375 0.6151952671875 0.5861249203125001 0.6793053671875 0.65858465 0.6751423625
0 0.5256828046875001 0.7153987640625 0.5298653109375 0.6718453156249999 0.500587815625 0.6718453156249999 0.46945677343750003 0.672847953125 0.47235597343749997 0.763457715625 0.49274565625 0.7649595625 0.5152265921875 0.74017914375 0.5256828046875001 0.7153987640625
0 0.2237803203125 0.5392411187499999 0.208170428125 0.5138959812499999 0.1857736015625 0.48855084375 0.1626980984375 0.48367676406250004 0.162019425 0.580183259375 0.1626980984375 0.5831077078125 0.22717380625 0.5821328921875 0.2237803203125 0.5392411187499999
0 0.383951484375 0.48367676406250004 0.350016925 0.4963493453125 0.3316922578125 0.538266303125 0.32626274843749997 0.57920844375 0.341872640625 0.580183259375 0.384630196875 0.581158075 0.383951484375 0.48367676406250004
0 0.47131534375 0.5457828578125 0.46209438125 0.5179004140625 0.4412259234375 0.4942003125 0.4169602765625 0.4893208875 0.41526035468750006 0.580060978125 0.41647495 0.5820300625 0.47422720468749996 0.582727125 0.47131534375 0.5457828578125
5 0.2565007140625 0.21667079375 0.28752044374999997 0.2180416921875 0.333334203125 0.21598534531250002 0.3323797484375 0.1762294421875 0.2884749 0.1762294421875 0.2408691609375 0.1763321 0.24170668437499998 0.20022008125 0.24218389999999998 0.2173562421875 0.2565007140625 0.21667079375
5 0.4903417390625 0.2173562421875 0.5533356296874999 0.215299896875 0.553812896875 0.178285778125 0.5242248375 0.1776003390625 0.479365534375 0.178285778125 0.440976684375 0.1781821640625 0.4416646125 0.1981637359375 0.4416646125 0.21667079375 0.4903417390625 0.2173562421875
3 0.1357741140625 0.58250876875 0.40309820781249994 0.5812101671875001 0.40309820781249994 0.567525140625 0.40822863906249995 0.1801339625 0.3686512984375 0.178028584375 0.13844171249999998 0.1817798515625 0.138401590625 0.184344734375 0.138401590625 0.30014102343750004 0.1357741140625 0.58250876875
3 0.4075700203125 0.58159645625 0.5965637593750001 0.578739009375 0.5965637593750001 0.17965383906250001 0.4387374109375 0.1806063125 0.41088569062499997 0.17965383906250001 0.41154881093749995 0.2082279640625 0.4075700203125 0.58159645625
3 0.781072696875 0.1811255234375 0.7825477890625 0.1027437171875 0.75599574375 0.1016845015625 0.7220681734375 0.15464517656250001 0.69699121875 0.1090989984375 0.671914265625 0.10380292656250001 0.6704391734375 0.180066303125 0.5994246296875 0.1816076328125 0.5848826046875 0.1799588984375 0.59004545625 0.8859322859375001 0.8651541765624999 0.8869914828125 0.86294150625 0.1821847328125 0.781072696875 0.1811255234375
1 0.6627982140625 0.2064814734375 0.7786450703125001 0.2109686015625 0.780256665625 0.10452002656249999 0.6690565484375 0.102205928125 0.6627982140625 0.2064814734375