5 0.581422875 0.013560649999999999 0.508889634375 0.013276145312500001 0.5083952593750001 0.033543529687500004 0.543711896875 0.0329725921875 0.581422875 0.033543529687500004 0.581422875 0.013560649999999999
5 0.3940651125 0.04610419375 0.32853155156249997 0.045327428125 0.328220521875 0.063803303125 0.35874847499999996 0.062661428125 0.3940651125 0.063803303125 0.3940651125 0.04610419375
0 0.46948711093749995 0.063232365625 0.4688885046875 0.04610419375 0.4173941109375 0.044698971875 0.4180086078125 0.063803303125 0.422797290625 0.08435711093750001 0.44434644375000004 0.0752220921875 0.46948711093749995 0.063232365625
0 0.611950828125 0.320239696875 0.59100028125 0.27799018593749997 0.5753719937499999 0.27848479375 0.5760356265625 0.328232840625 0.5957890046875 0.326520028125 0.611950828125 0.320239696875
0 0.47667013437500005 0.18778179374999998 0.4682899 0.20262620625 0.46873692343749995 0.2150106859375 0.511986771875 0.2146159328125 0.511986771875 0.20605185 0.47667013437500005 0.18778179374999998
0 0.5359302671874999 0.1837852109375 0.5281486375 0.20376808125 0.5279786296875 0.21438222968749998 0.5730426796875 0.21575780781249998 0.57423985 0.20548091406250002 0.5359302671874999 0.1837852109375
5 0.7274781453125 0.3476447921875 0.6260565640625 0.3488719234375 0.625718353125 0.3687695375 0.6748024734375 0.3676276625 0.7274781453125 0.3676276625 0.7274781453125 0.3476447921875
5 0.4539238109375 0.3487866671875 0.3482787875 0.3482434671875 0.34737529375 0.3670567046875 0.3874806546875 0.3676276625 0.4539238109375 0.3670567046875 0.4539238109375 0.3487866671875
0 0.24800984218750002 0.29968586875000003 0.2502008515625 0.2520896203125 0.23065080624999998 0.252297921875 0.21029884375000002 0.2631457734375 0.23484092343750002 0.3008277640625 0.24800984218750002 0.29968586875000003
3 0.28474445 0.30584754062499997 0.2825421 0.30584754062499997 0.2832762015625 0.365366115625 0.46901035625 0.365366115625 0.46901035625 0.21756773749999997 0.616569921875 0.21616730468749998 0.612899271875 0.01590474375 0.4712127546875 0.015293106249999999 0.47194685625000005 0.046802946875 0.281021346875 0.047112696875 0.2832762015625 0.225322371875 0.28841510000000004 0.22392193906250002 0.28474445 0.30584754062499997
3 0.5776611796875 0.3681669828125 0.7810143328125 0.36606635625 0.7810143328125 0.177007284375 0.7802802328125 0.014556539062500002 0.7362326421875001 0.016657201562499998 0.7017286515625 0.0012523828125 0.6848437546875 0 0.6510738625 0.016657201562499998 0.604744121875 0.014740784375 0.6055580234375 0.20781690937500003 0.57619293125 0.20711669375000002 0.5776611796875 0.3681669828125
0 0.5637127343749999 0.34306295468750003 0.5431571890625 0.331859465625 0.5350817906249999 0.3465640609375 0.5353172921875 0.36851954062500003 0.589407228125 0.3696712796875 0.587204828125 0.357067334375 0.5637127343749999 0.34306295468750003
5 0.41594230625 0.48083335 0.34958834843750003 0.4802743234375 0.34860125468750003 0.49830409062500003 0.37984751875 0.497790246875 0.414864853125 0.49881794218750003 0.41594230625 0.48083335
5 0.57378975625 0.4520580140625 0.5344224718749999 0.45142817031250004 0.5344625703125 0.46901490937499996 0.556550425 0.4695287546875 0.57378975625 0.4695287546875 0.57378975625 0.4520580140625
5 0.74672155625 0.4510303265625 0.6576452203125001 0.45199378125 0.65729265 0.4695287546875 0.6885389140625 0.4695287546875 0.7461828484375 0.47004260625 0.74672155625 0.4510303265625
0 0.586180490625 0.5317040468750001 0.5446983984375 0.5507163171875 0.5450859796875 0.5634191203125 0.5931839578125 0.5635624453125 0.5915677953125 0.5445501734375 0.586180490625 0.5317040468750001
0 0.626046421875 0.6041562218750001 0.6341273421875 0.5985039234375 0.6147331031250001 0.5604793828125 0.6043276859375 0.5600254546875 0.6055747296875 0.6072393015625 0.6168880109375 0.6067254578125 0.626046421875 0.6041562218750001
0 0.4875932109375 0.6262515718749999 0.488213940625 0.5792562234374999 0.4768186375 0.5794916531250001 0.4574244 0.6180300546875 0.469276425 0.6252238859375 0.4875932109375 0.6262515718749999
0 0.5942614484375001 0.6175162109375 0.5953389015624999 0.6056977531250001 0.545678396875 0.6052743234375 0.5463145968750001 0.6159746625 0.586180490625 0.6360146375 0.5910290500000001 0.6272792609375 0.5942614484375001 0.6175162109375
3 0.6632186625000001 0.6457777046875 0.780122728125 0.6447499999999999 0.780122728125 0.5496886296875 0.7779678203125 0.4515441703125 0.6061049359374999 0.452559390625 0.6044972750000001 0.5435224875 0.60395853125 0.6159746625 0.6632186625000001 0.61546081875 0.6632186625000001 0.6457777046875
5 0.4364139984375 0.786685609375 0.3377400078125 0.7862697984375 0.3383654078125 0.803128659375 0.38900589218750004 0.804670209375 0.4347978 0.8036425046875 0.4364139984375 0.786685609375
5 0.7160140734375 0.7861717640625 0.6626799531249999 0.786685609375 0.5853703390625 0.7862697984375 0.5851030374999999 0.8051840531250001 0.6357435046875 0.8051840531250001 0.7154753640625 0.8051840531250001 0.7160140734375 0.7861717640625
3 0.780122728125 0.63869816875 0.6147331031250001 0.6392120125 0.61581055625 0.6058120734375 0.5255362156250001 0.6058399343749999 0.5285365578125 0.8015871296875 0.780122728125 0.8036425046875 0.780122728125 0.63869816875
3 0.48651575625000004 0.803090559375 0.48651575625000004 0.7234445359375 0.48597701249999997 0.5631248109375 0.284422471875 0.5622878984375 0.28341510937500003 0.6746292421875 0.281798928125 0.802062871875 0.48651575625000004 0.803090559375
1 0.6832895484375 0.0007193421875 0.6516992140625 0.0164258984375 0.6511321828125001 0.0265208625 0.7372563703125 0.029619407812499998 0.7359401078125 0.0164258984375 0.699084715625 0.0007193421875 0.6832895484375 0.0007193421875