5 0.1230491234375 0.211687503125 0.1230491234375 0.19159836875 0.1139850703125 0.1925115140625 0.09868146875 0.1912477890625 0.0985761625 0.211687503125 0.11368291718750001 0.21077435625000002 0.1230491234375 0.211687503125
5 0.12758114843749999 0.19129232812500002 0.12758114843749999 0.2103177921875 0.1402708125 0.2103177921875 0.1535647609375 0.2103177921875 0.1538668921875 0.1906852265625 0.1372494625 0.19205495 0.12758114843749999 0.19129232812500002
5 0.056881525 0.638498725 0.056881525 0.5435319140625 0.04503380625 0.5438466375 0.0450982640625 0.61886615 0.044796121875 0.7375746734375 0.057183667187499995 0.736204946875 0.056881525 0.638498725
5 0.22909853125000001 0.7856080875 0.22909853125000001 0.766432078125 0.21278323124999998 0.766432078125 0.2003956984375 0.76551893125 0.20069782812499998 0.78697778125 0.21610671250000002 0.786521215625 0.22909853125000001 0.7856080875
5 0.351765390625 0.787071221875 0.35236965 0.7674386640625 0.32638601562499997 0.7669820828125 0.30231590937499997 0.766931021875 0.3028194703125 0.786158075 0.33061593437500003 0.786158075 0.351765390625 0.787071221875
5 0.5021573171875 0.6009273453125 0.5021573171875 0.5831210703124999 0.4779865109375 0.5831210703124999 0.45721409218750003 0.5820733734375 0.4568370546875 0.601840490625 0.4843313421875 0.602753628125 0.5021573171875 0.6009273453125
5 0.51877476875 0.63197418125 0.5193790296875 0.601383934375 0.5070837515625 0.6009014671874999 0.5075957343749999 0.63471361875 0.5078978875 0.67534844375 0.519983290625 0.6748918796875001 0.51877476875 0.63197418125
5 0.5859691375 0.3101962078125 0.5853648765624999 0.260886525 0.5731988296875 0.26142522968750004 0.5732794734375 0.3111093546875 0.5735816046875 0.3800516125 0.5865734218750001 0.3800516125 0.5859691375 0.3101962078125
5 0.5859691375 0.4729224203125 0.5865734218750001 0.43685329062499995 0.5732794734375 0.43822301875 0.5738837343750001 0.4747487125 0.574185865625 0.5176663921875 0.58627126875 0.514470390625 0.5859691375 0.4729224203125
5 0.5859691375 0.6507154796875 0.5859691375 0.5950137921875001 0.5731988296875 0.5957665328124999 0.5735816046875 0.6379314890625001 0.5735816046875 0.710526296875 0.5859691375 0.7100697328125001 0.5859691375 0.6507154796875
5 0.907352715625 0.4975925140625 0.9067484546875001 0.44599995625 0.894707009375 0.44685342656250004 0.8952673125 0.49211365625000003 0.8952673125 0.564251915625 0.9076548234375 0.561969059375 0.907352715625 0.4975925140625
5 0.9064463 0.7034232703125001 0.9061441468749999 0.6591358625 0.8943292078124999 0.6568152 0.894965159375 0.708902128125 0.8952673125 0.7646038140625 0.9070505624999999 0.76369066875 0.9064463 0.7034232703125001
0 0.796469128125 0.6132919171875 0.8031160906249999 0.604617021875 0.8103673375 0.5945724703125 0.8133886875 0.5822450453125 0.8139929484374999 0.5667216171875 0.7816645046875 0.5667216171875 0.7816645046875 0.616944446875 0.7880093359375 0.617857628125 0.796469128125 0.6132919171875
0 0.7994904796875 0.31770346250000003 0.79072855625 0.3108548953125 0.7783410234375 0.310398321875 0.778722271875 0.3601300859375 0.8097630765625 0.3592514328125 0.81006520625 0.3450977328125 0.806741725 0.3309440421875 0.7994904796875 0.31770346250000003
0 0.7590043734374999 0.3656434359375 0.7523574109375 0.3743182953125 0.748429646875 0.38801543125000004 0.7472211015625 0.403538840625 0.7802334734375 0.4040623046875 0.77954956875 0.3583383046875 0.768974840625 0.3583383046875 0.7590043734374999 0.3656434359375
0 0.6958581390624999 0.270126621875 0.7012965796875 0.281997475 0.7079435421875 0.2902157515625 0.7148926578125 0.2929551890625 0.724258840625 0.2938683359375 0.725074609375 0.246590975 0.693138940625 0.2459283703125 0.6934410718749999 0.2587123421875 0.6958581390624999 0.270126621875
3 0.8136908406250001 0.35915800937500003 0.8139929484374999 0.42855683281249995 0.907352715625 0.4276436859375 0.9067484546875001 0.21305522500000001 0.772600453125 0.2139683703125 0.7716940609375 0.3582448640625 0.778945284375 0.358701428125 0.8136908406250001 0.35915800937500003
3 0.7783410234375 0.3509397328125 0.7233524484375 0.3486568765625 0.7236545796875 0.2139683703125 0.5731988296875 0.21349917343749997 0.5740977046875 0.42170826406249995 0.6556741875000001 0.423077975 0.7792474375 0.42170826406249995 0.7783410234375 0.3509397328125
3 0.907352715625 0.65812929375 0.9071744234375 0.5672391171875 0.7747154109375 0.5672716234374999 0.7744132578125 0.790534934375 0.907352715625 0.78733895 0.907352715625 0.65812929375
0 0.43116572656249996 0.5408003 0.41789693437500003 0.543387521875 0.40548424531249994 0.5543832828124999 0.399063875 0.571847134375 0.395211646875 0.58478331875 0.3950974 0.6015195609374999 0.4328778 0.600953546875 0.43330585 0.5815492718749999 0.43116572656249996 0.582196071875 0.43116572656249996 0.5408003
0 0.351981159375 0.55567690625 0.3438486828125 0.567319465625 0.340505234375 0.600711284375 0.3742384296875 0.5983663 0.374666446875 0.547268390625 0.362253725 0.5459747687500001 0.351981159375 0.55567690625
0 0.5411680921875 0.698107271875 0.5338916203124999 0.6858179125 0.524903140625 0.678702996875 0.5210508796875 0.6748221515624999 0.5074930328125 0.6766892984374999 0.507782153125 0.72980093125 0.5471604109375 0.72980093125 0.5454483390625 0.7110434546875 0.5411680921875 0.698107271875
0 0.1834844359375 0.374310309375 0.177920134375 0.362020925 0.169787659375 0.3542592109375 0.15317918125000002 0.3509537671875 0.1535227078125 0.401476275 0.18947678750000002 0.400829475 0.1877646828125 0.38465924687499997 0.1834844359375 0.374310309375
0 0.082042596875 0.3464974953125 0.08503875625 0.31933153124999997 0.04453006875 0.3178144203125 0.0443764109375 0.3736634859375 0.056361115625 0.374310309375 0.07176999843750001 0.3652549703125 0.082042596875 0.3464974953125
3 0.23604640156249998 0.7873294453125 0.23775850625 0.402992440625 0.0456218734375 0.40180391875000004 0.0451473953125 0.539469190625 0.0447193765625 0.7866826453125 0.139312828125 0.7866826453125 0.23604640156249998 0.7873294453125
3 0.1541381 0.39828740625000003 0.1541381 0.40734274375 0.2298984890625 0.4099299421875 0.2298984890625 0.47655130625000003 0.201220815625 0.47590450625 0.202076884375 0.5790118718749999 0.2303265078125 0.576424625 0.2307545265625 0.5919480546875 0.3912637859375 0.59130125625 0.3912637859375 0.364918046875 0.38929018437499996 0.21113605937500002 0.1913762671875 0.21394676875 0.193088371875 0.305793675 0.15499416875 0.3077340984375 0.1541381 0.39828740625000003
3 0.5383638937499999 0.6867688656250001 0.5208149203125 0.6738326812500001 0.5203868703125 0.5800453640625001 0.4330698578125 0.5800453640625001 0.4330698578125 0.540589996875 0.42365326249999996 0.5399431921875 0.40824437968750005 0.5464112828125 0.4009679734375 0.5587006546875 0.395831690625 0.5800453640625001 0.39454760312500003 0.5826326 0.229758096875 0.5852198328125 0.22933007968750002 0.7863774875 0.385559090625 0.7857306875 0.520338246875 0.7874232140624999 0.5208149203125 0.73269233125 0.5494925609375 0.7313987078124999 0.5469243875 0.7048795421875 0.5383638937499999 0.6867688656250001
1 0.1366211140625 0.4014618875 0.06358382500000001 0.3991270578125 0.064378765625 0.462063909375 0.135015728125 0.46085186875 0.1366211140625 0.4014618875
1 0.23857846875000002 0.47733591718749996 0.199164084375 0.47985102343749997 0.20002028906249997 0.583278475 0.239405746875 0.583278475 0.23857846875000002 0.47733591718749996