5 0.7638535453124999 0.8159362171875 0.8399098546875001 0.8159362171875 0.8406411203124999 0.7884575 0.7887181140624999 0.7884575 0.6991325875000001 0.78884635 0.698035621875 0.789494440625 0.69730435625 0.8164546749999999 0.7638535453124999 0.8159362171875
5 0.7090052765625 0.7179461015624999 0.7097366093749999 0.6790611359375001 0.7090052765625 0.660914809375 0.6746337171875 0.6614332796875 0.6717084546875001 0.661692509375 0.6702458546875001 0.7246861546875001 0.6709771875 0.795716034375 0.707542678125 0.796752975 0.7090052765625 0.7179461015624999
0 0.7163184015625 0.6635071499999999 0.7580030843750001 0.64587929375 0.7704353375 0.6298068375 0.7718980015625 0.607512796875 0.673902384375 0.6049204593749999 0.673902384375 0.6054389296875 0.6760963140625 0.662470209375 0.7163184015625 0.6635071499999999
5 0.869790371875 0.5563154109374999 0.8494851000000001 0.5563154109374999 0.8349483703124999 0.55632281875 0.8357790453125 0.7950274312500001 0.868267459375 0.7953873812500001 0.8702979921875 0.685606075 0.869790371875 0.5563154109374999
5 0.698375075 0.5346947578125001 0.6992261156249999 0.56131350625 0.7662334765625001 0.56167345625 0.8403477296874999 0.56131350625 0.8403477296874999 0.5361178015625 0.7555732203125001 0.5361178015625 0.698375075 0.5346947578125001
5 0.705825334375 0.42633650625 0.69161163125 0.42561663125000004 0.6814589953125 0.42597657031249997 0.6705096515625 0.4258183328125 0.671306359375 0.49580467656250005 0.705825334375 0.49616461718749993 0.7053176875 0.44865270781250005 0.705825334375 0.42633650625
0 0.37891595312500004 0.594663984375 0.395977759375 0.5767124828125 0.40368308124999996 0.547443725 0.3156221796875 0.547443725 0.31443979375 0.5473468046875001 0.31287028437500003 0.6075422328125 0.3315832234375 0.6087129874999999 0.354699190625 0.604420234375 0.37891595312500004 0.594663984375
0 0.49780123125 0.5444796484375 0.49825361875 0.5338946671875 0.4901109078125 0.517856809375 0.47111124374999996 0.5021397171875 0.44351650625000005 0.49155472656250004 0.4119050015625 0.491178475 0.4113980296875 0.507271828125 0.41230277656250003 0.5438381328124999 0.49780123125 0.5444796484375
0 0.330423315625 0.490592453125 0.36254176875 0.477441415625 0.381089046875 0.4623658296875 0.3851604015625 0.4360637484375 0.2975235328125 0.436027275 0.29778703281249996 0.459677078125 0.29875721093749996 0.49155472656250004 0.330423315625 0.490592453125
3 0.747493521875 0.664457775 0.781384134375 0.6324173734375 0.78012895625 0.6003769734375 0.7010508640625 0.5968169171875 0.70356121875 0.5469762890625 0.1537801703125 0.5496463312500001 0.1173791359375 0.5487563171875001 0.1173791359375 0.81130961875 0.7048163953125 0.8130896453125 0.7010508640625 0.664457775 0.747493521875 0.664457775
5 0.8083197578125001 0.29580582031249997 0.7524556546875 0.3161189921875 0.689429590625 0.34100261249999997 0.6901590453125 0.3412650015625 0.7116319796874999 0.3643627546875 0.75890150625 0.34608090625 0.8283735015625 0.317134640625 0.8083197578125001 0.29580582031249997
0 0.50106746875 0.3496357078125 0.50106746875 0.3430339359375 0.491756784375 0.32322859375 0.478148853125 0.30189976875 0.447352009375 0.290727528125 0.40982234531249995 0.28826602343749996 0.4115417296875 0.3308460265625 0.4115417296875 0.348112228125 0.50106746875 0.3496357078125
0 0.47161549531249997 0.26470209843750003 0.4744689125 0.21260410937500002 0.4723778140625 0.2106661125 0.42667427968749994 0.21310991562499998 0.392433396875 0.2333421421875 0.3838731875 0.264196290625 0.47161549531249997 0.26470209843750003
3 0.3730668203125 0.2631861 0.456893346875 0.2655636125 0.45577568749999997 0.27824363281250003 0.41106818125 0.2790361359375 0.41115450937500003 0.36288985625 0.7016669109375 0.361456309375 0.8447308328125 0.305981184375 0.845848615625 0.140348359375 0.5273076484375 0.14114086406249998 0.4553982890625 0.139701759375 0.45801100781250004 0.20612598906250001 0.4010089953125 0.21484351093749998 0.3831260046875 0.23624105156250003 0.3730668203125 0.2631861
3 0.673801075 0.35172775624999997 0.545377628125 0.3523152375 0.43766771562500006 0.3529027171875 0.41115450937500003 0.3529027171875 0.41198302656249997 0.557345378125 0.7027999281249999 0.5591078031250001 0.7027999281249999 0.36406481875 0.673801075 0.35172775624999997
0 0.2355206859375 0.299638359375 0.24150831718750002 0.2677965453125 0.2025886109375 0.2688579203125 0.1655476625 0.2687261328125 0.168908015625 0.3251118125 0.19660093750000002 0.3235197171875 0.219054628125 0.31662065156249997 0.2355206859375 0.299638359375