5 0.24132244374999998 0.8559426671875 0.24132244374999998 0.8316721421875 0.2151574484375 0.8320290609375001 0.19626050625 0.8316721421875 0.19597499062499998 0.8315563218750001 0.19626050625 0.8559426671875 0.216611059375 0.8541580703125 0.2231523078125 0.855228828125 0.24132244374999998 0.8559426671875
5 0.3815959 0.8741455609375001 0.44337436406249997 0.8734317218750001 0.4428676578125 0.8563486328125001 0.397380559375 0.8556162453124999 0.35651673906250003 0.8560556765625 0.3568530296875 0.8645436328124999 0.356588915625 0.8737524015625 0.3815959 0.8741455609375001
5 0.475081471875 0.83452350625 0.45912370312500006 0.834377028125 0.4585271515625 0.8321798687499999 0.44299442187500004 0.831813675 0.4400116625 0.831813675 0.43988489687500004 0.8567148250000001 0.4585271515625 0.8564218703125 0.4585271515625 0.8546641421875 0.47515604062500005 0.854590903125 0.475081471875 0.83452350625
5 0.319295521875 0.8656570374999999 0.319295521875 0.8548799203125 0.2757088171875 0.8547302390624999 0.23302778281249997 0.855474828125 0.2324269140625 0.86550735625 0.23730374843750002 0.86550735625 0.23608453906250002 0.8738895578125 0.3150282921875 0.873141146875 0.315637896875 0.868051953125 0.319295521875 0.8656570374999999
0 0.5405899 0.655009709375 0.5515679546875 0.6558609359375 0.555034709375 0.61216464375 0.4700992359375 0.6130158703124999 0.4688901203125 0.6130173625 0.4689436515625 0.6300404000000001 0.485699628125 0.6408226015625 0.5134336609375 0.652739771875 0.5405899 0.655009709375
3 0.184581575 0.856788240625 0.1856048078125 0.880405225 0.23471998906249997 0.879400246875 0.23369675625 0.8718629109375 0.314532159375 0.8728678890625 0.318625090625 0.8799027359375 0.358531175 0.8799027359375 0.358531175 0.8728678890625 0.43834334375 0.8718629109375 0.44038980937499994 0.8809077140625 0.48985742343750005 0.8815778765625 0.4919038890625 0.8720305843749999 0.4919038890625 0.857458403125 0.47246246249999996 0.856453425 0.4772261953125 0.8321662765625 0.8261486281250001 0.832668765625 0.8251253953125 0.61056860625 0.5933156890625 0.6114012343749999 0.10476940625 0.6120760734374999 0.1054018796875 0.61258183125 0.10476940625 0.832668765625 0.2019765359375 0.8331712546875 0.2019765359375 0.856788240625 0.184581575 0.856788240625
0 0.4799129171875 0.5563463875 0.5781096671875 0.5580584265625 0.5792717578125 0.5126893828125 0.579194003125 0.5131712453125 0.536274365625 0.5138307421875 0.5118704390625 0.5221055984375 0.4868854671875 0.536657934375 0.4799129171875 0.5563463875
0 0.37822989218749997 0.472741796875 0.37822989218749997 0.4810166546875 0.4014717265625 0.50355850625 0.43807761562499997 0.5152574421875 0.46649579374999994 0.5158345453125001 0.4665488625 0.5152574421875 0.4677109546875 0.472741796875 0.37822989218749997 0.472741796875
0 0.6395902015625 0.388346403125 0.6414382359374999 0.37896856562500003 0.6346621078125 0.36928821875 0.616797771875 0.3562802515625 0.591541296875 0.3478099484375 0.5508182875000001 0.3462008828125 0.55150054375 0.34629739375 0.5539645906249999 0.3904639796875 0.6395902015625 0.388346403125
5 0.34907564999999996 0.4143894 0.34907564999999996 0.4045107609375 0.3416860390625 0.40330113125 0.340044084375 0.39537119062500004 0.24562111562500002 0.395236934375 0.22632620312500001 0.3955727953125 0.224273353125 0.4035027359375 0.2160626765625 0.4035027359375 0.21524160781249999 0.41479260937499995 0.34907564999999996 0.4143894
3 0.467001559375 0.56959004375 0.4664059046875 0.3889013859375 0.34846638125 0.3889013859375 0.34727507343749997 0.3956292015625 0.2198050828125 0.3976767984375 0.2192094296875 0.3897789265625 0.10841775625000001 0.3894864140625 0.10661735312500001 0.389755146875 0.10663079375 0.6134671046875 0.40505352656250004 0.61229705 0.40386221874999995 0.5692975296875 0.467001559375 0.56959004375
5 0.40089676093750004 0.26530048125 0.3792885078125 0.2641834953125 0.379857146875 0.3175196265625 0.38724944375 0.318357365625 0.3895239953125 0.31277243125 0.39776924999999996 0.312493184375 0.3986222078125 0.3180781203125 0.42193637500000003 0.3175196265625 0.4224234390625 0.26223545625 0.4213677359375 0.2625080140625 0.4014653984375 0.26306650781249996 0.40089676093750004 0.26530048125
5 0.503251640625 0.2114058578125 0.4503682859375 0.21978326093749997 0.42648548125 0.235421078125 0.4216654203125 0.2549746921875 0.4225050125 0.2549683515625 0.50495755625 0.2552475984375 0.503251640625 0.2114058578125
0 0.6766863 0.19772276718749998 0.6499603046875 0.198839753125 0.6215283921875 0.20665866249999998 0.59707695 0.22536819531250002 0.5933565546875 0.2406393375 0.59309648125 0.24072676718750002 0.6772549390625 0.24100601406250002 0.6766863 0.19772276718749998
5 0.6533721328125 0.0491581375 0.5339581046874999 0.0491581375 0.5356640203125 0.05530156562500001 0.5282717234375001 0.05586005937500001 0.52542853125 0.07010164375 0.52485989375 0.07010164375 0.6601957921875 0.070380890625 0.6613330687500001 0.0589317734375 0.654509409375 0.058652526562499994 0.6533721328125 0.0491581375
3 0.4011527703125 0.267831609375 0.40513323906250004 0.2642014015625 0.4176432796875 0.2639221546875 0.42105510781250005 0.2561032453125 0.524547265625 0.255544753125 0.5228413515625 0.24102392031250003 0.7645125968750001 0.2407446734375 0.8029650640625 0.2406149234375 0.803533703125 0.0444578921875 0.6602368703125 0.0441786453125 0.6590995937499999 0.0480881 0.5374110125 0.04864659375 0.529450078125 0.0430616578125 0.3702313734375 0.0433409046875 0.3703729515625 0.043698867187500004 0.3693090296875 0.2639221546875 0.382956346875 0.2642014015625 0.382956346875 0.267273115625 0.4011527703125 0.267831609375
0 0.5140081921874999 0.33824384375 0.519659296875 0.31083930625 0.5231912359375 0.2938415546875 0.5140081921874999 0.290372625 0.4836335078125 0.309451734375 0.457497153125 0.33061219999999997 0.484339896875 0.33581559375 0.5140081921874999 0.33824384375