5 0.2303247 0.2503802484375 0.2188252703125 0.2507737796875 0.1867218765625 0.25057124375 0.18676215000000002 0.2661214234375 0.200561471875 0.2657278953125 0.23059528281250002 0.26631818749999997 0.2303247 0.2503802484375
0 0.143064309375 0.280485240625 0.1628162703125 0.3184608265625 0.1690395 0.3184608265625 0.1691670265625 0.2681115015625 0.1621398390625 0.2680890703125 0.1548343125 0.2706470109375 0.148611090625 0.2753693625 0.143064309375 0.280485240625
0 0.143064309375 0.5299018578125 0.16254569531250002 0.5674839078125 0.1690395 0.5678774359375 0.16976210625000002 0.5171398515625001 0.160786959375 0.5177024515624999 0.154022590625 0.5212442187499999 0.14779936875 0.5247859781249999 0.143064309375 0.5299018578125
0 0.190279621875 0.6423176359375 0.167416046875 0.6702582203125 0.1668748984375 0.6755708703125001 0.19862346875 0.674135984375 0.1978557234375 0.6657326343750001 0.19623226875 0.65628793125 0.1933912375 0.6492044046875 0.190279621875 0.6423176359375
5 0.20259078125 0.7318771421875 0.202455490625 0.7210550859375 0.191780053125 0.72091000625 0.19230893124999998 0.7608015484374999 0.2023202078125 0.7604080203125 0.20259078125 0.7318771421875
5 0.1438760328125 0.6968530281249999 0.132782459375 0.6966562640625 0.12885038124999998 0.6977395421875 0.134270621875 0.7120039109375 0.138599825 0.712200675 0.14374075 0.7120039109375 0.1438760328125 0.6968530281249999
5 0.135488209375 0.7098395 0.127370965625 0.6978368515625 0.10965906249999999 0.730438046875 0.11790084687499999 0.7440765484375 0.12358291875 0.7346318468749999 0.1285885578125 0.7238097890625 0.135488209375 0.7098395
5 0.2247779171875 0.771437365625 0.213549053125 0.770650309375 0.195796840625 0.7702825828125001 0.19596169531250002 0.7858011828125 0.20502594843750002 0.785997953125 0.22504849999999998 0.785210896875 0.2247779171875 0.771437365625
0 0.25575873125 0.77183089375 0.23194814375 0.7450709 0.22870125468750002 0.7507770703125 0.2264013625 0.7578606046874999 0.2239661859375 0.7690761890625 0.22421189218749998 0.786307015625 0.257652759375 0.7858011828125 0.25724689375 0.7716341296875 0.25575873125 0.77183089375
5 0.2754968875 0.7712176546875 0.255304803125 0.7704991296875 0.254933196875 0.7863685359375 0.26399745937499997 0.78656530625 0.27536160625 0.786171778125 0.2754968875 0.7712176546875
5 0.2836141375 0.7387514890625 0.28374941875 0.722420025 0.273467578125 0.7230103171875 0.27319700468749997 0.7611826609375 0.28402000312500003 0.76059236875 0.2836141375 0.7387514890625
0 0.23071675156250002 0.6712612078125 0.22692870625 0.67913179375 0.2244935296875 0.687199146875 0.2223289296875 0.6978244390625 0.2221291140625 0.708999953125 0.25655665 0.709827084375 0.256962515625 0.7009726749999999 0.23071675156250002 0.6712612078125
0 0.23017560312500002 0.5727946671875 0.2365341078125 0.5796814296874999 0.243027903125 0.58282966875 0.24898055000000002 0.584797315625 0.25694127187500004 0.58621815 0.256015503125 0.536196440625 0.250604003125 0.5359996765624999 0.23017560312500002 0.5727946671875
5 0.373869846875 0.770743603125 0.359441834375 0.7701440515625 0.328900903125 0.7700628140625 0.3287307765625 0.786331996875 0.34089152968750003 0.786331996875 0.373869846875 0.786331996875 0.373869846875 0.770743603125
5 0.4538422796875 0.769844275 0.4350858546875 0.769844275 0.40845696875000004 0.7700628140625 0.408909315625 0.786331996875 0.4225128734375 0.78693156875 0.4540483875 0.78603223125 0.4538422796875 0.769844275
0 0.489293978125 0.795625084375 0.49094288906249994 0.7857324453125 0.49135510312499997 0.771043378125 0.45537465 0.771382475 0.4559034046875 0.7824348984375 0.4824921984375 0.81271236875 0.486202234375 0.803119515625 0.489293978125 0.795625084375
0 0.34089152968750003 0.5470298375 0.34831164375 0.543132728125 0.35367063125 0.5368374124999999 0.33141026406249996 0.49786641718749997 0.32595438125 0.49788295312499997 0.3262573953125 0.5500275984375 0.33388362968749996 0.550327384375 0.34089152968750003 0.5470298375
0 0.358617378125 0.47744950781249995 0.37304539062500003 0.46006245312500005 0.374075953125 0.45106914218750005 0.3381937765625 0.450705109375 0.33965483281250003 0.466657540625 0.34295266875 0.47924817343750004 0.34728108125 0.49063969375000005 0.358617378125 0.47744950781249995
0 0.34336489531250003 0.34070312187499996 0.338005921875 0.3538933078125 0.33491420625 0.36738326875 0.3350206 0.3791135578125 0.3699536765625 0.3784750125 0.3699536765625 0.3700812640625 0.34336489531250003 0.34070312187499996
0 0.4074665125 0.25971524375 0.397779125 0.2519210421875 0.3903590125 0.24802394374999998 0.38103165781250004 0.24747747968749997 0.38087773281250004 0.2983864671875 0.3872672828125 0.29778691562500004 0.4074665125 0.25971524375
0 0.37304539062500003 0.2141331171875 0.3689231 0.20364092031249997 0.3421282125 0.23301905625 0.3409136421875 0.2421988390625 0.3779921375 0.24201236874999998 0.375724878125 0.22402574999999997 0.37304539062500003 0.2141331171875
0 0.3274940796875 0.2231103828125 0.3347080859375 0.22161150312500003 0.3354739109375 0.172586778125 0.3233717875 0.1724480828125 0.31512721250000003 0.177844071875 0.3056459453125 0.18623782656250001 0.3274940796875 0.2231103828125
5 0.33573866093750004 0.128948359375 0.3359447828125 0.110961740625 0.3236878265625 0.11122259062499999 0.32419625625 0.1577269484375 0.3351203140625 0.159225828125 0.33573866093750004 0.128948359375
0 0.4515750203125 0.23237140156249997 0.45858290625000003 0.2353691625 0.464354121875 0.23476960937500002 0.46489417812499995 0.1838038875 0.45755234375000003 0.184107309375 0.43838367656250005 0.22307831562499997 0.44497934843750003 0.22817451718749998 0.4515750203125 0.23237140156249997
3 0.32502071250000003 0.1742146703125 0.306676521875 0.18470687187499998 0.325639046875 0.22127965781249997 0.325432940625 0.24106493750000002 0.38788563125 0.24166448906250002 0.465178578125 0.241364703125 0.46456022968750005 0.182308653125 0.510317634375 0.1808097640625 0.5105237687499999 0.0857804796875 0.464354121875 0.086380034375 0.3965424421875 0.0860802546875 0.32584516875 0.0848811484375 0.3248145921875 0.111861075 0.3248145921875 0.15892605312500002 0.32502071250000003 0.1742146703125
3 0.44333043749999995 0.378726684375 0.5107298765625 0.377827346875 0.511142090625 0.291191821875 0.46456022968750005 0.291191821875 0.464354121875 0.233334871875 0.3812583140625 0.23362105 0.3821144296875 0.3031829046875 0.38149608125 0.378726684375 0.44333043749999995 0.378726684375
5 0.31177079218750003 0.2507490859375 0.26734339218750003 0.2501761578125 0.267049965625 0.266473725 0.277370153125 0.2667119765625 0.311606975 0.265997221875 0.31177079218750003 0.2507490859375
3 0.0873743890625 0.5129302 0.16883983281249998 0.513522603125 0.16843249375 0.37371039375000004 0.16843249375 0.25167092812499997 0.000047090625 0.2504433546875 0.0002063515625 0.3814119296875 0 0.5111529109374999 0.0873743890625 0.5129302
5 0.056064278125 0.7293481625 0.051535909375 0.7440403171875001 0.0888078171875 0.745729071875 0.11423631875 0.7450535734375 0.119113009375 0.7440403171875001 0.1114809765625 0.728196128125 0.11156574999999999 0.7295170359375 0.0745260578125 0.7295170359375 0.056064278125 0.7293481625
5 0.057457615625 0.7296859109375 0.049562009375 0.716007009375 0.037935375 0.6986454671875 0.0312163359375 0.7102652484374999 0.0382991578125 0.7222553953124999 0.0514198015625 0.7452224484375 0.057457615625 0.7296859109375
5 0.0374863734375 0.696924096875 0.0206981234375 0.696415228125 0.020650153125 0.711109621875 0.026920198437499997 0.711278503125 0.0328419046875 0.711785128125 0.0374863734375 0.696924096875
3 0.137713746875 0.714131896875 0.145951971875 0.7120174453125 0.16969735 0.712722278125 0.1692127671875 0.6218015609374999 0.1716357765625 0.5033932 0.0800463734375 0.5019835687499999 0.0005686140625 0.5011854078125 0.00008736875 0.5893802265625 0.00008736875 0.7120174453125 0.0315863546875 0.7120174453125 0.052424174999999996 0.747258040625 0.11881435468749998 0.74796285 0.137713746875 0.714131896875
3 0.3734978328125 0.4626445265625 0.3957894328125 0.46334933593749994 0.39627401406249996 0.7896771671875 0.4563644296875 0.7854482625 0.483986628125 0.816459978125 0.49319401718749994 0.7861530953125 0.5111242125000001 0.786115396875 0.512578025 0.5640997 0.51063963125 0.36816205625 0.3725286359375 0.36816205625 0.34151423125 0.3336262875 0.33472981874999996 0.36957168125 0.327460825 0.370276490625 0.3261873296875 0.46006919375 0.338122025 0.4626445265625 0.347814028125 0.4950658609375 0.3734978328125 0.4626445265625
3 0.1622122140625 0.31949235 0.161727615625 0.46186430781250004 0.2567092078125 0.46253141875 0.3332760078125 0.4639410375 0.335214434375 0.2489734828125 0.1631216765625 0.24908698906249999 0.1626968125 0.2652218484375 0.13846681875 0.27931808125 0.1622122140625 0.31949235
3 0.2946905515625 0.69880193125 0.294963984375 0.7843018671875 0.32777493125 0.7854948734375 0.3753508171875 0.7854948734375 0.401052728125 0.7835064953125 0.401599575 0.709141453125 0.4026932703125 0.5779090078125 0.34117274218750004 0.5783066812500001 0.29589440312500004 0.5781959171875 0.29633109375 0.5794997078125 0.29605767968749996 0.6995972765625 0.2946905515625 0.69880193125
5 0.7508767453125 0.0845399421875 0.7340670328125001 0.08361735625 0.6954886765625 0.0823053125 0.6947386640625 0.0997625125 0.7074252328124999 0.1006850890625 0.7508767453125 0.101146378125 0.7508767453125 0.0845399421875
5 0.8498320234375001 0.0845399421875 0.8380969453124999 0.0850012296875 0.8381365562499999 0.1005812796875 0.8767910078125001 0.10022380156249999 0.8767910078125001 0.084078653125 0.8498320234375001 0.0845399421875
5 0.9624253578124999 0.084078653125 0.9316075375 0.08382830937499999 0.9319775874999999 0.101146378125 0.950055975 0.1016076671875 0.9624253578124999 0.1016076671875 0.9624253578124999 0.084078653125
5 0.9995335921875 0.2035527671875 0.9995335921875 0.13435925937499998 0.9874111093750001 0.135610215625 0.9874813625 0.17126245625 0.9874813625 0.20493663281250002 0.9995335921875 0.2035527671875
0 0.92468281875 0.2109334 0.91897385625 0.22431081718749998 0.9167537015624999 0.23861079531249998 0.9166103281250001 0.2518656734375 0.95164178125 0.25060434531250003 0.95069028125 0.2404559640625 0.92468281875 0.2109334
0 0.8780596609375 0.24691402031249998 0.871716371875 0.26444305 0.8691790640624999 0.27643658437499996 0.8688285203125 0.28892527343749996 0.9050186234375 0.289814 0.9053357765625 0.2796656203125 0.8780596609375 0.24691402031249998
0 0.982089553125 0.29124721249999996 0.9738432828124999 0.2829439859375 0.9662313609375 0.27694722031249996 0.9563703734375 0.2752182984375 0.9548134359375 0.32999556406249997 0.9598880515625 0.32999556406249997 0.982089553125 0.29124721249999996
3 0.8596641203125 0.2893773703125 0.9151678953125 0.2879935046875 0.914533546875 0.17220971406250002 0.9148507421875 0.085948484375 0.8039568687499999 0.08535130625000001 0.8035260390625 0.1883548703125 0.8035260390625 0.2879935046875 0.8596641203125 0.2893773703125
0 0.8203029093750001 0.31548292187500004 0.8260118703125 0.3104087328125 0.8187170593750001 0.2965700421875 0.8114222906249999 0.2831926421875 0.8043056406250001 0.28232561875 0.804444675 0.32194099375 0.8133252921875 0.3200958390625 0.8203029093750001 0.31548292187500004
3 0.7121498609375 0.3224022984375 0.80254169375 0.3224022984375 0.8114222906249999 0.3214796890625 0.8269633296875 0.3136377671875 0.810470790625 0.27996360625 0.809836484375 0.16971529531250001 0.8107879859375 0.08437664218749999 0.627826846875 0.08484364062500001 0.6281012953125 0.210770096875 0.6290527953125 0.3214796890625 0.7121498609375 0.3224022984375
0 0.7993700609375 0.3870815828125 0.8107879859375 0.38846544843749997 0.8112810874999999 0.333599859375 0.8034931734375 0.335417103125 0.781608846875 0.3746267578125 0.7901722906249999 0.38292996874999996 0.7993700609375 0.3870815828125
0 0.7096125328125 0.39630738593750003 0.7181759765625 0.39077190625 0.697243128125 0.3497170953125 0.689210775 0.3488298328125 0.6921684921875 0.40461061093749995 0.6994632828125 0.40230415312499995 0.7096125328125 0.39630738593750003
3 0.6277841421875 0.5111686062499999 0.6277841421875 0.599785628125 0.81173944375 0.5988630515625 0.8123737921874999 0.564266296875 0.8107879859375 0.5651888734375 0.810470790625 0.4697018453125 0.809537225 0.3127855640625 0.6902655109375 0.3132751875 0.689631184375 0.3981525390625 0.6274669671875001 0.3976912515625 0.6277841421875 0.5111686062499999
5 0.7467207671875 0.5831791921875 0.662006534375 0.5818484125000001 0.6614035687500001 0.6007082046875001 0.6991461078125 0.60116949375 0.7467207671875 0.6007082046875001 0.7467207671875 0.5831791921875
5 0.8834186046875001 0.5638050078125 0.8628993906250001 0.5635724453125001 0.8621686046875 0.5804114453125 0.9091089140624999 0.5808727328125001 0.9091089140624999 0.5633437203125 0.8834186046875001 0.5638050078125
0 0.860282175 0.3894980578125 0.8200003953125 0.38690476406249996 0.8196851531249999 0.40149160000000006 0.8222224609375001 0.41256255937499997 0.8295172515625 0.42963028281250004 0.860282175 0.3894980578125
0 0.9617747812499999 0.4347044734375 0.92428331875 0.43208701562499996 0.9265695265625 0.45131092500000003 0.9338643171875001 0.4702238046875 0.9481367015625001 0.4545399453125 0.9617747812499999 0.4347044734375
3 0.9630434343750001 0.5790882578125001 0.9630434343750001 0.431475453125 0.9300583343750001 0.434243184375 0.930375509375 0.39042064375 0.8808978703125 0.3894980578125 0.8032593234375 0.3894430921875 0.8031925937500001 0.47253026406250004 0.8035097671875 0.5763204953125001 0.9630434343750001 0.5790882578125001
5 0.9988067203125001 0.3563013578125 0.9984988171875001 0.3211472359375 0.98785508125 0.3216122015625 0.9880300421875001 0.33906016562499997 0.9892616593750001 0.35674917968750003 0.9988067203125001 0.3563013578125
4 0.016068896875 0.26310008125 0.11725461718750001 0.265614434375 0.1176984359375 0.250112346875 0.0151763859375 0.2488205046875 0.016068896875 0.26310008125