5 0.3765303375 0.8844498546875 0.362339709375 0.8841240687499999 0.362339709375 0.9051373171874999 0.3696500328125 0.9049744234375 0.37008005312500003 0.9020423421875 0.377390375 0.902531021875 0.37782039375 0.9053002109375001 0.3963112109375 0.905463103125 0.3971206734375 0.8823331765625 0.39760126875 0.8820064546875 0.3765303375 0.8818435609374999 0.3765303375 0.8844498546875
5 0.39918965 0.9099963796875 0.3993859046875 0.9147542953125001 0.4767104 0.9143825828125 0.477102909375 0.9098476953124999 0.48495311250000006 0.9094759828125 0.48475685625000003 0.9035285890625 0.3941962046875 0.9030833812499999 0.3925169765625 0.9033055624999999 0.3925169765625 0.9099963796875 0.39918965 0.9099963796875
5 0.5798781921875 0.9146986421875001 0.5800715328125 0.9098648890625001 0.5866451374999999 0.9097916500000001 0.5870318203125 0.903786078125 0.49442133125 0.903346646875 0.4945292375 0.903396225 0.4946146734375 0.9096451734375 0.5023483265625 0.9097184109375 0.5023483265625 0.9143324484375001 0.5798781921875 0.9146986421875001
5 0.6098402515625 0.9017829875000001 0.609646909375 0.9049322515625 0.6156404906249999 0.9047857734375 0.6152538078124999 0.885157809375 0.6019132578125 0.88501133125 0.602299940625 0.8827409328125 0.5937929234375 0.882521215625 0.5848992234375 0.882447978125 0.5850925625000001 0.904639296875 0.600753209375 0.9049322515625 0.600753209375 0.9018562265625001 0.6098402515625 0.9017829875000001
0 0.5986835187499999 0.820362528125 0.6182517546875 0.820362528125 0.6202901140625 0.794418609375 0.55220895625 0.794418609375 0.5525585015625001 0.7945762171874999 0.55383964375 0.80553743125 0.5664774625 0.8124866953125001 0.5807459671874999 0.816965109375 0.5986835187499999 0.820362528125
0 0.564846775 0.816965109375 0.5595470453125 0.8271573640625001 0.6337432765625 0.8274662203125001 0.63618930625 0.8013678734375 0.6351618515624999 0.8016802500000001 0.6096906515625 0.8013678734375 0.5917531015625 0.8039931515625 0.578707609375 0.80893485 0.564846775 0.816965109375
3 0.3535974421875 0.9035214453125 0.3518265703125 0.91895019375 0.395212921875 0.9192856015625 0.395212921875 0.9159315250000001 0.4802147484375 0.9155961171874999 0.48110018437499996 0.9206272312499999 0.5005797703125 0.9209626390625001 0.499694334375 0.9155961171874999 0.582925290625 0.9152607093749999 0.582925290625 0.9209626390625001 0.6307388203125 0.9209626390625001 0.6307388203125 0.9011735921874999 0.6192281546875 0.9018444078125001 0.6192281546875 0.88406780625 0.72370956875 0.882726175 0.725480440625 0.7576191515625 0.66792711875 0.7576191515625 0.6670416828125 0.761308634375 0.6209990265625 0.76063781875 0.6192281546875 0.7941785765625 0.5537059125 0.7935077609375 0.5563622203125 0.7992096906249999 0.5395389421875 0.7995450984375 0.5395389421875 0.778749828125 0.30489847812500004 0.7790852359375 0.3036656 0.77875413125 0.3057839140625 0.8837323984375001 0.3677644140625 0.88406780625 0.364222671875 0.9041922609374999 0.3535974421875 0.9035214453125
0 0.477858096875 0.7715035593749999 0.4770492375 0.77579315625 0.5514642265624999 0.77640595625 0.55308194375 0.748063978125 0.5522072734375 0.747912184375 0.52719846875 0.748370378125 0.5029327109375 0.7529663734375001 0.4851378234375 0.7615455671875 0.477858096875 0.7715035593749999
0 0.6901795046875 0.7546544296875 0.6897790421875001 0.7240115968749999 0.6461006796875 0.7266159937500001 0.6165773421875 0.7358079875 0.6056577515625 0.7443871796875 0.6060621796875 0.7549579718749999 0.6901795046875 0.7546544296875
0 0.5296375156249999 0.6389002890625 0.55937215 0.6434452625 0.580760221875 0.6436428703125 0.5797169 0.614989771875 0.5791062390625 0.6147938468749999 0.507206121875 0.6157802015625 0.5035545015625 0.6226964671874999 0.5145093671875001 0.6323792390625 0.5296375156249999 0.6389002890625
5 0.48609181875 0.6134556921875001 0.48511433593750003 0.606667309375 0.47827195937500006 0.6061736093750001 0.4786493140625 0.5982863 0.3697714125 0.5976572765625 0.369634709375 0.5979043984375 0.3700972390625 0.606420459375 0.362929034375 0.6067907359375 0.3632548625 0.6134556921875001 0.48609181875 0.6134556921875001
3 0.5857713343750001 0.6064488625 0.58476249375 0.6022451640625001 0.5447693015625 0.602426871875 0.5039772109375 0.598481615625 0.3537377265625 0.598551615625 0.3022852625 0.599143534375 0.3052242609375 0.7171680640625 0.57601430625 0.7155242078125 0.579485975 0.6067008984375 0.5857713343750001 0.6064488625
0 0.5807271265625 0.5995700828125 0.579718284375 0.607213171875 0.6528593125000001 0.6079774812500001 0.6538681546875 0.5789337453125001 0.63217805625 0.5793158984375 0.6094791171875 0.58313744375 0.591319965625 0.5886786828125 0.5807271265625 0.5995700828125
5 0.54793976875 0.5189930875 0.5484441890625 0.47408994218749995 0.530789459375 0.47332563437499997 0.5282673546875001 0.4767650234375 0.5212054609375001 0.4773382546875 0.517674515625 0.4727524015625 0.49944992812500005 0.4727524015625 0.498506521875 0.5191841640625 0.5191877781249999 0.5191841640625 0.520701040625 0.5142161578125 0.5267540921875 0.513834003125 0.5287717749999999 0.5191841640625 0.54793976875 0.5189930875
5 0.5287717749999999 0.41306956718750004 0.5287717749999999 0.4168911125 0.5484441890625 0.4165089578125 0.54793976875 0.38517229375 0.5262496703124999 0.38517229375 0.52574525 0.3882295296875 0.520701040625 0.3884206078125 0.5201966203125 0.384790140625 0.5085949390625 0.38459906250000003 0.499451175 0.38479121875 0.4995153640625 0.41784649687500003 0.5217098828125 0.417273265625 0.5212054609375001 0.41326064375 0.5287717749999999 0.41306956718750004
3 0.5762333953125001 0.6179850640625 0.5792177015625 0.6089413015625 0.6665086578125 0.6072455953125 0.668000809375 0.6157241234375 0.8813786984374999 0.614593653125 0.8798865453125 0.365367159375 0.8672032453125 0.365084540625 0.8679493203125 0.22751108750000001 0.8276611875000001 0.22694585156249997 0.8269151125 0.22185873437499998 0.5531050234375 0.222141353125 0.5531050234375 0.22694585156249997 0.5344531109374999 0.22751108750000001 0.5030174015625 0.22733995937499998 0.50759435625 0.6123327125 0.5635500953125 0.6123327125 0.5642961718749999 0.6182676828125 0.5762333953125001 0.6179850640625
4 0.5486827203125 0.242078990625 0.8291267328125 0.242010046875 0.82626351875 0.22140009843750003 0.5471002203124999 0.22140009843750003 0.5486827203125 0.242078990625