5 0.11288044687500001 0.71798496875 0.111812859375 0.693960984375 0.06163645156250001 0.6954169890624999 0.0232034625 0.6946889859375001 0.0248048265625 0.718712990625 0.07391365 0.7172569875 0.11288044687500001 0.71798496875
5 0.1171507625 0.7747689640625001 0.1171507625 0.8199049265625 0.13369830625 0.8169929187499999 0.13369830625 0.7813209609375 0.1330100609375 0.7335260890625 0.1235693640625 0.7316723015625 0.1169274390625 0.7324958203125 0.1171507625 0.7747689640625001
0 0.171090828125 0.6498712890625 0.1623736734375 0.64941403125 0.1419219109375 0.66084545625 0.131863671875 0.6837083234375 0.13151164375 0.7087956765625 0.1462804890625 0.7093147265625 0.171090828125 0.7084002093749999 0.171090828125 0.6498712890625
0 0.2223557703125 0.742384509375 0.2003478984375 0.745312796875 0.18424456718749999 0.766908921875 0.1835215828125 0.7975870734375 0.18424456718749999 0.79802199375 0.2239661078125 0.7987540671875 0.2223557703125 0.742384509375
0 0.295345859375 0.6990947484375 0.2963947890625 0.6887232140624999 0.28957675781250003 0.667264875 0.2817097953125 0.652959315625 0.2667625765625 0.6425877843750001 0.25269499687499997 0.64254041875 0.253126540625 0.6425877843750001 0.2541754703125 0.7001676671875 0.295345859375 0.6990947484375
0 0.220702828125 0.8537262109375 0.22042303593749998 0.7987762234375 0.207272503125 0.799157821875 0.1938421625 0.805263371875 0.1801320296875 0.8277775937499999 0.1802457421875 0.8531232531249999 0.1809714359375 0.8541077984375001 0.18069162968750002 0.8537262109375 0.220702828125 0.8537262109375
3 0.349664278125 0.8533883640625 0.47455766875 0.85491601875 0.4751177140625 0.5226519890625 0.4017498703125 0.52341580625 0.25389403125 0.5211243343749999 0.25389403125 0.5616070734374999 0.2566943234375 0.8533883640625 0.349664278125 0.8533883640625
5 0.477054928125 0.4431732640625 0.460622853125 0.4423113265625 0.46093884531249996 0.4578262890625 0.46089724218750006 0.49589334999999996 0.4622028546875 0.49575175781249997 0.47737092187499996 0.4974756359375 0.477054928125 0.4431732640625
5 0.0459595390625 0.149213934375 0.066592328125 0.14755933906250002 0.066592328125 0.12191312031249998 0.0417116109375 0.12191312031249998 0.0220628953125 0.12275182656250001 0.02168566875 0.1243950125 0.021078821875 0.149213934375 0.0459595390625 0.149213934375
5 0.17694946250000002 0.1445178171875 0.1991281734375 0.1437324765625 0.198552103125 0.12331361249999999 0.17723749687499998 0.12331361249999999 0.1602174921875 0.1231878484375 0.15966735 0.12331361249999999 0.1602434203125 0.144125146875 0.17694946250000002 0.1445178171875
5 0.2758377796875 0.07494791875 0.3017000671875 0.07494791875 0.3017000671875 0.0533047984375 0.27430140625 0.052955715625 0.24910200468750002 0.0538903890625 0.24946336875 0.062730028125 0.25023155468749997 0.07494791875 0.2758377796875 0.07494791875
5 0.337902671875 0.0745773890625 0.3631725171875 0.074359353125 0.3628526453125 0.0560443328125 0.33310460000000003 0.055826296875 0.3104788546875 0.055609784375000006 0.3107135984375 0.063021484375 0.310873534375 0.074359353125 0.337902671875 0.0745773890625
5 0.40479699062499996 0.074318734375 0.42536982968750003 0.07449851874999999 0.425237953125 0.055980714062500006 0.4137646390625 0.0561604984375 0.3945105703125 0.055980714062500006 0.37643100625 0.05580235625 0.3763115203125 0.055621143750000004 0.3759158890625 0.075037871875 0.40479699062499996 0.074318734375
0 0.39276955 0.282272853125 0.3838302765625 0.26331581718749997 0.3729044953125 0.2538372984375 0.3530394421875 0.2488723609375 0.3531998578125 0.305299546875 0.3527083578125 0.30619482656249997 0.39442497187500003 0.30574346874999997 0.39276955 0.282272853125
0 0.255262165625 0.47513826249999996 0.241933009375 0.4768293015625 0.22674396406250003 0.489934865625 0.21744455624999998 0.511495625 0.21642434531250002 0.53284809375 0.21558466874999999 0.5330563781250001 0.255882128125 0.5313653453125 0.255262165625 0.47513826249999996
5 0.667989259375 0.8809747515625 0.750850275 0.8790807734375001 0.771218328125 0.8550902125000001 0.7591826671875 0.8367816265625001 0.740666234375 0.8582468562500001 0.675395828125 0.8569841921875 0.6580912640625 0.83719506875 0.6578052203125 0.8367816265625001 0.6462324578125 0.8525648828125 0.667989259375 0.8809747515625
5 0.8582455390625 0.8866567265624999 0.9411065546874999 0.8860254109374999 0.9647149796875001 0.8538275484375 0.9517534937500001 0.8361502765625 0.930922515625 0.8626661656250001 0.86611503125 0.8632975140625 0.8434487171875 0.83719506875 0.84296950625 0.8361502765625 0.8323225671875001 0.8531961984375 0.8582455390625 0.8866567265624999
5 0.6207723828125 0.7907338890625 0.637900065625 0.7907338890625 0.638362990625 0.7604300390625001 0.638362990625 0.6998223234375 0.621019771875 0.6997389796875 0.620309459375 0.70045365625 0.620309459375 0.74338411875 0.6207723828125 0.7907338890625
5 0.583276621875 0.636689278125 0.6119770671875 0.6360579468750001 0.6119770671875 0.61522403125 0.58605406875 0.61522403125 0.5585397328124999 0.615106925 0.5573536234375001 0.624062665625 0.5582794468750001 0.636689278125 0.583276621875 0.636689278125
0 0.826767621875 0.62216866875 0.826767621875 0.6051227484374999 0.8156577828125 0.5798695390625 0.8013075484375 0.5659802625 0.7826348109375 0.5651228921875 0.7827911171874999 0.5666115953124999 0.7832540171875 0.624062665625 0.826767621875 0.62216866875
0 0.75733101875 0.7092922749999999 0.7619601390625 0.6909836890625 0.7624230390625 0.6739377671875 0.7337225921874999 0.6733064343749999 0.719321703125 0.6736109625 0.7189094328125 0.7332828359375 0.73279676875 0.7320201703125 0.748535728125 0.7225502015624999 0.75733101875 0.7092922749999999
3 0.6527132265625 0.85517845625 0.6749329281249999 0.8798003328125 0.748072803125 0.8766436890625 0.7665892328125 0.8526531281249999 0.759645565625 0.8375011859375 0.784642765625 0.8375011859375 0.785105665625 0.6739377671875 0.716594884375 0.6745690984375 0.717520709375 0.6177493609375 0.6243520421875 0.6185149265625001 0.6240127546875 0.618554053125 0.6240127546875 0.8526531281249999 0.6527132265625 0.85517845625
3 0.8366781156249999 0.8531117531250001 0.8592598828125 0.8842804859375001 0.94169698125 0.8824251890625 0.9610139328124999 0.8531117531250001 0.9955668031249999 0.852740696875 0.9963829921875 0.5492701859375 0.8540905671875001 0.5496412421875 0.7831354140625 0.5494700109374999 0.7833524484375001 0.5509763859375 0.7844407312499999 0.8523837265624999 0.8366781156249999 0.8531117531250001
5 0.9832628796874999 0.5196497203125 0.9978029890625001 0.518705421875 0.9981492125000001 0.437495940625 0.9837240406250001 0.43835117500000004 0.9832628796874999 0.4384402265625 0.9825705093750001 0.46393624375 0.9832628796874999 0.5196497203125
5 0.9836090640625 0.3912548859375 0.9981492125000001 0.3903105859375 0.9981492125000001 0.3700082171875 0.9981492125000001 0.32326553125 0.9843470609375 0.32323415624999996 0.9825705093750001 0.32326553125 0.9832628796874999 0.34592864843750004 0.9836090640625 0.3912548859375
0 0.7036123078125 0.41450433125 0.71770150625 0.4151448234375 0.7186407906250001 0.351093978125 0.711596178125 0.35237499843750003 0.6749642328125 0.35365601875 0.6749642328125 0.3792763640625 0.6871748890625 0.4004131375 0.7036123078125 0.41450433125
0 0.8620701328125 0.5238732296874999 0.8607528312499999 0.504110815625 0.8546053671875 0.48434840156250003 0.83791944375 0.46758028593749995 0.8182453734375 0.46601622656249997 0.81772070625 0.4867438375 0.8181597984375 0.5232743828124999 0.8620701328125 0.5238732296874999
5 0.6320638453125 0.324214365625 0.66874278125 0.32361884375 0.6683061140625 0.302180109375 0.626387340625 0.302180109375 0.5850089828125 0.3026818859375 0.5844685921874999 0.311112921875 0.585341903125 0.3248098890625 0.6320638453125 0.324214365625
5 0.7643032515625 0.32428445625 0.8018040015624999 0.3235691453125 0.8010172624999999 0.3038981609375 0.7766286859375 0.3038981609375 0.7378600265624999 0.3040582390625 0.7372922234375 0.3160584015625 0.7378167265625 0.3246421109375 0.7643032515625 0.32428445625
3 0.71782085625 0.6297361828125 0.7183904171875 0.30658681875 0.6409283218749999 0.3050332109375 0.541172571875 0.30676168125 0.5401136578125 0.3073636234375 0.5401136578125 0.6320665734375 0.71782085625 0.6297361828125
0 0.8565472249999999 0.263113065625 0.83073468125 0.2703235 0.8207828218750001 0.2928031 0.816824153125 0.3208975078125 0.8173618953125 0.3212206890625 0.8574802203124999 0.32079655625000003 0.8565472249999999 0.263113065625
5 0.8897304484375 0.026445421875000003 0.9454148703125 0.02583296875 0.9458639281250001 0.00194736875 0.89197578125 0.0025598234375 0.8626747437500001 0.00216770625 0.8627864000000001 0.0111341390625 0.8623372937499999 0.026445421875000003 0.8897304484375 0.026445421875000003
3 0.8066529203125 0.3198095015625 0.8479671312500001 0.32103440625 0.9952613578125 0.317972159375 0.9961595203125 0.00623453125 0.9090403828125 0.00623453125 0.8061038828125 0.007677854687500001 0.8044075625 0.0080718828125 0.8044075625 0.077278859375 0.8066529203125 0.3198095015625
1 0.07666667656250001 0.141735534375 0.14783704375 0.1427164890625 0.14859449375 0.08281764999999999 0.0751218375 0.0838503890625 0.07666667656250001 0.141735534375
0 0.505353478125 0.35549511875 0.508383278125 0.334840346875 0.508383278125 0.3265784390625 0.46303031250000004 0.32871900468750004 0.46293627343750005 0.38337906093749996 0.4750554734375 0.38337906093749996 0.4947491765625 0.373051675 0.505353478125 0.35549511875
3 0.34250171093750004 0.5330916765625 0.34401661250000004 0.5083059515625 0.377344415625 0.5083059515625 0.378859315625 0.5000440421875 0.376586965625 0.48042200937499996 0.3667401140625 0.4628654515625 0.3409868109375 0.4504725890625 0.34325916093750003 0.3037892296875 0.4735405734375 0.30585470625 0.47429802343749994 0.05696470625 0.21827990000000003 0.0538664890625 0.21752245 0.125125453125 0.14935194375 0.1240927140625 0.15010939375000001 0.0827831703125 0.0773941875 0.083815909375 0.0773941875 0.1240927140625 0.00467898125 0.1240927140625 0.003939403125 0.714049584375 0.184194646875 0.7097589359375001 0.18343719687499999 0.5330916765625 0.34250171093750004 0.5330916765625