0 0.23341165468749997 0.226440628125 0.24403206093750002 0.22921567031249998 0.2562258546875 0.2306031953125 0.2715664265625 0.2297706765625 0.27168588125 0.19977163281250002 0.2153176421875 0.20007775 0.21649769531250002 0.2106229015625 0.2239713015625 0.21978053437499998 0.23341165468749997 0.226440628125
5 0.083152675 0.24725343125000002 0.083152675 0.21034539843750003 0.0827593265625 0.1820399921875 0.06319754375 0.18205826875 0.063485275 0.2303256828125 0.063878621875 0.24753093437499998 0.083152675 0.24725343125000002
0 0.43205245156250005 0.24475589375 0.42615223437500005 0.2358757640625 0.4151385203125 0.2267181328125 0.395864428125 0.221723065625 0.37766024531250003 0.22145523437499998 0.37934383125000004 0.2566885671875 0.4328391734375 0.2544685328125 0.43205245156250005 0.24475589375
0 0.2424586734375 0.30054903906249997 0.2558324953125 0.30276907343750004 0.27077973125 0.3030465765625 0.2712533328125 0.26818186875 0.2153176421875 0.2689135859375 0.217284390625 0.28362129999999997 0.22633140937500001 0.2938889453125 0.2424586734375 0.30054903906249997
0 0.4021580328125 0.29999403281250003 0.4155318546875 0.29499895781249996 0.4277256234375 0.28778385625 0.4324458390625 0.277793715625 0.43323250625 0.2683585796875 0.378957890625 0.268792675 0.3797371640625 0.3013815578125 0.39232431874999996 0.3011040453125 0.4021580328125 0.29999403281250003
0 0.36164312656250003 0.32777411875 0.3663633421875 0.3152864390625 0.36754339687500004 0.3061288078125 0.3184011109375 0.305441015625 0.31916155 0.34497937031250003 0.3376489234375 0.3433143421875 0.35220280000000004 0.3366542484375 0.36164312656250003 0.32777411875
0 0.2361650953125 0.3763670078125 0.24757219687499998 0.3805295734375 0.26999303750000003 0.3816395859375 0.2703882359375 0.34880821875 0.21571100156249998 0.3483391046875 0.21610433593749998 0.35943926875 0.2227912734375 0.3697069125 0.2361650953125 0.3763670078125
5 0.299887484375 0.41716009375 0.272550978125 0.41691305156249997 0.2723531203125 0.4310352984375 0.28690699531249997 0.4310352984375 0.3010675390625 0.4313128 0.299887484375 0.41716009375
5 0.383670659375 0.41660508749999997 0.3679367296875 0.41688258906250003 0.32488933750000004 0.4166076484375 0.32427510000000004 0.4313128 0.3478759703125 0.4313128 0.3832772734375 0.43159030468750004 0.383670659375 0.41660508749999997
5 0.083546021875 0.3977051203125 0.083152675 0.34359184531250003 0.084332728125 0.2944736421875 0.0636300921875 0.29414110937500004 0.063485275 0.3685672140625 0.063878621875 0.3977051203125 0.083546021875 0.3977051203125
5 0.3714768390625 0.14511711249999998 0.334405403125 0.14449371875 0.3341087609375 0.1595473234375 0.3494493578125 0.1592698203125 0.371870225 0.1595473234375 0.3714768390625 0.14511711249999998
3 0.1712609015625 0.26750152968749996 0.26920459375 0.267224028125 0.26920459375 0.1931304640625 0.20902233906249998 0.1931304640625 0.20852533437499998 0.14509780625 0.0646635640625 0.1465097921875 0.0642702171875 0.2666690203125 0.1712609015625 0.26750152968749996
3 0.26959792656250003 0.34830645 0.270384646875 0.2589501609375 0.0630901765625 0.2595051671875 0.063189065625 0.29200329062499997 0.0646635640625 0.4293673015625 0.2680245390625 0.430199809375 0.26959792656250003 0.34830645
5 0.5886838125 0.3904092984375 0.5894704796875 0.3290809140625 0.5890771453125 0.29994299375 0.568414096875 0.3002491671875 0.5701964390625001 0.36127137343750004 0.5698030796875 0.3909643046875 0.5886838125 0.3904092984375
3 0.41679065781249997 0.429579475 0.5867170374999999 0.429579475 0.5871104234375 0.399844425 0.588290478125 0.25692987500000003 0.46123900625 0.257207378125 0.3798229875 0.2571873671875 0.3782425515625 0.30692270625 0.417577378125 0.30664520156249997 0.41679065781249997 0.429579475
5 0.6386389921875 0.377363634375 0.6382456578125 0.3518332703125 0.6190222624999999 0.3527784546875 0.620151671875 0.40428152500000003 0.639032378125 0.403449025 0.6386389921875 0.377363634375
5 0.5886838125 0.194691790625 0.5886838125 0.1791515671875 0.5688466453125 0.1793096421875 0.5701964390625001 0.2449200109375 0.5886838125 0.2449200109375 0.5886838125 0.194691790625
3 0.48798667812499996 0.2643452890625 0.5875037578125 0.2632352765625 0.5878970906250001 0.145296078125 0.46163236718749995 0.14612858906249998 0.3802555359375 0.145409928125 0.3798159390625 0.21134202656249998 0.379029246875 0.26351278906250003 0.48798667812499996 0.2643452890625
5 0.639032378125 0.18969671562499998 0.639032378125 0.1763765265625 0.6190222624999999 0.1765610171875 0.620151671875 0.22826976562499998 0.6386389921875 0.22826976562499998 0.639032378125 0.18969671562499998
5 0.9004665968750001 0.1827829140625 0.9004665968750001 0.165890215625 0.878708571875 0.166157125 0.8796452296874999 0.2202406453125 0.9004665968750001 0.220975109375 0.9004665968750001 0.1827829140625
5 0.9009871109375001 0.28156849375 0.9004665968750001 0.2643085640625 0.87928098125 0.26477029218750003 0.8801657453124999 0.31829175625 0.899946046875 0.317924525 0.9009871109375001 0.28156849375
5 0.9004665968750001 0.57989889375 0.899946046875 0.549785809375 0.8781361625 0.5496976796874999 0.8786041640625 0.6158876921875 0.9004665968750001 0.6158876921875 0.9004665968750001 0.57989889375
0 0.6547745234375 0.6107464265625 0.668308403125 0.603769003125 0.6776780203125 0.5923848015625001 0.67976015 0.5810005874999999 0.6182623046875 0.5796049515624999 0.619898765625 0.6147859859375 0.6370763875 0.6147859859375 0.6547745234375 0.6107464265625
0 0.706827940625 0.594588190625 0.6922529984375 0.59972944375 0.6802807 0.60891026875 0.6729932109375001 0.6239668109375 0.6726411953125 0.638611190625 0.72036181875 0.6382888765625 0.7219234343750001 0.5942209593750001 0.706827940625 0.594588190625
5 0.8994254968750001 0.6805795640625 0.899946046875 0.660749 0.878708571875 0.6608395687499999 0.8801657453124999 0.739704021875 0.9004665968750001 0.7404384859375 0.8994254968750001 0.6805795640625
0 0.666746821875 0.7128960234374999 0.68080125 0.70702030625 0.6917324484375 0.6949016296875 0.694335128125 0.6813140265625 0.6365794046875 0.6806430328124999 0.6370763875 0.7158338875 0.6495692 0.715099425 0.666746821875 0.7128960234374999
0 0.611049678125 0.6960033234375 0.616775553125 0.683884646875 0.6162550203125 0.6728676765625 0.5661730515625 0.670539225 0.564722153125 0.711794328125 0.58137924375 0.711059865625 0.5990773984375 0.7059186125 0.611049678125 0.6960033234375
0 0.730251953125 0.7896672984374999 0.7375394421875 0.77387628125 0.7375394421875 0.763593775 0.6858066109375 0.7626859546875 0.686527125 0.8039893640625 0.7011020671875 0.8039893640625 0.72036181875 0.796644709375 0.730251953125 0.7896672984374999
3 0.6386379843750001 0.77350905 0.6870476390625 0.77314181875 0.6875681890625 0.8017859749999999 0.7057868765624999 0.8014187312500001 0.72556714375 0.791136225 0.7364983765625001 0.77240735625 0.8994254968750001 0.7720401234375001 0.8994254968750001 0.625147075 0.7224439484375 0.625147075 0.721402884375 0.5957684671875 0.7104716859375 0.5957684671875 0.693814578125 0.59833909375 0.68080125 0.6100905390625 0.6735137609375 0.6247798421875 0.655468915625 0.624465859375 0.6547745234375 0.67215285625 0.6381174515625 0.6725200874999999 0.6386379843750001 0.77350905
3 0.9004665968750001 0.9101588906250001 0.899946046875 0.8679271296875 0.9415887796875 0.8660909609375 0.94054768125 0.8025597234375 0.8994254968750001 0.8032941859375 0.8994254968750001 0.7647347546875001 0.7807437546875 0.764367521875 0.6726411953125 0.7630901062500001 0.671952146875 0.909424403125 0.78178481875 0.911260571875 0.9004665968750001 0.9101588906250001
0 0.4800284453125 0.7510831375 0.4805489953125 0.7371282953125 0.43108443906250005 0.7372243578125001 0.43057774374999996 0.77936004375 0.4550428203125 0.7756877156249999 0.4727409921875 0.765405209375 0.4800284453125 0.7510831375
0 0.4337009390625 0.737862759375 0.4279750640625 0.7183994328125001 0.416523315625 0.7084841515625 0.39570194999999997 0.7018739625 0.3732710921875 0.70206310625 0.373319003125 0.702608428125 0.373319003125 0.737495528125 0.4337009390625 0.737862759375
5 0.3696752578125 0.771280925 0.3429333953125 0.7857226359375 0.35614137968750004 0.79845614375 0.36863419375 0.7933148906249999 0.3837296859375 0.7856030046875 0.3696752578125 0.771280925
5 0.358744025 0.8102075890625 0.358223509375 0.7966199859375 0.3354920734375 0.795018140625 0.33740214375 0.8495014734374999 0.358223509375 0.8495014734374999 0.358744025 0.8102075890625
5 0.38633233125 0.8612725593749999 0.3578160390625 0.847153790625 0.345210146875 0.860170865625 0.35562083125 0.8667810578124999 0.3743600671875 0.8752274078125 0.38633233125 0.8612725593749999
3 0.33740214375 0.8531934421875 0.37488058281250003 0.87302400625 0.37488058281250003 0.90974726875 0.5273970546875 0.9101145 0.6825162046875 0.9104817437499999 0.6830367203125001 0.7654248515625001 0.6518047046875 0.7654248515625001 0.6512841203125 0.7389841015624999 0.5123015609375 0.7386168703125 0.3744159109375 0.738436815625 0.37488058281250003 0.77240226875 0.33844320781250004 0.7900294359375 0.33740214375 0.8531934421875
0 0.6794987734375 0.491964928125 0.67325235 0.48021348281250004 0.6586774078125 0.4713999015625 0.6425408499999999 0.465524184375 0.6176898953125 0.46482569218750003 0.619637353125 0.501880215625 0.6794987734375 0.501880215625 0.6794987734375 0.491964928125
3 0.899164084375 0.49269940312499994 0.9231086812499999 0.46623900625000003 0.8996846703125 0.440532725 0.9231086812499999 0.415560903125 0.899164084375 0.38912015312500003 0.9225881656249999 0.3648631578125 0.8996846703125 0.350908315625 0.900205184375 0.23223325312499998 0.900205184375 0.1444253640625 0.6191168031250001 0.145894296875 0.6206784171875 0.2909511765625 0.6201578671875 0.4195218984375 0.6199795328125 0.5197904078125 0.6206784171875 0.638490759375 0.7331137703125 0.6377562953125 0.899164084375 0.6370218078125001 0.899164084375 0.49269940312499994
2 0.8979282312500001 0.4932470453125 0.925586159375 0.4672134265625 0.9013854718750001 0.44036625625000003 0.9244337453125 0.416773290625 0.9036903000000001 0.3891125703125 0.9290434 0.36877380625 0.8958045328124999 0.342773434375 0.8806420265625 0.3411130859375 0.8783371984375 0.49243349375 0.8979282312500001 0.4932470453125
2 0.8819732734375 0.8001302062500001 0.8817944390625 0.86837535 0.9440247765625 0.86837535 0.9417199500000001 0.8008506515624999 0.8819732734375 0.8001302062500001