0 0.583307440625 0.8024189078124999 0.583307440625 0.7894505109375001 0.5705249546875 0.7687010843750001 0.5475164796875001 0.7563811265625 0.5130037671875 0.7531390203125 0.512577709375 0.75443586875 0.5151342078125001 0.8024189078124999 0.583307440625 0.8024189078124999
0 0.5475164796875001 0.720718075 0.5662641515625 0.7096949375 0.5807509421875 0.6947812843750001 0.5790466375000001 0.6772739609375 0.5483686703124999 0.6746802953125 0.5134298640625 0.6746802953125 0.5134298640625 0.6934844640625 0.514282015625 0.725257 0.5475164796875001 0.720718075
5 0.8297784546875 0.7851144125 0.8540468953125 0.7848066499999999 0.853642409375 0.765417309375 0.8532379234375 0.7441813640625 0.8528334734374999 0.7167900703125001 0.8289694828125 0.71663618125 0.8289694828125 0.7170978328125 0.8289694828125 0.748182334375 0.8297784546875 0.7851144125
3 0.8502301015624999 0.8452316984375001 0.8509761984375 0.6607142703125 0.71890886875 0.6618497703124999 0.5152118031249999 0.6615658890625 0.5152118031249999 0.6618497703124999 0.5152118031249999 0.8463671734375 0.8502301015624999 0.8452316984375001
0 0.5344824140625 0.654714646875 0.5597652640625 0.6436367203125 0.577386653125 0.6220639046875001 0.5789189953125 0.60515545 0.5142328078125 0.6053106140625 0.51438059375 0.626583334375 0.5130302953125 0.6570468515625 0.5344824140625 0.654714646875
5 0.828209790625 0.5986367312499999 0.8551634984375 0.5981908125000001 0.8539916249999999 0.5678684703125 0.8551634984375 0.528181884375 0.8298458406250001 0.5279341578125 0.8293816640625 0.527735965625 0.82762385625 0.5558287187500001 0.828209790625 0.5986367312499999
3 0.5142386953125 0.465924734375 0.5142386953125 0.66151068125 0.85002364375 0.6598322703124999 0.85002364375 0.4557037890625 0.8318284203124999 0.45528418593750003 0.8323797781250001 0.46703302343750003 0.7629070328124999 0.46661343125 0.7623556140625001 0.44269615625 0.593831496875 0.4412844984375 0.59308473125 0.45123869218749996 0.5936360890625 0.46718354218749997 0.5142386953125 0.465924734375
0 0.34072074531249996 0.7212882640625 0.36094279375 0.722951975 0.36094279375 0.6726248671875 0.36044191406250004 0.6731683578125 0.2849734203125 0.6738726500000001 0.2953577390625 0.6975804640625001 0.3172194328125 0.714217515625 0.34072074531249996 0.7212882640625
5 0.26216810156250003 0.6699291890625 0.283733165625 0.6693213765625 0.28333379999999997 0.6507826453125001 0.2617687359375 0.6504787390625 0.23677995156249998 0.6515590203125 0.2370088609375 0.6605078859375 0.2370088609375 0.669625284375 0.26216810156250003 0.6699291890625
5 0.38301512187500003 0.669564153125 0.4062169375 0.669153525 0.40594715625 0.660119759375 0.40567734375000003 0.6519072375 0.38139636875 0.6519072375 0.361936071875 0.65204105 0.361971590625 0.6521125453125001 0.363320559375 0.669564153125 0.38301512187500003 0.669564153125
5 0.41316264687500004 0.594903521875 0.41316264687500004 0.6251171703125 0.436838040625 0.6251171703125 0.43720226875 0.5993385499999999 0.43720226875 0.5577601375000001 0.41293425 0.557606146875 0.41279841875 0.557482946875 0.41279841875 0.5730055578125001 0.41316264687500004 0.594903521875
5 0.41339231249999997 0.49097799374999995 0.43789545625 0.49097799374999995 0.4374655640625 0.459572140625 0.4370356953125 0.42096908749999995 0.411538040625 0.4208694640625 0.412532575 0.44256062343749997 0.412532575 0.452374959375 0.41339231249999997 0.49097799374999995
0 0.540452053125 0.34763052031249997 0.5687012218749999 0.3352019703125 0.57752909375 0.322437521875 0.576646303125 0.30530627187500003 0.5461901499999999 0.30530627187500003 0.51430753125 0.3054819265625 0.5135270453125 0.3247888671875 0.5130856515625 0.35065368124999996 0.540452053125 0.34763052031249997
3 0.6057407687499999 0.4491641046875 0.7516271171875 0.4491641046875 0.750778915625 0.4743375921875 0.85086374375 0.476274003125 0.85086374375 0.276176965625 0.8483191828125 0.21356594687500002 0.8347484140624999 0.21421142343750002 0.8296592953124999 0.24648514375000002 0.7329672281249999 0.2458396671875 0.7321190718749999 0.2303482796875 0.625248859375 0.2303482796875 0.6235525015625 0.2477760859375 0.51281285 0.246189290625 0.5132895734375 0.476274003125 0.6040444109374999 0.4749830859375 0.6057407687499999 0.4491641046875
5 0.4087542 0.3519192125 0.438416903125 0.352564178125 0.438416903125 0.3312803515625 0.438416903125 0.3022569421875 0.438416903125 0.2758133796875 0.4096016859375 0.2771033140625 0.4087542 0.304836790625 0.40790666875000003 0.32547566875 0.4087542 0.3519192125
5 0.29875429375 0.2661367796875 0.334162584375 0.26469322812499996 0.363880259375 0.26469322812499996 0.36324795 0.24255883437499998 0.3009672921875 0.24279942656250003 0.267360365625 0.24283620468749997 0.267139759375 0.24352120312499997 0.26903661875 0.26469322812499996 0.29875429375 0.2661367796875
0 0.151478040625 0.1918424671875 0.2262379203125 0.19141469687499998 0.2268000109375 0.1815760046875 0.2048779546875 0.15462652500000001 0.182393778125 0.1439322921875 0.17354093125 0.1422721375 0.150915934375 0.14179344375 0.151478040625 0.16360968125 0.151478040625 0.1918424671875
5 0.82787440625 0.08207300937499999 0.828449303125 0.115758009375 0.8560419546875 0.115758009375 0.8548922875 0.0868851546875 0.8548922875 0.0470756171875 0.82912225625 0.0468105484375 0.82787440625 0.061074575 0.82787440625 0.07113632656249999 0.82787440625 0.08207300937499999
5 0.827299571875 0.1630044859375 0.827299571875 0.1844403953125 0.828449303125 0.2172504578125 0.8537425578125 0.21593805000000002 0.8537425578125 0.17875332500000002 0.8531677234374999 0.1472556578125 0.8260187171875 0.14678092812500002 0.8267247390625 0.1468182015625 0.8261498734374999 0.1468182015625 0.827299571875 0.1630044859375
5 0.8295278734375 0.45805166875000003 0.8536450656250001 0.45861639375 0.8532740406249999 0.44393355312500005 0.85253195 0.4221916671875 0.8289530640624999 0.42244821093749996 0.8287857828125 0.43066252812499994 0.8287857828125 0.44393355312500005 0.8295278734375 0.45805166875000003