0 0.053632650000000004 0.1346156765625 0.04678020625 0.12151453125 0.017888525 0.1485215078125 0.0175672234375 0.1637293265625 0.057960487500000005 0.1642145609375 0.057960487500000005 0.1467463625 0.053632650000000004 0.1346156765625
5 0.1409109328125 0.145775909375 0.081343921875 0.145851459375 0.08140302031249999 0.1651850125 0.103042253125 0.1656702390625 0.14127159843749998 0.1651850125 0.1409109328125 0.145775909375
0 0.030190115625000003 0.25592256875 0.022616390625 0.273876 0.020452446875 0.2869771375 0.01987150625 0.2980442828125 0.0612063765625 0.298622596875 0.0608457109375 0.2864919125 0.030190115625000003 0.25592256875
0 0.150648603125 0.25640779375 0.14451748749999999 0.269994175 0.14127159843749998 0.2850362328125 0.14083335624999999 0.30124834218749996 0.180582915625 0.29959305 0.18094355625 0.291829415625 0.150648603125 0.25640779375
0 0.17336980625 0.45006551406249995 0.1740911359375 0.4384200546875 0.139246971875 0.43742086875 0.139468321875 0.45152120937499995 0.14127159843749998 0.462196215625 0.147763378125 0.47772348593749997 0.17336980625 0.45006551406249995
0 0.090780025 0.686501140625 0.10123897500000001 0.6792227171875 0.0788784375 0.6374931546875 0.0686528421875 0.6371405765625 0.069862075 0.69377955 0.07959974375 0.6918386453125 0.090780025 0.686501140625
5 0.15641907500000002 0.702513653125 0.13514048437499998 0.7039693312499999 0.1051396953125 0.7033578046875 0.1055668359375 0.7209523109375 0.1196323421875 0.7209523109375 0.15641907500000002 0.7219227625 0.15641907500000002 0.702513653125
3 0.186307553125 0.6099393859375 0.1869728796875 0.43897315 0.1297564265625 0.43897315 0.0695799390625 0.437508046875 0.0698787515625 0.72182828125 0.1876381640625 0.72182828125 0.186307553125 0.6099393859375
3 0.0845155171875 0.3010781421875 0.1869728796875 0.299287925 0.18564226875 0.14711901249999998 0.058568534375 0.149804353125 0.0459276625 0.12026568281250001 0.017984740625000002 0.149804353125 0 0.1469032109375 0.0000214703125 0.1480141203125 0 0.299287925 0.0845155171875 0.3010781421875
5 0.5508990015624999 0.1474454546875 0.46099169375000004 0.145918109375 0.46108251093749997 0.16803300937500001 0.50100093125 0.16982322656249998 0.549568390625 0.16892811875 0.5508990015624999 0.1474454546875
0 0.45775596093750004 0.2682854640625 0.450437578125 0.2530685890625 0.41783749531250003 0.28797791093749997 0.4170950484375 0.3005789890625 0.46374373281250003 0.3005094609375 0.46174779375 0.28260725937500003 0.45775596093750004 0.2682854640625
3 0.40386605781249996 0.3005094609375 0.513641803125 0.30229970625 0.5934786890625 0.3014045984375 0.5921480781249999 0.231585925 0.5928133625 0.1474454546875 0.56220921875 0.1483405625 0.404657665625 0.1469032109375 0.4051966671875 0.1492356859375 0.404531340625 0.2190543453125 0.40386605781249996 0.3005094609375
0 0.47505394843750004 0.44024259375 0.430995653125 0.4365229453125 0.4298130390625 0.4608301484375 0.440457971875 0.488578603125 0.47505394843750004 0.45456435937500006 0.47505394843750004 0.44024259375
0 0.504992809375 0.5046905859375 0.5182989203125 0.48320792187499995 0.5003356484375 0.47067637187500005 0.4814767953125 0.4690312828125 0.4817070046875 0.5342292578125 0.489690715625 0.5333341484375 0.504992809375 0.5046905859375
5 0.5542255515625001 0.70071995 0.44489625625 0.7015151515625 0.44444980625 0.72399283125 0.5023315421875 0.7248879703125 0.5555561625000001 0.72399283125 0.5542255515625001 0.70071995
3 0.5928133625 0.7222026140625 0.5928133625 0.615684371875 0.5934786890625 0.5216977078125 0.49368254843750004 0.522592815625 0.5156376984375 0.48499813906250006 0.49102132656249997 0.47067637187500005 0.49235193749999995 0.44024259375 0.4061208875 0.4394782484375 0.4065272796875 0.5798799406249999 0.4058619515625 0.723097753125 0.5928133625 0.7222026140625
5 0.5948093015625 0.369528809375 0.5968052390625 0.32566834375 0.578049415625 0.32619161874999997 0.5808378624999999 0.4089137046875 0.5974705234375 0.4098088125 0.5948093015625 0.369528809375
5 0.95406660625 0.14755321562499998 0.8548693234375 0.1475078625 0.8540352375 0.16516223125 0.8918975687499999 0.16516223125 0.95406660625 0.16516223125 0.95406660625 0.14755321562499998
0 0.8619816453125001 0.271445178125 0.8559049765625 0.2544650703125 0.8236518953124999 0.2877964171875 0.8235141031250001 0.3011582796875 0.8671234437500001 0.301003178125 0.86572115625 0.28402304843750004 0.8619816453125001 0.271445178125
0 0.8732001125 0.4544867734375 0.8741349828124999 0.44379557812500003 0.831224403125 0.440966315625 0.832065721875 0.4601468171875 0.838609840625 0.47461136093749995 0.845153959375 0.487189209375 0.8732001125 0.4544867734375
0 0.910127575 0.399144165625 0.8965719484375001 0.387824078125 0.88441858125 0.3834218375 0.876972184375 0.384904678125 0.876004753125 0.44190890468750005 0.88488603125 0.44002222968750004 0.910127575 0.399144165625
5 0.9620130140625 0.70422468125 0.9236832312500001 0.7054824640625 0.8569254031250001 0.7025872953125 0.8559049765625 0.7218336828125 0.8900278296874999 0.7218336828125 0.9620130140625 0.7218336828125 0.9620130140625 0.70422468125
3 0.845153959375 0.7199469875 0.9989404765625001 0.717431421875 0.9994078953125 0.5878794203125 0.9994078953125 0.48222535468750005 0.8858209 0.48348313750000005 0.8862883515625001 0.44449175625 0.813835715625 0.44637844062500004 0.812900846875 0.5853638546875 0.812900846875 0.7212048125 0.845153959375 0.7199469875
3 0.8834837109375 0.294085353125 0.9989404765625001 0.2934564609375 0.9989404765625001 0.22113373125 0.9980056062499999 0.150068790625 0.8122056625 0.1475078625 0.813835715625 0.29911648281250003 0.88441858125 0.29660091718750003 0.8834837109375 0.294085353125