0 0.0138674375 0.14494070312500001 0.0202217921875 0.1476700796875 0.0309086578125 0.1479733421875 0.029254335937499997 0.11552008437500001 0.000869884375 0.11613063906250001 0.000869884375 0.12886772500000002 0.0063577484375000005 0.1388754328125 0.0138674375 0.14494070312500001
5 0.032063990625 0.16465285624999998 0.032063990625 0.1488831421875 0.018137671875 0.1492290859375 0.019355281250000002 0.1910368171875 0.0326416578125 0.1913400796875 0.032063990625 0.16465285624999998
0 0.23655869843750002 0.2035193015625 0.231070815625 0.196847496875 0.22153928281250002 0.1929050671875 0.21200775 0.1929050671875 0.2118852328125 0.22332214062500003 0.242624190625 0.22323145625000002 0.2411800328125 0.2138302734375 0.23655869843750002 0.2035193015625
5 0.138660978125 0.37222476718749997 0.13384499375 0.3744496640625 0.12825844687500002 0.37657342968749996 0.1230571828125 0.377888140625 0.11804855624999999 0.3788994578125 0.1138104875 0.379202853125 0.10754373125000001 0.379202853125 0.1008976671875 0.3783938 0.09492585 0.37657342968749996 0.08866506406249999 0.3742474015625 0.08230796093750001 0.37111231875 0.07720301406249999 0.367370446875 0.07257966875 0.3638308390625 0.06737840625 0.36423536562500003 0.06911215937500001 0.36656139374999996 0.07171279375 0.3694942125 0.07595086250000001 0.3725281625 0.08173004375000001 0.37637116718749997 0.0901098578125 0.38041643281250004 0.09771911718750001 0.382337934375 0.103113025 0.3834233265625 0.11004804374999999 0.384030115625 0.119872659375 0.3831199359375 0.129215675 0.3811984296875 0.13615068749999998 0.37846787656249997 0.14385626875 0.37452373906249997 0.150887609375 0.36946715625 0.154644084375 0.36602867968749997 0.15493304531250002 0.36390491406250003 0.1494625125 0.364072740625 0.1461739203125 0.36706705156249997 0.14261009062500002 0.3697976078125 0.138660978125 0.37222476718749997
0 0.23926716875 0.330939534375 0.23326999218750002 0.3333613765625 0.22658082968749998 0.33747850156250003 0.22081430468750002 0.343533109375 0.21712374531249998 0.3522517265625 0.2166419828125 0.3619838109375 0.24710964062500002 0.36145472500000003 0.2468789734375 0.3314239015625 0.23926716875 0.330939534375
0 0.40557355156249997 0.2851667453125 0.40257494843749997 0.2725731703125 0.39588581562499997 0.263612359375 0.38550605937500004 0.25852649687499996 0.3764401671875 0.2569701921875 0.3758183234375 0.290736978125 0.40580420312500004 0.28928387031249997 0.40557355156249997 0.2851667453125
0 0.3663612390625 0.1923843328125 0.3585187515625 0.19407962031249998 0.351598934375 0.1994076703125 0.3458324109375 0.20570445781250002 0.34214185 0.21539181875 0.34194405156249996 0.22338715625 0.37189707968749997 0.22265733906250001 0.371435775 0.19214214999999998 0.3663612390625 0.1923843328125
5 0.288859221875 0.07921959687499999 0.23515828125 0.0789267984375 0.23465395312499998 0.092297534375 0.25356813749999996 0.09205535000000001 0.28862856875 0.09205535000000001 0.288859221875 0.07921959687499999
5 0.36290133125 0.0789774140625 0.3305298953125 0.07919332968750001 0.331300790625 0.09253971718750001 0.3458324109375 0.092781909375 0.36290133125 0.09253971718750001 0.36290133125 0.0789774140625
5 0.546216628125 0.3823548359375 0.5464473109375 0.3569255078125 0.5466779640625 0.334644575 0.5331945765625 0.33506407656250004 0.5337609718749999 0.3690347109375 0.5337609718749999 0.38332356875 0.546216628125 0.3823548359375
5 0.45487499375 0.44701798281249994 0.4155019453125 0.4459414 0.41474002656250003 0.45961155 0.4970859109375 0.459853740625 0.4963939234375 0.447260175 0.45487499375 0.44701798281249994
5 0.51092554375 0.2861429875 0.4855087703125 0.28495605468749996 0.48532221093750005 0.29461942812499997 0.49431797499999997 0.2943772453125 0.5111562109375 0.2948616109375 0.51092554375 0.2861429875
5 0.4239664578125 0.2851742453125 0.3954637609375 0.2844229921875 0.39582585625 0.2931663203125 0.40989615781250005 0.2934085109375 0.4239664578125 0.2934085109375 0.4239664578125 0.2851742453125
0 0.5512911640625 0.26602875 0.558672315625 0.257552309375 0.561901571875 0.25028678437499996 0.562593559375 0.2393885015625 0.5329409296875001 0.23964561093749998 0.5337609718749999 0.270872434375 0.5425260671875 0.27063025 0.5512911640625 0.26602875
0 0.5655921312500001 0.24980241875 0.5764331921875 0.250771159375 0.5759718875 0.21977159375 0.54638426875 0.21858958125 0.546908615625 0.2301855109375 0.55059920625 0.23890413437500002 0.5584416640625001 0.24568529374999998 0.5655921312500001 0.24980241875
5 0.5406807875 0.1715381015625 0.540450134375 0.16039763437500001 0.540450134375 0.112929553125 0.5319263375000001 0.1135759609375 0.5330689828125 0.14489785156249999 0.5332996359375 0.1720224671875 0.5406807875 0.1715381015625
5 0.6278784468749999 0.0988284734375 0.583483525 0.0881997328125 0.580557703125 0.101933775 0.591402040625 0.1044180140625 0.625315240625 0.11187073437499999 0.6278784468749999 0.0988284734375
0 0.678353896875 0.13547100781250002 0.6828888078124999 0.12946742656250002 0.6862406890625 0.12346385156249999 0.6886067328125 0.11559708906249999 0.6600207375 0.1077933453125 0.6527218265625 0.13919736875 0.66021428125 0.1404394859375 0.669875603125 0.1387833234375 0.678353896875 0.13547100781250002
5 0.7633340609375 0.12946742656250002 0.7155264781249999 0.11759014999999999 0.7116755968749999 0.13133060624999998 0.7239001234375 0.13402186562500001 0.76096803125 0.1423026671875 0.7633340609375 0.12946742656250002
0 0.69412748125 0.2044308015625 0.6917614390625 0.194907884375 0.683874659375 0.185177946875 0.675396353125 0.181244565625 0.6639234843749999 0.20986239218749997 0.6913671 0.2220275 0.6945218203125 0.213125634375 0.69412748125 0.2044308015625
0 0.728435021875 0.27858824531250004 0.7240972859375 0.2916304984375 0.7542642671875 0.2965989828125 0.7582398796875001 0.2663649 0.74933501875 0.2645108875 0.739870871875 0.2667881078125 0.7337585953125 0.27237764375 0.728435021875 0.27858824531250004
0 0.66612936875 0.2777601609375 0.6651435296875 0.2705144625 0.6610029578125001 0.26264770625 0.656073721875 0.2560230671875 0.647595415625 0.2508475703125 0.6357369765625001 0.281629690625 0.6637633390625 0.2930796390625 0.66612936875 0.28521288437500003 0.66612936875 0.2777601609375
5 0.720942553125 0.3055008421875 0.6918931749999999 0.293476990625 0.686635028125 0.305293815625 0.69412748125 0.309020178125 0.71640765625 0.31833606875 0.720942553125 0.3055008421875
3 0.37637636093750004 0.22915113437499998 0.3758861078125 0.29195239375000004 0.428345140625 0.2940114453125 0.42883539375 0.3182053859375 0.48668744531249997 0.3166610796875 0.48619715937499997 0.2950409703125 0.5131620890625 0.2965852765625 0.5156134546875 0.2934967 0.5411075578125 0.29298191875 0.5406173046875 0.272906115625 0.552383815625 0.26878799531249997 0.5626795015625 0.25694841562500004 0.5661114078125 0.23893166406250002 0.5411075578125 0.2373873578125 0.5411075578125 0.19517668125 0.54159784375 0.095312384375 0.5455200046875001 0.081928515625 0.5455200046875001 0.0433211796875 0.370983375 0.0438359421875 0.3715178734375 0.08051611875 0.3724542015625 0.094797621875 0.37686664687500004 0.094797621875 0.37637636093750004 0.22915113437499998
3 0.255731646875 0.221647921875 0.2551380265625 0.19640512968749999 0.3216237375 0.195158565625 0.32073329687499996 0.0814102171875 0.2895681234375 0.0810985796875 0.288974503125 0.0782938265625 0.23554848437499998 0.078917103125 0.23554848437499998 0.0810985796875 0.1981535515625 0.08132675 0.19725984375 0.15713856875 0.19755664374999998 0.22195955 0.255731646875 0.221647921875
3 0.0813320578125 0.380828146875 0.099603475 0.386531565625 0.12330697187499999 0.3860130921875 0.143059834375 0.3803096734375 0.15836832812499999 0.3657918890625 0.203306165625 0.366828871875 0.20429380625000002 0.24394610781249998 0.203306165625 0.0806209328125 0.092689984375 0.079583946875 0.020098118749999998 0.079583946875 0.0205919234375 0.11484144375000001 0.0013328640625 0.115878434375 0.0018267015625000002 0.127285271875 0.0057772671875 0.13765511875 0.0191104765625 0.146987984375 0.0201494078125 0.21747725624999997 0.01960428125 0.36631036250000004 0.06454211875 0.36631036250000004 0.0813320578125 0.380828146875
3 0.3727575484375 0.45712927968750006 0.5445585703125 0.4577330296875 0.5454838984375 0.29742779375 0.540857303125 0.285769228125 0.3761845328125 0.2855266296875 0.37522506093749997 0.365086240625 0.3724490984375 0.36515617499999997 0.3727575484375 0.45712927968750006
5 0.3901420578125 0.593452546875 0.3769684640625 0.593816540625 0.34559819375 0.5938949 0.3454211640625 0.6069202781249999 0.3591147734375 0.6067382828125 0.3901420578125 0.6063742921874999 0.3901420578125 0.593452546875
5 0.4906774140625 0.593816540625 0.439569528125 0.5936946062499999 0.43988972187500003 0.6063742921874999 0.4558367078125 0.6063742921874999 0.4915441140625 0.6065562875 0.4906774140625 0.593816540625
0 0.396902203125 0.67920205 0.3901420578125 0.6810220140625 0.383381925 0.6857539203125 0.3790485 0.69157780625 0.3748884171875 0.7006776218749999 0.3747617109375 0.7092638859375 0.4041823390625 0.7088674593750001 0.4045290125 0.678474065625 0.396902203125 0.67920205
0 0.4492499171875 0.70358956875 0.44300978593749996 0.7066835031250001 0.437289671875 0.7101414359375 0.43243624374999995 0.7168753 0.429316178125 0.7254291359375 0.429085909375 0.733699678125 0.4587834421875 0.7336189734375 0.458263428125 0.7026795828125 0.4492499171875 0.70358956875
0 0.39828889375 0.7616658859375 0.40435568125000004 0.7662157953125 0.40990245468750003 0.768035759375 0.417529275 0.7682177546875 0.41745862499999997 0.7373049578125 0.38788867968749996 0.7381883499999999 0.389102040625 0.7474701687499999 0.39291545 0.7569339765625 0.39828889375 0.7616658859375
0 0.4579167671875 0.80227055 0.4619035078125 0.79681065625 0.4645035578125 0.7900767921875 0.4641568734375 0.7802489859375 0.43499485781249997 0.780568328125 0.435382965625 0.8117343625 0.44300978593749996 0.810824378125 0.45202329687500004 0.8077304421875 0.4579167671875 0.80227055
5 0.465196903125 0.869466159375 0.4313732453125 0.8684971203125 0.43156955625000004 0.8823879 0.44318314062499997 0.8822059046874999 0.4655435875 0.8820239093750001 0.465196903125 0.869466159375
5 0.3678261640625 0.8691204593749999 0.33974558906249996 0.8691204593749999 0.28955849218749996 0.8686974140625001 0.28930456875 0.8814962124999999 0.3043848796875 0.8816782078125 0.3686928390625 0.8814962124999999 0.3678261640625 0.8691204593749999
3 0.41684287500000006 0.8801745015625 0.41797769999999995 0.7816719953125 0.41797769999999995 0.702631678125 0.40511588906249996 0.7018373 0.4036027375 0.678800425 0.3960369546875 0.6784032390625 0.38847117343750004 0.6803891765625 0.37863566406250004 0.689921675 0.37447448437499997 0.7010429265625 0.3657738265625 0.7022344921875 0.3653955515625 0.6712538640625 0.2342452625 0.6710319359375 0.233372703125 0.7812748093749999 0.233372703125 0.880968875 0.41684287500000006 0.8801745015625
5 0.543019746875 0.6074840140625 0.5592378828125 0.6074840140625 0.5838108046875 0.6067099953125 0.5833193640625 0.5940677296875 0.5434117015625 0.5940677296875 0.543019746875 0.6074840140625
0 0.5683298640625 0.702946034375 0.558746425 0.7075901265625 0.5513745359375 0.7145562796875 0.546951421875 0.725134496875 0.5472202671875 0.7343147046875 0.5774218453125 0.7336486765625 0.5761932109375001 0.7032040390625001 0.5683298640625 0.702946034375
0 0.66072406875 0.714298265625 0.6533521953125 0.7065581078125 0.6447516875 0.7021720124999999 0.6354139515624999 0.7026880296875 0.6353114 0.732894984375 0.6661301140625 0.7336486765625 0.6641642859375 0.7222964375 0.66072406875 0.714298265625
0 0.638116975 0.590686053125 0.6457346015625001 0.5834619062499999 0.6496662578125 0.5741737062500001 0.6496662578125 0.5638534890625 0.6201791812499999 0.5630964671875 0.6206702046875 0.5958461640625 0.6285335515625 0.5953301546875001 0.638116975 0.590686053125
3 0.4113088328125 0.6611491468749999 0.41106310468749996 0.7315846390625 0.528275984375 0.732616659375 0.5272930703125 0.596647784375 0.4909251265625 0.59587376875 0.4909251265625 0.5938097250000001 0.4390762421875 0.5943257375 0.4390762421875 0.5953577578125 0.41103029375 0.595182140625 0.4095887328125 0.6067099953125 0.41155456875 0.606451990625 0.4113088328125 0.6611491468749999
3 0.4113088328125 0.8800205796875 0.431458640625 0.8807945937499999 0.43170436875 0.8815686156250001 0.46512355312500003 0.8813106109375 0.465369290625 0.880278584375 0.4960854515625 0.8795045703125 0.496576909375 0.8340956078125 0.4960854515625 0.780946484375 0.4724954265625 0.7817205031250001 0.41021963906250003 0.780597578125 0.410571646875 0.780946484375 0.41106310468749996 0.8268714609375 0.4113088328125 0.8800205796875
0 0.6486833437499999 0.8072630406249999 0.653106475 0.79823285 0.653106475 0.7871386140625 0.6226111453125001 0.786276459375 0.6221445937500001 0.8188732890624999 0.6324652093750001 0.8183572796874999 0.64106575 0.8142291875 0.6486833437499999 0.8072630406249999
5 0.7143270359375 0.9515363921875 0.6266644171875 0.951247928125 0.6266016828125001 0.96443666875 0.6553519999999999 0.9646946734374999 0.7143270359375 0.9654686874999999 0.7143270359375 0.9515363921875
0 0.66100378125 0.7706055671875001 0.6703414999999999 0.775507665625 0.6801706750000001 0.7760236828125 0.6793569671874999 0.7436848578124999 0.649945971875 0.7437729984375 0.649700234375 0.7522871796875 0.65264899375 0.7623493921875 0.66100378125 0.7706055671875001
5 0.7600326984375 0.6084953375000001 0.76027841875 0.5850168375 0.74637108125 0.5858119875 0.7470090265625 0.6520982578125001 0.7600326984375 0.652614265625 0.7600326984375 0.6084953375000001
3 0.7575753953125 0.73210755 0.758312590625 0.652600465625 0.76027841875 0.652600465625 0.76027841875 0.58577705625 0.7575753953125 0.5855190515625 0.757821115625 0.5470762328125 0.6782048296875 0.5473342375 0.6211956375 0.5470762328125 0.62070418125 0.6066754953125 0.6231614671875 0.6064174906249999 0.6228813625 0.65367460625 0.6221785515625 0.7328815718749999 0.671570134375 0.732623559375 0.7575753953125 0.73210755
3 0.586038034375 0.9620624359375001 0.6259330046875 0.9641224984375001 0.6259330046875 0.9654958718750001 0.7148791765625 0.9658392265625 0.7152061734374999 0.9634358109375001 0.758371225 0.9624057687500001 0.7580442296875 0.8618057968749999 0.7580442296875 0.7879867 0.680216328125 0.7873000125 0.5897767609375 0.7875132046875 0.5889811078125 0.868672690625 0.5857110265625 0.869016034375 0.586038034375 0.9620624359375001