5 0.7175704390625001 0.8035426187500001 0.7956112578125001 0.8027998125 0.7945978015625 0.7812581 0.702367675 0.78051529375 0.6329416921875 0.7803295671875 0.632434965625 0.7946288109374999 0.6334485140624999 0.804285425 0.7175704390625001 0.8035426187500001
0 0.491555996875 0.5324142953125001 0.5148669625 0.5108726156250001 0.4489882609375 0.5093869703125 0.4256773890625 0.5093869703125 0.41098135312500006 0.5101297765624999 0.4216232875 0.5435565546875 0.44290715468749997 0.5658410734375 0.4662181203125 0.5524703625 0.491555996875 0.5324142953125001
0 0.642570171875 0.5324142953125001 0.6466241796875 0.5093869703125 0.5412183875000001 0.507901325 0.5402048390624999 0.50901555 0.5726374609375 0.5361283921875 0.6152051984375 0.5658410734375 0.632434965625 0.5546988140625 0.642570171875 0.5324142953125001
0 0.788516696875 0.5450421999999999 0.803719459375 0.52275768125 0.8057464640625 0.5108726156250001 0.6952730218750001 0.5086441640625 0.69299260625 0.5106868890625 0.720610990625 0.5324142953125001 0.7500029687499999 0.556927265625 0.7692598328125 0.5680695250000001 0.788516696875 0.5450421999999999
0 0.652705284375 0.3823652125 0.690205465625 0.39945000468749997 0.6912190140625001 0.35710941875 0.690205465625 0.3221970109375 0.687671640625 0.32349693125 0.6456107234374999 0.32813954375 0.61419165 0.33853898125000004 0.611151096875 0.3519096921875 0.652705284375 0.3823652125
5 0.17027096875 0 0.17027096875 0.002042746875 0.1712844703125 0.023584459375 0.2604739984375 0.022098812500000002 0.32736615625 0.022098812500000002 0.32736615625 0 0.28479842031249997 0 0.2219603640625 0 0.17027096875 0
0 0.403379971875 0.1669481859375 0.4277043921875 0.17289073593749998 0.42973148906249997 0.091180821875 0.4277043921875 0.0900665953125 0.387163753125 0.1156937921875 0.352704125 0.14243521406249998 0.3780420953125 0.1587772015625 0.403379971875 0.1669481859375
0 0.856422309375 0.1379783109375 0.8898683890625 0.1409495859375 0.8888549328125 0.055525590624999996 0.8875879734375 0.055525590624999996 0.8533817562499999 0.07929574687499999 0.8108140203125 0.10900843593750001 0.82804388125 0.127578875 0.856422309375 0.1379783109375
3 0.09223010312499999 0.35413814375 0.3912177609375 0.3526525328125 0.392231309375 0.297684040625 0.4277043921875 0.298426846875 0.428717940625 0.002042746875 0.2837849171875 0.003528384375 0.0917233296875 0.002042746875 0.09223010312499999 0.00278556875 0.0912166015625 0.1260932453125 0.09223010312499999 0.35413814375
3 0.8890236484375 0.5762083 0.8890236484375 0.5131748328125 0.8161068859375 0.5131748328125 0.786192259375 0.56661626875 0.7600170687500001 0.5762083 0.6833610421875 0.5145451046875 0.645967715625 0.5131748328125 0.6497071515624999 0.5625053875 0.62540150625 0.577578634375 0.5319184484374999 0.5172857125 0.5281791 0.5155728234375 0.5263094671874999 0.7981958031249999 0.720754196875 0.7981958031249999 0.8908933671874999 0.7954552578125 0.8890236484375 0.5762083
1 0.3252789296875 0.8301384703125001 0.3745712171875 0.798898128125 0.3745712171875 0.7842542171875 0.23477683124999998 0.783398434375 0.2346877 0.7998743875 0.2813155390625 0.8311147312499999 0.3252789296875 0.8301384703125001
3 0.32794337812499996 0.8281533546875 0.369242321875 0.797889271875 0.5331058703125 0.7959367515625 0.5317736453124999 0.508818321875 0.40254792031250003 0.5078420609375 0.40254792031250003 0.344806525 0.08814306250000001 0.3418777421875 0.089540321875 0.798046871875 0.2346877 0.7988655328125 0.2799833140625 0.8310821359375 0.32794337812499996 0.8281533546875