5 0.6648273640625 0.23845429375 0.6194995624999999 0.23819219062500002 0.62023355 0.24645921718750002 0.6362200171875 0.24645921718750002 0.6648273640625 0.24672604687500002 0.6648273640625 0.23845429375
5 0.736766425 0.2323171859375 0.6865797609375 0.2317317453125 0.6871242421875 0.2405889390625 0.7026900296874999 0.2405889390625 0.735925034375 0.240055278125 0.736766425 0.2323171859375
5 0.550454615625 0.2813198359375 0.5502019484375 0.27458926875 0.5390365125 0.2746185046875 0.5390849390625 0.28821065468749996 0.550454615625 0.28821065468749996 0.550454615625 0.2813198359375
5 0.5502019484375 0.34255310781250004 0.550454615625 0.327970209375 0.5384808343749999 0.32787998749999997 0.5390849390625 0.35585399687499997 0.550454615625 0.35553348906250004 0.5502019484375 0.34255310781250004
5 0.550707265625 0.3811994703125 0.550707265625 0.3728663875 0.550707265625 0.36773833125 0.5387586734375 0.3677379203125 0.5385796218750001 0.3735073921875 0.5390849390625 0.38103921875 0.550707265625 0.3811994703125
0 0.592381359375 0.3859466875 0.6014771 0.38242115 0.60855155625 0.376491840625 0.6108254921875 0.368799759375 0.5768225921875 0.3687960953125 0.576969146875 0.38754920312499996 0.58454891875 0.387388953125 0.592381359375 0.3859466875
3 0.6542828953125001 0.3147606703125 0.7078466718749999 0.31427991093749996 0.7075939890625 0.33030508125 0.77404339375 0.329824321875 0.775306678125 0.271964909375 0.775306678125 0.2387928171875 0.7462508703124999 0.23927357031250002 0.7459982203125 0.2327032546875 0.6772748796875 0.23254300312499998 0.6772748796875 0.23895306875000003 0.6059956671875 0.23881691093750002 0.604509003125 0.29744492031249997 0.6542828953125001 0.297293240625 0.6542828953125001 0.3147606703125
3 0.775306678125 0.3617486859375 0.775306678125 0.325531815625 0.7065833546875 0.326012571875 0.7068360390625 0.32729458437500003 0.6984982640624999 0.3274548359375 0.6906658250000001 0.332743140625 0.6863706203125 0.32729458437500003 0.6828333843750001 0.332743140625 0.6757589296875001 0.3276150890625 0.65239475 0.32787998749999997 0.653272259375 0.3970211921875 0.775054028125 0.39638018750000004 0.775306678125 0.3617486859375
3 0.26292746718750004 0.5006919062499999 0.27371617812500004 0.5078322703125 0.26292746718750004 0.510220346875 0.2730125609375 0.514534315625 0.2643346859375 0.5200383468750001 0.263631084375 0.53834348125 0.27348165 0.5460788734375 0.26292746718750004 0.5480127234375 0.2741852515625 0.5518804203125 0.2655073765625 0.55828495 0.265038303125 0.5756895828124999 0.27371617812500004 0.5825324296875001 0.263631084375 0.5853588249999999 0.27371617812500004 0.588333978125 0.26410015625 0.5939867624999999 0.26410015625 0.60023458125 0.26245839375 0.6000858234375 0.26245839375 0.6043997937500001 0.2619893203125 0.61778796875 0.3171055703125 0.6182342453125 0.3173401 0.5715005046875 0.3647166359375 0.5713517421875001 0.36377847343749997 0.5645088953124999 0.4350778 0.5651039250000001 0.4355468875 0.478487246875 0.43531232812500004 0.42760420625 0.405057028125 0.4283479921875 0.4043534109375 0.42105887343750004 0.388639425 0.42031508281249996 0.388873953125 0.40588560156250003 0.38254145781250004 0.406034359375 0.3736290390625 0.4072244203125 0.366592928125 0.4110921171875 0.36237125468750003 0.41629863125 0.35885319843749997 0.411240875 0.34970625 0.406926903125 0.3368067015625 0.4057368453125 0.3358685546875 0.4209101171875 0.3342267921875 0.42105887343750004 0.334695865625 0.40618311875 0.3208581703125 0.407373178125 0.3140565875 0.411240875 0.30842769531249997 0.41629863125 0.30256425781249996 0.41079460156250003 0.2948245296875 0.40707566406250006 0.2826285984375 0.40618311875 0.2826285984375 0.420761359375 0.26644552187500004 0.4209101171875 0.26644552187500004 0.42849674843749996 0.23730500625 0.4282933578125 0.2371283703125 0.493849059375 0.2643346859375 0.4939978171875 0.26292746718750004 0.5006919062499999
0 0.3009224953125 0.5983086906249999 0.29459 0.5993499953125 0.2873193453125 0.6018788703125 0.282394053125 0.6066391125 0.27864146875 0.6124406546875 0.27934445937499996 0.61885515 0.309131296875 0.6188372296875 0.30842769531249997 0.5983086906249999 0.3009224953125 0.5983086906249999
0 0.28004868906249997 0.63430801875 0.28943018125000003 0.6298452953125 0.293417309375 0.6237462296875 0.29435545625000004 0.6182422015625 0.260516975 0.6183640125000001 0.2619893203125 0.636241865625 0.269963578125 0.6363906187499999 0.28004868906249997 0.63430801875
0 0.3419665203125 0.64309266875 0.3393866109375 0.6380349125 0.3307087359375 0.6326796421875 0.3203890984375 0.6305970375000001 0.30926210625 0.6304787640625 0.30983491406249997 0.6484479453125 0.3429046671875 0.648596696875 0.3419665203125 0.64309266875
5 0.229388640625 0.6240517062500001 0.22868503125 0.6146799781250001 0.216672146875 0.614762328125 0.2164890921875 0.6328284 0.229154103125 0.6325308859375001 0.229388640625 0.6240517062500001
5 0.2289195671875 0.6594719140625 0.22798142187499998 0.6417697687499999 0.2164142359375 0.6419386671875 0.2164890921875 0.652331553125 0.21625455468750002 0.6594719140625 0.2289195671875 0.6594719140625
0 0.274419796875 0.7788311718750001 0.2727780328125 0.7731783875 0.2666800671875 0.7667818125 0.256360428125 0.7626165984375 0.2451026359375 0.7617240562500001 0.24478441874999998 0.7838777328125001 0.2451026359375 0.7844839625 0.274419796875 0.78463271875 0.274419796875 0.7788311718750001
5 0.40411888281249997 0.776451053125 0.3750362734375 0.776451053125 0.32112600156250004 0.7760195140625 0.3208581703125 0.7840376859375 0.3403247578125 0.7843352 0.404587971875 0.7843352 0.40411888281249997 0.776451053125
3 0.4354647765625 0.7840027953125001 0.436616340625 0.6506715203125 0.436040596875 0.5615665875 0.31167551250000003 0.56010585 0.30879668125 0.6598011203125 0.284614578125 0.687555115625 0.2862475375 0.70940000625 0.285766103125 0.74346735625 0.285766103125 0.7840027953125001 0.4354647765625 0.7840027953125001
5 0.6651033625 0.4892429890625 0.5925715125 0.48881451875000004 0.592288990625 0.497966490625 0.6177740125 0.497453340625 0.664698853125 0.49770991875000004 0.6651033625 0.4892429890625
5 0.7557168062499999 0.5575052703125001 0.693549828125 0.5579947093750001 0.6934200609375 0.5664853421875 0.7144553421875 0.5667419234375 0.7561213437500001 0.56622876875 0.7557168062499999 0.5575052703125001
5 0.559927034375 0.57828773125 0.5603315703125 0.5687945046875 0.54630831875 0.5690070656249999 0.546173221875 0.5852152125 0.5611406171875 0.5852152125 0.559927034375 0.57828773125
5 0.559927034375 0.61908291875 0.559927034375 0.6103594203125 0.54630831875 0.611079915625 0.54657773125 0.6270367 0.559927034375 0.626780128125 0.559927034375 0.61908291875
0 0.614537828125 0.5882940953125 0.62748259375 0.5893203859375 0.62682406875 0.5698541703125 0.592288990625 0.5700773781249999 0.594716128125 0.57828773125 0.603211153125 0.5854717859375 0.614537828125 0.5882940953125
0 0.6808798031250001 0.6137085984375 0.6768345734375 0.6085771265625 0.6679350390625001 0.601393071875 0.6566083640625 0.5988273359375 0.6446176046875001 0.59865571875 0.646090709375 0.6178137796875001 0.6808798031250001 0.6170440515625 0.6808798031250001 0.6137085984375
0 0.6614626421875001 0.679675440625 0.6614626421875001 0.6717216671874999 0.6541812 0.6655639046874999 0.64506244375 0.6604943375000001 0.629909759375 0.6745439765625 0.6541812 0.686859503125 0.6614626421875001 0.679675440625
0 0.7185005734375001 0.6606890046875 0.7083874546875 0.6683862046875 0.7059603171875 0.675057121875 0.7064501421875 0.68026010625 0.73629964375 0.68018859375 0.7350860609375001 0.65812326875 0.7185005734375001 0.6606890046875
3 0.77513396875 0.6337213328125 0.775538478125 0.590360409375 0.775538478125 0.558288715625 0.6748119453125 0.5585452921875 0.6756209906249999 0.5616241750000001 0.6441727671875 0.5622302296874999 0.6456862 0.5918998453125 0.6452816640625 0.63397790625 0.77513396875 0.6337213328125
5 0.6096835234375 0.7453857187499999 0.56499153125 0.7446400375 0.5643768015624999 0.7538526453125 0.581366825 0.754365790625 0.6096835234375 0.7541092171875 0.6096835234375 0.7453857187499999
5 0.7294227375 0.7695036265625 0.665080171875 0.7692060656249999 0.6642943171875 0.77899684375 0.6849250625 0.7787402796875 0.7294227375 0.779253425 0.7294227375 0.7695036265625
3 0.6133242453125 0.7777139890625 0.777561134375 0.7787402796875 0.77513396875 0.675597715625 0.69463364375 0.6763674375 0.6938245968750001 0.6586638625 0.66955313125 0.65994673125 0.668744084375 0.6545586890624999 0.6452816640625 0.65353239375 0.6456862 0.661742746875 0.629505221875 0.6743148515625 0.547197996875 0.67461274375 0.54698226875 0.71844549375 0.54698226875 0.75308291875 0.614133290625 0.7538526453125 0.6133242453125 0.7777139890625
5 0.559522525 0.65451751875 0.5603315703125 0.6373270921875 0.54586348125 0.6376225203125 0.54657773125 0.6729908078125 0.5607360796874999 0.6727342359375 0.559522525 0.65451751875
3 0.6863604750000001 0.565730953125 0.686585084375 0.52982948125 0.687483553125 0.48993895624999995 0.57472533125 0.48965402343750003 0.5749499499999999 0.5241308375 0.5748018828125 0.5663414515625 0.6185258359375 0.5660158953125001 0.6535662421875 0.5655884921875 0.6863604750000001 0.565730953125
0 0.6396399234375 0.5504870765625001 0.6331260140625 0.551199409375 0.6281844171875 0.5546185968749999 0.6257136203125 0.560174775 0.6256844953125 0.5661846625 0.6466030828125 0.56615835625 0.6468277062500001 0.5506295421875 0.6396399234375 0.5504870765625001
1 0.3279476578125 0.4050175828125 0.319295246875 0.40532266406249995 0.3135269734375 0.40745823437500006 0.3077587 0.411729375 0.302471115625 0.407763315625 0.29093456875 0.40471250156250005 0.28180146875 0.40379725625 0.2818269296875 0.426086425 0.334677309375 0.4272885296875 0.33515799999999996 0.40532266406249995 0.3279476578125 0.4050175828125
1 0.3692869515625 0.4089836421875 0.3664028140625 0.411729375 0.3630379890625 0.4144751078125 0.3591924734375 0.41020396718749996 0.3548662671875 0.40806839687499996 0.3442911 0.40532266406249995 0.3366000671875 0.40532266406249995 0.33515799999999996 0.4272885296875 0.3895192375 0.427307128125 0.3899565984375 0.40532266406249995 0.38226556718750004 0.40471250156250005 0.37361315624999997 0.4056277453125 0.3692869515625 0.4089836421875