5 0.2493031609375 0.049952017187499996 0.22052645625 0.0494705140625 0.2196742296875 0.0697188734375 0.23399488124999998 0.0702531203125 0.249796990625 0.07078735781249999 0.2493031609375 0.049952017187499996
5 0.22313094375000003 0.1851146125 0.2246124015625 0.1300879328125 0.224118571875 0.0713215953125 0.205321671875 0.070640659375 0.205847409375 0.135430328125 0.2063412390625 0.1851146125 0.22313094375000003 0.1851146125
5 0.24782173593749998 0.1861830890625 0.22106948437499999 0.18472421875 0.22066189062500002 0.20541570625 0.23399488124999998 0.20594994375 0.24732790468750002 0.20541570625 0.24782173593749998 0.1861830890625
0 0.441891159375 0.2257167984375 0.4437109625 0.16767049218750002 0.4255952515625 0.169087421875 0.40929934531249995 0.178169484375 0.43201484843750004 0.2251825609375 0.441891159375 0.2257167984375
0 0.5643573578125001 0.18725156406250001 0.574233634375 0.1813749296875 0.552505759375 0.133293378125 0.534939665625 0.13356303593750002 0.5396665671875 0.189388515625 0.5510243671875 0.189388515625 0.5643573578125001 0.18725156406250001
5 0.343128090625 0.3032607671875 0.343128090625 0.2738775953125 0.3231587484375 0.2735212171875 0.3238692671875 0.338520575 0.34263425937499997 0.3390548125 0.343128090625 0.3032607671875
0 0.463619034375 0.2840281328125 0.4463355 0.2744118328125 0.42850617812499997 0.2746973359375 0.43053339062499996 0.333712415625 0.43942207343749995 0.333178178125 0.463619034375 0.2840281328125
0 0.45571797968750005 0.3289042578125 0.44979217968749996 0.3390548125 0.447323128125 0.353479271875 0.44696913125000004 0.37349134687499996 0.5011489859375 0.3732461265625 0.5011489859375 0.354013509375 0.45571797968750005 0.3289042578125
3 0.24550574374999998 0 0.246834075 0.05102049374999999 0.2053536125 0.05155473125 0.2063412390625 0.20594994375 0.246834075 0.20594994375 0.24584644687499999 0.2567026859375 0.3421404625 0.2567026859375 0.34164663281249996 0.2492233546875 0.4404097 0.249757575 0.44090353125000004 0.122074346875 0.441891159375 0.00026774375 0.3396713765625 0 0.24550574374999998 0
5 0.5238645234375 0.4716650390625 0.46271694218750004 0.470521178125 0.463125203125 0.4935688640625 0.5001613921875 0.49250038749999997 0.5238645234375 0.4930346265625 0.5238645234375 0.4716650390625
5 0.22510619843750002 0.6624677609375 0.22510619843750002 0.6309476359375 0.22560002968749998 0.5374557390625 0.2047786453125 0.5375599703125 0.20485978125 0.5876742421875 0.2053536125 0.661933540625 0.22510619843750002 0.6624677609375
0 0.3826332984375 0.6855193046875 0.35991779375 0.6972725734375 0.3396713765625 0.7079573671875 0.339992615625 0.7233868 0.3925096078125 0.7229160640625001 0.3890528953125 0.7010122390625 0.3826332984375 0.6855193046875
5 0.34263425937499997 0.8170214421875001 0.34263425937499997 0.7764192390625 0.34263425937499997 0.74169366875 0.3231587484375 0.7410285875 0.32337547031249997 0.7881725078125 0.3223878421875 0.8180899187499999 0.34263425937499997 0.8170214421875001
5 0.512506721875 0.825569284375 0.45511454999999995 0.8257091671874999 0.45621181093749996 0.845870378125 0.48534687656250003 0.8469388531250001 0.512012925 0.8474730906250001 0.512506721875 0.825569284375
0 0.5011489859375 0.6722029265625 0.4957170171875 0.681819234375 0.494235559375 0.6973121859375 0.494212565625 0.7110375484375 0.5431232796875001 0.71066816875 0.5431232796875001 0.6999833765625 0.5011489859375 0.6722029265625
0 0.4428787859375 0.6364088812500001 0.44262490625 0.5781360828125 0.43003959375 0.5787110203125 0.40880551406250004 0.6289295328125 0.4226323359375 0.6348061671874999 0.4428787859375 0.6364088812500001
0 0.570283125 0.58721923125 0.552505759375 0.576534446875 0.536025721875 0.577548021875 0.5371975140624999 0.6342323078125001 0.549049046875 0.63316383125 0.570283125 0.58721923125
0 0.568801665625 0.6967383359375 0.5510243671875 0.653464925 0.538197834375 0.6534077093749999 0.5376913109375 0.7036834468750001 0.556950134375 0.7010122390625 0.568801665625 0.6967383359375
3 0.5034079921875 0.37559365312500004 0.7672448671875001 0.3730824765625 0.7664710765625 0.277658559375 0.8005145359375 0.24668764687500003 0.7656973890625001 0.21320555625 0.7649237015625 0.14289319218750002 0.79974085 0.10355175624999999 0.7664710765625 0.0750919921875 0.7656973890625001 0.001431415625 0.5395105296875 0 0.5405463562499999 0.1939533625 0.5034079921875 0.1939533625 0.5034079921875 0.37559365312500004
3 0.340154128125 0.724055525 0.440737084375 0.724892603125 0.438415921875 0.4729399484375 0.31152668125 0.47126584843749997 0.20343588124999998 0.4690965046875 0.204754021875 0.731588996875 0.340154128125 0.7299148984375 0.340154128125 0.724055525
5 0.768018553125 0.63532803125 0.7672448671875001 0.564178603125 0.7672448671875001 0.5064220234375 0.7428569625 0.506872996875 0.74403333125 0.59347541875 0.7455808078125 0.63532803125 0.768018553125 0.63532803125
5 0.7672448671875001 0.7793009843750001 0.7672448671875001 0.6796917921875 0.74455860625 0.6800920328125 0.7448071203125 0.806086621875 0.7695659265625 0.8044125234375 0.7672448671875001 0.7793009843750001
3 0.655829828125 0.657928421875 0.7656973890625001 0.6562543234375 0.7656973890625001 0.4721028984375 0.651187603125 0.473776996875 0.5403613515625 0.47370339375 0.5374515046874999 0.5625045046875 0.5366777140625001 0.658765471875 0.655829828125 0.657928421875
3 0.768018553125 0.64543471875 0.631071021875 0.64543471875 0.5369580640625 0.6506079421875001 0.5382251921875 0.8471642515625 0.6449977984374999 0.8480012734375 0.7664710765625 0.8463271750000001 0.768018553125 0.64543471875
2 0.7657921984375 0.2751962390625 0.7981629531250001 0.2470037359375 0.7679033343749999 0.216525353125 0.7679033343749999 0.13423371875 0.7981629531250001 0.10527925625000001 0.7644988828125 0.07332316875 0.7531253812500001 0.0740389125 0.7538290937500001 0.27443428124999997 0.7657921984375 0.2751962390625