5 0.2257366 0.1558567453125 0.2257366 0.117985178125 0.199638440625 0.1167829015625 0.20150256406249997 0.1738908265625 0.20057050156249998 0.2045487546875 0.2285327859375 0.20394762812499997 0.2257366 0.1558567453125
5 0.2210762203125 0.831192509375 0.21921202499999998 0.81496183125 0.1483742515625 0.8143607046874999 0.08881116875 0.8137019234375 0.087789303125 0.8293891046875 0.152102571875 0.831192509375 0.2210762203125 0.831192509375
5 0.727193525 0.25576834531250003 0.727193525 0.238335390625 0.6731330796874999 0.23773426406249998 0.6296037078125 0.23753004843749997 0.62839346875 0.2551671953125 0.6684726999999999 0.25456606875 0.727193525 0.25576834531250003
5 0.8157407593749999 0.831192509375 0.8157407593749999 0.8143607046874999 0.7346501640625 0.8137595546874999 0.6599067375 0.8137019234375 0.6610162046875 0.8299902328125001 0.73185390625 0.8305913578125 0.8157407593749999 0.831192509375
5 0.924793640625 0.017472428125 0.9229295171875 0.0018428890624999999 0.8828502140625 0.0024440265625 0.846386925 0.002403846875 0.8492955578125001 0.016270151562499998 0.8875105937500001 0.017472428125 0.924793640625 0.017472428125
0 0.8763257093749999 0.2730782734375 0.8800540984375 0.2616566796875 0.8828502140625 0.24722942812499998 0.8064199984375 0.246628278125 0.8297219015625 0.26586468124999996 0.8604804421875001 0.2844998453125 0.8763257093749999 0.2730782734375
0 0.6908426125 0.4602776046875 0.6777934609375 0.44945715937499997 0.6451707953125 0.46749124062499997 0.6172085828125 0.48312079218750004 0.6132866921875 0.4914362984375 0.701095365625 0.49213780937499996 0.7029596296875 0.48312079218750004 0.6964349828125 0.4686935640625 0.6908426125 0.4602776046875
0 0.6740652140625001 0.58892075 0.68804635625 0.5817070890625 0.6973671171875 0.570285496875 0.701095365625 0.559465075 0.700163375 0.5468412265625 0.61561769375 0.544771634375 0.6134802640625 0.5522514140625 0.63678216875 0.5648753078125 0.6740652140625001 0.58892075
0 0.3226724640625 0.511374190625 0.307759259375 0.5239980390625 0.29750643593750004 0.5366218875000001 0.295104875 0.5560396640625 0.3776649703125 0.5546559671875 0.379529165625 0.549245734375 0.3543630671875 0.531211653125 0.3226724640625 0.511374190625
0 0.122276090625 0.2863032703125 0.13718936718750002 0.280291909375 0.146510128125 0.267668040625 0.151170509375 0.2544430421875 0.152102571875 0.24061691875000002 0.062004640624999996 0.23903245156250003 0.0644873984375 0.2544430421875 0.090585559375 0.2682691890625 0.122276090625 0.2863032703125
3 0.0039024484375 0.2376112375 0.0001741296875 0.486126471875 0.0365251140625 0.4867276453125 0.075672284375 0.457873075 0.086857240625 0.463283284375 0.09524593906249999 0.4735026015625 0.0989741875 0.4891321296875 0.27606865625 0.49213780937499996 0.27700078906250003 0.5522514140625 0.4252008390625 0.5522514140625 0.4256410046875 0.0016526437500000001 0.20243469687500001 0.001118746875 0.20150256406249997 0.239414640625 0.0039024484375 0.2376112375
3 0.9974956078125 0.24747545781250002 0.573659653125 0.24053485624999998 0.5734009609374999 0.48973330312499996 0.9946993515625 0.49153668437500003 0.9974956078125 0.33944926875000003 0.9974956078125 0.24747545781250002
3 0.99935973125 0.5472102484375 0.8204011390625 0.5472102484375 0.5724688984374999 0.546007984375 0.5734009609374999 0.6782579140625 0.574825153125 0.8294771640624999 0.995631484375 0.8303453281250001 0.995631484375 0.690280634375 0.99935973125 0.5472102484375