5 0.1341607703125 0.0870804796875 0.10075711406250001 0.0869340140625 0.1004474828125 0.10114490312499999 0.11264636875 0.10146454687499999 0.1341607703125 0.10210383593750001 0.1341607703125 0.0870804796875
5 0.234857021875 0.08771976875000001 0.2022202890625 0.0869340140625 0.20247451875000003 0.10146454687499999 0.2248761234375 0.10210383593750001 0.2346352328125 0.10178419218750001 0.234857021875 0.08771976875000001
0 0.13571334375 0.2296767765625 0.1306119984375 0.22136597343750003 0.1106501859375 0.2424626078125 0.11051318750000001 0.2522713359375 0.1381531203125 0.2526912796875 0.1377095265625 0.241184028125 0.13571334375 0.2296767765625
0 0.18894484843749998 0.2939256125 0.1951551875 0.2868934015625 0.179629334375 0.2581252671875 0.172952065625 0.25789984062500004 0.173862590625 0.2987203 0.18118192187499998 0.29744171875 0.18894484843749998 0.2939256125
0 0.0811510546875 0.2744272046875 0.0749407171875 0.2683539390625 0.067177790625 0.2641985328125 0.0568547765625 0.26317656562499997 0.057418681250000006 0.30287569531249997 0.0651816078125 0.3015971140625 0.0811510546875 0.2744272046875
0 0.17852035625 0.374527690625 0.194489803125 0.34416131875 0.188279465625 0.337448753125 0.181403728125 0.3342522921875 0.17343986875 0.3345882171875 0.173418996875 0.3355308828125 0.1740843953125 0.375486625 0.17852035625 0.374527690625
0 0.1365437109375 0.4500068375 0.13593514843750001 0.45990735625 0.15656235937500002 0.4813236234375 0.161885509375 0.4714146171875 0.16476888125 0.46086628906250005 0.1652124765625 0.4506376171875 0.1365437109375 0.4500068375
5 0.0665123984375 0.503733053125 0.0662906015625 0.481357828125 0.055879170312500004 0.48128111875 0.056753289062500004 0.529624371875 0.0662906015625 0.531222596875 0.0665123984375 0.503733053125
5 0.13637874218749999 0.7234324125 0.08336904218749999 0.724071703125 0.08319617812499999 0.7233068171875 0.0831472375 0.73781648125 0.10377444843750001 0.7384557703125 0.136156953125 0.7384557703125 0.13637874218749999 0.7234324125
5 0.2381839890625 0.7234324125 0.1829520421875 0.7240103796875 0.1820691109375 0.7362182546875 0.20114375 0.7374968359375 0.2381839890625 0.73781648125 0.2381839890625 0.7234324125
0 0.339500896875 0.5361328578125 0.3450458515625 0.529100646875 0.3450458515625 0.5220684359375001 0.3178297734375 0.5189217421875 0.317986496875 0.5329363984375 0.323753240625 0.5543526765625 0.3304071734375 0.5457222359375 0.339500896875 0.5361328578125
5 0.34333693906249996 0.39133857656250004 0.308250240625 0.3909240875 0.308178715625 0.40696533593749995 0.3229648765625 0.407438871875 0.34333693906249996 0.407438871875 0.34333693906249996 0.39133857656250004
0 0.40018154843750003 0.4751548296875 0.38506681875000004 0.44295423749999996 0.3736504953125 0.44460205 0.374880765625 0.4865197421875 0.388681215625 0.4813108234375 0.40018154843750003 0.4751548296875
3 0.31803615625 0.5300852468749999 0.3252649515625 0.551868 0.3443226921875 0.5296116953125 0.3834238828125 0.5300852468749999 0.3830953140625 0.48415204375 0.3982100421875 0.4751548296875 0.384081065625 0.44721606875 0.384081065625 0.3937062609375 0.27367763125 0.3941797984375 0.2733490625 0.3046810921875 0.1731138015625 0.304413975 0.1741174234375 0.41406840312500004 0.175103165625 0.528664621875 0.31803615625 0.5300852468749999
3 0.16077108125 0.7358996703125 0.2619022765625 0.735361846875 0.2615290859375 0.657379653125 0.26302181875 0.56649004375 0.15256116875 0.56649004375 0.056263554687499995 0.565316403125 0.057027664062500004 0.63909416875 0.057400840625000005 0.7369752843749999 0.16077108125 0.7358996703125
3 0.180922696875 0.575604009375 0.179429990625 0.45244589687500003 0.1051675921875 0.44921904687499997 0.05585318593750001 0.44871665937499994 0.057400840625000005 0.5427977078125 0.057774017187500006 0.5723771515625 0.180922696875 0.575604009375
3 0.16860782968750002 0.2522373375 0.274963496875 0.25277514375 0.27421714375 0.0898192203125 0.160024728125 0.0887436015625 0.0574946578125 0.0894473953125 0.056281296875 0.177481984375 0.0566544859375 0.251161725 0.16860782968750002 0.2522373375
5 0.664345990625 0.086866425 0.598333340625 0.08945741406249999 0.5988806640625 0.1031731953125 0.66553626875 0.10145669375 0.664345990625 0.086866425
5 0.7982523421875001 0.099740190625 0.797657203125 0.0842916703125 0.7334523890625 0.08602334843750001 0.7333821546875 0.087724675 0.7333821546875 0.10145669375 0.7982523421875001 0.099740190625
5 0.553054934375 0.2748807375 0.51440476875 0.2757554921875 0.5155611546875 0.291187509375 0.553054934375 0.2894710078125 0.553054934375 0.2748807375
5 0.8150000078125 0.4174107109375 0.8143211046875001 0.4671289984375 0.8244384734375 0.4671289984375 0.8262238921874999 0.4156339296875 0.8150000078125 0.4174107109375
5 0.891693040625 0.487524575 0.8551851906250001 0.4882478625 0.8560508062500001 0.49954009062500004 0.8921559265625 0.4988725625 0.891693040625 0.487524575
5 0.5685985046875001 0.7839741703125 0.5343518578124999 0.782719015625 0.5343449296875 0.7979922734375 0.56813561875 0.7979922734375 0.5685985046875001 0.7839741703125
5 0.7815261359375001 0.78597675625 0.7440740796875 0.7840544859375 0.7440323578125 0.7973247437500001 0.7815261359375001 0.7973247437500001 0.7815261359375001 0.78597675625
5 0.8963219015625 0.7833066421875 0.85888889375 0.7840544859375 0.8602167812499999 0.7973247437500001 0.8963219015625 0.7986598015624999 0.8963219015625 0.7833066421875
0 0.6255972515625 0.276577409375 0.62406250625 0.28560696874999997 0.6547590796875 0.28558904687500003 0.653717584375 0.277328378125 0.645385634375 0.2563012265625 0.6255972515625 0.276577409375
0 0.71568646875 0.2983555328125 0.7037500062500001 0.2886117765625 0.70527153125 0.32989626250000004 0.7245391671875 0.322386565625 0.7219354328125 0.31187298750000003 0.71568646875 0.2983555328125
0 0.7208939390625 0.36669378125 0.714124228125 0.35542923593750003 0.704270840625 0.34870792968750003 0.703709290625 0.390724815625 0.714124228125 0.387720934375 0.7266221546875 0.38171317656250003 0.7208939390625 0.36669378125
0 0.704270840625 0.4095552859375 0.703709290625 0.4508023953125 0.712041240625 0.44930045625000004 0.7266221546875 0.44028882031250005 0.704270840625 0.4095552859375
0 0.6485101156249999 0.5950387375 0.6651740171875 0.600295525 0.665208340625 0.5567908625 0.6505931046875 0.57250964375 0.6427819 0.589030978125 0.6485101156249999 0.5950387375
0 0.7047916734374999 0.5582932671874999 0.703709290625 0.601797465625 0.70943750625 0.600295525 0.7255806609375 0.57250964375 0.7047916734374999 0.5582932671874999
0 0.6932943515625001 0.63709304375 0.6964188328125 0.6250775281250001 0.6990225671875 0.6093071625 0.668333340625 0.609374996875 0.67663045 0.6273304375000001 0.687566134375 0.6393459531250001 0.6932943515625001 0.63709304375
0 0.6594458015625 0.661875046875 0.6651740171875 0.66412795625 0.665208340625 0.623647834375 0.6516345968749999 0.625828496875 0.642261153125 0.6363420750000001 0.6594458015625 0.661875046875
3 0.69765625 0.18828125 0.24921875 0.196875
3 0.58203125 0.52109375 0.1671875 0.1859375
3 0.58125 0.70234375 0.16640625 0.1875
3 0.74140625 0.70234375 0.1625 0.1859375
3 0.818257109375 0.7954436109375 0.9421948765625 0.7947748734375 0.9416741296875 0.489881146875 0.7042135328125 0.4906321171875 0.7047342796875 0.616058925 0.81669486875 0.61530795625 0.818257109375 0.7954436109375