5 0.29934756875 0.22561405781250002 0.2440633140625 0.22561861093750002 0.2428564078125 0.24896018125000002 0.27042408125 0.24896018125000002 0.298895625 0.24896018125000002 0.29934756875 0.22561405781250002
5 0.4064547796875 0.22431705000000002 0.3504143703125 0.22561861093750002 0.3504155484375 0.24896018125000002 0.3752716546875 0.2496086828125 0.4073586359375 0.2496086828125 0.4064547796875 0.22431705000000002
5 0.5682453953125 0.22496555156250003 0.497516765625 0.222763809375 0.4977444734375 0.24896018125000002 0.532543021875 0.24896018125000002 0.56869736875 0.2483116734375 0.5682453953125 0.22496555156250003
0 0.4245319546875 0.4953914609375 0.413685625 0.5057675265625 0.40781054843750003 0.52976214375 0.406571703125 0.55177979375 0.4466764625 0.5498657328125 0.44532069375 0.488257921875 0.4245319546875 0.4953914609375
0 0.49141745312499996 0.502524996875 0.47559993437500003 0.488257921875 0.459782415625 0.488257921875 0.4602442 0.55035239375 0.4986483296875 0.55051425625 0.4977444734375 0.5226286078125 0.49141745312499996 0.502524996875
0 0.3016071921875 0.604409421875 0.3472520390625 0.6057064249999999 0.34594166249999997 0.55106609375 0.326915240625 0.55123213125 0.31200157812499996 0.5635537015625001 0.3016071921875 0.5804147828125 0.3016071921875 0.604409421875
0 0.4805711546875 0.686769365625 0.48735008906250005 0.6848238390625 0.48780203125000005 0.6238645093749999 0.4493109125 0.62172245625 0.451195771875 0.64850765 0.45571504999999995 0.6679627375 0.467465203125 0.6815813109375 0.4805711546875 0.686769365625
0 0.32058822187499997 0.6400771109375001 0.3223959328125 0.6063549265625 0.2843176859375 0.6067347421875 0.2835300328125 0.6692597609375001 0.2970879140625 0.6679627375 0.3138092890625 0.6556411875 0.32058822187499997 0.6400771109375001
0 0.613438359375 0.5959788609375 0.6034959171875001 0.578469278125 0.589034165625 0.5706872390625 0.572558865625 0.5724771125 0.5750243890625 0.6271070375 0.6179576078125 0.6258100359375 0.613438359375 0.5959788609375
0 0.574120503125 0.645265121875 0.5745724156249999 0.6232160078125 0.5382681046875 0.6202950546875 0.53751424375 0.686769365625 0.5528798187499999 0.6815813109375 0.56869736875 0.666665734375 0.574120503125 0.645265121875
0 0.3657811546875 0.7283429390625 0.353127115625 0.7406645109375 0.34589627031250003 0.760119596875 0.3454446953125 0.7887284015625 0.385666040625 0.7880052453124999 0.38431024062499997 0.7225064046874999 0.3657811546875 0.7283429390625
5 0.7994801515625001 0.4445569984375 0.799960059375 0.3977301390625 0.7805504437499999 0.39797214062499997 0.7822040296874999 0.49827016406249997 0.799960059375 0.49827016406249997 0.7994801515625001 0.4445569984375
5 0.799960059375 0.7084129296875 0.8009198421875 0.6677837359375001 0.7816058796875 0.6685287765625 0.7817241218750001 0.75041936875 0.8009198421875 0.7490421125 0.799960059375 0.7084129296875
3 0.6675921687499999 0.802773071875 0.7989004953125 0.8040815828125 0.79844458125 0.6241636515625 0.640692196875 0.62350940625 0.528495690625 0.6243487890625 0.5289888921875 0.6261263875 0.529900753125 0.802773071875 0.6675921687499999 0.802773071875
3 0.7989731875 0.6365838390625 0.8004614312499999 0.3642967015625 0.8004614312499999 0.22655142968750003 0.6747045468749999 0.229754815625 0.5737013515625 0.226949521875 0.5720154984375 0.4144829484375 0.574991984375 0.63765159375 0.7989731875 0.6365838390625
3 0.585433778125 0.5466085484375001 0.586828121875 0.383875146875 0.5845042578124999 0.2264772609375 0.488295328125 0.22447644218749999 0.4467518140625 0.224692978125 0.4464653625 0.4045502734375 0.447859675 0.548609340625 0.585433778125 0.5466085484375001
3 0.45808477812500004 0.5492763015625 0.45762001718749995 0.40655111093749996 0.45715522656249996 0.22847808125000002 0.319488859375 0.224692978125 0.319581121875 0.3892106515625 0.3186515703125 0.5492763015625 0.45808477812500004 0.5492763015625
3 0.3283841703125 0.2277063109375 0.16380414375000002 0.2270896875 0.16337441875 0.3912637359375 0.16337441875 0.6027656593749999 0.220526240625 0.603998903125 0.22009651562500002 0.623114240625 0.284983175 0.621880996875 0.2836940265625 0.6712109078124999 0.295725978125 0.6712109078124999 0.314203646875 0.6514789265625 0.320649334375 0.623114240625 0.3447132390625 0.6194145109375 0.3435842015625 0.5341555265625 0.32924359375 0.5355004703125 0.3288138671875 0.40221082187499996 0.3283841703125 0.2277063109375