0 0.18884728906249998 0.7532404265625 0.270583196875 0.7532404265625 0.2689805328125 0.72238899375 0.262569875 0.7055080312500001 0.2502827484375 0.6886270671875 0.23425610468750002 0.7020154171875 0.2192979375 0.7177321796875 0.2070108109375 0.7282100218750001 0.1968606359375 0.7392699703125001 0.18884728906249998 0.7532404265625
0 0.23940680312499998 0.5146261937500001 0.22409468906250002 0.5033528984375 0.20050577500000002 0.4970398421875 0.1818829484375 0.4947851859375 0.1847798453125 0.5452895796874999 0.190780509375 0.5839569953125 0.1922289765625 0.5845206671875001 0.2145763671875 0.556111946875 0.23940680312499998 0.5146261937500001
0 0.124772946875 0.6003032953125 0.17070925312500002 0.59624490625 0.1525002609375 0.580011353125 0.1235314265625 0.55385728125 0.1073916421875 0.53987839375 0.1072881703125 0.5406675187500001 0.094976425 0.5601703359375 0.08752729375 0.5926374437499999 0.0883549625 0.6007542203125 0.124772946875 0.6003032953125
0 0.45364902812499996 0.4930333953125 0.45364902812499996 0.46831797656249996 0.44356792812499996 0.4447794796875 0.4338468765625 0.43183330781249996 0.40576384218749995 0.4581179640625 0.3992831421875 0.465179521875 0.38236132500000003 0.48087184531249993 0.375880625 0.49224879218749995 0.45364902812499996 0.4930333953125
0 0.5843214359375 0.594321796875 0.61059081875 0.5604251171875 0.638934165625 0.5212555984375 0.611282140625 0.5016708734375 0.5815562140625 0.49752792343749996 0.58086495625 0.5167360421875 0.58086495625 0.5325544921875001 0.5843214359375 0.594321796875
5 0.7911739203125 0.1618597125 0.870266609375 0.160782459375 0.869277921875 0.1343893453125 0.8331919187500001 0.1343893453125 0.7302478296875 0.1343893453125 0.7298770828125 0.135466621875 0.7298770828125 0.163475615625 0.7911739203125 0.1618597125
5 0.47326277968749997 0.162441265625 0.537950703125 0.1608208921875 0.5364636453125 0.13327475625000001 0.4881336125 0.13246456874999998 0.437387053125 0.134084925 0.436643490625 0.14866817968749999 0.438316453125 0.163251434375 0.47326277968749997 0.162441265625
5 0.231426634375 0.16163107968749998 0.2946274671875 0.16163107968749998 0.2923968484375 0.129223840625 0.2462973984375 0.13003402656250002 0.1875578015625 0.127603484375 0.1890448921875 0.14299692656250002 0.1890448921875 0.16163107968749998 0.231426634375 0.16163107968749998
3 0.0983330828125 0.4524859890625 0.0975895546875 0.5480873515625 0.081975228125 0.6031796218750001 0.157072678125 0.6031796218750001 0.17417409374999998 0.615332334375 0.25819405156249997 0.48975433125 0.3489058265625 0.49380521093749996 0.3496493890625 0.1373256546875 0.0031600359374999998 0.13894600937499998 0.0039035812500000005 0.141376553125 0.0039035812500000005 0.4524859890625 0.0983330828125 0.4524859890625
3 0.3399833546875 0.23697789687499998 0.3377527359375 0.49218487343749995 0.59427380625 0.48894412656249997 0.5935303125 0.1373256546875 0.3533670625 0.13894600937499998 0.354110625 0.13975619687500002 0.3377527359375 0.13975619687500002 0.3399833546875 0.23697789687499998
3 0.5833888078125 0.394968953125 0.587036440625 0.7536702765625 0.9973919765625 0.7516829953124999 0.994656271875 0.5599119359375 0.9955681171874999 0.1376181015625 0.596839321875 0.1376181015625 0.59341969375 0.136624471875 0.5843007359375 0.136624471875 0.5833888078125 0.394968953125
0 0.45108966875 0.578844140625 0.43034423593750004 0.5594686046875 0.40169578906250003 0.537940215625 0.3923109578125 0.5465515812499999 0.38391398906249996 0.5707710015624999 0.3836670125 0.592030253125 0.3834200578125 0.592299365625 0.4624502921875 0.592837565625 0.45108966875 0.578844140625
0 0.5554380609375 0.6232080265625 0.563741459375 0.6012352578125 0.5645322484374999 0.584432553125 0.48090516250000004 0.58572506875 0.5004774578125 0.604251140625 0.5253876546875 0.627516425 0.5431806515625001 0.6434574468750001 0.5554380609375 0.6232080265625