0 0.252443215625 0.43467620937499996 0.24132930937500002 0.42836103124999997 0.228413128125 0.4280286578125 0.228064896875 0.47482970625 0.26716165 0.4752262671875 0.2680627859375 0.4592721578125 0.2617548703125 0.445977053125 0.252443215625 0.43467620937499996
0 0.5125689390625 0.426034384375 0.5002535 0.4153983125 0.4828316765625 0.41074502031250004 0.4752103296875 0.410450240625 0.47472153125 0.45229223281250003 0.5182760656250001 0.45328935000000004 0.5164738375 0.43866474375 0.5125689390625 0.426034384375
0 0.6724485625 0.49787521874999996 0.6877677624999999 0.5055199140625 0.6964786515625 0.5055199140625 0.69617825625 0.4593194234375 0.657752396875 0.4594617046875 0.6577301515625 0.467296490625 0.66133465625 0.4839153703125 0.6724485625 0.49787521874999996
0 0.6288940281250001 0.6409336328124999 0.6397075859375 0.6509049609375 0.6529241156250001 0.6552258671875 0.6622357937500001 0.65489348125 0.662635209375 0.6135570703125001 0.6183808640625 0.613013909375 0.6204834875 0.6276385296875 0.6288940281250001 0.6409336328124999
0 0.6736500484375 0.7256899078125 0.681760240625 0.7316727140625 0.692273403125 0.7356612359375 0.70038355 0.7359936328125001 0.7009842921875 0.687466484375 0.6625361421875 0.6871341109375 0.6619353984375 0.6981025828125 0.665539903125 0.7143890890625 0.6736500484375 0.7256899078125
0 0.8429369890625 0.42926458125 0.83452645 0.4389035234375 0.830321203125 0.4528633859375 0.8294020359375001 0.4677687328125 0.86666670625 0.466490875 0.8663663343750001 0.4202903828125 0.85615354375 0.4212875140625 0.8429369890625 0.42926458125
0 0.9666919578125001 0.423614159375 0.95617879375 0.43159122656250004 0.9513727578125 0.4389035234375 0.9474678593749999 0.4472129640625 0.9450648875000001 0.460840453125 0.9462139359374999 0.46610732656250004 0.9835129921875 0.46549373125000004 0.9847145234375001 0.4196256265625 0.975402846875 0.42062275624999995 0.9666919578125001 0.423614159375
0 0.8750772234375 0.65322676875 0.8678682156249999 0.6595419734375 0.8600584187500001 0.6705104078125 0.8570546578125 0.6821436234375 0.8553185031250001 0.6970426984375 0.8943012984375001 0.6964358703125 0.8940009265625 0.6492382484375 0.88408850625 0.6489058640625001 0.8750772234375 0.65322676875
0 0.9597832984375 0.7273469703125001 0.97059685625 0.7339945234374999 0.9838133859375 0.7353240390625 0.985014871875 0.6877940578125 0.9450871328125 0.6874896171875 0.9450648875000001 0.6974329874999999 0.9486693921875 0.7147166375 0.9597832984375 0.7273469703125001
3 0.8189069015625 0.317517684375 0.80989561875 0.34809643125 0.80989561875 0.3833284515625 0.8183061593750001 0.4042682375 0.8180057640625 0.4208871171875 0.809595246875 0.4494715859375 0.8083937390625 0.4664228640625 0.9982314484374999 0.46675523593749996 0.9973303109374999 0.43285270625 0.9988321906250001 0.3424460109375 0.9976712671874999 0.27006147187499996 0.809595246875 0.2706524484375 0.8089944812500001 0.281953284375 0.8189069015625 0.317517684375
3 0.8940009265625 0.687000965625 0.8940009265625 0.6497066546875 0.8813851406250001 0.6513685437500001 0.86666670625 0.6596779828125 0.8600584187500001 0.6723083359375 0.85615354375 0.6885948359375 0.81079675625 0.688927209375 0.810195990625 0.7161821749999999 0.751322278125 0.7155174171875001 0.7516226500000001 0.7754134078125 0.8023862156250001 0.7744162765625 0.8041884687499999 0.8831717640625 0.9003088203124999 0.869211903125 0.9976712671874999 0.8557069281249999 0.9985317968749999 0.7538088640625 0.9988321906250001 0.6856714562499999 0.9447644937499999 0.688330475 0.8940009265625 0.687000965625
5 0.759695509375 0.5452639687499999 0.759695509375 0.5214989734375 0.7504882765625001 0.521125809375 0.7511535640625 0.5406730125 0.7511535640625 0.566328396875 0.7599395609374999 0.566328396875 0.759695509375 0.5452639687499999
5 0.7594514578125 0.6312525671875 0.7594514578125 0.615049159375 0.751403803125 0.6139308859375 0.7511535640625 0.6299022828124999 0.7511535640625 0.6490763109375 0.7592073874999999 0.6493463640625 0.7594514578125 0.6312525671875
5 0.482821775 0.631024053125 0.482821775 0.6167110453125 0.468200678125 0.6166306703125 0.4679343875 0.631024053125 0.4679343875 0.6547890484375001 0.482821775 0.65397888125 0.482821775 0.631024053125
5 0.482821775 0.74957898125 0.482821775 0.7231134171875 0.4672851515625 0.7242845578125 0.46769033593750003 0.7536298328125 0.4679343875 0.7771247859375 0.482821775 0.7765846609375 0.482821775 0.74957898125
5 0.48306582656249997 0.5391984812499999 0.48306582656249997 0.520024453125 0.4663696234375 0.5194384453125 0.46671410937499996 0.542439153125 0.46744628437499997 0.5648538765625 0.482577721875 0.5645838234375 0.48306582656249997 0.5391984812499999
5 0.4534374125 0.47553209843750005 0.45319336093749996 0.458788575 0.42268641249999994 0.4585185125 0.4028930609375 0.459030778125 0.4036500890625 0.4758021515625 0.434645140625 0.4760722046875 0.4534374125 0.47553209843750005
3 0.5371999359374999 0.880435025 0.6206669375 0.8690926375 0.7146283546875 0.8542395140625001 0.7141402515624999 0.6852882234375001 0.6616683015625 0.6874486859375 0.5860110515625 0.6879887921875001 0.468200678125 0.68851241875 0.4681322078125 0.723421496875 0.46764409375 0.7758125140625001 0.468376259375 0.890427128125 0.5371999359374999 0.880435025
4 0.589894978125 0.2371221265625 0.578178171875 0.25277603437499996 0.564508565625 0.23928128593750003 0.52154694375 0.23928128593750003 0.52252334375 0.26303204375 0.640667803125 0.26842994375 0.6396914015624999 0.250616875 0.6221161937499999 0.2376619171875 0.6064937859375 0.2522362453125 0.589894978125 0.2371221265625
0 0.501530734375 0.21984884999999998 0.490302128125 0.229025278125 0.48151452499999997 0.24737813593750002 0.48151452499999997 0.2673503640625 0.5220351437499999 0.2673503640625 0.52252334375 0.21768968906250002 0.501530734375 0.21984884999999998
0 0.6826530234375 0.2203886390625 0.6699598171875001 0.2155305296875 0.6582430109375 0.21714989999999998 0.65683594375 0.2673866078125 0.69974003125 0.2662707828125 0.7007164328125 0.248457715625 0.6948580296875 0.231724228125 0.6826530234375 0.2203886390625
3 0.6558020109375 0.4671267046875 0.6587312109375 0.477922503125 0.6641014140625 0.4892580921875 0.67484181875 0.5016732609375001 0.6850940249999999 0.5081507390625 0.69681083125 0.5070711593749999 0.6958344296875 0.4671267046875 0.7138978390624999 0.468206284375 0.7148742390625 0.2516964546875 0.70022823125 0.2500770859375 0.692905228125 0.234423178125 0.6836294234375 0.222008009375 0.6572666109374999 0.213911159375 0.6558020109375 0.2489975046875 0.6426206031249999 0.2495372953125 0.6269981953125 0.23604254687499998 0.5230115453125 0.23658233750000002 0.52252334375 0.216610109375 0.5005543328125001 0.2203886390625 0.489325728125 0.2328038078125 0.476144321875 0.2500770859375 0.47467972031250005 0.4595516234375 0.4678449171875 0.47466574218749996 0.4678711 0.614038875 0.59721798125 0.6128699875 0.59770618125 0.4665869140625 0.6558020109375 0.4671267046875