0 0.279225246875 0.7283979031250001 0.2852363578125 0.7290156750000001 0.284377628125 0.6771227796875 0.282230803125 0.666002875 0.26376810625 0.671562828125 0.2564689015625 0.6758872359375 0.2680617578125 0.7024514546875 0.279225246875 0.7283979031250001
0 0.30837840625 0.6661603406250001 0.3282237359375 0.6657744812499999 0.32741919531249997 0.6518835609375 0.322591953125 0.6383784984374999 0.295746275 0.6599930656249999 0.295773940625 0.660758315625 0.295505759375 0.6665462 0.30837840625 0.6661603406250001
0 0.3520917671875 0.720566446875 0.3593326296875 0.720566446875 0.36871893437500003 0.6993442078125 0.3756916171875 0.67927954375 0.3649644125 0.6707906484375 0.3530349390625 0.669897271875 0.3520917671875 0.6804371203125 0.3518235875 0.6896977343749999 0.3520917671875 0.720566446875
5 0.29610024375 0.5434239875 0.2928023734375 0.5442148203125 0.29316880312500004 0.560295078125 0.32101749375 0.5600314671875 0.32101749375 0.5436875999999999 0.307826009375 0.5434239875 0.29610024375 0.5434239875
3 0.16919493593749999 0.5450567484375 0.1244736375 0.5450567484375 0.1153842125 0.5449521265625 0.11571701875 0.8256942265625 0.2852201234375 0.826594159375 0.285532859375 0.5450567484375 0.16919493593749999 0.5450567484375
3 0.4105978546875 0.5442175328125 0.363356240625 0.5445951515624999 0.3517062234375 0.544692775 0.3520707421875 0.8259956374999999 0.49353313437499996 0.8263732562499999 0.49353313437499996 0.5449727703125 0.4105978546875 0.5442175328125
0 0.11591974062499999 0.32899210156250003 0.11563700156250001 0.3668250234375 0.124967371875 0.367231828125 0.14023525312500001 0.3566548828125 0.13316678906249999 0.33550099218749996 0.1169427203125 0.30608291875 0.116202478125 0.31027904375 0.116202478125 0.3228900171875 0.11591974062499999 0.32899210156250003
0 0.212333575 0.296447653125 0.21770560625000002 0.2874979296875 0.195086525 0.28668431875 0.1883008015625 0.28668431875 0.179131571875 0.2873689640625 0.183776984375 0.3151607109375 0.187169846875 0.3176015453125 0.1979139109375 0.3074314046875 0.212333575 0.296447653125
5 0.1883008015625 0.3940809984375 0.17642578281250001 0.3944878046875 0.162736328125 0.394499575 0.1625715953125 0.4132008625 0.2162919140625 0.4132008625 0.2160091765625 0.3944878046875 0.1883008015625 0.3940809984375
5 0.27115383125000003 0.4132391703125 0.2768056390625 0.41301328593750003 0.2907781640625 0.41233563125000006 0.29062116875 0.3956201625 0.2712323046875 0.395551325 0.270682846875 0.4001378578125 0.270682846875 0.4044296671875 0.27115383125000003 0.4132391703125
0 0.298789440625 0.3392396625 0.29987758124999997 0.36898648437500003 0.305318284375 0.368673359375 0.31119424375000004 0.3552090078125 0.32207565 0.32327031562499997 0.29961510156250004 0.31471656875 0.298789440625 0.3179472 0.2985718125 0.322957190625 0.298789440625 0.3392396625
0 0.344708975 0.4090664140625 0.344926603125 0.39591518593749997 0.333609940625 0.38558207968749997 0.317505459375 0.3749358484375 0.31271764062499996 0.383077084375 0.30945321875 0.4096926625 0.32164039375 0.4100057875 0.344708975 0.4090664140625
5 0.352761215625 0.41251078281250003 0.359290059375 0.41282390781249995 0.36886569687500004 0.41188453437500006 0.36951858125000003 0.3952889375 0.35284978906250003 0.39488026875000004 0.352761215625 0.39904643125 0.3525435875 0.4024908 0.352761215625 0.41251078281250003
0 0.3781410140625 0.398472453125 0.3837544296875 0.398472453125 0.38983562968749996 0.3863575375 0.40106246093750003 0.3520319421875 0.3780577203125 0.341726421875 0.37767322812500004 0.341263128125 0.37767322812500004 0.3634738078125 0.3781410140625 0.398472453125
5 0.4211772 0.4152987265625 0.435678525 0.414625675 0.4562610484375 0.41395262343750006 0.45579326406250004 0.393761096875 0.41453693124999996 0.392880740625 0.41416043125 0.40452991093749996 0.41462821562499996 0.4152987265625 0.4211772 0.4152987265625
5 0.1510162234375 0.0378605671875 0.17485902656250002 0.0378605671875 0.19486505625 0.03746625625 0.19486505625 0.016962031250000002 0.13782814062499998 0.017233493750000002 0.13758751875 0.017356342187500002 0.13758751875 0.03746625625 0.1510162234375 0.0378605671875
0 0.29977849375 0.2726294296875 0.30541363125 0.2726294296875 0.30516862499999997 0.24442816406249998 0.30492361875 0.237377846875 0.304891690625 0.2256338140625 0.2943883625 0.22574482499999998 0.28532314062499997 0.23173759375 0.291448290625 0.2507734484375 0.29977849375 0.2726294296875
0 0.34657463437499997 0.21058664375 0.346084621875 0.19507594687500002 0.3392244546875 0.203536328125 0.3289342046875 0.2296224984375 0.3323642875 0.23596778437500002 0.33775442031249997 0.23843539374999997 0.346329628125 0.239140425 0.34657463437499997 0.21058664375
3 0.1844873875 0.3208240421875 0.191285225 0.32139938125 0.20288153593749997 0.3075912453125 0.21767682968750002 0.2949337875 0.304849103125 0.29378310937499996 0.304849103125 0.194249459375 0.3772260828125 0.194249459375 0.378025828125 0.4105769296875 0.49318919843750003 0.4105769296875 0.49318919843750003 0.0205687234375 0.42321145624999995 0.0211440609375 0.40001883281249995 0.0004318578125 0.3900220125 0.0015825359375 0.38922226718749997 0.0056099078125 0.383224175 0 0.3468357484375 0.0199933828125 0.2804568625 0.0205687234375 0.2616628390625 0.0021578734375 0.2504664015625 0 0.24646767343749998 0.0038838906249999998 0.24126932656250002 0 0.214077975 0.0194180453125 0.11530939062500001 0.0205687234375 0.115283903125 0.0201588078125 0.11530939062500001 0.2960844640625 0.17768955 0.2949337875 0.18088853124999998 0.312769296875 0.1844873875 0.3208240421875
5 0.5871992171875 0.392293625 0.57733624375 0.3917680359375 0.5674732703124999 0.3917680359375 0.559436771875 0.390716859375 0.5598020671875 0.414368353125 0.609847528125 0.413317175 0.609847528125 0.393870390625 0.5871992171875 0.392293625
5 0.711804190625 0.393120853125 0.7012736203125 0.393120853125 0.7008348453125001 0.41300711874999996 0.72496740625 0.41300711874999996 0.72496740625 0.4035374671875 0.72496740625 0.39248954375 0.711804190625 0.393120853125
5 0.7451510031249999 0.3921708625 0.7506356750000001 0.3934334828125 0.7506356750000001 0.36439322343749997 0.7508550625 0.3539766078125 0.750584503125 0.343776275 0.7383500078125 0.34671654375 0.730671465625 0.3539766078125 0.737691846875 0.37417852812499997 0.7451510031249999 0.3921708625
0 0.6727533203125 0.3839638328125 0.6777992203125 0.3839638328125 0.67823799375 0.3533452984375 0.6786767671875 0.336615584375 0.667488034375 0.337878203125 0.6582737843750001 0.3416660640625 0.661783975 0.353660953125 0.667926809375 0.369443703125 0.6727533203125 0.3839638328125
0 0.67319209375 0.2674871390625 0.6734114812499999 0.3047344296875 0.684380828125 0.303156153125 0.6953501734375 0.29621174375 0.6920593687500001 0.28358554375 0.6856971484375001 0.2665401734375 0.6802124765625 0.2542296296875 0.6767022859375 0.254545284375 0.6729727078125001 0.25580790468750003 0.67319209375 0.2674871390625
0 0.709610321875 0.17036053281250002 0.710049096875 0.2022416875 0.7148756078125 0.201294721875 0.7223347640625 0.181092803125 0.72957453125 0.1615221921875 0.72036028125 0.1536308171875 0.7092756359375 0.15269062656250001 0.709610321875 0.1529995078125 0.710049096875 0.1577343328125 0.709610321875 0.17036053281250002
0 0.66397784375 0.1978225171875 0.6694625171874999 0.213920921875 0.6727533203125 0.2224436078125 0.6777992203125 0.2221279515625 0.6784573796875 0.1899311421875 0.6786767671875 0.176042321875 0.6784573796875 0.176042321875 0.669901290625 0.174779703125 0.6624421359375 0.177936253125 0.658493171875 0.18203976718749998 0.66397784375 0.1978225171875
0 0.6716563859375 0.10407298281249999 0.6786767671875 0.1050199484375 0.679115540625 0.06998224374999999 0.6788961546875 0.0529368734375 0.67363086875 0.05356818437500001 0.6735965140625 0.053149314062499994 0.6648553921875 0.0712448640625 0.6562993015624999 0.09523464375 0.6609064265625 0.1012320890625 0.6716563859375 0.10407298281249999
5 0.6241044125 0.017333660937500002 0.6038299390625 0.016422065625000003 0.5702503421875 0.017333660937500002 0.56391456875 0.017333660937500002 0.5640869296875 0.0177935578125 0.563280990625 0.0360213421875 0.5978109546875 0.0373887328125 0.6237876250000001 0.0369329359375 0.6241044125 0.017333660937500002
5 0.7245948062500001 0.0175180859375 0.7093919546875 0.016587240625 0.697506790625 0.01699439375 0.6902347468750001 0.017523309375 0.6906371953125 0.035839978125 0.714973484375 0.0362471328125 0.7243118265625 0.036654285937499996 0.7245948062500001 0.0175180859375
5 0.8500989499999999 0.018217225 0.8311125531249999 0.017981728125 0.8129445359374999 0.017981728125 0.80476074375 0.017981728125 0.8004228796874999 0.018142771874999998 0.800505171875 0.03564405 0.8212920031250001 0.035879546875 0.850262625 0.035879546875 0.8500989499999999 0.018217225
3 0.697719903125 0.29689692968750003 0.690279328125 0.2713683421875 0.6785461140625 0.2487220140625 0.6785461140625 0.2326637078125 0.62445885625 0.2326637078125 0.61301181875 0.2194876625 0.604998890625 0.21742890468749998 0.6041403625 0.2236051765625 0.5987030203125 0.21619365156249998 0.582677165625 0.2334872109375 0.567796015625 0.2334872109375 0.556635153125 0.22113466874999999 0.549480753125 0.2170171546875 0.5477636984375 0.22484043125 0.5446157625 0.21660540312499998 0.525155796875 0.2334872109375 0.5088437671875 0.2326637078125 0.508557590625 0.2334872109375 0.508557590625 0.40971681875000004 0.6779737625 0.410540321875 0.6779737625 0.307190715625 0.697719903125 0.29689692968750003
3 0.561689978125 0.0190830140625 0.5209862046875 0.019990995312500003 0.5085378015625001 0.0199931203125 0.5086804125 0.2406304546875 0.6774906374999999 0.2406304546875 0.6774906374999999 0.0190830140625 0.561689978125 0.0190830140625
3 0.7414000281249999 0.0188143453125 0.74061734375 0.1364949875 0.7261789546874999 0.1385028859375 0.7175602015625 0.1376171203125 0.709621271875 0.1363415796875 0.7097873484375 0.2179784953125 0.885891384375 0.21741543124999999 0.8869793640625 0.0199404765625 0.7414000281249999 0.0188143453125
5 0.78950559375 0.393492990625 0.7898731171875 0.414115940625 0.8411722640624999 0.414115940625 0.8407950640624999 0.39294999062499997 0.8253298796875 0.39349270625 0.8079786984374999 0.3940354234375 0.78950559375 0.393492990625
3 0.7446091640625 0.39512085625000004 0.7453635625 0.41194507500000005 0.88568181875 0.4103169234375 0.8864362171875 0.21113989531250002 0.8192946859375001 0.21113989531250002 0.782329125 0.210597178125 0.7449863624999999 0.20896902812499998 0.7461179625 0.34356277031250004 0.736310771875 0.3441054859375 0.7291439796875 0.3522462375 0.7446091640625 0.39512085625000004
1 0.2304583515625 0.00011874531249999999 0.21505597812500002 0.0191162515625 0.21434859999999997 0.0318834421875 0.2788658125 0.033892089062500005 0.2788658125 0.0191162515625 0.2524617421875 0 0.2304583515625 0.00011874531249999999
1 0.37934796406250004 0.0022295796875 0.35807802031249997 0.0170054171875 0.3559272390625 0.0318834421875 0.4204209625 0.0360029234375 0.423354746875 0.0191162515625 0.397684125 0.0011741625 0.37934796406250004 0.0022295796875