5 0.1325744515625 0.2896342828125 0.1336182734375 0.27116300937500004 0.1091170015625 0.2708629265625 0.1096104609375 0.29176557812500004 0.11065426406250001 0.3152098921875 0.1325744515625 0.315920315625 0.1325744515625 0.2896342828125
5 0.1341401734375 0.5100867499999999 0.1336182734375 0.49516764375 0.10976961562500001 0.494140625 0.11065426406250001 0.5115076078125 0.1096104609375 0.5310445296874999 0.1336182734375 0.53068931875 0.1341401734375 0.5100867499999999
5 0.9013423109375 0.28483910625000003 0.901864171875 0.2724065203125 0.8785485749999999 0.27130681874999996 0.8783782625000001 0.289812146875 0.8773344609375 0.3068625484375 0.9013423109375 0.3065073375 0.9013423109375 0.28483910625000003
5 0.8674182187499999 0.4996081109375 0.8663743359374999 0.485044215625 0.845265275 0.48393110781250004 0.8449761109375 0.5063572203125 0.843932309375 0.5184346234375 0.8663743359374999 0.5177241593749999 0.8674182187499999 0.4996081109375
0 0.32850336874999997 0.3499201453125 0.299824665625 0.33992476250000003 0.2755581 0.33692615625 0.2734033046875 0.38617806093749996 0.33953361718749997 0.38640329218749997 0.33806292031249996 0.364913221875 0.32850336874999997 0.3499201453125
0 0.41012724375 0.31943424375 0.38953744375 0.3334277671875 0.3821839125 0.34842084375 0.38256889374999997 0.3652775578125 0.446159428125 0.3644134546875 0.446159428125 0.3144365515625 0.41012724375 0.31943424375
0 0.550579171875 0.38740282656249997 0.5432256390625 0.37290951875 0.5116055921875 0.36141483281250003 0.4828395078125 0.3630775046875 0.48439763437499994 0.4028956703125 0.5542558875 0.399897065625 0.550579171875 0.38740282656249997
0 0.421157490625 0.49243451875 0.4167454015625 0.4484548421875 0.363161678125 0.44612950625 0.363064809375 0.4654469875 0.37556575312499996 0.482439134375 0.3990969953125 0.490935215625 0.421157490625 0.49243451875
0 0.489545096875 0.5429111875 0.49101579375000004 0.5279181281249999 0.4302782984375 0.5286314953125 0.4307170421875 0.5753961765625 0.4586603734375 0.57489639375 0.48145624218750005 0.5599033343750001 0.489545096875 0.5429111875
0 0.4380705734375 0.5189222796874999 0.5130762890625 0.5179227453124999 0.5119503328125 0.47363016875 0.47925017187499996 0.47494260468749994 0.45571898125 0.482439134375 0.4410119671875 0.5014303671875 0.4380705734375 0.5189222796874999
3 0.1086335625 0.46894537812500003 0.10716286718750001 0.5539061234375 0.155695971875 0.5534063390624999 0.1549606484375 0.6138783937500001 0.29320650625 0.6143781781250001 0.42998171875 0.6128788578125001 0.433658434375 0.446955540625 0.1537254734375 0.4472295328125 0.154225275 0.447955075 0.1549606484375 0.4679458421875 0.1086335625 0.46894537812500003
3 0.104956821875 0.3349270703125 0.1549606484375 0.3344273015625 0.15201925624999998 0.384903971875 0.370418340625 0.38640329218749997 0.36453550625000003 0.36241436718750003 0.5013107171875 0.36241436718750003 0.5005753453125 0.188994528125 0.3093842171875 0.1874952171875 0.15453410625 0.1865232484375 0.1549606484375 0.2484670375 0.1056921703125 0.24896680624999998 0.104956821875 0.3349270703125
3 0.5948988046875 0.537039053125 0.6041319359374999 0.5377362671875 0.6041319359374999 0.6144324734375 0.803157090625 0.6165242046875 0.80213115625 0.5391307390625 0.869840740625 0.5398279984375 0.870866675 0.46452626406249997 0.82983055 0.4659207375 0.8257269515625 0.3292620609375 0.9036955328125 0.32647309375 0.9026695984374999 0.2574465203125 0.8093124875000001 0.259538228125 0.8082865546875 0.1891171703125 0.4829634625 0.187325659375 0.48410129687500003 0.412930628125 0.5979765375 0.4150223609375 0.5948988046875 0.537039053125