5 0.2549464671875 0.3920841390625 0.1721899734375 0.39100935468750003 0.1719224328125 0.40442417812500003 0.199949665625 0.4040502265625 0.25441767187500003 0.403302346875 0.2549464671875 0.3920841390625
5 0.4305132953125 0.3920841390625 0.349552459375 0.3918324234375 0.34907564999999996 0.4036762859375 0.3765740859375 0.4040502265625 0.43157088750000006 0.4040502265625 0.4305132953125 0.3920841390625
5 0.41940814687500005 0.46433466718750005 0.347489225 0.46433466718750005 0.34722639375000003 0.46508559062500004 0.345902765625 0.4777965375 0.3765740859375 0.4777965375 0.41940814687500005 0.4781704765625 0.41940814687500005 0.46433466718750005
5 0.1743446296875 0.526507271875 0.14704556093750001 0.52653786875 0.14738453437500001 0.5374011265624999 0.1574716453125 0.5374011265624999 0.1743446296875 0.537530815625 0.1743446296875 0.526507271875
5 0.2684298734375 0.5263775828124999 0.2411029625 0.525858825 0.241469765625 0.5370120609375 0.253390903125 0.5368823734375 0.26861326874999997 0.53714175 0.2684298734375 0.5263775828124999
0 0.2269810046875 0.5157431015625 0.22019513281249997 0.5093883515625001 0.21029142968749998 0.5027742234375 0.195252459375 0.49927262499999997 0.18498195312500001 0.49927262499999997 0.1857680265625 0.5366714890625001 0.2315660609375 0.5370120609375 0.2315660609375 0.5259885140625 0.2269810046875 0.5157431015625
5 0.194518853125 0.9227641171875 0.17588573125 0.9083326843749999 0.1644409265625 0.915501546875 0.168659165625 0.9200406531249999 0.183514728125 0.9302860656249999 0.194518853125 0.9227641171875
5 0.29062151875 0.92419069375 0.262010790625 0.9243203828125001 0.202910784375 0.9243181109374999 0.20332214999999998 0.93547361875 0.2267976109375 0.935084553125 0.290988309375 0.93534393125 0.29062151875 0.92419069375
5 0.3232670671875 0.9210781640624999 0.32821893750000003 0.9161499921875 0.3170613828125 0.9083326843749999 0.29924141875 0.9223750531249999 0.3109791375 0.9306751359375 0.3232670671875 0.9210781640624999
5 0.45918516093750006 0.8807441578124999 0.4338984015625 0.880569834375 0.4337223640625 0.8917572109374999 0.4463301609375 0.8917572109374999 0.4594323796875 0.891407590625 0.45918516093750006 0.8807441578124999
0 0.4208673640625 0.8510263968749999 0.4119677390625 0.8515508265625 0.4033153328125 0.855047034375 0.394415715625 0.858718053125 0.386752153125 0.8641371718749999 0.3805718640625 0.8721784515625 0.3783469578125 0.880219728125 0.37844135625 0.8913433890625001 0.4297669734375 0.8915824015625 0.42902534843750006 0.8515508265625 0.4208673640625 0.8510263968749999
5 0.601230165625 0.9226960390625001 0.5815120046875 0.9080808765624999 0.5693398609375 0.91587843125 0.5777450578125001 0.9225212234375 0.5896112125 0.930737315625 0.601230165625 0.9226960390625001
5 0.69640665 0.9242693265625 0.65907768125 0.9242693265625 0.6092405265624999 0.9240488265625 0.6093881515625 0.9356320031250001 0.645728259375 0.9352823828125001 0.69640665 0.9349327640625 0.69640665 0.9242693265625
5 0.7226110703125 0.9087112062499999 0.7046592656249999 0.9223173609374999 0.7174196328125 0.930737315625 0.7258248375 0.9240945171874999 0.7347244625 0.9157036218749999 0.7226110703125 0.9087112062499999
5 0.8439429515624999 0.880833903125 0.781864171875 0.87980029375 0.78189284375 0.8914973359375 0.801669765625 0.8914973359375 0.8444373734375 0.891672146875 0.8439429515624999 0.880833903125
0 0.7727459984375 0.7956357953125 0.7816456234375 0.7993068140624999 0.79054525 0.8001808625000001 0.798456015625 0.8001808625000001 0.798456015625 0.7657432171874999 0.7527764078125 0.7647541109375 0.7532162796875 0.7753577890625001 0.7566772484375 0.7844479296875 0.764588015625 0.791440346875 0.7727459984375 0.7956357953125
0 0.7121791562500001 0.7423186296875001 0.7062460781250001 0.7473881296875 0.70352675 0.754030921875 0.7015490546875001 0.7655684078125 0.753957921875 0.7655684078125 0.754205140625 0.7320048156250001 0.753591953125 0.731279134375 0.740114078125 0.7313055734375 0.728000703125 0.733053678125 0.71984271875 0.7375987484375 0.7121791562500001 0.7423186296875001
0 0.8231771859375 0.6342297109375 0.8142775609375 0.6251395734375 0.8004337015624999 0.6202448828125 0.782140046875 0.618496778125 0.781864171875 0.6508622374999999 0.8271325609375 0.652584803125 0.8268853593750001 0.6462916265625 0.8231771859375 0.6342297109375
0 0.7064932890625 0.5868280453125 0.7193482875 0.5880517203125 0.7282479140625 0.5880517203125 0.7287423359375 0.55623623125 0.7288537609375 0.5558240859375 0.7200899296875 0.556585853125 0.694132703125 0.579311203125 0.6990769375 0.5831570265625 0.7064932890625 0.5868280453125
5 0.7611270625000001 0.526490415625 0.7372810578125 0.5258120390625 0.737641953125 0.5376782812500001 0.749755328125 0.537503471875 0.7608798421875 0.537853090625 0.7611270625000001 0.526490415625
5 0.8266381390624999 0.526490415625 0.783767109375 0.5260044234375 0.783376109375 0.5369790359375 0.8011753421875 0.5373286609375 0.8271325609375 0.537503471875 0.8266381390624999 0.526490415625
0 0.700571109375 0.7123644296875 0.7302139750000001 0.7151328968749999 0.7294996359375 0.676444728125 0.6737247140625 0.676374259375 0.6759619421874999 0.6933805937499999 0.6860292968749999 0.70287251875 0.700571109375 0.7123644296875
5 0.694978096875 0.52485681875 0.590501065625 0.5254103390625 0.591507725 0.5390946859375 0.6200319953125 0.5390946859375 0.6960966921875 0.5394901812499999 0.694978096875 0.52485681875
0 0.781669503125 0.1691362984375 0.8012449734375 0.168740803125 0.8023635703125 0.13472811406250002 0.749789446875 0.135123609375 0.7514673203125 0.150152475 0.7637719046875 0.1628083609375 0.781669503125 0.1691362984375
0 0.809075140625 0.27552482968750003 0.8208204468750001 0.276711328125 0.821755325 0.239010834375 0.8124309640625 0.239534659375 0.7822287828125 0.26761491249999997 0.793414771875 0.27117436875 0.809075140625 0.27552482968750003
0 0.39059042499999996 0.6550751359375 0.383845390625 0.6462513671875 0.3754140921875 0.6381430406249999 0.3605750421875 0.6338503984375 0.342026203125 0.6321810343750001 0.3419732453125 0.669032628125 0.39227669062500004 0.6698609046875 0.39227669062500004 0.663660421875 0.39059042499999996 0.6550751359375
0 0.2911011921875 0.697286134375 0.2873914234375 0.707063815625 0.2877286859375 0.714695184375 0.3396654375 0.714695184375 0.3401189390625 0.6784810375 0.3251636046875 0.67820771875 0.308638290625 0.6820233984375 0.298520728125 0.68822388125 0.2911011921875 0.697286134375
0 0.40340599531250004 0.7016042875 0.4158843 0.7037506109375 0.4236410765625 0.7037506109375 0.423562765625 0.672444553125 0.4158843 0.6725097015625 0.3899159234375 0.6954038015624999 0.39598645781249997 0.698504046875 0.40340599531250004 0.7016042875
0 0.31875583125 0.7543084109375 0.3150460640625 0.7679017890625001 0.36833181718749997 0.7681402687500001 0.36756268593749997 0.7333342984375 0.3524809828125 0.73284519375 0.33528116875 0.738807203125 0.32617536875 0.745246165625 0.31875583125 0.7543084109375
3 0.1590715734375 0.8911759015625 0.1590715734375 0.9104626421875001 0.18955513125 0.9350438234375 0.302397784375 0.936178321875 0.3350205328125 0.9134880328125 0.3339509375 0.891554059375 0.3671085015625 0.8904195343750001 0.3671085015625 0.7149478390625 0.12003348124999999 0.7138200234375 0.12270522343750001 0.7902040218749999 0.12377481718750001 0.8904195343750001 0.1590715734375 0.8911759015625
3 0.3407868234375 0.67207753125 0.48054910624999997 0.669897465625 0.4815767328125 0.4649707828125 0.2873482546875 0.46279070625 0.2894036453125 0.526739459375 0.2411034140625 0.5252860828125 0.23288212812500003 0.50929889375 0.2143841640625 0.4983985234375 0.179443559375 0.496218459375 0.179443559375 0.5274661468749999 0.11990716562499999 0.5271339734375 0.1239497390625 0.720765759375 0.339759128125 0.722219184375 0.3407868234375 0.67207753125
3 0.6370696796875001 0.7228685890625 0.7276987046875 0.7228685890625 0.7281707140625 0.6544430515624999 0.7267546546875 0.5266041296874999 0.527426946875 0.5260767046875 0.5285036828125 0.629075534375 0.5294477328125 0.72186723125 0.6370696796875001 0.7228685890625
3 0.5643776546875 0.9102458656250001 0.5945873296874999 0.9352795984375 0.71117779375 0.9356133812499999 0.740915428125 0.9115810046874999 0.7404433874999999 0.8908864484375 0.7536601421875 0.8908864484375 0.7536601421875 0.8407832859375001 0.7527160921875 0.7169497578125 0.5289756921875 0.7169497578125 0.5279460140625 0.8269281109375 0.5289756921875 0.89188780625 0.5648496953125 0.8908864484375 0.5643776546875 0.9102458656250001
3 0.8876927546875001 0.8910337687500001 0.8880193796875 0.819200978125 0.8880193796875 0.765615103125 0.8096267562499999 0.7658460781249999 0.742119953125 0.76515725 0.743319640625 0.827285053125 0.7442995578125 0.8901098765625 0.8876927546875001 0.8910337687500001