5 0.322990115625 0.786879846875 0.32135471875 0.7556207734375 0.3027948078125 0.75498046875 0.3033650609375 0.7837539437500001 0.302819928125 0.8169666953125001 0.322990115625 0.8169666953125001 0.322990115625 0.786879846875
5 0.5759353859375 0.712639546875 0.5759353859375 0.7005266453125001 0.5475880890625 0.7001359140625001 0.5107021015625001 0.69931640625 0.5110636828125 0.7122487984375 0.54050124375 0.713030278125 0.5759353859375 0.712639546875
5 0.730989696875 0.7130251750000001 0.730989696875 0.7005215421875 0.6993715234375 0.6997400765624999 0.642263109375 0.6998046875 0.6443123265625 0.713415921875 0.6961006875 0.7138066546874999 0.730989696875 0.7130251750000001
5 0.8323858921875 0.713415921875 0.8329309828125 0.701303021875 0.80022254375 0.7001308093749999 0.7635991703125 0.6998046875 0.7636981359374999 0.713415921875 0.8013128078125 0.7130251750000001 0.8323858921875 0.713415921875
5 0.9621293 0.713415921875 0.9621293 0.6993493296875 0.9108861125000001 0.6989585968750001 0.8733469546875 0.69931640625 0.874906796875 0.713415921875 0.9157923453124999 0.7138066546874999 0.9621293 0.713415921875
0 0.5788954484375 0.449738375 0.5832565890625 0.44544024374999996 0.590888525 0.43606253749999996 0.5925239640625 0.42512185 0.5925239640625 0.416916340625 0.5250170296875 0.41513671875 0.52819735 0.42316815781250006 0.5527286796875 0.43606253749999996 0.5788954484375 0.449738375
0 0.59034339375 0.6945805125 0.5756246125 0.7043489734375 0.5756246125 0.712554475 0.6350449515625 0.7113822625 0.6339546453125 0.70122306875 0.6290483703125 0.689500915625 0.6181455578125 0.676997284375 0.59034339375 0.6945805125
0 0.21069495 0.545744325 0.1948858625 0.5301147875 0.182347653125 0.5176111703124999 0.1752608078125 0.5070612296875 0.1664621546875 0.50595703125 0.15999689374999998 0.55355909375 0.172535103125 0.553949840625 0.19325046562499998 0.5512146687499999 0.21069495 0.545744325
0 0.19597616874999998 0.63850925625 0.177441378125 0.6185816015625 0.161087159375 0.599826153125 0.152828890625 0.59921875 0.148003775 0.646324025 0.1621774234375 0.646324025 0.1834379171875 0.6435888671875001 0.19597616874999998 0.63850925625
0 0.10929879687499999 0.65999986875 0.09403486250000001 0.6525758484375 0.07277436875 0.6467147718749999 0.058077696874999994 0.644140625 0.051513875 0.6920404234374999 0.0635069734375 0.691649690625 0.0962154125 0.6685961171875 0.10929879687499999 0.65999986875
0 0.13328499375 0.7104051328125001 0.13383012656249998 0.702981096875 0.0642126671875 0.70322265625 0.07550007187499999 0.7240810078125001 0.0847674671875 0.7385383015625 0.13328499375 0.7104051328125001
5 0.7659185984375 0.630907165625 0.765373425 0.6058999015625 0.7526925578125 0.605078125 0.7517449078125 0.6414570921875 0.7517449078125 0.6680273171875 0.7670088625 0.666855090625 0.7659185984375 0.630907165625
3 0.765373425 0.5644816328125 0.7631928953125 0.5590112890625 0.7086788296875 0.4159210625 0.5004771515625001 0.415625 0.5004350765625001 0.5150886625 0.50207049375 0.712260709375 0.7631928953125 0.711088496875 0.765373425 0.5644816328125
3 0.08631599375 0.42102731562500006 0.1893476046875 0.4233717546875 0.5293435359374999 0.422199528125 0.5402463484375 0.43001429687500003 0.560961709375 0.4413457171875 0.5800416328125 0.449941965625 0.5887638749999999 0.43626612031249995 0.59421528125 0.4214180625 0.6999725765625 0.422590275 0.7523060703125 0.555210528125 0.7533963765625 0.5645882421875 0.7550317734374999 0.7107244203125 0.98671655 0.7126781125 0.9878068140625 0.7068170359375 0.9943485687500001 0.705254075 0.763626903125 0.144455403125 0.3062031234375 0.14560546875 0.3060076703125 0.35889990625 0.0966736734375 0.359290646875 0.08631599375 0.42102731562500006
0 0.1610002671875 0.3881253296875 0.1364689375 0.40180117343750005 0.1108473421875 0.41586775156250005 0.1108473421875 0.421728828125 0.175376265625 0.42392578125 0.17353851874999998 0.4084437296875 0.1702676828125 0.3986752703125 0.1610002671875 0.3881253296875
3 0.181715628125 0.4151084359375 0.15772943125 0.5789655984375 0.2792958125 0.579356346875 0.27898908125 0.7076171875 0.510980546875 0.71148605 0.5098902828125 0.41628063437499996 0.181715628125 0.4151084359375
3 0.0258053890625 0.8307412218750001 0.03234708125 0.8311319546875 0.031801928125000004 0.8362115671874999 0.32193386562500004 0.83701171875 0.3190910546875 0.702969753125 0.0514270046875 0.7037512328125 0.0377984875 0.769786034375 0.0258053890625 0.8307412218750001
4 0.3562778140625 0.15629450625000002 0.487476221875 0.15629450625000002 0.48832815937499996 0.144091246875 0.358833628125 0.143481084375 0.3562778140625 0.15629450625000002
4 0.5702113265625 0.155151365625 0.7030164609375 0.15690466875 0.7030164609375 0.143481084375 0.569262240625 0.1410404328125 0.5702113265625 0.155151365625