5 0.0421638734375 0.28616087343749996 0.0421638734375 0.2525072015625 0.0070661265624999995 0.2524594953125 0.0084833640625 0.36082995625000003 0.0421638734375 0.357674915625 0.0421638734375 0.28616087343749996
0 0.3095028515625 0.3650366515625 0.29582015156249997 0.39132860625 0.29582015156249997 0.4165688515625 0.36933464374999997 0.4179687546875 0.36844376875 0.3450547921875 0.3305531734375 0.3513648546875 0.3095028515625 0.3650366515625
0 0.33476329374999997 0.511219790625 0.37475884375 0.5133231390625 0.3728068671875 0.43880208749999994 0.2937151265625 0.4376024015625 0.29582015156249997 0.462842646875 0.31371297187499997 0.4933412625 0.33476329374999997 0.511219790625
0 0.44106738593749995 0.5459251375 0.4463299125 0.5101681171875 0.36933464374999997 0.5013020874999999 0.3716013421875 0.5785271375 0.40107176562499997 0.5806304843750001 0.43369976250000003 0.5680103625 0.44106738593749995 0.5459251375
0 0.629467671875 0.383966853125 0.6505179937500001 0.35346821875 0.6505179937500001 0.33033132187500003 0.5718809406250001 0.33232060625000004 0.5757893515625 0.405000403125 0.6084173484375001 0.405000403125 0.629467671875 0.383966853125
5 0.24950945624999998 0.7236585328125 0.115862421875 0.722366903125 0.1137349421875 0.757312240625 0.17478088593750002 0.7594155875 0.250562003125 0.7583638781250001 0.24950945624999998 0.7236585328125
5 0.8420758515625 0.7226631453125 0.6737327921875 0.7235243109375 0.6736734125 0.7573684921875 0.7462968875 0.758420165625 0.8420758515625 0.7573684921875 0.8420758515625 0.7226631453125
0 0.7231415390625 0.3965307234375 0.761032134375 0.40389247812500007 0.7628531625 0.3184317171875 0.6778834625 0.31765492968750003 0.6789359390625 0.361825378125 0.7031437640625 0.382858928125 0.7231415390625 0.3965307234375
5 0.50316580625 0.7268135890625 0.4202605703125 0.7235243109375 0.4189645140625 0.7583638781250001 0.4610651609375 0.757312240625 0.5021132578125 0.7583638781250001 0.50316580625 0.7268135890625
3 0.1147874890625 0.7552088921875 0.2537195765625 0.7552088921875 0.36844376875 0.751002196875 0.3694963171875 0.5280466109375 0.37265381875000003 0.41867219999999994 0.1895160609375 0.41972387343750006 0.014010570312500002 0.42259838437499997 0.01269345 0.577475428125 0.0137459625 0.751002196875 0.1147874890625 0.7552088921875
3 0.014798475 0.3555715671875 0.014798475 0.43234399687499997 0.18530601093750002 0.43655069218750003 0.3673912203125 0.43444734374999994 0.36212869375 0.173631425 0.170570834375 0.1694247109375 0.009380940625 0.17028356875 0.0105883890625 0.2567139140625 0.0095358765625 0.35451989375 0.014798475 0.3555715671875
3 0.841023375 0.7520538359375 0.9410123890625 0.7499504875 0.94311734375 0.4165126 0.75892718125 0.4217709703125 0.7578745625 0.169368459375 0.5768419 0.1672651125 0.578946925 0.31344823437499997 0.5765105703125 0.5175057921875 0.5778943765625 0.7520538359375 0.6736734125 0.757312240625 0.841023375 0.7520538359375