5 0.1173201375 0.119925596875 0.1159001734375 0.10461503125 0.0761413109375 0.1039770890625 0.042791178125 0.10379464218750001 0.042062282812500004 0.119287665625 0.0818211453125 0.1186497234375 0.1173201375 0.119925596875
5 0.6242458359375 0.119925596875 0.6242458359375 0.10461503125 0.543308065625 0.1039770890625 0.4866832234375 0.10379464218750001 0.48650967500000003 0.119287665625 0.552537825 0.119287665625 0.6242458359375 0.119925596875
5 0.9110776640625 0.119925596875 0.9110776640625 0.103339159375 0.8379497140625001 0.103339159375 0.7778764046875 0.1022002546875 0.7761814874999999 0.119287665625 0.8386597374999999 0.119925596875 0.9110776640625 0.119925596875
0 0.5004931640625 0.41026250624999994 0.4862935140625 0.39877957343750003 0.45363445 0.42876277187499995 0.43091511562499996 0.44981479531249996 0.43164060937500004 0.45774872499999997 0.515402678125 0.458108028125 0.5125628015625 0.43896981874999996 0.5083028796875 0.42238336875 0.5004931640625 0.41026250624999994
0 0.3641769953125 0.5155226421875 0.3812165234375 0.5231779296875 0.40109592968749996 0.5301952875 0.42026541718750005 0.53083321875 0.42187498437500004 0.4537627546875 0.38689633125 0.479160065625 0.3549472359375 0.504039721875 0.3641769953125 0.5155226421875
0 0.48700353749999997 0.5941198515624999 0.5395420578125 0.6413274421875 0.55232171875 0.6413274421875 0.54971589375 0.5653698984375 0.516822725 0.5724299078125 0.49978314218750003 0.5819990015625 0.48700353749999997 0.5941198515624999
0 0.5203726234375 0.7129072953125 0.5083028796875 0.703338190625 0.47635383750000004 0.7301316875 0.45150454218749997 0.75054578125 0.450284075 0.7630739796875 0.532442259375 0.762028703125 0.533152175 0.748631965625 0.5281823359375 0.7301316875 0.5203726234375 0.7129072953125
0 0.7539080265625 0.48749495156249995 0.741838390625 0.47601203124999997 0.7247988640624999 0.46771878750000007 0.698529575 0.4607014546875 0.6917613484375 0.46173469375 0.6900098375 0.5378922187499999 0.702789496875 0.5340646359375001 0.7318986625 0.5079090453124999 0.7539080265625 0.48749495156249995
0 0.8809944359375 0.495280775 0.8675048625 0.48060815156250003 0.83839564375 0.5042119484375001 0.817096246875 0.5239880875 0.8080610640625 0.535873725 0.891644134375 0.538022778125 0.891644134375 0.5252639734375 0.886674296875 0.5080395796875 0.8809944359375 0.495280775
3 0.42065633281250003 0.5553497109375 0.42065633281250003 0.1055869890625 0.00611003125 0.10517399375 0.0053180499999999995 0.7629413984375 0.3262289328125 0.7642172828125 0.3248089953125 0.5566255953125 0.42065633281250003 0.5553497109375
3 0.553865196875 0.4559842328125 0.554575165625 0.3934660890625 0.5716146953125001 0.3921902046875 0.6085336265625 0.35901735156250003 0.6482924890625 0.3571034875 0.6859214453125 0.3915522484375 0.702251003125 0.3921902046875 0.700831065625 0.2365327625 0.7008873546875 0.10095605156250001 0.4139991296875 0.1019273640625 0.41186922187499997 0.4559842328125 0.553865196875 0.4559842328125
3 0.8094578984374999 0.56507199375 0.8080379609375001 0.53636468125 0.901755284375 0.5350888203124999 0.9024653062500001 0.5140367703125001 0.8676763359375 0.48086389374999994 0.8641264359375 0.45151865 0.90601520625 0.40750073750000004 0.9876628921874999 0.41196632343750006 0.9876628921874999 0.3309479015625 0.9885294 0.1001588390625 0.6916013046875 0.1019273453125 0.6916013046875 0.565709925 0.8094578984374999 0.56507199375