0 0.1785987109375 0.5977032765625 0.1613707328125 0.6008730171875001 0.14270149062499998 0.6082924328125 0.138220871875 0.617360609375 0.17929320625 0.6651746281250001 0.180039975 0.623955646875 0.1785987109375 0.5977032765625
0 0.24127509218749998 0.6783647015625001 0.2263396984375 0.6668233875 0.21737846093750002 0.6594039703125001 0.20285133906250002 0.6452470875 0.1882544421875 0.6800134609375 0.18750767343750002 0.6915547765625 0.24351540156249998 0.69237915625 0.24127509218749998 0.6783647015625001
0 0.239781553125 0.633023821875 0.250236328125 0.6214825078125 0.2636781828125 0.60334615625 0.27637326875 0.58356104375 0.2666652625 0.572844109375 0.23868843437499998 0.5661400171875 0.23828801406250003 0.5868585625 0.23828801406250003 0.6074680531250001 0.239781553125 0.633023821875
5 0.3646561453125 0.6740649359375 0.3510566421875 0.67362338125 0.332657315625 0.672740271875 0.3194577984375 0.674948046875 0.30145845625 0.674948046875 0.3010584703125 0.695701125 0.340657021875 0.695701125 0.36505613124999997 0.6961426796875 0.3646561453125 0.6740649359375
0 0.3628948609375 0.3924056234375 0.358826 0.37992860156249997 0.351140371875 0.36795065781249997 0.32491881875 0.3924056234375 0.30999965937499996 0.40538172812499995 0.3479757015625 0.4078771328125 0.3647032453125 0.4063798890625 0.3628948609375 0.3924056234375
0 0.39273318125 0.3829230859375 0.401323 0.3939028671875 0.4094607234375 0.40138908124999995 0.41579006406249996 0.40138908124999995 0.41579006406249996 0.36495617343750003 0.41600178593750003 0.3427422015625 0.39634994687499997 0.3449929359375 0.375101446875 0.3579690390625 0.37871821250000004 0.366453415625 0.39273318125 0.3829230859375
5 0.0880435640625 0.10929306406249999 0.145376690625 0.10929306406249999 0.145376690625 0.08839488749999999 0.099353903125 0.087057821875 0.07785734375 0.0863598609375 0.0561317296875 0.0872007078125 0.057754365625000005 0.1098901546875 0.0880435640625 0.10929306406249999
1 0.37633183593749997 0.09197743281250001 0.33955209375 0.0543607171875 0.32819364375000004 0.08122979999999999 0.3179169515625 0.0561519890625 0.275728425 0.10391924687500001 0.3200804671875 0.10391924687500001 0.37741359375 0.1045163375 0.37633183593749997 0.09197743281250001
0 0.1557697546875 0.35771598125000004 0.1705759078125 0.356989540625 0.16958883281249998 0.3489986890625 0.1537956 0.33519631250000004 0.141292625 0.3246629171875 0.13043477812499998 0.3170352875 0.1228671875 0.3253893578125 0.1176027765625 0.34137106093749997 0.11722741562500001 0.3564243171875 0.1294477 0.3580792015625 0.1478731375 0.3580792015625 0.1557697546875 0.35771598125000004
3 0.412228146875 0.29459084375 0.4115958953125 0.092880371875 0.3774543015625 0.0921824125 0.337622440625 0.047512965625 0.3268741609375 0.0670558484375 0.312964621875 0.05030480625 0.27629401875 0.091484453125 0.084089484375 0.0907864921875 0.053741399999999995 0.091484453125 0.014541790625 0.0921824125 0.00035009375000000004 0.091192825 0 0.358803175 0.17766274531249998 0.35531337343749997 0.242152425 0.29459084375 0.412228146875 0.29459084375
3 0.41469581875 0.47379264218749995 0.4151312328125 0.3983282640625 0.40598755156250005 0.3978476 0.40250424375 0.40121225312500003 0.3689774125 0.40073158906249995 0.3533025296875 0.3649080609375 0.338498475 0.375002021875 0.312373671875 0.4009579234375 0.2936508953125 0.399515928125 0.294086309375 0.42547182812499995 0.2832009734375 0.42643315781249996 0.2666552640625 0.42595249375 0.2535928625 0.42643315781249996 0.24379160937500002 0.4257071671875 0.240095046875 0.431974803125 0.239659634375 0.6915338078125 0.41469581875 0.6915338078125 0.41469581875 0.47379264218749995
5 0.7083208828124999 0.7902347609375 0.6825161093750001 0.7889686890625 0.667033246875 0.7883356546875 0.648109746875 0.7889686890625 0.64232046875 0.7905621859374999 0.641228475 0.8098588624999999 0.67391451875 0.8111249328125 0.7077474421875001 0.812391003125 0.7083208828124999 0.7902347609375
0 0.75763666875 0.5889828609375 0.7433006843750001 0.5877167890624999 0.71577559375 0.5877167890624999 0.699145853125 0.59024893125 0.701439609375 0.6029096421875 0.7077474421875001 0.625065884375 0.714628715625 0.6326623109375 0.730111578125 0.618735528125 0.75763666875 0.5889828609375
5 0.5987939609375 0.5301105578125 0.5987939609375 0.49276146406250004 0.5884720515625 0.49276146406250004 0.5784915328125 0.4925279296875 0.5781501437500001 0.5225141328125 0.577576703125 0.5642944765625 0.5970736421875 0.565560546875 0.5987939609375 0.5301105578125
5 0.9059821375 0.696909521875 0.9365692687499999 0.696909521875 0.935549696875 0.6755244031250001 0.9345301265625 0.6743988703125 0.9019038531250001 0.6732733375 0.8672384375 0.6738361046875 0.8677482234375 0.6963467546875 0.9059821375 0.696909521875
0 0.7515171234375 0.4788070859375 0.7688498328125 0.4596730328125 0.784143396875 0.43885068125000004 0.7897510390625 0.42421875781249996 0.7515171234375 0.4118379015625 0.7510073390625001 0.42196769375 0.7510073390625001 0.447292175 0.7515171234375 0.4788070859375
0 0.7520269093749999 0.374024078125 0.767320475 0.3565783234375 0.7836336109375 0.33519320625 0.7897510390625 0.32337511406249997 0.7719085453125001 0.3121197890625 0.7499877671874999 0.30705489375 0.7515171234375 0.3228123484375 0.7515171234375 0.3306910765625 0.7520269093749999 0.374024078125
0 0.75763455 0.2946740359375 0.742340984375 0.2755399828125 0.731125703125 0.26372189218750003 0.7244984921875 0.2592197625 0.7112440671875 0.2535920984375 0.7041070703125001 0.2777910484375 0.7018368515625 0.29609824218749997 0.7025777140625 0.2963623359375 0.728066990625 0.2946740359375 0.75763455 0.2946740359375
5 0.916177846875 0.1097748109375 0.9156680625 0.089515225 0.8927277124999999 0.08782692656249999 0.8509252999999999 0.08670139375 0.8503218406249999 0.0860874375 0.8499057296875 0.10921204375 0.8708069359374999 0.1097748109375 0.8988451390625001 0.11033757656250001 0.916177846875 0.1097748109375
5 0.6995190015625 0.08782692656249999 0.6735199390625 0.08782692656249999 0.6515991624999999 0.08782692656249999 0.6414034515625 0.08838969218750001 0.6347296796874999 0.088337553125 0.634776240625 0.108649278125 0.6709710125 0.10921204375 0.6990092156250001 0.10921204375 0.6995190015625 0.08782692656249999
3 0.75763455 0.29569113125 0.75763455 0.09196974531249999 0.6633242296875 0.0914069796875 0.6133652484375001 0.0925325125 0.5827781171875 0.09196974531249999 0.581758546875 0.1184197609375 0.583287903125 0.3478249375 0.6454817359375 0.34746562812500004 0.64497195 0.2945655984375 0.75763455 0.29569113125
3 0.9946848171875 0.3108858203125 0.9946848171875 0.0925325125 0.8922179281249999 0.093095278125 0.7917901796875 0.0925325125 0.7734379015624999 0.0925325125 0.751445109375 0.0919413375 0.7510073390625001 0.40936991562499997 0.8733558625000001 0.40824438281250003 0.8738656499999999 0.31144858750000004 0.9946848171875 0.3108858203125
3 0.9440878843749999 0.4307888453125 0.9371544015625 0.40686989999999995 0.9267541765624999 0.401129353125 0.8955535031249999 0.431745603125 0.87388636875 0.4307888453125 0.8756197406249999 0.39825907968749996 0.75168373125 0.3992158375 0.750701065625 0.3988346359375 0.7508170468750001 0.69198373125 0.9952223203124999 0.6910269734375001 0.9952223203124999 0.431745603125 0.9440878843749999 0.4307888453125
5 0.9988097859374999 0.3689212875 0.9988097859374999 0.34939421875 0.9889370109375 0.350044603125 0.9852347203124999 0.3495904859375 0.9794756 0.3486822515625 0.9794756 0.360035196875 0.9794756 0.369571671875 0.9794756 0.38118246875 0.9794756 0.42069072187499995 0.9975756890625 0.4220530765625 0.9988097859374999 0.3689212875
0 0.6905723312500001 0.5889644109375001 0.7007130109374999 0.5938620375 0.704515765625 0.5896640718749999 0.7032481796875001 0.5350905140625 0.7018968921875001 0.5341079578125 0.6836006125 0.5385888203125 0.6614178749999999 0.5483840734375 0.674093725 0.5651759375000001 0.6905723312500001 0.5889644109375001
3 0.7577543359375001 0.5861657671875 0.6918399156249999 0.59106339375 0.6297282484375 0.59106339375 0.611982059375 0.59106339375 0.5999400015624999 0.59176305625 0.5827699953125001 0.5914559640625 0.5828276031249999 0.8058593171874999 0.6056441328125 0.8065589781250001 0.7609233 0.8051596562500001 0.7577543359375001 0.5861657671875