5 0.056393360937500005 0.8750509671875 0.0711087265625 0.8750509671875 0.0709224515625 0.854656240625 0.0526679578125 0.8553249265625 0.03809229375 0.8559935953125001 0.037952590625 0.8656894562499999 0.0377663234375 0.8753853171875001 0.056393360937500005 0.8750509671875
5 0.1819454734375 0.8738381328125 0.22086297500000002 0.8733932125000001 0.22036721718750002 0.856930890625 0.1772357296875 0.8573758125 0.1380703390625 0.85648595 0.13782247187500002 0.8658294328125 0.13782247187500002 0.8738381328125 0.1819454734375 0.8738381328125
5 0 0.8121416765625 0.0094595390625 0.8124344156250001 0.0092964453125 0.7814036843750001 0.008807159375 0.7099744359375 0 0.7090962078125 0 0.709388953125 0 0.747152771875 0 0.8121416765625
0 0.09295755156249999 0.6111650921875 0.08158915 0.5932482 0.061902374999999996 0.5718474640625 0.0555249828125 0.5897643687499999 0.0554556546875 0.62659351875 0.0655070015625 0.62659351875 0.0940666734375 0.62659351875 0.09295755156249999 0.6111650921875
0 0.225704603125 0.7713839703125001 0.238224425 0.77075975625 0.23857217656250002 0.6939802875 0.23778968906250003 0.6913273281250001 0.22153132812499998 0.7164523265625 0.20866372187499999 0.7526572703125 0.21422809843750001 0.765141746875 0.225704603125 0.7713839703125001
3 7.812500000000001e-9 0.59855245 0 0.873559653125 0.2378766421875 0.8729354390624999 0.23996327968750003 0.612363096875 0.098071953125 0.6092419703124999 0.06746793125 0.5692916734375 0.062599121875 0.564766059375 0.055643659375 0.601127078125 0.052513704687499996 0.610490428125 0.053557021875 0.5387047265625 0.0337339703125 0.54049968125 0.008346556250000001 0.5417481375000001 0.000347775 0.5417481375000001 7.812500000000001e-9 0.59855245
5 0.2757986265625 0.8783394296875 0.2929270046875 0.8783394296875 0.2935613953125 0.8567047437499999 0.27199231875 0.85727406875 0.24852009062499997 0.85727406875 0.24788571718750002 0.8578434203124999 0.24852009062499997 0.877770078125 0.2757986265625 0.8783394296875
0 0.3306054515625 0.8733136265624999 0.3308283140625 0.8501132531250001 0.3279311921875 0.8329129906249999 0.322805521875 0.8205127937500001 0.30430855156250003 0.843313159375 0.294280075 0.8561133468750001 0.294057221875 0.8565133640625 0.294280075 0.8733136265624999 0.3306054515625 0.8733136265624999
5 0.41203314375 0.8740315828125 0.43898498124999996 0.8734392203124999 0.43865495781249997 0.8578403218749999 0.41676346875 0.8574454203125 0.39872223125 0.8575441406250001 0.39828220625 0.857247959375 0.39828220625 0.873636671875 0.41203314375 0.8740315828125
5 0.46230452343749995 0.7458118921875 0.46264094843750003 0.7834522171875 0.47295800000000005 0.7834522171875 0.47295800000000005 0.75084401875 0.47239728437500006 0.707366421875 0.46213630937500005 0.7063096734375 0.461968096875 0.7188396765625 0.46230452343749995 0.7363514859375 0.46230452343749995 0.7458118921875
0 0.2836907 0.6279180734375001 0.2836907 0.6085751953125 0.27803305 0.5863308859374999 0.27345304375 0.574241590625 0.259982453125 0.59044125 0.243817734375 0.6124437656249999 0.243817734375 0.6119601968749999 0.24327891875000002 0.626950921875 0.2836907 0.6279180734375001
3 0.209333025 0.7401067375 0.20636949062499998 0.753646765625 0.21741537968750002 0.7729896328125 0.23762127031250002 0.7691210500000001 0.23816008593750002 0.8735725734375 0.47227901250000004 0.873089009375 0.47227901250000004 0.5781101671875 0.4068119296875 0.5761758765625 0.40708132499999994 0.6124437656249999 0.2877318765625 0.6129273421875 0.276416578125 0.5669880125 0.27216535468749997 0.5695220734374999 0.25538556562500003 0.58769693125 0.2393724390625 0.6124437656249999 0.2371592390625 0.6375479625 0.23627420625 0.6869138375 0.209333025 0.7401067375
5 0.3812466671875 0.275246971875 0.39524999375 0.2929649796875 0.40351425937499996 0.2822517671875 0.3991525765625 0.2678301375 0.38813355625 0.2517603296875 0.374589328125 0.2381628 0.3587494859375 0.2266255078125 0.32913586562499997 0.2237411796875 0.312148215625 0.23157006406249997 0.2935536171875 0.24722783124999997 0.2722906828125 0.27997006875 0.2793207109375 0.29337701875 0.306409134375 0.26123740156249997 0.3229376671875 0.25011215 0.3410731453125 0.24970011093750002 0.359208625 0.254644665625 0.3812466671875 0.275246971875
5 0.5589714953125 0.8771616281249999 0.5807298328125 0.8771616281249999 0.60640466875 0.8755994406250001 0.60640466875 0.85294791875 0.5768133328125 0.85294791875 0.5672396749999999 0.85294791875 0.552443996875 0.8545100703124999 0.5520088375000001 0.8771616281249999 0.5589714953125 0.8771616281249999
5 0.69566141875 0.874263 0.7181037046875 0.8746194734375001 0.739354365625 0.8735500390625001 0.739552975 0.8560826078125 0.719096721875 0.854656684375 0.6988390765625 0.854656684375 0.67937585625 0.854656684375 0.67878004375 0.8739065109374999 0.69566141875 0.874263
5 0.8115967 0.8750650765625 0.83443620625 0.8754215500000001 0.8496551374999999 0.8745514468750001 0.849331534375 0.8547458140625 0.8413873531249999 0.854389325 0.8209311171874999 0.854389325 0.8078232296875001 0.854389325 0.790346040625 0.8551022875 0.7901474296875 0.8743521140625001 0.8115967 0.8750650765625
5 0.9584952718749999 0.8737150984375001 0.9787205859375 0.8734269859375001 0.978560078125 0.8567161859375 0.94340655625 0.8567161859375 0.9169210265625001 0.8570043109375 0.916760503125 0.8656478249999999 0.9172420578124999 0.8737150984375001 0.9584952718749999 0.8737150984375001
5 0.5271870015625 0.652552665625 0.5271870015625 0.6855558875 0.5376154843750001 0.6855558875 0.5381643421875 0.64762680625 0.5381643421875 0.613145815625 0.5266381296875 0.61351525625 0.5266381296875 0.6195494328125 0.5266381296875 0.6387602671875 0.5271870015625 0.652552665625
0 0.6663834859375 0.7245310171875 0.66853201875 0.7076590406250001 0.6682634421875 0.691751175 0.6432866515625 0.691751175 0.62737401875 0.6922332234375 0.63791530625 0.7201925078125 0.654297940625 0.7380286046875 0.661012115625 0.7442953328125 0.6663834859375 0.7245310171875
3 0.767096353125 0.87396855625 0.7668277765625 0.7688802171875 0.7667606265625 0.6911485953125001 0.624755484375 0.692715284375 0.6255611859375 0.8720403359375 0.767096353125 0.87396855625
0 0.8150790812500001 0.6268917109375 0.815920696875 0.6178282171875 0.7910937921875 0.5808189593749999 0.7801531453125 0.5672237171875001 0.7725788437500001 0.59819066875 0.771316459375 0.6080094421875 0.7704748828125 0.6276470265625 0.783940296875 0.6268917109375 0.8150790812500001 0.6268917109375
5 0.6610479312499999 0.29734026562500004 0.6873306515625 0.2982474796875 0.7350944125 0.29779387343749997 0.7350944125 0.2769278890625 0.7093171453125 0.2769278890625 0.6716621 0.2773814984375 0.629963578125 0.2768144859375 0.6297108640625 0.2769278890625 0.6292054234375 0.296433046875 0.6610479312499999 0.29734026562500004
5 0.8325173234375001 0.296433053125 0.8805337874999999 0.296433053125 0.9209687265625 0.295072228125 0.920716 0.2778351046875 0.8999931140624999 0.277381503125 0.8615799140625 0.277381503125 0.8079404515625 0.2768144859375 0.80850906875 0.285092840625 0.8090145203124999 0.29552582968749996 0.8325173234375001 0.296433053125
0 0.9269613890624999 0.5866258828124999 0.9076096031249999 0.6110560515625 0.9061527234375 0.6263100781250001 0.944908871875 0.626776965625 0.945429103125 0.6090357859375 0.9430881281250001 0.5922283578124999 0.9381460593750001 0.5740203140625 0.9269613890624999 0.5866258828124999
3 0.9994660609375 0.6407664078125 0.998420959375 0.2787232234375 0.9235219484374999 0.27934851250000003 0.7629255390624999 0.2765408125 0.7639696953125 0.6282605890624999 0.9587070765625001 0.6276353078125 0.959752178125 0.5926190328125001 0.9893633859375001 0.5938696234374999 0.9904084875000001 0.6413916890625 0.9994660609375 0.6407664078125
3 0.6258358109375 0.37274745 0.6254926890625 0.5562728390625 0.6227478046875 0.613547540625 0.6230909109375 0.62955983125 0.76102184375 0.6252488140625 0.7575907171875 0.27790546875 0.6258358109375 0.27790546875 0.607650884375 0.27790546875 0.6069646546875 0.37397915937500004 0.6258358109375 0.37274745
5 0.5706088765625 0.0270625265625 0.585808784375 0.0261824375 0.6029699390625 0.0261824375 0.6029699390625 0.0015401546875 0.5769830390624999 0.0033003125000000003 0.5419252078125 0.0037403468750000003 0.5416800625 0.0050604703125 0.5411897296875 0.0270625265625 0.5706088765625 0.0270625265625
3 0.6333697546875 0.629449796875 0.6333279843749999 0.3618647078125 0.60885376875 0.3619048609375 0.60885376875 0.006732198437500001 0.5294220703125 0.00849235625 0.5269704890625 0.0085808046875 0.5272156453125 0.35709329843750004 0.5710992109374999 0.358853434375 0.5725701671875 0.6268095515625001 0.6333697546875 0.629449796875
4 0.195362375 0.2946927328125 0.19611345156249999 0.2758217375 0.1059841765625 0.2751505703125 0.1059841765625 0.29401876875 0.195362375 0.2946927328125
3 0.35527153125 0.22037693749999998 0.3223180140625 0.22037693749999998 0.2948567515625 0.2400903875 0.2710569890625 0.2762317125 0.0019366062499999999 0.2762317125 0.0019366062499999999 0.3726085796875 0.045874628125 0.3693230046875 0.045874628125 0.62559785625 0.4162965609375 0.626693046875 0.41446580937500005 0.59274210625 0.4718293390625 0.5949324890625001 0.4719238359375 0.276292721875 0.40470180468750006 0.2762317125 0.38212254375 0.2400903875 0.35527153125 0.22037693749999998