5 0.0803469640625 0.6716359953125 0.0670572828125 0.6704749109375 0.06695877812499999 0.7101776609375 0.0803469640625 0.7092813390625 0.080718853125 0.687769721875 0.0803469640625 0.6716359953125
5 0.081834546875 0.707936865625 0.080718853125 0.7209334609375 0.09856978749999999 0.7231742546875 0.131231390625 0.72255824375 0.1316683640625 0.70838501875 0.1153050265625 0.7088331703125 0.095966525 0.7088331703125 0.081834546875 0.707936865625
5 0.1528663515625 0.7231742546875 0.168114009375 0.7231742546875 0.181874084375 0.7227261031250001 0.18113030624999998 0.70838501875 0.1684858984375 0.707936865625 0.15956043125 0.7074886968749999 0.1484036046875 0.7074886968749999 0.1335565390625 0.7074372765625 0.13315594687500001 0.7231742546875 0.14096572031250001 0.7231742546875 0.1528663515625 0.7231742546875
5 0.1822459734375 0.7021107890625 0.1822459734375 0.7101776609375 0.1956341875 0.7106258125 0.1956341875 0.690010515625 0.1956341875 0.6743249578125 0.18284969375 0.6704749109375 0.1822459734375 0.682839965625 0.1822459734375 0.691803140625 0.1822459734375 0.6976292015625 0.1822459734375 0.7021107890625
5 0.266665978125 0.6725323171875 0.265550284375 0.656846759375 0.2480712671875 0.656846759375 0.23958332499999999 0.6564740140625 0.24100527187499998 0.6734286375 0.2551372625 0.67298046875 0.266665978125 0.6725323171875
5 0.3254252484375 0.6725323171875 0.3373258796875 0.6725323171875 0.3373258796875 0.6572949125 0.325053359375 0.6572949125 0.316499809375 0.6572949125 0.303292403125 0.6564740140625 0.3034835109375 0.6734286375 0.3135246453125 0.6734286375 0.3254252484375 0.6725323171875
5 0.4976123125 0.40317852812500005 0.496868478125 0.3816668765625 0.496868478125 0.364636846875 0.49649661875 0.34671049531250003 0.48418897968749997 0.34789426562500003 0.48459601562500004 0.3704629078125 0.484967875 0.3901818828125 0.48459601562500004 0.40407481562500003 0.4976123125 0.40317852812500005
5 0.44257195625 0.1806166109375 0.4689764125 0.1806166109375 0.46823263437499996 0.165827375 0.446662759375 0.1649310546875 0.4176550546875 0.1649310546875 0.38653272968749997 0.1647625453125 0.3860440453125 0.1801684421875 0.4183988328125 0.1801684421875 0.44257195625 0.1806166109375
5 0.31389653281249996 0.18097304375 0.329144190625 0.18097304375 0.33918535156249996 0.18142123125 0.3386346640625 0.1636424734375 0.326169053125 0.16394303125 0.31389653281249996 0.16394303125 0.31389653281249996 0.18097304375
5 0.2670378671875 0.180076740625 0.275963334375 0.180076740625 0.2748476390625 0.1652874875 0.26852545 0.1652874875 0.2581124 0.1657356734375 0.2488839203125 0.1647625453125 0.2499307375 0.18142123125 0.25699673437500004 0.182317534375 0.2670378671875 0.180076740625
5 0.24695557343750002 0.04464106875 0.23505496875 0.043744765625 0.23505496875 0.051363451562499995 0.23539805625 0.06395609375 0.246583684375 0.065704534375 0.24732746093750002 0.055845039062500004 0.24695557343750002 0.04464106875
5 0.2610875640625 0.0271628875 0.26778164375 0.0186478640625 0.26443461875 0.0101328578125 0.256252928125 0.013269954687499998 0.24918693281249998 0.022681299999999998 0.23772320625 0.0348342296875 0.247699378125 0.04284844375 0.25402156875 0.03567789375 0.2610875640625 0.0271628875
5 0.315384115625 0.0164070703125 0.3157560046875 0.0025141546875 0.298648875 0.0029623078125 0.2860044671875 0.0029623078125 0.269810259375 0.0029121875 0.270756809375 0.0168552390625 0.296417515625 0.0168552390625 0.315384115625 0.0164070703125
5 0.3629865875 0.015062596875 0.3629865875 0.0020659859374999997 0.3525735375 0.0020659859374999997 0.34141671093750003 0.0025141546875 0.3306317734375 0.0025141546875 0.31817335468749997 0.0023521515625 0.3202187515625 0.0168552390625 0.3384415453125 0.0168552390625 0.3629865875 0.015062596875
5 0.39236623593750003 0.0168552390625 0.4113328078125 0.01551075 0.41096094687500007 0.0020659859374999997 0.4035230625 0.001617834375 0.3901348484375 0.001617834375 0.37823424375000003 0.001617834375 0.36700147968749997 0.00011200781249999999 0.36744930625 0.0168552390625 0.3763747734375 0.0168552390625 0.39236623593750003 0.0168552390625
5 0.4418281796875 0.0164070703125 0.46005097343749995 0.0164070703125 0.45967905625 0.0025141546875 0.4514973953125 0.0025141546875 0.4418281796875 0.0025141546875 0.4273242703125 0.0029623078125 0.414434515625 0.0029121875 0.4146798890625 0.01551075 0.42583671718750005 0.0164070703125 0.4418281796875 0.0164070703125
5 0.47567051875 0.032540796875 0.48608356875 0.04464106875 0.492405759375 0.0361260625 0.48348032031250004 0.024473925 0.478645684375 0.0199923359375 0.47381104843750005 0.0123736515625 0.4655877890625 0.0040322593750000005 0.4611666671875 0.0168552390625 0.467860775 0.02492209375 0.47567051875 0.032540796875
0 0.2503026265625 0.2680992734375 0.242492853125 0.26451400625 0.23803010625 0.2631695671875 0.22650139062500002 0.2622732125 0.2261295015625 0.30977803593750003 0.23282360937500002 0.309329884375 0.242120965625 0.2896109078125 0.2503026265625 0.2680992734375
1 0.20455962656249999 0.5826254234375 0.21162562187499998 0.6014481125 0.2235262546875 0.6243042015625 0.231336028125 0.6234078640625 0.23214284843750002 0.54110663125 0.2246419203125 0.5387059015625 0.2056753203125 0.5696288296875001 0.20455962656249999 0.5826254234375
1 0.11506951562500001 0.35132866875 0.0979623875 0.361636334375 0.0842022828125 0.3710476625 0.0865885328125 0.3792562734375 0.1537465203125 0.379562684375 0.1541184078125 0.3714958140625 0.1273420078125 0.35132866875 0.11506951562500001 0.35132866875
0 0.24448871562500002 0.34523786875 0.238910303125 0.33089679375 0.23370375000000002 0.3196928234375 0.2260974609375 0.3210125453125 0.22626589375 0.369886609375 0.24448871562500002 0.3689902890625 0.2519266 0.36226790625 0.24448871562500002 0.34523786875
0 0.27758727968749997 0.33985996875 0.2798186671875 0.33448205937500003 0.2809343609375 0.326863365625 0.2831656921875 0.318796503125 0.2831656921875 0.3125222984375 0.24190847343750002 0.312051971875 0.2504389890625 0.324622571875 0.2604801796875 0.3304486484375 0.27758727968749997 0.33985996875
3 0.20636965468750001 0.32107755937500004 0.23203036093749999 0.320629390625 0.23165844375 0.31166621562499996 0.23872446875 0.3004622453125 0.24541852031250003 0.2870174828125 0.250625071875 0.2740208890625 0.250625071875 0.26953930000000004 0.232402221875 0.260576125 0.23203036093749999 0.166910934375 0.031807934375 0.16599441718750002 0.0315793703125 0.24578687187499998 0.031951259375 0.3802345203125 0.2059977375 0.3793381828125 0.20636965468750001 0.32107755937500004
3 0.1961242765625 0.721134309375 0.1961242765625 0.6727331999999999 0.232569921875 0.6709405234375 0.2321980046875 0.3731796796875 0.15670349374999998 0.3709388859375 0.13029898125 0.3512199015625 0.115051325 0.35032358124999996 0.08827495156250001 0.3695944140625 0.0328627078125 0.371387046875 0.031882465625 0.6706510406249999 0.0678207703125 0.6709405234375 0.0689364359375 0.7206861578125 0.1961242765625 0.721134309375
0 0.40792309375 0.400501890625 0.40308845781249997 0.40991325156249997 0.40122898749999997 0.41977273125 0.40048362187500003 0.43021953437500005 0.4417654625 0.4296322109375 0.4417654625 0.42066903437500003 0.4254021109375 0.4112577078125 0.40792309375 0.400501890625
0 0.3089992375 0.147740353125 0.2937515796875 0.1558072078125 0.28259475312500004 0.162529590625 0.27441306249999997 0.168803815625 0.2749255859375 0.17204301093750002 0.3130900671875 0.171940925 0.31346195625 0.16342590625 0.3119743734375 0.15715169375 0.3089992375 0.147740353125
3 0.31234629062499997 0.16297775 0.3089992375 0.1468440328125 0.29412346875 0.1535664140625 0.27515686875 0.1656667 0.22457923124999998 0.16521854375 0.22457923124999998 0.31902871718750003 0.24428963750000002 0.31902871718750003 0.262884346875 0.33157716875 0.276644421875 0.3391958546875 0.2781320046875 0.33471426718749997 0.28259475312500004 0.3176842359375 0.354742209375 0.3185805578125 0.355857903125 0.42972392968750006 0.49680581874999996 0.42837949062499997 0.49680581874999996 0.2898066875 0.49674478281249995 0.166442653125 0.495690125 0.16521854375 0.3625520109375 0.1661148703125 0.31234629062499997 0.16297775
5 0.682112146875 0.1800175453125 0.71074801875 0.1804656984375 0.7103761296875 0.164780140625 0.6624017703125 0.16433198124999998 0.6297432953125 0.1636424734375 0.6304188734375 0.1800175453125 0.657567134375 0.1804656984375 0.682112146875 0.1800175453125
5 0.8416547734375 0.1795693859375 0.8416547734375 0.164780140625 0.8063248218749999 0.163883828125 0.7818080265625 0.164202509375 0.782523615625 0.1804656984375 0.8185973437499999 0.1804656984375 0.8416547734375 0.1795693859375
5 0.954286440625 0.1799043609375 0.954286440625 0.1642188046875 0.9249067640625 0.16377064375 0.8980654671874999 0.164202509375 0.8985023078125 0.1794562015625 0.9371792843750001 0.1808006828125 0.954286440625 0.1799043609375
5 0.857593915625 0.67190139375 0.856478221875 0.6557676859375 0.8252391296875 0.6553194999999999 0.7901785625 0.6547939078125 0.7921405375 0.67190139375 0.823007740625 0.6710050562500001 0.857593915625 0.67190139375
5 0.9539145250000001 0.6705569046875001 0.9527988296875 0.6557676859375 0.9323446484375 0.6557676859375 0.9036458250000001 0.6564740140625 0.9037088046875 0.6710050562500001 0.9293694828125 0.6710050562500001 0.9539145250000001 0.6705569046875001
5 0.6102842578125001 0.69072405 0.6110280484375 0.67190139375 0.5995163609375 0.6715949828125 0.59912743125 0.6947574859375 0.598383640625 0.711339346875 0.6102842578125001 0.71089119375 0.6102842578125001 0.69072405
5 0.660489978125 0.709098553125 0.6363168531250001 0.709098553125 0.62106918125 0.7082022484375 0.6099123546875 0.7082022484375 0.6076809953125 0.7198543703125 0.631110328125 0.7207507078125001 0.650820734375 0.7207507078125001 0.660861865625 0.7207507078125001 0.660489978125 0.709098553125
5 0.7136708625 0.7082022484375 0.6906134046875 0.707754096875 0.6630932265625 0.707754096875 0.6627604078125 0.7203181015625 0.6813160484375 0.7216470109374999 0.6961918171875 0.7216470109374999 0.7132989453125 0.720302521875 0.7136708625 0.7082022484375
5 0.7255714671875 0.6934129953125 0.725199578125 0.6732458515624999 0.7129836218750001 0.67215501875 0.7136708625 0.6898277453125 0.7129270578125 0.71089119375 0.7255714671875 0.7104430421875 0.7255714671875 0.6934129953125
0 0.6218129734375 0.5019574953125 0.6244162359375001 0.48896090000000003 0.6244162359375001 0.47775693124999996 0.5827752890625 0.47950268906250004 0.583507871875 0.48761641093749997 0.61809403125 0.51047251875 0.6218129734375 0.5019574953125
0 0.8003221999999999 0.4670011140625 0.802553559375 0.456245296875 0.8021816703125 0.4486266109375 0.7594865984375 0.4475806453125 0.7597857234375 0.454004503125 0.79623136875 0.47641244218749995 0.8003221999999999 0.4670011140625
0 0.73152176875 0.288094046875 0.7270590484375 0.294816428125 0.7248276890625001 0.30333145156249997 0.7248276890625001 0.3105019859375 0.7246093671875 0.318212365625 0.7649922484375 0.3194651609375 0.7649922484375 0.31139830625 0.7508602859375 0.3006424984375 0.73152176875 0.288094046875
0 0.8166855500000001 0.29795354375 0.8125947203124999 0.29123116250000003 0.77689288125 0.3118464671875 0.7757771859375 0.319913321875 0.8189169109375 0.319913321875 0.819660715625 0.3127427796875 0.8185450218750001 0.304675925 0.8166855500000001 0.29795354375
0 0.9144937140625 0.2942765671875 0.8999898625 0.30234342187499996 0.88734548125 0.30996212343749996 0.8828827046875001 0.3108584453125 0.8817894265625 0.31877240156250003 0.9204440453125 0.3198216203125 0.920072128125 0.3122029171875 0.9189564906250001 0.3032397421875 0.9144937140625 0.2942765671875
0 0.9089523015625 0.46732242968750004 0.9178777968749999 0.4709077046875 0.9219685999999999 0.46328900156249997 0.9215597390625 0.454004503125 0.921187821875 0.447730290625 0.88969493125 0.44814068125000006 0.89556414375 0.4597037359375 0.9022582515625001 0.46418532343749996 0.9089523015625 0.46732242968750004
5 0.9803560375 0.43935317031250004 0.9803560375 0.420082346875 0.9803560375 0.4008115046875 0.9660130125 0.40165770624999997 0.967339740625 0.415600759375 0.967339740625 0.42590840781250006 0.96659590625 0.43935317031250004 0.9803560375 0.43935317031250004
0 0.68767526875 0.3617299875 0.6973445125 0.3675560484375 0.7058980625 0.36845236875 0.7159392234374999 0.369348690625 0.71396688125 0.3193324375 0.7029229265625 0.3263254375 0.6973445125 0.3424591640625 0.68767526875 0.3617299875
3 0.7085013390625 0.2935181484375 0.7088732281250001 0.3195113546875 0.772467134375 0.31816688125 0.7732109390625 0.243772515625 0.773582828125 0.164896578125 0.56143711875 0.1647625453125 0.5612312187499999 0.2106087765625 0.5608593296875 0.2917255078125 0.61255261875 0.2939663015625 0.7085013390625 0.2935181484375
3 0.7683763031249999 0.319154903125 0.8840353999999999 0.319154903125 0.8844073171875 0.215894965625 0.8841677734375001 0.164202509375 0.7668887203125 0.16543644531249999 0.7683763031249999 0.24296791406249998 0.7683763031249999 0.319154903125
3 0.8780851265624999 0.319799684375 0.9204810453125001 0.31845519375000003 0.91973726875 0.31352545468750004 0.9297784 0.313077284375 0.9427946984375 0.3027696375 0.9506045000000001 0.3036659921875 0.9669678234375001 0.31397360625 0.97812465 0.315318096875 0.9788684265625 0.24182005156250003 0.97763875625 0.16604995625000002 0.8784569875000001 0.1651848984375 0.8784569875000001 0.23689029375 0.8780851265624999 0.319799684375
3 0.59767685 0.7225374609374999 0.6895347390625 0.722985646875 0.724864690625 0.722985646875 0.72635224375 0.6709992015624999 0.8918452015625 0.6714473890625 0.8911014249999999 0.5006071671875 0.8427551765624999 0.49881452499999995 0.8327139859375 0.4970219 0.8245323250000001 0.4916439921875 0.8304826546875 0.47864738124999995 0.836432928125 0.4638581453125 0.8438708125 0.4499652296875 0.7553600046875 0.44951706874999997 0.7561037828125 0.48536976249999997 0.7434594015625 0.495229259375 0.7319306578125 0.49567742812500004 0.7163111125 0.47909555 0.5623671796874999 0.47838261718749997 0.560487428125 0.566038340625 0.5612312187499999 0.67045933125 0.5973049609375 0.6722519734375 0.59767685 0.7225374609374999
3 0.9532077484375 0.5015034890625001 0.9394476734375001 0.500159015625 0.9238280703124999 0.490747671875 0.9238280703124999 0.447276275 0.8847791781250001 0.44862076562500003 0.8855230109375001 0.557523334375 0.8844073171875 0.671803821875 0.9799639046875 0.6704749109375 0.9784965671875 0.5732088921875 0.97812465 0.48626608281249994 0.9703148484374999 0.4894031984375 0.9532077484375 0.5015034890625001
4 0.07265625625 0.17889784687500002 0.1624533265625 0.18018893125 0.161895384375 0.1640648828125 0.071508596875 0.1633930484375 0.07265625625 0.17889784687500002