3 0.7529388703125 0.654180446875 0.752293540625 0.7367451859374999 0.9716792453125 0.7370494515625 0.9712490296875 0.696288890625 0.9712490296875 0.6271117140625 0.9714641437499999 0.5521428953124999 0.8800864031250001 0.5518386343749999 0.7964094078125 0.5518386343749999 0.7968396234374999 0.5755711234375 0.7359214734374999 0.574985228125 0.7350848984375 0.617538084375 0.7529388703125 0.617233821875 0.7529388703125 0.654180446875
0 0.779969259375 0.594647825 0.772788940625 0.5883605765625 0.7654376453125 0.5841287734375 0.7532994656249999 0.58074333125 0.7428708953125 0.5796551546875001 0.7356905703125001 0.5794133359375 0.7347677781249999 0.6130200703125 0.7861238328125 0.61363048125 0.7862947984375 0.60698050625 0.7844142359374999 0.6004514390625 0.779969259375 0.594647825
5 0.9180097625 0.7371921953125 0.9177804296875 0.7268930078125 0.8633166343750001 0.7268119125 0.8051352171874999 0.72666291875 0.8048354874999999 0.737273290625 0.8541404734375 0.7371921953125 0.9180097625 0.7371921953125
3 0.75989320625 0.7370686953125001 0.759465734375 0.69415856875 0.759465734375 0.613013890625 0.66712845 0.6125603921875 0.6675559343749999 0.6402238609375 0.606874575 0.64013598125 0.6066389796875 0.6713430046875 0.6068527296874999 0.737219865625 0.75989320625 0.7370686953125001
0 0.7023961609375 0.6462705234375 0.7124421046875 0.642037859375 0.721846828125 0.63568886875 0.728472884375 0.627828209375 0.7310378156249999 0.62072338125 0.7310378156249999 0.6127115578125 0.681878490625 0.6125505390625 0.68230425625 0.64853801875 0.6934189234375 0.648084521875 0.7023961609375 0.6462705234375
5 0.735098940625 0.737975696875 0.73445771875 0.726335875 0.695556353125 0.7260335421875 0.62685994375 0.7260496796875 0.6275858624999999 0.7376733640625 0.665845990625 0.7378245296875 0.735098940625 0.737975696875
3 0.8030190718749999 0.5569732000000001 0.9719228328125 0.5567481812499999 0.9717637437500001 0.5163886046874999 0.9714455750000001 0.47433350625 0.9714455750000001 0.42001482343749996 0.8757923125 0.4201273328125 0.764926740625 0.41979285468749994 0.76475105625 0.4819763078125 0.7645919671875 0.5570857109375 0.8030190718749999 0.5569732000000001
5 0.9074385265625 0.42958240312499996 0.9073042734375001 0.4198976703125 0.8448708625 0.419707775 0.8115157875 0.41965321875 0.81171895625 0.42958240312499996 0.8572957140625 0.429534928125 0.9074385265625 0.42958240312499996
0 0.78495223125 0.5432075000000001 0.7936257265625 0.5405524078124999 0.7999690203125 0.5368902125 0.8065712312500001 0.5313053671875 0.8117494359374999 0.52471341875 0.8143385390625 0.5181214671875 0.8147268984375 0.5107970796875 0.7640069265625 0.510893040625 0.7641099609374999 0.5450385953125 0.7730423640625 0.544947040625 0.78495223125 0.5432075000000001
0 0.738718315625 0.472865821875 0.7288188703125 0.47788555781250003 0.7220947265625 0.48237690000000005 0.7174251734375 0.48858551875 0.7146234390624999 0.49400155 0.7138021359375 0.50348090625 0.7598246843750001 0.503380528125 0.7598246843750001 0.470091759375 0.7502988015625001 0.47048805312499997 0.738718315625 0.472865821875
5 0.72796620625 0.429643059375 0.7278624953125 0.419887575 0.69726705 0.41974087656250003 0.6670765890625 0.4198666875 0.6667753046875 0.429716409375 0.68689570625 0.429716409375 0.72796620625 0.429643059375
5 0.62022486875 0.5781741921875 0.62022486875 0.551117678125 0.6199849093750001 0.53049818125 0.6059358875 0.5306809921875 0.6057072671875 0.547372228125 0.606067209375 0.5781741921875 0.62022486875 0.5781741921875
3 0.3538098828125 0.7386553328125001 0.3538098828125 0.736496209375 0.5917197703125 0.7368283812499999 0.5914849078125 0.6393821546875 0.5917197703125 0.576138103125 0.4529913828125 0.5756398421875 0.34127866875 0.575146090625 0.340893690625 0.6352416203125 0.3411285296875 0.7384892468750001 0.3538098828125 0.7386553328125001
0 0.3839383046875 0.69193966875 0.3778013078125 0.686538421875 0.370164146875 0.682294584375 0.35952668125 0.67901525625 0.3518895203125 0.677761396875 0.3408429234375 0.6775684937500001 0.34055685 0.711675975 0.391439084375 0.7118085390625 0.390757203125 0.7057321375 0.38816601875 0.6978231671875 0.3839383046875 0.69193966875
5 0.522318978125 0.7370851078125 0.5222201906249999 0.7270254890625 0.45831472968750003 0.7268857718749999 0.4085608140625 0.726878284375 0.40850581874999997 0.7372946828125 0.45169326249999997 0.7370851078125 0.522318978125 0.7370851078125
5 0.2754298828125 0.7805636 0.275357934375 0.770641459375 0.26096867343749997 0.7705905765625001 0.24748615625 0.7706295296875 0.2478744484375 0.780665365625 0.256795790625 0.7806144828125 0.2754298828125 0.7805636
0 0.309921765625 0.7446221546875 0.3046696828125 0.74675923125 0.299993175 0.7493033703124999 0.2940935796875 0.7536721656250001 0.290784046875 0.7570304296875 0.2876437125 0.7611519343750001 0.2851255921875 0.7661384453125 0.2842622359375 0.771226721875 0.2840463984375 0.7799714375 0.3343843546875 0.7798029421875 0.33402377968749997 0.7409729578124999 0.32546216875 0.7410117421875 0.3167566640625 0.742538225 0.309921765625 0.7446221546875
5 0.35470937812500003 0.762474940625 0.354558646875 0.7559246546875 0.35448327812499997 0.74755634375 0.34082733125 0.7474932265625001 0.3407666546875 0.754586340625 0.3409173859375 0.762474940625 0.35470937812500003 0.762474940625
5 0.263670734375 0.7389417375 0.2635614671875 0.7333779234375 0.2548203328125 0.7333779234375 0.24460469687500003 0.733372446875 0.2448772859375 0.7390962875 0.251870196875 0.7390962875 0.263670734375 0.7389417375
0 0.3131106265625 0.7148853875000001 0.30466367499999997 0.7094714890625 0.29489689375 0.705551078125 0.2847341578125 0.7033108453125 0.2757592734375 0.703030815625 0.275575190625 0.7385119328124999 0.3238012953125 0.7386878765625 0.3232733625 0.7306603703125 0.3198417921875 0.7222594921875001 0.3131106265625 0.7148853875000001
0 0.39558365 0.5618751671875 0.40613831093749997 0.55726935 0.41399816093749997 0.5512341468749999 0.4198369046875 0.5450401171875 0.4227562765625 0.5361461281250001 0.4229808359375 0.5285227124999999 0.37303824375 0.5285123609375 0.37267779375 0.56346338125 0.3845798546875 0.56346338125 0.39558365 0.5618751671875
5 0.422621103125 0.42966545937499995 0.4224752234375 0.41976140781250004 0.4092006453125 0.41976140781250004 0.395722759375 0.4197510734375 0.39650955468750004 0.4297686265625 0.40657490156250004 0.42966545937499995 0.422621103125 0.42966545937499995
5 0.5614536859375 0.42979367812499997 0.5614536859375 0.41978262343750006 0.549731365625 0.41978262343750006 0.5362403718750001 0.41992618281249994 0.536350228125 0.42979367812499997 0.5465243140625 0.42979367812499997 0.5614536859375 0.42979367812499997
3 0.5917766375 0.580350978125 0.5915806406249999 0.5304769890625 0.5911886359375 0.48337539218750003 0.5913846328125001 0.4199263703125 0.37280699687499996 0.41999119374999994 0.37263205625 0.49514836406249996 0.3720440421875 0.5804896015625001 0.5917766375 0.580350978125
3 0.1656674609375 0.5480472328125 0.1657653828125 0.5517727125 0.16713633125 0.5549584671875001 0.1703678453125 0.5604296546875001 0.1776104421875 0.5672166984375 0.1838776234375 0.5715105406250001 0.19318046875 0.5746962953125 0.202189540625 0.576358428125 0.208946346875 0.5767047062499999 0.20875049843750001 0.548324478125 0.2273317015625 0.5483102234375 0.2263254328125 0.5848597984375 0.28729809687499996 0.585429128125 0.2870968453125 0.5896991046875 0.34767394218750003 0.58998376875 0.3478751875 0.58031511875 0.3798743859375 0.58031511875 0.37947188125000003 0.529949325 0.3796731265625 0.47660450781249997 0.38007563125 0.4202707078125 0.22853491250000002 0.420128375 0.22853491250000002 0.43279597187499996 0.2245098546875 0.432938303125 0.2247111 0.41032735000000004 0.26496167187499997 0.4102049421875 0.26516291718749996 0.4065042984375 0.263955390625 0.4005263296875 0.2619428828125 0.3951176953125 0.25711280312499996 0.38970905624999996 0.2490626890625 0.384168053125 0.23779253906250003 0.379044078125 0.22511360468750002 0.3766244265625 0.22511360468750002 0.36395683125 0.041643046875 0.3636469515625 0.041699371875 0.4564001375 0.041797298437500005 0.5477702125 0.1656674609375 0.5480472328125
5 0.2045115359375 0.37351315 0.204234328125 0.3633188234375 0.1273067 0.3633188234375 0.0625256296875 0.3631512078125 0.06183379375 0.3738072171875 0.1189953984375 0.37361117187500004 0.2045115359375 0.37351315
5 0.33044246093749996 0.4295696765625 0.33030847812499997 0.41990443749999995 0.306324490625 0.419951815625 0.2794476890625 0.41990234375 0.279733190625 0.4295696765625 0.2978845578125 0.4294749203125 0.33044246093749996 0.4295696765625
0 0.3158509703125 0.5645636265625 0.30922758125 0.5685131140624999 0.3048119859375 0.5726462984375 0.3026041921875 0.5768713328125 0.300786003125 0.58155560625 0.300136659375 0.5852295484375001 0.300006784375 0.589913821875 0.34059268593750003 0.5897732 0.3406562046875 0.5595119562499999 0.333902940625 0.559420109375 0.32351331875 0.5614407765625 0.3158509703125 0.5645636265625
4 0.26634325937500003 0.3881204171875 0.25437030156249996 0.37900865 0.23871335781249997 0.37510360781249996 0.2120044515625 0.3731510859375 0.2120044515625 0.4128523546875 0.27094824375000004 0.4128523546875 0.271869240625 0.4011372265625 0.26634325937500003 0.3881204171875
4 0.1871375375 0.5775367218749999 0.21476744218750002 0.57948924375 0.21384644375 0.5423913375 0.157700821875 0.5430989562499999 0.1595076359375 0.556709828125 0.1696386 0.56582159375 0.1871375375 0.5775367218749999