3 0.8784265890625 0.36662049375 0.8780400203125 0.3918635890625 0.9758424 0.3921211703125 0.975649121875 0.36687807656250004 0.9899522328125 0.36662049375 0.9897589546875001 0.23996197812500003 0.9899522328125 0.1719781984375 0.93675464375 0.171205453125 0.8645248109375 0.1716307 0.8648966171874999 0.2590050609375 0.864510046875 0.36687807656250004 0.8784265890625 0.36662049375
0 0.8740700453124999 0.24102196718750002 0.8802618453125 0.2388215578125 0.8854216734374999 0.2335955921875 0.8897559328125 0.227269421875 0.8927486375000001 0.21860531718749998 0.8931614218749999 0.2091160625 0.8646799296875001 0.2092544296875 0.8644727578125 0.2415720671875 0.8701485718749999 0.2415720671875 0.8740700453124999 0.24102196718750002
0 0.8868664296875 0.2827912 0.8826353640625 0.27852791250000003 0.87685635625 0.2755023515625 0.8705613640625 0.274127096875 0.8644727578125 0.273852046875 0.8646799296875001 0.30555720000000003 0.8930582218750001 0.306033003125 0.8929550296875 0.29640621875 0.8904783109375 0.28815469375 0.8868664296875 0.2827912
3 0.67893356875 0.3670804484375 0.67893356875 0.398180221875 0.77228043125 0.39890912031250003 0.77209810625 0.367097446875 0.7781146031249999 0.3668544796875 0.7781146031249999 0.283810778125 0.7779322921875 0.23306468281249998 0.8014513078125001 0.23306468281249998 0.801268996875 0.2265045765625 0.79981045625 0.219701496875 0.7968933765624999 0.212655459375 0.791970771875 0.20609534531249998 0.78504269375 0.2022078765625 0.7784792390625 0.2012360078125 0.7784792390625 0.171351065625 0.7491214921875 0.171351065625 0.6650555984375 0.171240425 0.6650773953125 0.2277024078125 0.664895078125 0.367323415625 0.67893356875 0.3670804484375
0 0.7662639343750001 0.275792865625 0.759700478125 0.2804092421875 0.7544132515624999 0.286969346875 0.7513138484375 0.29668803125 0.750584578125 0.30737857968750004 0.7781713515625001 0.3085265671875 0.7784792390625 0.27457803593749996 0.7751975109375 0.27457803593749996 0.7662639343750001 0.275792865625
3 0.32487702500000004 0.8480211671875001 0.32487702500000004 0.7744749484375 0.3457994546875 0.77476239375 0.34493667656250004 0.763551953125 0.341916940625 0.7549486546875 0.3369559453125 0.748624828125 0.3289752265625 0.744313115625 0.3345832984375 0.7425884375 0.3391129046875 0.7379892781249999 0.3432111203125 0.7322403453125 0.3460151421875 0.7221796875 0.3460151421875 0.7144186203125 0.3255241 0.714131175 0.3250927125 0.6652651656249999 0.260672825 0.6655526109375 0.1872298796875 0.665199784375 0.1874756984375 0.7331026828125 0.1863972328125 0.8480211671875001 0.32487702500000004 0.8480211671875001
5 0.2854245 0.8482026125000001 0.2854245 0.8336245078125 0.2741487609375 0.8336245078125 0.257151359375 0.833599146875 0.25706685625 0.8483147515624999 0.2670803859375 0.8480904734375001 0.2854245 0.8482026125000001
3 0.1940777578125 0.8483739187499999 0.193904103125 0.7736485015625 0.19459867343749998 0.665418925 0.1104203546875 0.6642076828125 0.1107319734375 0.7542434421875 0.1103847 0.8486053171875 0.1940777578125 0.8483739187499999
0 0.16091307187499998 0.6809226046875 0.1643858140625 0.688327346875 0.16907401718749998 0.6950378984375 0.1754985859375 0.700591453125 0.18383316249999998 0.7015170421875 0.1841478734375 0.6642076828125 0.159871253125 0.6640305375 0.159871253125 0.67282366875 0.16091307187499998 0.6809226046875
5 0.1744567671875 0.848589121875 0.1744567671875 0.8330854437499999 0.1539676 0.8330854437499999 0.1362058859375 0.833113384375 0.1366038890625 0.84882051875 0.1511894046875 0.849051915625 0.1744567671875 0.848589121875
5 0.353080440625 0.3878648859375 0.353080440625 0.353881746875 0.3529067984375 0.307139309375 0.3411535265625 0.30706369843750003 0.3417940265625 0.328626953125 0.3417940265625 0.3878648859375 0.353080440625 0.3878648859375
0 0.24091090781250002 0.3413862421875 0.246988203125 0.337915265625 0.2520236796875 0.33143612031249997 0.255322784375 0.32356858125 0.2561909671875 0.31130447656250004 0.2282702015625 0.3108793390625 0.22840904218750002 0.3439316234375 0.23379179218749999 0.3439316234375 0.24091090781250002 0.3413862421875
0 0.279805609375 0.3945430453125 0.2721655796875 0.3899150796875 0.26504645312499997 0.3887580890625 0.2643699453125 0.4276379484375 0.28848745781249996 0.427864384375 0.2886611 0.41513748437500003 0.2857092625 0.40264198125000006 0.279805609375 0.3945430453125
3 0.0083344125 0.257834225 0.0083344125 0.2616035296875 0.009654343749999999 0.269142134375 0.013614135937499999 0.2781884640625 0.019270965625 0.284721921875 0.026059159375 0.2887425171875 0.0196480875 0.29226053125 0.015499740625 0.29577854531250003 0.0113513953125 0.30155814375 0.0090886546875 0.3098506109375 0.0089001015625 0.31864565 0.0296418296875 0.31864565 0.0296418296875 0.3601079984375 0.152018171875 0.360359275 0.17709680156250002 0.31087334218749996 0.16220046875 0.27996505625 0.16220046875 0.27318031249999997 0.1652174515625 0.2729290265625 0.17162852343749999 0.27066744374999996 0.175965425 0.26689814375 0.18030235 0.26136983125 0.1835078734375 0.2525747875 0.1833193203125 0.2420207390625 0.16220046875 0.2415181640625 0.162011915625 0.234733415625 0.1623890359375 0.1413074546875 0.098996934375 0.14105616875 0.029268132812499997 0.1406405453125 0.029264709374999996 0.202083709375 0.029264709374999996 0.257834225 0.0083344125 0.257834225
0 0.1421899515625 0.3116992 0.1420278671875 0.32271574062499997 0.144783403125 0.332652228125 0.1499703046875 0.3425887171875 0.157750646875 0.350365096875 0.1706542546875 0.32226359531250004 0.1470526734375 0.3013306890625 0.144945496875 0.3039228171875 0.1421899515625 0.3116992
0 0.2499378765625 0.180680925 0.25467991875 0.1714725015625 0.2558993015625 0.164611321875 0.25603479375 0.15793070468749998 0.22864016875 0.157623221875 0.2286664296875 0.19006989999999999 0.23611820312499998 0.1897087875 0.2442474234375 0.186278196875 0.2499378765625 0.180680925
0 0.2100758140625 0.170122746875 0.21346573593749998 0.1621300765625 0.21542145937499999 0.15274737968750002 0.215682221875 0.14058461875 0.19119688906250001 0.1413694 0.19077932656250002 0.1789841875 0.2000364265625 0.17915794062499998 0.2052516953125 0.175335359375 0.2100758140625 0.170122746875
5 0.140354640625 0.5283032015625 0.140354640625 0.5006742765625 0.1401847109375 0.4526633578125 0.1282558484375 0.45263086562500005 0.12811921875 0.4800658140625 0.128459090625 0.528076734375 0.140354640625 0.5283032015625
1 0.02421875 0.2875 0.03359375 0.06796875
1 0.3578125 0.20859375 0.0328125 0.06640625
1 0.16640625 0.43828125 0.05078125 0.03671875
1 0.1265625 0.6140625 0.03359375 0.06640625
1 0.1265625 0.725 0.0328125 0.0671875
1 0.33125 0.74296875 0.03359375 0.06796875
1 0.3147223140625 0.45465484375000004 0.3147223140625 0.5205351203124999 0.3464369015625 0.5213797390625 0.34707119375 0.4554994625 0.3147223140625 0.45465484375000004
1 0.41015625 0.53125 0.05 0.046875
1 0.28359375 0.68359375 0.05234375 0.03671875
1 0.33203125 0.60859375 0.0328125 0.06484375
3 0.3743457390625 0.23922062031250002 0.3743457390625 0.1784080578125 0.3534141109375 0.1775634390625 0.3515112359375 0.13786635 0.22914420624999998 0.1404190578125 0.22909292812499998 0.428415259375 0.3534141109375 0.4326383546875 0.3534141109375 0.2400652390625 0.3743457390625 0.23922062031250002
1 0.68046875 0.27890625 0.0296875 0.0640625
1 0.97578125 0.26953125 0.03515625 0.0640625
5 0.984375 0.22109375 0.0125 0.03359375
5 0.984375 0.31328125 0.0125 0.03125
5 0.6703125 0.22734375 0.01171875 0.04609375
5 0.6703125 0.32265625 0.01171875 0.0296875