5 0.25490287500000003 0.48128379062500004 0.25490287500000003 0.468256646875 0.23360347812499999 0.468256646875 0.199840190625 0.467619678125 0.20023441874999998 0.4804695921875 0.232538496875 0.48128379062500004 0.25490287500000003 0.48128379062500004
5 0.3642397859375 0.48169088125000004 0.363884775 0.46784955625 0.3386804953125 0.46703537187500005 0.318446078125 0.46744245624999997 0.318446078125 0.48169088125000004 0.339390490625 0.48209797343750005 0.3642397859375 0.48169088125000004
5 0.46049338906250004 0.438760671875 0.45197362500000005 0.4281761171875 0.4395489765625 0.441610359375 0.428899278125 0.45504458750000004 0.436709046875 0.465629125 0.45090864374999995 0.450159409375 0.46049338906250004 0.438760671875
5 0.5332663265625001 0.4648149265625 0.540366125 0.45585878593749996 0.5265215390625 0.43835356406250003 0.51633521875 0.4269217078125 0.50841703125 0.4371322734375 0.520841678125 0.45138069999999997 0.5332663265625001 0.4648149265625
5 0.77405586875 0.4808755015625 0.773700884375 0.468255465625 0.754531421875 0.46866256406250006 0.73606178125 0.467619678125 0.7374919203125 0.4808755015625 0.7563063718749999 0.4808755015625 0.77405586875 0.4808755015625
0 0.7449467046875 0.6178270140625 0.7392668703124999 0.623526375 0.735716971875 0.6304470421875 0.7335870375 0.63533221875 0.73117896875 0.6466907468749999 0.7602112828124999 0.6459167578125 0.7605662671875 0.6157915234375 0.754531421875 0.6145702328125 0.7449467046875 0.6178270140625
0 0.7602112828124999 0.6902904328125 0.7662461 0.702096278125 0.78612553125 0.6792987875 0.7675781171875 0.6589001375 0.7626962015625 0.66545746875 0.7584363328125 0.6784845875000001 0.7602112828124999 0.6902904328125
0 0.85570358125 0.7816469796875001 0.8628033796875 0.791010228125 0.8727431093750001 0.796302496875 0.8841027765625 0.7954882984375 0.8838778328125001 0.7621712375 0.8510887015625 0.7637346671875 0.8517986703125 0.773097915625 0.85570358125 0.7816469796875001
0 0.6096955421875 0.61741990625 0.593011 0.6145702328125 0.5926846515624999 0.6456732984375 0.61999025625 0.646323865625 0.620700225 0.63899610625 0.6153753765625 0.62474768125 0.6096955421875 0.61741990625
0 0.34752138125 0.6065411203125 0.3386466328125 0.608576609375 0.328568884375 0.6146410953125 0.3482313765625 0.638701859375 0.3688207765625 0.61590436875 0.359946028125 0.60816951875 0.34752138125 0.6065411203125
0 0.3720156921875 0.6720838875 0.3691757890625 0.6802258453125 0.3671874921875 0.6914585140625 0.39438006875 0.6912174765625 0.394735053125 0.65946384375 0.38053545624999996 0.66027804375 0.3720156921875 0.6720838875
0 0.1925277828125 0.6685198609375 0.201757515625 0.67381213125 0.2102772796875 0.67381213125 0.209567284375 0.6420584984375 0.183416184375 0.641094775 0.1843630046875 0.6522359468750001 0.187202934375 0.6620062859375 0.1925277828125 0.6685198609375
3 0.7244498953125 0.5992275421875 0.7244498953125 0.6065553015625 0.731194709375 0.6065553015625 0.7301297296875 0.6484863796875 0.767403671875 0.64360121875 0.767403671875 0.61347596875 0.7872831312499999 0.61347596875 0.787638115625 0.6053340109375 0.7784083828125 0.5910855859375 0.784798184375 0.585386209375 0.7773434015625 0.5666597125 0.7780533703125 0.554039684375 0.7862181500000001 0.5491545062500001 0.78550818125 0.5418267484375 0.7787633671874999 0.5397912578125 0.7862181500000001 0.52350734375 0.786573134375 0.5133299046875 0.7787633671874999 0.4998956625 0.7872831312499999 0.48076205781250003 0.8288169421875 0.48076205781250003 0.8284619578125 0.46936332031249994 0.8283913265624999 0.467619678125 0.7020855453125 0.4701775125 0.7027955140625 0.5145511796875 0.7240949109375 0.5137369875 0.7244498953125 0.5992275421875
5 0.6240104609375 0.3594894375 0.6170987140624999 0.3460344921875 0.5863815328124999 0.38187981249999997 0.594191328125 0.3912430765625 0.6115858140625 0.3729236796875 0.6240104609375 0.3594894375
5 0.5945463125 0.4278818859375 0.594191328125 0.39205725937499997 0.5829190265624999 0.389276084375 0.58141166875 0.43032446718750006 0.5817666796875 0.46737036718749997 0.5945463125 0.46737036718749997 0.5945463125 0.4278818859375
5 0.6950084765625 0.3643746078125 0.680808878125 0.34971908906250004 0.673473003125 0.35671770937499997 0.6889736578125001 0.3769946515625 0.7017532625 0.39165016874999997 0.7102730546875 0.38310111875 0.6950084765625 0.3643746078125
5 0.713822953125 0.431138665625 0.7134679421875 0.393278565625 0.70188209375 0.3938546078125 0.70139830625 0.42462509062500003 0.7017532625 0.467777475 0.71311293125 0.467777475 0.713822953125 0.431138665625
3 0.6871987078124999 0.6360755109375 0.686843696875 0.6140922343749999 0.7088530625 0.6132780359375001 0.7092080734375 0.48080460937499997 0.7127579734375 0.48080460937499997 0.7120480031249999 0.46737036718749997 0.7124029609375 0.3855437 0.6769039671875 0.3456481109375 0.6722890875 0.3452410125 0.6722890875 0.322443528125 0.6240104609375 0.32366481875 0.6233004921874999 0.3456481109375 0.6183306281250001 0.3456481109375 0.5817666796875 0.3875791890625 0.58247665 0.46712989218749995 0.5849615671875 0.48056412656249997 0.5860265484375 0.59504193125 0.5863815328124999 0.64666005 0.679033928125 0.6462529578125 0.6793888859375 0.6356684203125 0.6871987078124999 0.6360755109375
3 0.5519475203125 0.691033725 0.594191328125 0.6401464906250001 0.593126346875 0.46712989218749995 0.5459126750000001 0.46753700625 0.5459126750000001 0.4614305234375 0.5153835453125 0.4243846140625 0.5075737765625 0.4243846140625 0.50721879375 0.40333826406249995 0.4624900390625 0.40415246250000003 0.4624900390625 0.42410026562500003 0.4575202015625 0.42369315781249994 0.4248611109375 0.46073907500000005 0.4245061265625 0.46847392499999996 0.3953969484375 0.467944090625 0.3953969484375 0.52127390625 0.3957519328125 0.69225503125 0.49834404374999997 0.6930692140625 0.5519475203125 0.691033725
3 0.350692175 0.6914437718750001 0.403940665625 0.6914437718750001 0.403230696875 0.5998467640625 0.403230696875 0.46876123593749996 0.28196021875 0.467110953125 0.2832440859375 0.6153164796875 0.32584287968750003 0.6140951890624999 0.350337190625 0.640963659375 0.350692175 0.6914437718750001
0 0.26545624375 0.663957278125 0.259421425 0.671285053125 0.255871525 0.6765773375 0.2548828046875 0.6909497890625 0.28214078593749997 0.6908257640625 0.2824957703125 0.658665025 0.275395971875 0.6594792078125 0.26545624375 0.663957278125
3 0.20261755781250002 0.6735066015625 0.212467103125 0.676682875 0.2106203171875 0.651272734375 0.2161607 0.651272734375 0.235859790625 0.6742124546875 0.23801439531250002 0.6900938 0.2915713546875 0.69150548125 0.28972454375 0.466696203125 0.1432270625 0.4684469703125 0.14352021406249998 0.65056688125 0.1847652296875 0.6516256484375 0.187843215625 0.6643307187499999 0.20261755781250002 0.6735066015625
1 0.48515625 0.41875 0.0453125 0.03359375
1 0.5322654 0.664428 0.5527343796874999 0.6868799906249999 0.5895179734375 0.644085303125 0.568658509375 0.6237426078125 0.5322654 0.664428
1 0.6484375 0.3421875 0.05 0.0375