3 0.630999425 0.598705353125 0.6262652625 0.6040535578124999 0.6421311125 0.63024131875 0.6407236578125 0.6304257390625 0.6406494046875 0.6662898265625 0.661639853125 0.6667625515625 0.661639853125 0.6705443703125 0.6711511546875 0.6700716296875 0.8102166046875 0.6719267531249999 0.8102166046875 0.597471490625 0.846021609375 0.5641577453125 0.846021609375 0.49642877656250006 0.8100901421875 0.46272990312499995 0.8100901421875 0.38593690468749997 0.6897391328125 0.38593690468749997 0.6403343515625 0.3859313453125 0.6409795578125 0.5946480953125 0.634837940625 0.596676725 0.630999425 0.598705353125
0 0.653776115625 0.4344491265625 0.65897075 0.43041752187500004 0.6632862890625 0.425118840625 0.667122325 0.4181003890625 0.6698395203125 0.40807896875000005 0.6707186109375 0.395984153125 0.640438221875 0.3962316640625 0.640509825 0.43698327968750006 0.64842165 0.436522525 0.653776115625 0.4344491265625
5 0.8459136624999999 0.5528330796875001 0.8459136624999999 0.5390742859375 0.8459136624999999 0.5077290171875 0.8359414359375 0.5076871109375001 0.8360714218749999 0.5283065359375 0.8360714218749999 0.5528330796875001 0.8459136624999999 0.5528330796875001
5 0.8124737546875 0.5951110359375 0.8265849203125001 0.5819624140624999 0.8396881484375 0.5695709531250001 0.8339195921875 0.5569139609375 0.8194699109375 0.5708408671874999 0.8069595906249999 0.5830614093750001 0.8124737546875 0.5951110359375
5 0.8396880078125 0.49005767968749997 0.8264069140625001 0.477666221875 0.8125925578125001 0.46494242343750003 0.8069002984375 0.47699451562500006 0.818521259375 0.488360475 0.834114690625 0.5031328078125 0.8396880078125 0.49005767968749997
5 0.671882521875 0.8431793093750001 0.671882521875 0.7642147921875 0.671882521875 0.70933129375 0.6611830999999999 0.70913269375 0.6612785421875 0.773395625 0.661519540625 0.8433529921874999 0.671882521875 0.8431793093750001
0 0.620067625 0.676045134375 0.6281411046875001 0.6673610390625 0.6399500875 0.6525980703125 0.6398295843749999 0.646345521875 0.613596946875 0.6463171828125 0.6133196375 0.6558980296875 0.6153681328125 0.6661452640625 0.620067625 0.676045134375
3 0.8104893343749999 0.394949390625 0.8103472359375001 0.3607442828125 0.846157415625 0.32678700312500003 0.846157415625 0.25820925 0.8099230171875 0.224618603125 0.7208343453125 0.22441378437499998 0.7204080296875001 0.218473975 0.7188448875 0.21089560000000002 0.714723871875 0.2024979375 0.695824059375 0.22481051093749999 0.6406030671875 0.22451242031250002 0.640542125 0.25125105468750003 0.6402579187499999 0.394949390625 0.8104893343749999 0.394949390625
0 0.6649839984375 0.3486598421875 0.6568840765624999 0.3408766453125 0.6499209828125 0.3382139734375 0.6396895 0.3371898671875 0.64028668125 0.378521690625 0.6710944624999999 0.378973353125 0.6712365703125001 0.3695515875 0.668820796875 0.358491253125 0.6649839984375 0.3486598421875
5 0.8460651374999999 0.31539285 0.8460651374999999 0.29109830312499996 0.845992128125 0.27015654218749996 0.8356760875000001 0.2700228140625 0.835843521875 0.29308303593749996 0.835843521875 0.31528761250000004 0.8460651374999999 0.31539285
5 0.839491415625 0.2529274703125 0.8250351281249999 0.23840504375 0.81262595625 0.2269880640625 0.807076971875 0.23987833281249998 0.821165515625 0.2537693484375 0.8338695265625 0.265871371875 0.839491415625 0.2529274703125
5 0.8129152124999999 0.3579835484375 0.8243780234375 0.347166440625 0.839856475 0.33211784375 0.8339868906250001 0.31930454375 0.8219686421875 0.33104339843749997 0.8070742890625 0.344934415625 0.8129152124999999 0.3579835484375
3 0.439375140625 0.408025040625 0.58339845 0.4078029671875 0.58339845 0.3713983375 0.58339845 0.2746361265625 0.58339845 0.22048109375 0.5981895640625 0.19405425468749998 0.5932591953124999 0.1887244734375 0.5892532593750001 0.18650373125 0.5838606671875 0.1847271390625 0.5838606671875 0.1363460328125 0.4995018578125 0.136123959375 0.43389780624999996 0.1355205921875 0.43336625156249997 0.17010131875 0.43321217812499996 0.408025040625 0.439375140625 0.408025040625
5 0.4709310890625 0.1500065171875 0.4709310890625 0.13561456249999998 0.46024284531250004 0.13561456249999998 0.44477324218750003 0.1352729984375 0.444632375 0.15031057187500002 0.45461745000000003 0.15010786874999998 0.4709310890625 0.1500065171875
0 0.4601725265625 0.3691796375 0.455531575 0.374247228125 0.451593803125 0.3811391484375 0.44885142031249997 0.388132421875 0.44730443593749997 0.39522705 0.4470934875 0.3992793515625 0.4470231671875 0.4078942546875 0.4750172703125 0.40757379687500006 0.47529077031250005 0.36451745625 0.46938410625 0.36451745625 0.464110303125 0.3662404359375 0.4601725265625 0.3691796375
5 0.616026525 0.1500014984375 0.6159731703125 0.1357758953125 0.6033293390625001 0.1357758953125 0.5883864515624999 0.1356825859375 0.588658221875 0.15015529218749998 0.5978876875 0.15007839375 0.616026525 0.1500014984375
5 0.19902656875 0.2575487125 0.1991838796875 0.22128481875 0.19886924687500002 0.175935121875 0.1881253765625 0.176011996875 0.1880143625 0.19587312031249998 0.1883290078125 0.257775459375 0.19902656875 0.2575487125
3 0.25492975625000003 0.46505301093750007 0.25156676093749997 0.46768437343749997 0.2492607 0.47156217187499994 0.2654030875 0.4977372921875 0.2615596609375 0.4978660921875 0.2615596609375 0.5089455078125 0.26115639218750003 0.508892628125 0.18823171875 0.5084434421874999 0.18823171875 0.659307371875 0.3496422953125 0.6597565578125 0.3499539265625 0.5582717484375 0.34465598750000004 0.5582717484375 0.3451917484375 0.4761743890625 0.3835808046875 0.4758230765625 0.390893009375 0.483903296875 0.402105059375 0.49655059687499997 0.4040549734375 0.4923348296875 0.40551740937499997 0.48776775 0.40722359218750004 0.4817954140625 0.4083204328125 0.4759987328125 0.44083404843749996 0.47612144218749997 0.44048261718750004 0.3991713421875 0.37582571875 0.3991713421875 0.26057015 0.398722471875 0.261463578125 0.4622831609375 0.2579084109375 0.46339109843750004 0.25492975625000003 0.46505301093750007
5 0.19885040468749998 0.6298179421875 0.19885040468749998 0.577837596875 0.198770921875 0.549899821875 0.1880807109375 0.5498745656249999 0.18835845 0.575889996875 0.1885969 0.6295888125 0.19885040468749998 0.6298179421875
0 0.4191217984375 0.44266668749999993 0.4268061421875 0.44874751562500004 0.43373711562499995 0.4507020703125 0.44021606562500004 0.4509192421875 0.441226509375 0.4085102703125 0.40887601093750003 0.4087877640625 0.410232065625 0.42333832656250003 0.41384823125 0.4344141265625 0.4191217984375 0.44266668749999993
0 0.4808978703125 0.5296920859375 0.4745695875 0.5253486328125 0.46718659999999995 0.5229597390625 0.46176235625000006 0.52230821875 0.4616129546875 0.57132946875 0.49310240937499994 0.5718235671875 0.4918970265625 0.5514093421874999 0.48692480624999995 0.537944646875 0.4808978703125 0.5296920859375
4 0.44398423124999997 0.26708385 0.44449929375 0.22256987343749998 0.44449929375 0.182507296875 0.43059259531249994 0.17879779843750002 0.42904740625000004 0.206248084375 0.42853234375 0.238149765625 0.42853234375 0.26708385 0.42904740625000004 0.3687240921875 0.44192397968749997 0.3687240921875 0.44295410625000003 0.3078883265625 0.44398423124999997 0.26708385