3 0.9103515515625 0.5551344312500001 0.9099908609374999 0.6366594390625 0.9448577453125001 0.6363762296875 0.9507490484375 0.651669603125 0.95760219375 0.6678126062499999 0.9600068078125 0.6612987625 0.9616900312500001 0.6533688625 0.96301256875 0.63694265 0.9977592187500001 0.6366594390625 0.997398540625 0.4430424984375 0.997518765625 0.33973009374999996 0.9656606890624999 0.33973009374999996 0.9586873078125 0.323870296875 0.95688385 0.32953451093749997 0.955801765625 0.33633156249999996 0.9553208453125 0.3309505640625 0.9530364656250001 0.323870296875 0.9458226249999999 0.3400133046875 0.9096700328124999 0.340015040625 0.9096301703125 0.3493790765625 0.9104717828125001 0.34994549531249997 0.9103515515625 0.5551344312500001
0 0.9255790749999999 0.5826571781250001 0.9225522671874999 0.575667140625 0.9192880578124999 0.5717527234374999 0.9153116609374999 0.5696557109375 0.9128189953125 0.569096509375 0.9102136078124999 0.5700292484375 0.9103263265624999 0.6108969234375 0.9128189953125 0.6113163234375001 0.9197628531250001 0.5969168515625001 0.9255790749999999 0.5826571781250001
5 0.964697140625 0.8328336999999999 0.964697140625 0.822162296875 0.9547410078125 0.8220382109375001 0.942161690625 0.822011015625 0.9424143703125001 0.832957784375 0.9498946374999999 0.832957784375 0.964697140625 0.8328336999999999
3 0.9129046234375 0.40551432031249995 0.9129739421874999 0.348886153125 0.9136671671875 0.348886153125 0.9134591984375 0.27658192187499997 0.8421969359375 0.275275584375 0.8421276125 0.2625387796875 0.8067577671875 0.2625387796875 0.8068270875 0.2762553375 0.7699526015625 0.27658192187499997 0.72969736875 0.2766432125 0.7300927125000001 0.550351234375 0.9129790124999999 0.5510365562499999 0.9129046234375 0.40551432031249995
3 0.7185395421874999 0.7766493703124999 0.761248396875 0.777268465625 0.7611169890625 0.6309169421874999 0.7300973546875 0.6315360375 0.6483464437500001 0.630594125 0.6479654328125 0.6887808765625001 0.6480968484375 0.7760302640625001 0.7185395421874999 0.7766493703124999
0 0.7339368875 0.65851790625 0.736702190625 0.6662924875 0.742901815625 0.6512686390625 0.7487000312500001 0.6368751625 0.74874463125 0.632042315625 0.729566271875 0.6321159890625 0.73032415625 0.6423383796875 0.7317068078125 0.6496927125 0.7339368875 0.65851790625
5 0.7004759671875 0.7774668375 0.7004313671875 0.7673809015625 0.6900837906249999 0.7672758390625 0.6782467750000001 0.7672445875 0.6783535609375 0.7774668375 0.6876753 0.7775719 0.7004759671875 0.7774668375
5 0.652339034375 0.6166122296875 0.652339034375 0.5978324625 0.6522851125 0.5639206765625 0.6481120453125 0.5639530703125 0.6479176421874999 0.5863837453125 0.647863725 0.6163582062499999 0.652339034375 0.6166122296875
3 0.4609917859375 0.65804140625 0.5101416859375 0.6586422640625 0.5195795875 0.6806735328125 0.5206849265625 0.6760669953125 0.5218752953125 0.671059884375 0.5232357140625 0.6650513609375001 0.5236608421875 0.6692573234375 0.5250212609375 0.6744647203125 0.5268918359375 0.6804732421875 0.53607374375 0.658241696875 0.5844536171875 0.6584419796875001 0.58436859375 0.507926334375 0.58436859375 0.4184553453125 0.548578603125 0.4184553453125 0.526728959375 0.41805477187499995 0.49128764062499997 0.41848561406250007 0.490828265625 0.3910723625 0.4615203640625 0.3897548546875 0.4615869703125 0.650630890625 0.46090676249999996 0.65043060625 0.4609917859375 0.65804140625
0 0.48007151718749996 0.42555956406249995 0.482962403125 0.415945921875 0.4844928734375 0.407734265625 0.48542816093749996 0.398521190625 0.48534313281249997 0.3891078328125 0.46727555625 0.38885217656250004 0.467572675 0.3961177796875 0.472164084375 0.4081348328125 0.48007151718749996 0.42555956406249995
5 0.570676634375 0.6587944109375 0.5705878578125 0.6481293171875 0.5609555609375 0.6481293171875 0.5488332578125 0.6479454015624999 0.5488375109375 0.658376171875 0.5566498796875 0.6584807328125 0.570676634375 0.6587944109375
5 0.496096403125 0.6581085203125 0.496051728125 0.6479010546875 0.48613416875000004 0.6477958234375001 0.4739785890625 0.64782869375 0.47393825312500004 0.6582137515625 0.4828729921875 0.6582137515625 0.496096403125 0.6581085203125
5 0.5846725171875 0.407687296875 0.5846725171875 0.3879332640625 0.5847435890625 0.35445185 0.580238440625 0.354465984375 0.5804794546875 0.3775540234375 0.5803373171875 0.407687296875 0.5846725171875 0.407687296875
3 0.5274049375 0.268738159375 0.5288513640625 0.279243515625 0.532949565625 0.2906006671875 0.5386147359375 0.27668815625 0.5442799078125 0.261072078125 0.583574471875 0.261923871875 0.5836950109375 0.15096736093750002 0.583574471875 0.020155717187499998 0.535355246875 0.020439645312499997 0.5261945453125 0 0.5240249046875001 0.0036878546875 0.5220963421875 0.013341431249999999 0.5216142031250001 0.0105021421875 0.519806171875 0.00312 0.5179981328125 0 0.5084758296875 0.020439645312499997 0.483992509375 0.0210390921875 0.4692261984375 0.0210390921875 0.4600205640625 0.020155717187499998 0.45977949375 0.089354834375 0.4498955859375 0.11320485 0.452908971875 0.1174637765625 0.45652504218749995 0.12172270781250001 0.45327058124999997 0.1248459234375 0.4498955859375 0.1305245 0.460261634375 0.15380665 0.4603821734375 0.1580655765625 0.46074378281249995 0.289161146875 0.4910835515625 0.288752653125 0.4906381296875 0.261356015625 0.526681721875 0.2596524390625 0.5274049375 0.268738159375
0 0.47963340781249997 0.2516825671875 0.47312449062499995 0.267014709375 0.4673387875 0.28319865312500003 0.46709771718750004 0.28887722031249996 0.4851663828125 0.28812840624999997 0.485057503125 0.2758165015625 0.48385214843749996 0.26559507031249996 0.4815619765625 0.25650935 0.47963340781249997 0.2516825671875
5 0.5846340359375 0.3251997 0.5847029234375001 0.299237175 0.5845651515625 0.2724633265625 0.580074309375 0.27240668437500004 0.5800875421875 0.2990749109375 0.5798808875 0.3248751703125 0.5846340359375 0.3251997
5 0.420206996875 0.8309288234375 0.42007259843750006 0.81889855625 0.4113366375 0.8187402625000001 0.3979239875 0.8187458734374999 0.39796389374999996 0.83077053125 0.40609505781250005 0.831087115625 0.420206996875 0.8309288234375
5 0.45348467968749995 0.8307491640625001 0.4533959 0.8190384749999999 0.44256511718749997 0.8190384749999999 0.4316945859375 0.8192097703125001 0.4318674953125 0.8306446062499999 0.44078957812499997 0.8306446062499999 0.45348467968749995 0.8307491640625001
3 0.3768505375 0.50144705625 0.3767626734375 0.6543065359375 0.46383222812499997 0.6563761765625 0.4632172 0.501047615625 0.4635686453125 0.4327929515625 0.46330505781250003 0.3632965015625 0.4630414765625 0.2671161875 0.464095815625 0.2669092234375 0.46400795625 0.258837625 0.434503934375 0.2586306625 0.42835360468749994 0.24248747499999998 0.4241362296875 0.23607158906249998 0.4208853421875 0.2505590703125 0.418600934375 0.2416596171875 0.41675583125 0.23607158906249998 0.40744247187499993 0.2582167359375 0.377060165625 0.2578498 0.3770262609375 0.33225190625 0.37711411875 0.38085947343750004 0.3768505375 0.50144705625
0 0.448239253125 0.3464479734375 0.45115199375000004 0.3517844234375 0.45374110312499993 0.355596171875 0.45891931562500005 0.3607420296875 0.46385479687500003 0.3607420296875 0.463887775 0.3176475203125 0.46094205156249995 0.3176692765625 0.4554402015625 0.329104521875 0.448239253125 0.3464479734375
3 0.0022983640624999998 0.57886275 0.0022983640624999998 0.65803953125 0.0516248421875 0.657476384375 0.05457339375 0.66573589375 0.06118771562500001 0.68037775 0.063020596875 0.6717428109375 0.0646144109375 0.6627324328124999 0.0654113203125 0.6691147796875 0.0670051328125 0.6749339796875 0.0685989453125 0.68000231875 0.0776816609375 0.6578518156250001 0.11856294375000001 0.6576641000000001 0.1182441828125 0.6117262015625 0.1182441828125 0.3971103625 0.11840356249999999 0.3337017296875 0.11816449531249999 0.25885555 0.0982392328125 0.25923098906250003 0.0981595453125 0.220199175 0.08119109375 0.220386890625 0.0747361546875 0.204243303125 0.066767090625 0.186222559375 0.064854515625 0.191478609375 0.0621450328125 0.20011355000000003 0.06047153281249999 0.21006250468749998 0.058877718749999995 0.2004889796875 0.057443287499999995 0.1937312015625 0.054654115625 0.18641027500000001 0.04038949375 0.220199175 0.0224912234375 0.2200102296875 0.022539778125 0.25884241874999997 0.0022983640624999998 0.25846698125 0.0022983640624999998 0.57886275
0 0.10293983124999999 0.348260159375 0.10644565624999999 0.35486670625 0.1104614171875 0.359971765625 0.11422220937500001 0.362073846875 0.11849294375 0.36267444531250004 0.11843610156249999 0.3205644078125 0.1156245390625 0.320332484375 0.11020644843750001 0.33159364375 0.10293983124999999 0.348260159375
0 0.11084386875 0.5712236390625 0.108294178125 0.5736260171875001 0.1055532625 0.5776800359375 0.10313105468749999 0.5829352453125 0.10848540625 0.595848040625 0.11607073593749999 0.61236440625 0.11842919999999998 0.61236440625 0.11850621875 0.5698028734375 0.1158795078125 0.5691215546875 0.1135210453125 0.5694218515625 0.11084386875 0.5712236390625
5 0.21167269218749998 0.2683562 0.22649414375000002 0.2681379953125 0.22640150781249999 0.258100559375 0.21528541875 0.258100559375 0.20426223124999998 0.25811831406249997 0.20426196874999997 0.258427865625 0.204308284375 0.26846530625 0.21167269218749998 0.2683562
5 0.2631526484375 0.26832425625 0.2631082609375 0.258391084375 0.253520353125 0.25828652343749997 0.2407277890625 0.2582902296875 0.2407808625 0.2686379375 0.2494366109375 0.2684288203125 0.2631526484375 0.26832425625
5 0.3388806453125 0.2683168046875 0.33879186875 0.257965390625 0.326585040625 0.25806995 0.3165090390625 0.2580603453125 0.31628691875000003 0.2686304828125 0.3234778484375 0.268212240625 0.3388806453125 0.2683168046875
5 0.3734774796875 0.26808764687500003 0.37338870625 0.258154475 0.3678401484375 0.258154475 0.3516652890625 0.2582902296875 0.351638359375 0.26840132968749997 0.359717059375 0.2682967703125 0.3734774796875 0.26808764687500003
1 0.0829337171875 0.2301028390625 0.08308645 0.22183351875 0.0757552921875 0.20709255468749999 0.067507740625 0.1867787890625 0.061092978124999996 0.20924977031249997 0.054830948437500006 0.1883967 0.0397104359375 0.22435026875 0.03986316875 0.2239907328125 0.038794040625 0.22974330312500002 0.0829337171875 0.2301028390625
1 0.0649178203125 0.6661996453125 0.06861420781250001 0.681427065625 0.080165421875 0.6569544265625 0.0806274703125 0.649340715625 0.056138898437499994 0.6482530421875 0.0489771453125 0.6482530421875 0.052673534375 0.6634804625 0.05844914062499999 0.678707884375 0.061452456249999995 0.6776202109375 0.0649178203125 0.6661996453125
1 0.29649704374999997 0.5613845656249999 0.30345191250000003 0.547597684375 0.3089425984375 0.5286407234375 0.2776456890625 0.5273482031250001 0.276730575 0.5282098828125 0.28679683125 0.556214484375 0.29009124375 0.5613845656249999 0.2926535640625 0.5450126453124999 0.29649704374999997 0.5613845656249999
1 0.3036778703125 0.26779509375 0.3035916234375 0.2584557640625 0.29919299375 0.24850735 0.294104384375 0.2365286453125 0.290050746875 0.2505376390625 0.2896195078125 0.24688311875000002 0.286428346875 0.236731675 0.2768548609375 0.2588618234375 0.27694110781250003 0.2598769671875 0.27702735624999997 0.26759206406249997 0.3036778703125 0.26779509375
1 0.1704930109375 0.26798039375 0.170360021875 0.2585885578125 0.1666363046875 0.24825753750000001 0.1599868125 0.232291415625 0.15613010624999998 0.25013590625000004 0.15267236875 0.23354366093749998 0.1446929765625 0.25326651718750004 0.14229915937499998 0.2598408015625 0.1417672 0.2670412109375 0.1704930109375 0.26798039375
0 0.31211150625 0.8731149968749999 0.3123824359375 0.863548359375 0.3094022046875 0.8367617781250001 0.30181616093749997 0.8125263 0.28637314375 0.8482417421875 0.2790580296875 0.8660994625 0.2793289609375 0.873752771875 0.31211150625 0.8731149968749999
1 0.437405890625 0.266917809375 0.43263552499999997 0.24964157656250002 0.42492954843749997 0.23150152968749999 0.420893084375 0.24877776406250002 0.417223571875 0.22977390625 0.41025149843750003 0.2505053875 0.4069489375 0.25568825781250004 0.40768283906249997 0.26778162031249997 0.437405890625 0.266917809375
1 0.20313563750000002 0.428562890625 0.20997983125 0.40858477187500003 0.2039569421875 0.3989179390625 0.21052736562500002 0.39440675000000003 0.21107490156250003 0.386673284375 0.1965652140625 0.361539521875 0.19601767812499998 0.3782953625 0.1962914453125 0.4401630890625 0.20313563750000002 0.428562890625
1 0.5264156046874999 0.6797907796875 0.5346839109375 0.6639313984374999 0.5389711828125 0.6487928968750001 0.523965734375 0.6466302546875 0.5092665203125 0.645909371875 0.507735353125 0.6466302546875 0.5132475578125 0.6689775640625 0.5187597625 0.6797907796875 0.5224345671874999 0.665373159375 0.5264156046874999 0.6797907796875
1 0.4478417484375 0.13153148125 0.4541434609375 0.1483437765625 0.4642498625 0.16155245625 0.4654865453125 0.1374652328125 0.46601602968750006 0.0985945140625 0.46677295937499996 0.081370171875 0.4633859734375 0.0741718890625 0.452042890625 0.0959289765625 0.4461612921875 0.10977439375 0.45372334687500004 0.12065293749999999 0.4478417484375 0.13153148125
5 0.492987578125 0.0179899484375 0.4862520671875 0.0179899484375 0.47809173749999995 0.0173801203125 0.4752420984375 0.0176850328125 0.469801878125 0.018294862500000002 0.4696723484375 0.03171109375 0.4797756140625 0.032016009375 0.492987578125 0.0314061796875 0.492987578125 0.0179899484375
5 0.57597144375 0.0311994859375 0.575618953125 0.020246475 0.5635637359375 0.019914565625 0.55320048125 0.020246475 0.553270978125 0.0204124296875 0.5530594828125001 0.0308675765625 0.5564434031250001 0.0311994859375 0.571318553125 0.0311994859375 0.57597144375 0.0311994859375
1 0.8373141796875 0.5395935765625001 0.8320374328125 0.5241908125 0.8254942671875 0.5137566828125 0.8219060796875001 0.532140625 0.8172625421875 0.5132598203125001 0.8060758390625 0.5395935765625001 0.80586476875 0.552015159375 0.8390027390625001 0.5500277062500001 0.8373141796875 0.5395935765625001
1 0.8298357609375 0.31316344375 0.8391643156249999 0.2931133453125 0.8432202078125 0.273063246875 0.8432202078125 0.2625608140625 0.8063115796875 0.2654251140625 0.8063115796875 0.2682894140625 0.814423365625 0.303615778125 0.82334633125 0.31602774375 0.8249686890625 0.295022878125 0.8298357609375 0.31316344375
1 0.53782010625 0.030076273437500002 0.5370969062500001 0.019294214062500002 0.5269720999999999 0 0.522632896875 0.012484490625 0.517811559375 0 0.5084099531249999 0.024968982812500002 0.5084099531249999 0.025536459374999997 0.5084099531249999 0.030076273437500002 0.53782010625 0.030076273437500002