3 0.8543619109374999 0.8723888375 0.8543619109374999 0.847890625 0.854458203125 0.7841861359375 0.8084397125 0.7840475625 0.76304991875 0.7840749640625 0.7629889750000001 0.8062191375 0.7632778421874999 0.8724276312500001 0.8543619109374999 0.8723888375
0 0.7778481937499999 0.8068007749999999 0.781360834375 0.8018392046875 0.7835724921875 0.7954734171875 0.784418128125 0.7895757015625 0.784418128125 0.7836779890625001 0.766790071875 0.783470121875 0.7665947453124999 0.811749240625 0.773880215625 0.810064178125 0.7778481937499999 0.8068007749999999
5 0.8319457343750001 0.872523071875 0.8319457343750001 0.8630377328125001 0.8159187781250001 0.8627647749999999 0.7959610625 0.862619071875 0.796003625 0.8726595515625 0.8052499453124999 0.8725913125 0.8319457343750001 0.872523071875
3 0.7672555375 0.8723584734375001 0.7670595421875 0.7918554953125 0.7672555375 0.7399831906250001 0.7060148749999999 0.739884046875 0.70629871875 0.817242303125 0.7059067140625 0.8724995124999999 0.7672555375 0.8723584734375001
0 0.7402071734375 0.752263353125 0.7425592046875 0.7583279796875 0.745891253125 0.7631232640625 0.7529473484375 0.7686237375 0.7580434203124999 0.7686237375 0.7580838484375 0.73941891875 0.7395211703125 0.7394289125 0.73961916875 0.7459166515625 0.7402071734375 0.752263353125
5 0.74786835 0.8727899656250001 0.74786835 0.8627475 0.7375236296875001 0.8624832250000001 0.72633459375 0.8624631875000001 0.7265055890625 0.8729661484375001 0.7342182187499999 0.8727899656250001 0.74786835 0.8727899656250001
5 0.6899110609375 0.8724470671875 0.6898600578125 0.8628319203125001 0.6808328359375 0.8627585218749999 0.67211180625 0.8627907921875 0.6721116203124999 0.8725938624999999 0.6779257640624999 0.8725204640625 0.6899110609375 0.8724470671875
0 0.6866979828125 0.7535407296875001 0.6881260171875 0.75721063125 0.6914920999999999 0.7622750968750001 0.6950111859375 0.765871603125 0.6994992984375 0.7677799515625 0.70291638125 0.7677799515625 0.7027997796875 0.740308690625 0.6859329609375 0.7400354859375 0.68613696875 0.7485496609375 0.6866979828125 0.7535407296875001
0 0.7912644953125 0.73006063125 0.7946563796875 0.7278911203125 0.797445259375 0.724962278125 0.8004602671875001 0.719104603125 0.8019677656249999 0.713029971875 0.8024200203125 0.7061960125 0.783878159375 0.706315925 0.78380235625 0.730711484375 0.787872615625 0.730711484375 0.7912644953125 0.73006063125
5 0.8545634421875 0.7795991765625 0.8545634421875 0.7693232296875 0.8545634421875 0.7569302578125 0.8482473203125 0.7569610250000001 0.8484378343750001 0.7645231906250001 0.8483934484375 0.7795352953125 0.8545634421875 0.7795991765625
3 0.854595859375 0.7052381671875 0.854595859375 0.651930409375 0.8544923343749999 0.5956428125000001 0.7799959453125 0.5955486999999999 0.7795379359375 0.65356931875 0.7795379359375 0.7053871593750001 0.854595859375 0.7052381671875
5 0.8355676687500001 0.60503755625 0.8354331687500001 0.595068990625 0.8194949359375 0.5952625546875 0.805978034375 0.5952803359375001 0.8061122015625 0.6051343375 0.8168721890624999 0.6054246828125 0.8355676687500001 0.60503755625
0 0.794790275 0.6789126343749999 0.7908939890625 0.6752200171875 0.78623745 0.6727582703125 0.779205128125 0.6723479796875 0.7794335046875001 0.6980674484375 0.798876628125 0.6981963125 0.798686565625 0.6910846 0.7974511515625 0.6843831828125 0.794790275 0.6789126343749999
5 0.7704413640625 0.60489365625 0.7704413640625 0.5959502750000001 0.7604539625 0.5957586312500001 0.7481496640625 0.5956548453125 0.7481583578125 0.6050853 0.755793171875 0.6049575375 0.7704413640625 0.60489365625
3 0.737988134375 0.7136878328125 0.737988134375 0.6577734937499999 0.738072828125 0.5958958828124999 0.7108903125 0.5955302640625 0.654329553125 0.5954040203125001 0.6538954578125 0.6552141484375 0.6539801421875 0.7128347171875 0.737988134375 0.7136878328125
5 0.7162183359375 0.60500545 0.7161611234375 0.595537115625 0.7012924046875 0.5956194484374999 0.6772188124999999 0.595198959375 0.6771438812499999 0.6050877859375 0.691103128125 0.6050877859375 0.7162183359375 0.60500545
0 0.70958196875 0.685958090625 0.7063209968749999 0.6867814234375 0.7036893359375 0.6885927578125 0.7014581453125001 0.690733425 0.698940903125 0.694026759375 0.6971673921875 0.6976494265625 0.6956227203124999 0.7022600953125 0.6948217828125001 0.7081880953125 0.694878990625 0.7139514328125001 0.7128950390625 0.7135848234375 0.7129573609375 0.7137044312499999 0.713186203125 0.685958090625 0.70958196875 0.685958090625
3 0.6006676984375 0.7462453140624999 0.6013509515625 0.7531284203124999 0.6049949859375 0.7605031828125 0.61114428125 0.7662391078125 0.6168380828125 0.767058528125 0.6169519546875 0.746409196875 0.65407550625 0.745753659375 0.65407550625 0.7483758 0.66011093125 0.7482119171875 0.6598831796875 0.69497268125 0.6598831796875 0.62110705625 0.6597693 0.546585896875 0.6295966125 0.546585896875 0.5673410671875 0.5464395078125001 0.5676466312499999 0.6840039515624999 0.5676466312499999 0.7467369640625 0.6006676984375 0.7462453140624999
5 0.5873982437499999 0.55514050625 0.587332059375 0.5459015640625 0.5824345140625 0.54580631875 0.5776961390625 0.5460488109375 0.5778017 0.555331 0.581838865625 0.555045259375 0.5873982437499999 0.55514050625
5 0.6247549703125 0.555166028125 0.624706609375 0.5459793703125 0.620160834375 0.546048965625 0.6159636203125001 0.546038584375 0.6160019328125 0.555166028125 0.6194354453125 0.555166028125 0.6247549703125 0.555166028125
0 0.6504647609374999 0.71436185 0.6468516625 0.7170147874999999 0.643459775 0.7215778421875 0.641026465625 0.72709595625 0.63955173125 0.7333568890625 0.6396254703124999 0.740042296875 0.6601766625 0.7398407859375 0.6602717375 0.7133006734375 0.6542990671875 0.7131945562500001 0.6504647609374999 0.71436185
5 0.6114263703125 0.847902809375 0.611329953125 0.8369411781249999 0.5991816703125 0.8370799312500001 0.583437575 0.8372738640625 0.58365885625 0.8477640546874999 0.59532506875 0.847902809375 0.6114263703125 0.847902809375
5 0.646763125 0.8474756812500001 0.6466667078125 0.8373465765624999 0.63577181875 0.8373465765624999 0.6246942328125 0.837426396875 0.62468409375 0.8476144359375001 0.6343255953125 0.8476144359375001 0.646763125 0.8474756812500001
3 0.5085048234375 0.8725962 0.5085048234375 0.827607190625 0.5085048234375 0.731125984375 0.44763235312500005 0.7309232046874999 0.3839442234375 0.7307505859375001 0.3833813921875 0.7970014484375 0.383663209375 0.8730017671875 0.5085048234375 0.8725962
0 0.3909166 0.7636395406250001 0.3948092796875 0.7612038390625 0.39836345624999997 0.756332434375 0.40039441875000004 0.7519481734375 0.40174839375 0.7459807078125 0.4018330203125 0.7395261 0.383436246875 0.7396944484375 0.383300496875 0.7641266796874999 0.3876162890625 0.763883109375 0.3909166 0.7636395406250001
5 0.43652888437500004 0.872653225 0.4364324703125 0.8630790828125001 0.425682134375 0.8629403281249999 0.409658 0.8627425140625 0.40967715312499997 0.8728613578125 0.42047569687499997 0.8727919796875 0.43652888437500004 0.872653225
5 0.49175225625 0.8726417171874999 0.49170239687499995 0.863242409375 0.4846726421875 0.863385909375 0.47549437812499995 0.8630633140624999 0.47564863281249997 0.8727134671875 0.482977525 0.8726417171874999 0.49175225625 0.8726417171874999
0 0.501797853125 0.7634475984375 0.4978331765625 0.7651493078125 0.495398725 0.767551721875 0.4926164953125 0.7712554421875 0.49046026718749997 0.77586006875 0.489138709375 0.7812655000000001 0.4887909296875 0.7876719375000001 0.5086637015625 0.7877941953125001 0.50882298125 0.7633474984374999 0.5056929718750001 0.7634475984375 0.501797853125 0.7634475984375
5 0.49302361718750004 0.6051643296875 0.49312182499999996 0.5949877640625 0.482318490625 0.5949877640625 0.4688838890625 0.5951109921875 0.46896164218749997 0.6058710390625001 0.4784882203125 0.6054470125 0.49302361718750004 0.6051643296875
0 0.3943957109375 0.702965971875 0.38907414687499997 0.7007778359375 0.383296465625 0.7007778359375 0.3838601359375 0.72742819375 0.40367041718749996 0.7274730859375 0.4026061046875 0.717407659375 0.400325440625 0.709968 0.3943957109375 0.702965971875
5 0.4385401328125 0.49522418437500004 0.43846508125000005 0.485611071875 0.42706118281250005 0.4852870359375 0.4153686484375 0.48541640625 0.4154987390625 0.49554822187500003 0.4237546140625 0.495440209375 0.4385401328125 0.49522418437500004
5 0.3862840703125 0.4950349046875 0.3861339640625 0.4855298046875 0.3758516453125 0.4854217921875 0.36302553125000003 0.48541640625 0.362792353125 0.4948188796875 0.37405036406250003 0.4951429171875 0.3862840703125 0.4950349046875
5 0.34081618593749996 0.4952409578125 0.34081618593749996 0.48551983437499996 0.33000849374999996 0.48551983437499996 0.31761746562500004 0.48541640625 0.317399525 0.4955649953125 0.32700635624999996 0.4953489703125 0.34081618593749996 0.4952409578125
5 0.2884324296875 0.4951523421875 0.2884324296875 0.48594612187499997 0.2790501359375 0.48584383124999997 0.265218834375 0.485793090625 0.265189928125 0.4951523421875 0.2741457515625 0.4952546328125 0.2884324296875 0.4951523421875
0 0.3330211703125 0.7186708937499999 0.3296667640625 0.72108463125 0.3265359765625 0.725429353125 0.3239642671875 0.7313832312499999 0.3223988734375 0.73830260625 0.322175246875 0.7440955703125 0.341944734375 0.744217846875 0.3420780734375 0.7175444843750001 0.3383882234375 0.71738356875 0.3330211703125 0.7186708937499999
0 0.361708928125 0.8455522359375 0.358065965625 0.8492062640625001 0.35519575468750003 0.8549256171874999 0.35398143437499996 0.8601683546875 0.35376065 0.8633457734375 0.353143046875 0.8722077234375 0.371754671875 0.8722425421875 0.3718650609375 0.8425336906249999 0.36689739062500004 0.8428514312500001 0.361708928125 0.8455522359375
5 0.3354347578125 0.872846971875 0.3353540921875 0.8632118875 0.328820396875 0.8630957984375 0.32050456875 0.863060459375 0.3204314578125 0.872846971875 0.326965153125 0.872846971875 0.3354347578125 0.872846971875
0 0.333740834375 0.8195881546875 0.33043365625 0.8223742078124999 0.327126478125 0.8264371953125 0.324948578125 0.8318932078125 0.3238192953125 0.8376974734375 0.32333531875 0.8430374046875 0.3419773953125 0.84315288125 0.342129778125 0.8184273046874999 0.3376126578125 0.8185433890624999 0.333740834375 0.8195881546875
5 0.2995523765625 0.8727985500000001 0.29947738125 0.8628688203125 0.292427628125 0.8625450265625 0.2814108921875 0.8627150468749999 0.28102803125000003 0.8727985500000001 0.2895027328125 0.8727985500000001 0.2995523765625 0.8727985500000001
0 0.268570640625 0.7792967328125 0.27202051875 0.776166709375 0.274720425 0.7720653015625001 0.2768203484375 0.766560778125 0.2781703015625 0.7601928015625 0.2782453015625 0.7546882796875 0.2574863421875 0.754625390625 0.25732104375 0.781023640625 0.264895775 0.780807778125 0.268570640625 0.7792967328125
0 0.3235524265625 0.7652315562500001 0.3254231421875 0.7702992765625 0.33015495 0.7758420953125 0.3360972296875 0.7799596203125 0.341929465625 0.78043471875 0.34185334843750004 0.7531439734375 0.322011834375 0.7533540875 0.322011834375 0.7592136390625 0.3235524265625 0.7652315562500001
0 0.2435345125 0.5125377359375001 0.2466536546875 0.5189310046875 0.25166318125 0.5254602953124999 0.2574288734375 0.528724940625 0.264045234375 0.5289969937500001 0.2638947734375 0.502304778125 0.24230575468749999 0.5016555828125 0.24230575468749999 0.506144471875 0.2435345125 0.5125377359375001
5 0.2323237953125 0.4954685578125 0.2323237953125 0.48553859531250004 0.21776779687499997 0.48553859531250004 0.2004711546875 0.4854073890625 0.20056525625 0.4954685578125 0.21549933124999998 0.4954685578125 0.2323237953125 0.4954685578125
0 0.203213365625 0.6457516875 0.200815778125 0.6478828562500001 0.1980656078125 0.6505214484375 0.19545647187499998 0.6542763640625 0.1941166421875 0.657219409375 0.1928473375 0.6609743265625 0.192283196875 0.6644247921875001 0.1919944515625 0.6721729796875 0.21012404999999998 0.6720361109375 0.21033560312500002 0.644533875 0.206598190625 0.6446353593749999 0.203213365625 0.6457516875
0 0.18643026875 0.67931456875 0.18332751249999998 0.675787796875 0.1797311359375 0.673758109375 0.1776861359375 0.6732506890625001 0.171480621875 0.6727432671875 0.171671053125 0.6988362171875 0.19186009375 0.6989010312499999 0.191719059375 0.690579321875 0.1896740609375 0.6838813609375001 0.18643026875 0.67931456875
3 0.2634843859375 0.6731239203125 0.26506925468750003 0.596195471875 0.26586168906249996 0.4856464609375 0.1715620140625 0.4860738234375 0.1703733625 0.625257346875 0.17195823125 0.6731239203125 0.2634843859375 0.6731239203125
1 0.303125 0.4984375 0.02890625 0.028125
1 0.40078125 0.4984375 0.03125 0.028125
3 0.257068903125 0.48656264374999997 0.257068903125 0.500603246875 0.241091440625 0.4999650375 0.24331053125 0.516558478125 0.248192534375 0.5242169890625 0.256625084375 0.528684453125 0.2588441765625 0.7514407859375 0.343169671875 0.750802578125 0.34139439843749997 0.601461615625 0.38400096562499997 0.6046526609375 0.38400096562499997 0.7361237640625 0.5083451765625 0.7368488234374999 0.5082701171874999 0.593781796875 0.4496860890625 0.59442000625 0.4496860890625 0.48464801562500004 0.257068903125 0.48656264374999997