5 0.8281158234375001 0.8345978468749999 0.8280276734375001 0.81825624375 0.813394403125 0.8180028874999999 0.7905988625 0.817881584375 0.7909155906249999 0.8348512046875 0.80493179375 0.8347245265625001 0.8281158234375001 0.8345978468749999
0 0.7768370390625 0.7584561875 0.7834706125 0.7552785953125001 0.7886300625 0.7502852359375 0.7931577375 0.7445353109374999 0.7977907109375 0.7350025328124999 0.799896609375 0.7260750140625001 0.8001071984375001 0.7151804109375 0.7623806671875 0.7147811484375 0.761779875 0.7599693328125 0.771888178125 0.7595153875 0.7768370390625 0.7584561875
5 0.723109353125 0.8347313375000001 0.7228692234375 0.8182538390625 0.7078611031250001 0.8179950312500001 0.68665781875 0.8180690359374999 0.6864895421874999 0.8349038765625 0.698015778125 0.8349038765625 0.723109353125 0.8347313375000001
3 0.749113578125 0.706683984375 0.8487830265625 0.706296871875 0.8792229984375 0.706554946875 0.8793127953125 0.5818568765625 0.8793127953125 0.477399646875 0.7650978859374999 0.4772706109375 0.7045683031250001 0.4774883265625 0.704125971875 0.661547921875 0.704125971875 0.7068130218750001 0.749113578125 0.706683984375
5 0.8288160484375 0.4936118140625 0.8288746578125 0.4767660796875 0.79192909375 0.47659762343749995 0.7550035546875 0.4765856484375 0.7550833921875 0.49369604375 0.792535075 0.4935275859375 0.8288160484375 0.4936118140625
0 0.7409614796875 0.65708923125 0.7373275203125 0.6594476328125001 0.7325213203125001 0.6632209359375 0.7285356859375 0.6681061984375 0.7256636890625 0.6731599187499999 0.722557240625 0.6803193578125 0.720564421875 0.6883754890625 0.7194507906250001 0.6969668125 0.7196266296875 0.706905796875 0.7501191953124999 0.7069560187499999 0.7503980515625 0.656331171875 0.7450643359375 0.656331171875 0.7409614796875 0.65708923125
3 0.6804669984375 0.834346903125 0.6804669984375 0.7648892375 0.660025296875 0.7648892375 0.6598677937499999 0.72259353125 0.6601828015625 0.6463770578125 0.6099371062500001 0.645924359375 0.550824171875 0.6457351453125 0.55033153125 0.7409120109375 0.5508040656250001 0.8347996015625 0.6804669984375 0.834346903125
0 0.6282881671875 0.7380628421875 0.634746075 0.747116828125 0.6476618984375 0.7566235109375 0.6602627046875 0.7582079625 0.6603269593750001 0.7106787890625 0.6224602984375001 0.71175676875 0.6240353937500001 0.725337753125 0.6282881671875 0.7380628421875
5 0.6328742187499999 0.834646471875 0.6328156093749999 0.8182277734375001 0.61077923125 0.8181435468749999 0.5873697703125 0.8177893515625 0.587369446875 0.834646471875 0.6034508796875 0.834814928125 0.6328742187499999 0.834646471875
3 0.5509346703125 0.6562579484375 0.6530786421875 0.6568570015625 0.6529744234375 0.7061291875 0.7112311453125 0.7064287125 0.7115437953125 0.55180689375 0.7112311453125 0.47755565625 0.550854678125 0.476638928125 0.5506220265625 0.4925110390625 0.5510388890625 0.57662570625 0.5509346703125 0.6562579484375
5 0.6570422109375 0.494026096875 0.656749328125 0.476348828125 0.631635015625 0.47624360625 0.5952298609375 0.4761137140625 0.5952491249999999 0.494026096875 0.604035615625 0.4941313171875 0.6570422109375 0.494026096875
0 0.6879513640625 0.66510155625 0.6809067343749999 0.6585301718750001 0.6726262078125 0.6544452578125 0.6658287578125 0.6540900484375001 0.6664474328125001 0.706797309375 0.69746779375 0.7070163234375 0.69746779375 0.6906766640625001 0.6946252281249999 0.677178690625 0.6879513640625 0.66510155625
3 0.43805416875000003 0.8347252078125 0.43805416875000003 0.7812335203125 0.437765459375 0.6966251390625 0.34577878125 0.69621025 0.2813973265625 0.696246640625 0.281479996875 0.7756470375 0.2819130546875 0.83410286875 0.43805416875000003 0.8347252078125
5 0.3864051953125 0.8347671484375001 0.3862475484375 0.8181244187500001 0.3454081 0.8178978765625 0.31240591875 0.8175974125 0.3123797140625 0.8349936874999999 0.33115161249999997 0.8348804187500001 0.3864051953125 0.8347671484375001
0 0.422076378125 0.7474292265625 0.4171102359375 0.7514629546875 0.4131157234375 0.756737828125 0.4096610171875 0.7646501359375 0.4082575421875 0.7730278765625 0.4082575421875 0.780629903125 0.4379904875 0.78062454375 0.4384862390625 0.7452572187500001 0.427150478125 0.7454123640625 0.422076378125 0.7474292265625
5 0.1973458390625 0.9207219468750001 0.1973458390625 0.9042063171875 0.1832823578125 0.9040976625000001 0.16094753125 0.9040937640625 0.1612042078125 0.9210479125000001 0.17352865625 0.9210479125000001 0.1973458390625 0.9207219468750001
0 0.152690003125 0.8893915953124999 0.14951437812499999 0.8816770609375 0.14520460156249998 0.8759183203124999 0.140138728125 0.8710288234375 0.1345435765625 0.867986471875 0.12879721093750002 0.86668260625 0.1251679265625 0.86668260625 0.125266528125 0.9202188328125 0.1562436796875 0.9203335234375001 0.156092459375 0.90308218125 0.154882696875 0.8965628562499999 0.152690003125 0.8893915953124999
0 0.16089135000000002 0.792106778125 0.1553928703125 0.7856867359375 0.1487488671875 0.7809128578125 0.1423339765625 0.7791020765625001 0.1374082484375 0.7791020765625001 0.1374890421875 0.8342615546875001 0.1691390703125 0.8342485906249999 0.168680865625 0.8135069187499999 0.165587975 0.8013252984375001 0.16089135000000002 0.792106778125
1 0.205492384375 0.6592592640625 0.19638033593749998 0.66196669375 0.1863256640625 0.6673815546874999 0.1765851984375 0.6849798515625001 0.16621631718750002 0.6655766015625 0.148934846875 0.6583567875 0.1495632640625 0.7057368171875 0.1495632640625 0.70709053125 0.205492384375 0.7061880546875 0.205492384375 0.6592592640625
1 0.20566135000000002 0.44417955 0.18696486406249999 0.44801529687499997 0.17895208437500001 0.4648925859375 0.1693367484375 0.4472481484375 0.152777003125 0.4426452515625 0.1517086328125 0.4932771171875 0.17040511875 0.494811415625 0.20672972031249998 0.49250996718750006 0.20566135000000002 0.44417955
1 0.36468008125 0.4448994125 0.34499469843749997 0.45328470000000004 0.3383216859375 0.4695761171875 0.32931312031250004 0.4480139484375 0.311629640625 0.44561815156250006 0.312296940625 0.49353408125 0.31296424218749996 0.4944924015625 0.3670156359375 0.49305492187500005 0.36468008125 0.4448994125