3 0.8680534171875 0.8201959125 0.9867397328124999 0.8197539203125 0.9867397328124999 0.7935395171875 0.9866382109374999 0.72153645 0.9866382109374999 0.6604254828125 0.9374930421875 0.6604254828125 0.8976955421874999 0.660492125 0.8975973578125 0.7217147140625 0.8683579921875 0.72153645 0.8680534171875 0.8201959125
5 0.9487061546875 0.8203512281249999 0.9487061546875 0.8061506734374999 0.9257098656249999 0.8062926796875001 0.9079884546875 0.8061545265625 0.9080956890625 0.8203512281249999 0.9267862875 0.8204932328125001 0.9487061546875 0.8203512281249999
0 0.909244775 0.7198764171875001 0.9149202750000001 0.7145687265625 0.9190823124999999 0.70852894375 0.9214786421875001 0.699560784375 0.921604759375 0.690958671875 0.8975034531249999 0.69093905625 0.8973892781249999 0.721157584375 0.902812534375 0.72152363125 0.909244775 0.7198764171875001
3 0.869962640625 0.69150053125 0.9027710015625001 0.692169215625 0.902956428125 0.6678133125 0.9867615531249999 0.667630434375 0.9867615531249999 0.5762292390625 0.98663551875 0.49488639531249995 0.9516012015624999 0.49488639531249995 0.8683761390625 0.495184475 0.8684881078125001 0.5893726515625 0.8693175312499999 0.6918830234375 0.869962640625 0.69150053125
0 0.879165396875 0.66804999375 0.8768295828125 0.6755428671875 0.875354340625 0.6846413546875 0.8751084625000001 0.6912422171875 0.8967461968749999 0.6919254703125 0.8972371812500001 0.6569890859374999 0.8914591234374999 0.656810684375 0.8848205124999999 0.6598435140625 0.879165396875 0.66804999375
5 0.957931090625 0.50845165 0.957931090625 0.494863234375 0.9322563328125 0.494863234375 0.9093059 0.494936534375 0.9096158578125 0.5085416390625 0.9230724890625 0.5086316281250001 0.957931090625 0.50845165
0 0.8475423203125001 0.598935840625 0.849104078125 0.604224009375 0.8522275828125 0.6106993125 0.8605569484375 0.6173904593749999 0.8668039640625 0.6180379953124999 0.8665963218750001 0.5834784828124999 0.8462036718749999 0.5832871875000001 0.8463524093749999 0.5934318328125 0.8475423203125001 0.598935840625
5 0.84801664375 0.5083219437500001 0.8479623015625 0.49515828125 0.8323646859375 0.4950005671875 0.8079386890625001 0.49508553125 0.80829205625 0.5084008015625 0.821389596875 0.5084796578125 0.84801664375 0.5083219437500001
5 0.846048303125 0.8865786546875001 0.8459664312499999 0.872916078125 0.8271365718749999 0.8727972734374999 0.7971071750000001 0.8727011296875 0.7970087953125 0.887172678125 0.8154293109375 0.8868162640625 0.846048303125 0.8865786546875001
0 0.7281546750000001 0.74383003125 0.73077959375 0.7492953734375 0.7346599125 0.7539326359375 0.7411651453125 0.7580730453125 0.7465291046875 0.758735509375 0.7466432359375 0.72163743125 0.7248909484375 0.7215351359375 0.7254156296875001 0.73157441875 0.7264427718750001 0.738199071875 0.7281546750000001 0.74383003125
5 0.7577344828125 0.83093429375 0.7577344828125 0.8182142578124999 0.7420489859375 0.818309896875 0.72563210625 0.8182894812500001 0.7257044328125 0.8313168515625 0.7387537140625 0.8311255734375 0.7577344828125 0.83093429375
3 0.6148091328125 0.8310143 0.7242921234375 0.8308159984374999 0.7242921234375 0.7790732874999999 0.7242921234375 0.6900916078125 0.7238821796875 0.6076399828125 0.697651453125 0.60724338125 0.61451394375 0.6075721484375001 0.6150824328125 0.6627538125 0.614945778125 0.7523303968749999 0.6148091328125 0.8310143
5 0.694940740625 0.6207161421875 0.6947273421875 0.6075549640625 0.6700813890624999 0.607400128125 0.6467784703125 0.6071595750000001 0.6468695171875 0.6208709812500001 0.6627176328125 0.6207935625000001 0.694940740625 0.6207161421875
0 0.7109046609375 0.694840075 0.7072283406250001 0.69818748125 0.704705378125 0.7017440984375 0.7021103281250001 0.7062421765625 0.700884890625 0.7111586812499999 0.7001640421875 0.7170166421874999 0.70045238125 0.72172393125 0.7243124125 0.721305503125 0.7243634515624999 0.6914725359375 0.7180410453125 0.69128345625 0.71429264375 0.692224915625 0.7109046609375 0.694840075
5 0.6874396359375 0.8310778843750001 0.6872733156249999 0.818285765625 0.6731358937499999 0.818285765625 0.65530068125 0.8181938734375 0.655339375 0.831399696875 0.668645184375 0.8312387906250001 0.6874396359375 0.8310778843750001
5 0.5980583796875 0.772331759375 0.59795168125 0.7587834859375 0.586374834375 0.75862865 0.5744193156249999 0.7586489359375 0.57453124375 0.7724865953125 0.5834939625 0.7725640140625 0.5980583796875 0.772331759375
5 0.6050447390625 0.62084365625 0.604982778125 0.6072657953125 0.5938912296875001 0.6071758765624999 0.5729043640625 0.607239559375 0.572761525 0.6207537375000001 0.58633163125 0.6207537375000001 0.6050447390625 0.62084365625
3 0.359945990625 0.5776782453125 0.35655124374999997 0.5831519375 0.3537851515625 0.59190985 0.3537851515625 0.6006677578125 0.3713875546875 0.6008502124999999 0.3713875546875 0.6471686140624999 0.37126181874999997 0.7294053968750001 0.37126181874999997 0.819670265625 0.4899335296875 0.819852721875 0.49005925625 0.590267740625 0.4901849921875 0.494894090625 0.454602378125 0.494894090625 0.371506828125 0.49484213437499996 0.37126181874999997 0.5703799875 0.3639694015625 0.5745764859375 0.359945990625 0.5776782453125
5 0.46368025937499996 0.5085813359375 0.4638145171875 0.4949432359375 0.4293109015625 0.4949432359375 0.398908596875 0.49454722812499996 0.398968259375 0.5087761656249999 0.425416709375 0.5087761656249999 0.46368025937499996 0.5085813359375
5 0.45668877343750003 0.819983103125 0.45658207500000003 0.80658966875 0.4339631421875 0.8063574140625 0.40886767187500006 0.8062234046875 0.40905215312500004 0.8202153593749999 0.42249173281249996 0.8200605218750001 0.45668877343750003 0.819983103125
0 0.390229909375 0.695470303125 0.3846604640625 0.6917837062500001 0.3805566609375 0.6903657828124999 0.37107882812500004 0.6900821968749999 0.37071790312499997 0.7210845921875 0.3981443859375 0.7212765 0.39755812968750004 0.7117764140625 0.39491996875 0.701992746875 0.390229909375 0.695470303125
5 0.34496112968750003 0.90073715625 0.345017471875 0.8873297875 0.3349896984375 0.8871662828125 0.3129569828125 0.8871204734375 0.3133004234375 0.9008189078125 0.32828574062500004 0.9008189078125 0.34496112968750003 0.90073715625
5 0.3578215046875 0.8938531749999999 0.3611825265625 0.888511284375 0.365557184375 0.8813113453125 0.3588089859375 0.8716702125 0.3547805828125 0.877672665625 0.350726021875 0.8839435828125 0.3578215046875 0.8938531749999999
5 0.3074481109375 0.88375030625 0.302593303125 0.8763181109374999 0.2991845734375 0.8716702125 0.2924035453125 0.88158258125 0.29699160468749997 0.8886276828125 0.300459321875 0.89404699375 0.3074481109375 0.88375030625
0 0.291906471875 0.7881125203125 0.29594723125 0.785945465625 0.3008664125 0.7816113609374999 0.303589534375 0.7768948359375 0.3056099171875 0.7717958859375 0.306839709375 0.7660595703124999 0.306839709375 0.7593034656250001 0.28177877812499996 0.7591117 0.2817167265625 0.789259784375 0.28716296875 0.7891323109374999 0.291906471875 0.7881125203125
0 0.3500353484375 0.5149633359375 0.3525051625 0.5207441390625 0.356249721875 0.526871784375 0.362782775 0.5314964265625 0.36907681875 0.5326525875 0.36914906406250003 0.49518465312500004 0.3488402765625 0.49496176406250003 0.34899961875 0.5084888390625 0.3500353484375 0.5149633359375
0 0.36857595625 0.5707261390625 0.3629700109375 0.5735844296875 0.358727675 0.57798179375 0.3547883625 0.5852374484375 0.353424753125 0.5938123125 0.35327323593750004 0.6010679671875 0.38084949687499997 0.6006578578124999 0.38160599687499996 0.5700665359375 0.3728183015625 0.5700665359375 0.36857595625 0.5707261390625
0 0.3152301015625 0.6567539859375 0.309372125 0.6505470109375 0.304536975 0.6483880625 0.29672634375 0.6477133937499999 0.29653138437500004 0.678049690625 0.3205301703125 0.6784783984375 0.320437184375 0.66984260625 0.3193213828125 0.66309589375 0.3152301015625 0.6567539859375
0 0.2570985265625 0.8433404640625 0.253420984375 0.8465424875 0.25047895 0.85081185 0.2482055609375 0.85576043125 0.2468682734375 0.8603173546875 0.24626649218750002 0.8654599953125001 0.2462601125 0.8781959296874999 0.26572403906250003 0.8783644359375 0.2660583578125 0.8411087515625001 0.2617121734375 0.8412057859375001 0.2570985265625 0.8433404640625
5 0.278294546875 0.8786562078125 0.27816081875 0.8650718718749999 0.273212853125 0.8649748421875 0.2662662796875 0.864969325 0.26645954843749997 0.8786562078125 0.27127378593749996 0.8785591765625 0.278294546875 0.8786562078125
5 0.24553098437499998 0.8785591765625 0.24553098437499998 0.8654599953125001 0.23978064687499998 0.8653629640625 0.2339033625 0.865289321875 0.234164034375 0.878462146875 0.23931259374999997 0.8785591765625 0.24553098437499998 0.8785591765625
0 0.2528174921875 0.7994024484375 0.24998296718750002 0.8043119328125 0.24769705625 0.8093541046875 0.24641695156250001 0.8134674546875 0.245594025 0.8183769390625001 0.24531971718749998 0.83098236875 0.2664512859375 0.8308638453125001 0.266532940625 0.7943602765625 0.26168681562499996 0.7940948999999999 0.25665781875000004 0.795952540625 0.2528174921875 0.7994024484375
5 0.2939717296875 0.5083241734375 0.2939183828125 0.49508557656249996 0.286716196875 0.49508557656249996 0.27882072343750003 0.49507446875000005 0.2789805171875 0.5084015921875 0.28527576250000003 0.5084015921875 0.2939717296875 0.5083241734375
0 0.2855425078125 0.5737905125 0.282661634375 0.5772743546875 0.2800475078125 0.581300128125 0.27786017812499997 0.5875510687500001 0.2767398375 0.592738121875 0.276419740625 0.5974606640625 0.2765264390625 0.604273509375 0.296719784375 0.6043510640624999 0.296905953125 0.570616346875 0.29279804062500003 0.570693765625 0.288903528125 0.5715453703125 0.2855425078125 0.5737905125
5 0.19959248125 0.8889009124999999 0.19959248125 0.8749627171875 0.177565328125 0.8749627171875 0.15130574531250002 0.8751181953125 0.151248 0.889179675 0.165014971875 0.888993834375 0.19959248125 0.8889009124999999
5 0.1270163734375 0.8461189921875001 0.1270163734375 0.836183403125 0.1269607078125 0.799775515625 0.11757044531250001 0.7997290140625 0.11783183906250001 0.816167625 0.1177205109375 0.8462805484375 0.1270163734375 0.8461189921875001
0 0.2046447734375 0.7636006296875 0.20778230625 0.769703671875 0.2133230546875 0.7746442296875 0.21919758281249999 0.7777441875 0.22720830625000002 0.778519175 0.22720890468750002 0.7487672234375 0.20204129062499998 0.7486820875 0.20257533906249997 0.7581757046875001 0.2046447734375 0.7636006296875
1 0.175 0.6 0.04140625 0.04296875
3 0.1969456984375 0.6067083765625 0.1964122828125 0.5773170750000001 0.15480587031249998 0.5765436203125 0.153739040625 0.60748183125 0.11747759843750001 0.6067311390625 0.1169333671875 0.8890195562500001 0.22681696875 0.8874726453124999 0.227350384375 0.60748183125 0.1969456984375 0.6067083765625
3 0.35376986875 0.901394840625 0.367638671875 0.8781911812500001 0.3815074765625 0.8781911812500001 0.3820408921875 0.72272666875 0.2823303515625 0.7204642140625 0.2817587703125 0.8797380921875 0.290826834375 0.8789646359375001 0.30576246875 0.8998479296875 0.35376986875 0.901394840625
3 0.334566909375 0.6082294640625 0.3825743078125 0.6074560078125 0.3825743078125 0.4953049921875 0.297268465625 0.495319146875 0.29669440625 0.5842523500000001 0.33510032500000003 0.5842523500000001 0.334566909375 0.6082294640625
3 0.3409678953125 0.6004949109375 0.34043447968749996 0.5788381625000001 0.29669440625 0.575744340625 0.29673496250000003 0.68874274375 0.3815074765625 0.6894422687499999 0.3820408921875 0.6028152765625 0.3409678953125 0.6004949109375
3 0.82890625 0.803125 0.09921875 0.16484375