3 0.9992668468750001 0.8346203187500001 0.9992668468750001 0.5952322140625 0.9993558734375 0.5439198578125 0.9411226718749999 0.5439198578125 0.9020237421875 0.543700934375 0.9020726546875 0.7232610078125 0.9020726546875 0.835036503125 0.9992668468750001 0.8346203187500001
5 0.97501815 0.83485941875 0.9751520515625 0.8235941421874999 0.9464895437499999 0.8233052890625 0.918905915625 0.823385190625 0.9189126453125 0.8349557031250001 0.9335085078124999 0.83485941875 0.97501815 0.83485941875
0 0.8928111968750001 0.7978879875 0.88882996875 0.8029477625 0.8858671890625001 0.8085401453125 0.8843857984374999 0.8150645953125 0.8842006265625001 0.8226542578125 0.905958515625 0.82252110625 0.9055336453124999 0.7933653640625 0.9012365953125 0.79415973125 0.8963294953125001 0.7950917953125 0.8928111968750001 0.7978879875
5 0.8919301734375 0.8347111249999999 0.8917082296875 0.8236674171875 0.880744278125 0.8236674171875 0.8683156796875 0.8236578953125001 0.8683155109375 0.8349026343749999 0.8783916890624999 0.8347749609375 0.8919301734375 0.8347111249999999
3 0.858811546875 0.8345430625000001 0.858717578125 0.7589189828125 0.8590934640624999 0.6778796687499999 0.8312777140625001 0.6778796687499999 0.8311837453124999 0.694367278125 0.790977484375 0.694502421875 0.791259403125 0.6780148125000001 0.7600984203125 0.6777684093749999 0.75978025 0.7736307984375 0.75959230625 0.8344079171875001 0.858811546875 0.8345430625000001
5 0.8333013328125001 0.8346934921875 0.8332374859374999 0.8234923343749999 0.8160000828125 0.8235841468749999 0.7798785421875001 0.8234988015625 0.77980713125 0.8349689296875 0.7965285171875001 0.8346934921875 0.8333013328125001 0.8346934921875
0 0.8517794249999999 0.7090703359375 0.84819230625 0.7105442625 0.8446783953124999 0.71349211875 0.8413841078125 0.7175980625 0.8391879093749999 0.7226515296875 0.8374309546875001 0.729705328125 0.8372113328124999 0.7365485656249999 0.8592472390625 0.7366674343749999 0.8595393124999999 0.7084386515625 0.8550737140625 0.7085439328125 0.8517794249999999 0.7090703359375
3 0.7183632453125 0.73518835625 0.7324449171875 0.735300240625 0.7325227234375 0.70858305625 0.7325227234375 0.66016788125 0.7323671203125001 0.5717132890625 0.696502565625 0.5713776328125 0.6547867265625 0.5715775203125 0.654801059375 0.68061946875 0.65464545625 0.7349645859375 0.7183632453125 0.73518835625
5 0.7179715812499999 0.73509213125 0.717815978125 0.723791678125 0.7046678953125001 0.7240154484375 0.67506845625 0.7239694937500001 0.6753375562499999 0.7356515609375001 0.6940093875 0.7353159015624999 0.7179715812499999 0.73509213125
0 0.726120515625 0.6105855328125 0.7216642703125 0.6120808875 0.718619171875 0.6145375421875 0.7155740703125 0.618596365625 0.7123061609375 0.6245777875 0.71104355625 0.631840940625 0.710895015625 0.6382496062499999 0.732604925 0.6380611234375 0.732879146875 0.6102650984375 0.7297597765625 0.6102650984375 0.726120515625 0.6105855328125
3 0.8574136265625001 0.6495528390625 0.8576667703125 0.5025634140624999 0.8579199140625 0.423055409375 0.836582615625 0.4228733796875 0.75980411875 0.4230435453125 0.759702621875 0.5569515578125 0.759829190625 0.6493708109375 0.8574136265625001 0.6495528390625
5 0.8330291078125001 0.43398848125 0.8328885453125 0.42266822968750006 0.813069046875 0.42287037656250004 0.789890871875 0.42267747031249997 0.789876440625 0.43398848125 0.8104688343750001 0.434190628125 0.8330291078125001 0.43398848125
5 0.8931118343750001 0.4339766765625 0.8930062078125 0.42273560625 0.8834469125 0.42265965312500003 0.86865931875 0.4225803453125 0.8687118703125 0.43435644218749997 0.8771092625 0.43412858437499996 0.8931118343750001 0.4339766765625
5 0.9719337546875 0.434044278125 0.9720669203125001 0.42287289531249994 0.9561303265625 0.42293673125 0.9359426328125 0.4228157890625 0.9361093625000001 0.43410811406249994 0.948319090625 0.4339804421875 0.9719337546875 0.434044278125
0 0.9229457343749999 0.526183390625 0.92069808125 0.5204484468749999 0.9180879 0.5152348625000001 0.9140276265624999 0.5111682656250001 0.907719696875 0.5085614734374999 0.9017742890625 0.5084572015625 0.9016587656249999 0.536692709375 0.9238882984375 0.53661055625 0.9237432890624999 0.5302499859375 0.9229457343749999 0.526183390625
0 0.7899033453125 0.6284622093750001 0.785408 0.6222025421875 0.78091265 0.6183030765625 0.7757037546875 0.617174284375 0.7737058234374999 0.617174284375 0.7734634484375 0.6487696109375001 0.7933283703125 0.6491909421875001 0.7933997265625 0.640160603125 0.79218669375 0.6333878484375 0.7899033453125 0.6284622093750001
0 0.72063429375 0.545165996875 0.7179953796875 0.5474430609375001 0.7158182765625 0.5504791453125 0.71370714375 0.55398961875 0.712123796875 0.55797448125 0.710936284375 0.5637620203125 0.71067239375 0.570118825 0.7324434359375 0.57040345625 0.7323976937500001 0.54236801875 0.7275614421875 0.5422247875 0.72373501875 0.543363321875 0.72063429375 0.545165996875
5 0.7551849109375001 0.747071428125 0.7552482484375 0.7364145421875 0.74790135625 0.7364145421875 0.739345196875 0.7364628734374999 0.73922441875 0.7471625125 0.7451779359375 0.747071428125 0.7551849109375001 0.747071428125
0 0.7430245375 0.692094634375 0.7466979828125 0.697741871875 0.7506881078125 0.6913659578125 0.7565149546875001 0.682530759375 0.7565782875 0.677976534375 0.7408779359375 0.6777871546875 0.7406177953124999 0.6828040140625 0.7416944937500001 0.6879047468749999 0.7430245375 0.692094634375
5 0.6619429625000001 0.5627614828125 0.661886296875 0.5453270765625 0.6621129671875 0.5234046921875 0.6544064921875 0.52338661875 0.6545194750000001 0.537823753125 0.6545194750000001 0.5625984921875 0.6619429625000001 0.5627614828125
3 0.732423603125 0.502609996875 0.7671676921875 0.502609996875 0.7671073703125 0.449730425 0.7671676921875 0.410284578125 0.7671676921875 0.3669350921875 0.6961721796875 0.3667615984375 0.6546423531250001 0.366772565625 0.6546627359375 0.4639448796875 0.6546627359375 0.502609996875 0.732423603125 0.502609996875
5 0.737640853125 0.37776312968750003 0.737640853125 0.36697476562500003 0.704851859375 0.36678325625 0.6851125546875 0.3666052625 0.6851323875 0.377826965625 0.7097205093750001 0.377826965625 0.737640853125 0.37776312968750003
0 0.747664403125 0.47343705781249995 0.743873621875 0.4777798953125 0.7407253453125 0.48276953437500003 0.7391833328125 0.4878515765625 0.7381553265624999 0.49422722812500003 0.7378022953125 0.50250999375 0.7572377343750001 0.5027281 0.757623240625 0.47094223749999997 0.753254203125 0.4711270390625 0.747664403125 0.47343705781249995
3 0.507509434375 0.68711546875 0.507295796875 0.8345047453125 0.6036302578125 0.8345628015625 0.6035648609375001 0.7788259875 0.6036956499999999 0.46678823437499994 0.6035648609375001 0.42317687187499997 0.5561143078125 0.42280068281250005 0.5560489140625 0.40019124687499996 0.551929021875 0.4003793390625 0.5488554515625 0.4017900390625 0.54601005625 0.40360580781250005 0.5425441125 0.407555771875 0.54032068125 0.41141168749999996 0.5384242234375 0.41601997968750004 0.537835671875 0.42006398906250003 0.5373125125 0.4172425859375 0.5361354015625001 0.41357476249999997 0.5340427562500001 0.40943670625 0.53225619375 0.406615303125 0.5289210453125001 0.4032296203125 0.5255858953125 0.4015367796875 0.5221199546874999 0.400314171875 0.519046384375 0.400220125 0.519046384375 0.4232615796875 0.49544166250000005 0.42307348593749994 0.46255466093750003 0.42296343593749997 0.463087971875 0.5523230296875 0.507509434375 0.552937509375 0.507509434375 0.68711546875
5 0.5160538796874999 0.434091671875 0.516009384375 0.42282859375 0.5071096765625 0.4228925890625 0.49796542656250004 0.4228090265625 0.49776498281250003 0.43421966406249995 0.5046622562499999 0.4341556671875 0.5160538796874999 0.434091671875
5 0.5774815875 0.43401626562500006 0.5773843203125 0.42268571250000003 0.568630253125 0.42275565468750004 0.55921984375 0.42273377968750003 0.55929258125 0.4342260890625 0.5664903703124999 0.4341561484375 0.5774815875 0.43401626562500006
5 0.5819607046875 0.8353267328125 0.5819607046875 0.8232324828124999 0.5675440796875 0.8232324828124999 0.5273082828125 0.8225819328125 0.52729768125 0.8354707124999999 0.5469203046875 0.8353267328125 0.5819607046875 0.8353267328125
0 0.4793859921875 0.518134978125 0.474682859375 0.513584834375 0.4692956375 0.5116172046874999 0.4627112515625 0.5112482734375 0.46299400625000003 0.5391484156249999 0.48485872968750005 0.5395329453125 0.48477321562500003 0.53276921875 0.48323400781250003 0.5251446546875 0.4793859921875 0.518134978125
0 0.48595484375 0.7938602109375 0.48229099375000006 0.7892617234375 0.477428065625 0.7857170578125 0.47316468125 0.7846632390625 0.4702336 0.7845674375 0.4704538375 0.8180995781249999 0.4896853109375 0.81809806875 0.4896853109375 0.8054522296875 0.48835300156250006 0.7992251125000001 0.48595484375 0.7938602109375
3 0.46728109375000004 0.81835636875 0.466989496875 0.7241908593749999 0.46737828906249995 0.6727796921875 0.4105827796875 0.6729194781250001 0.3645013078125 0.6726090921875 0.3644435015625 0.749761553125 0.36434630625 0.8184961515625 0.46728109375000004 0.81835636875
0 0.447978675 0.701842346875 0.45126488125 0.7076876624999999 0.45602123125 0.7122892890625 0.4626801203125 0.7147766578125 0.46726351250000003 0.71502539375 0.467281603125 0.6867522703125 0.4450383875 0.6866694125 0.44581669531249996 0.69587266875 0.447978675 0.701842346875
5 0.43801827656250003 0.8184580703125001 0.437956190625 0.8077432734375 0.4080707890625 0.8073861125 0.3833602375 0.8071530062500001 0.383442909375 0.8187259390625 0.39815812031250003 0.81863665 0.43801827656250003 0.8184580703125001
5 0.3718807984375 0.7957584062499999 0.371829025 0.7793194453125001 0.371829025 0.753036771875 0.3641462265625 0.75309898125 0.36411497656249997 0.768076715625 0.3642185203125 0.7956839484375 0.3718807984375 0.7957584062499999
3 0.36409735312499997 0.5854030484375 0.36454966718750004 0.6795158265625 0.46756572343749997 0.680003690625 0.46756572343749997 0.6660181734374999 0.467452640625 0.5954856296875 0.467452640625 0.539902953125 0.48520602031250004 0.539902953125 0.48509294531249997 0.534699040625 0.483849078125 0.5265679249999999 0.48090902968749993 0.521201390625 0.47706433906249995 0.5156722328125001 0.47231503437500005 0.5124197859375 0.467452640625 0.5114440546875 0.467452640625 0.48398364843749997 0.467678796875 0.4233596828125 0.4482633234375 0.4233596828125 0.364596625 0.422636278125 0.36454966718750004 0.48902494062499996 0.364775825 0.5407160625 0.36409735312499997 0.5854030484375
0 0.45741947656250004 0.619238390625 0.453110021875 0.6222879859375 0.44955300625000005 0.6266164484375001 0.44620121093750004 0.6331091375 0.44558557343749994 0.639306703125 0.4449699359375 0.645996140625 0.46750967499999996 0.6458413953125001 0.46754328125000005 0.6180579015625 0.46104489375 0.6180579015625 0.45741947656250004 0.619238390625
0 0.38884698281249996 0.5320811203125 0.3878705703125 0.5271195750000001 0.38650359375 0.523562240625 0.38370454062500003 0.5191623796875 0.38123096562500003 0.5158858890625 0.3780413484375 0.51391999375 0.37400550625 0.5119540984375 0.3715319265625 0.5117668703125 0.36795174531249997 0.5119540984375 0.36795174531249997 0.5093394578125 0.364501753125 0.5093394578125 0.3646192203125 0.5415249171875 0.36808193437500003 0.5416297515624999 0.36808193437500003 0.5386341015625 0.3893026421875 0.538727715625 0.38884698281249996 0.5320811203125
5 0.32477584843749996 0.3778232625 0.3247259859375 0.36663613281249996 0.3034336546875 0.366707846875 0.286170475 0.3666640546875 0.28623025 0.3781101140625 0.30243635625 0.3779666875 0.32477584843749996 0.3778232625
0 0.338762509375 0.386342709375 0.3416648015625 0.39171922812500004 0.34545253593749997 0.39695426093749997 0.3508635859375 0.400137725 0.356028678125 0.40091590468750005 0.3560778671875 0.3826031984375 0.355881103125 0.3670395921875 0.3366867953125 0.36676605625 0.33684404687499997 0.3722795734375 0.3372375796875 0.381602884375 0.338762509375 0.386342709375
4 0.4171875 0.42890625 0.046875 0.0140625
1 0.5375 0.41484375 0.0375 0.03671875
1 0.959375 0.56015625 0.03984375 0.03515625
1 0.9125 0.6984375 0.0234375 0.05859375