5 0.3271645453125 0.405692853125 0.3264655328125 0.3981079375 0.3103886296875 0.3981079375 0.2968271921875 0.3978630515625 0.2971076953125 0.405692853125 0.31528160625 0.405692853125 0.3271645453125 0.405692853125
5 0.40964606875 0.405692853125 0.420480528125 0.4059226953125 0.420480528125 0.39787808125 0.4092965484375 0.39787808125 0.40125811093749997 0.39787808125 0.3890394109375 0.39757582812500003 0.38902568125000003 0.40546300156250004 0.399161128125 0.40546300156250004 0.40964606875 0.405692853125
5 0.4435473640625 0.541260365625 0.4435473640625 0.5325262234375 0.43317890937500003 0.53257123125 0.433761409375 0.5401111359375 0.4334119421875 0.5460871359375 0.442848378125 0.5472363671875 0.4435473640625 0.541260365625
5 0.1566095078125 0.456123234375 0.1566095078125 0.44692938125000004 0.1464906828125 0.4466911765625 0.1461245671875 0.4549740046875 0.14577506093749998 0.46669615000000003 0.1566095078125 0.46692599687499997 0.1566095078125 0.456123234375
5 0.15695900000000002 0.5131250703125 0.15695900000000002 0.500713375 0.1576579984375 0.483934609375 0.1473647328125 0.4834558828125 0.14647406093749998 0.494967221875 0.147173059375 0.5055401500000001 0.147173059375 0.5133549125 0.15695900000000002 0.5131250703125
5 0.1566095078125 0.5488452921875 0.1566095078125 0.5387320625 0.1469277078125 0.53774126875 0.146823565625 0.54746621875 0.1461245671875 0.555740675 0.1562600015625 0.5559705187499999 0.1566095078125 0.5488452921875
5 0.35302737500000003 0.614121596875 0.3764437578125 0.6118231359374999 0.3886761875 0.60676651875 0.40230658906250005 0.5991815984375 0.3939186578125 0.594584675 0.381336734375 0.6017099203125 0.3649103125 0.6063068421875 0.35127988593750004 0.6074560734375 0.33729996562500003 0.6072262125 0.32262105937499996 0.603088975 0.305146159375 0.59412498125 0.2972642171875 0.597771140625 0.3044471734375 0.6037785203125 0.31877658750000004 0.6092948234375 0.33415450468749996 0.612742515625 0.35302737500000003 0.614121596875
1 0.20903420781249998 0.3095230953125 0.20723712187499999 0.3320886953125 0.26285690625 0.3325077046875 0.2625074140625 0.3099827859375 0.23769303281249998 0.3102126328125 0.20903420781249998 0.3095230953125
0 0.2516729546875 0.4271155859375 0.24433350156250003 0.43148265312499995 0.2411880140625 0.43607957500000005 0.2395769515625 0.4443933828125 0.2680993765625 0.4443540421875 0.2680993765625 0.424817125 0.2618084015625 0.4243574265625 0.2516729546875 0.4271155859375
0 0.29780670625 0.480439878125 0.3013016859375 0.47446388125 0.3013016859375 0.469637115625 0.27060570781250004 0.46938189374999995 0.270196359375 0.48825465 0.27963279375 0.48848449218749995 0.28837024375000003 0.4859561890625 0.29780670625 0.480439878125
0 0.23594554375 0.5046207609375 0.2296545953125 0.508757990625 0.22685860156249998 0.5126653765625 0.2251551359375 0.5210822609375 0.25411945625 0.5209398328125 0.2544689484375 0.5004835328125 0.24468299375 0.50186260625 0.23594554375 0.5046207609375
0 0.2950107125 0.5032416875 0.28906925625 0.5000238390625 0.282079296875 0.49726568281250005 0.2701686828125 0.496380975 0.2705458515625 0.5156533734375001 0.30025318125 0.5151936796875 0.2992047046875 0.508987840625 0.2950107125 0.5032416875
0 0.1887633125 0.5058170359374999 0.1824723640625 0.5028290296875 0.1768803890625 0.5007604109375 0.167094446875 0.5007604109375 0.167030846875 0.5205078125 0.1947047953125 0.5212167156249999 0.1947047953125 0.5170794875 0.1926078125 0.51087364375 0.1887633125 0.5058170359374999
0 0.12152407031250001 0.5186300296875 0.1159321078125 0.524146340625 0.1131361125 0.5285134203124999 0.112087634375 0.5337998796875 0.1119657296875 0.534294578125 0.14039696875000002 0.5342595734375 0.140047475 0.5154121890625001 0.1309605328125 0.51564203125 0.12152407031250001 0.5186300296875
3 0.27646894375 0.4437979421875 0.2761194515625 0.405643478125 0.28241039843750004 0.4058733296875 0.2817114140625 0.366799490625 0.280662909375 0.325427178125 0.2638870203125 0.32450779375 0.263537528125 0.30883121875 0.2100643234375 0.308601371875 0.2100643234375 0.3249204484375 0.147988878125 0.3249080890625 0.14785366718749998 0.3582481375 0.14785366718749998 0.409274 0.14820318593749998 0.444487478125 0.27646894375 0.4437979421875
1 0.3585882828125 0.384314825 0.33132748125 0.38339544062500003 0.3326632203125 0.40475643437500003 0.367675253125 0.4063800546875 0.38619865781249996 0.4054606703125 0.385499671875 0.38339544062500003 0.3585882828125 0.384314825
3 0.3330876359375 0.3831733859375 0.33343710312499997 0.39880293125 0.2715759671875 0.3978835375 0.27087698125 0.49510845156250005 0.36279496718750004 0.4960278390625 0.4435289734375 0.4962576828125 0.44527646406250004 0.45235707343750003 0.4447286734375 0.399422053125 0.3869103078125 0.398343228125 0.38621132187499996 0.3840927703125 0.3330876359375 0.3831733859375
3 0.2631626796875 0.51568249375 0.263512171875 0.5761320249999999 0.2652596625 0.5926809484375 0.29217099687500003 0.5936003375000001 0.30195695312500004 0.6021046375 0.31418938281250003 0.6064717171875 0.3278197828125 0.61129848125 0.3515856578125 0.6133670999999999 0.376749503125 0.6106089546875 0.3875839640625 0.606701559375 0.4012143640625 0.5979674171875 0.40715587343750004 0.5929107921875 0.443043359375 0.5929297906250001 0.44350364375 0.4899397296875 0.26910413437499997 0.490629265625 0.26910413437499997 0.5159123484375 0.2631626796875 0.51568249375
5 0.6906746218750001 0.3369226421875 0.6906746218750001 0.3303511234375 0.67231008125 0.3303511234375 0.647777921875 0.33052201718749996 0.6477340218750001 0.33727785312499997 0.6701495609375 0.33710024375000003 0.6906746218750001 0.3369226421875
5 0.6120852328125 0.411946065625 0.6123552953125 0.39933586718749997 0.60117519375 0.39932528437500003 0.6010125046875 0.41478779687499995 0.6010125046875 0.42846364374999996 0.6120852328125 0.4286412484375 0.6120852328125 0.411946065625
5 0.6120852328125 0.4450175703125 0.6120852328125 0.43968931875 0.60117519375 0.439053621875 0.6015526296875 0.44341909062499996 0.6015526296875 0.44963538437499995 0.6120852328125 0.44963538437499995 0.6120852328125 0.4450175703125
5 0.6123552953125 0.507786015625 0.6120852328125 0.4981951609375 0.6008374921875 0.497647371875 0.6015526296875 0.5099173171875 0.6018226921875 0.52163946875 0.6128954203125 0.5221722921875 0.6123552953125 0.507786015625
5 0.6936453499999999 0.59524204375 0.6936453499999999 0.5874272578124999 0.6728502265625 0.5876048703125 0.6531811359375 0.5873135656249999 0.6539455625 0.59524204375 0.6731202890625 0.5950644234375 0.6936453499999999 0.59524204375
5 0.7592715515624999 0.40377607656250003 0.75846134375 0.396671740625 0.7484688859374999 0.39684935625 0.739294875 0.3966619328125 0.7392866171875 0.40377607656250003 0.7519797406250001 0.40395369218750005 0.7592715515624999 0.40377607656250003
5 0.863247209375 0.40377607656250003 0.863247209375 0.397026959375 0.8251677953125001 0.39684935625 0.7926516218749999 0.39688387812500003 0.7927597984375 0.403243253125 0.8327296703125 0.40395369218750005 0.863247209375 0.40377607656250003
5 0.7900591328125001 0.6154893796875001 0.8138250046875 0.6160222109375 0.829488878125 0.6131804796875 0.8429922109374999 0.6082074390625001 0.8537948765625 0.602168759375 0.8575757921875 0.5970181265625001 0.8500139593749999 0.593465959375 0.8400214609375001 0.5995046328125 0.8281385453125001 0.6051881031249999 0.8127447546875001 0.6089178765625001 0.7968107984375 0.6092730875 0.78357755 0.60625375 0.771694634375 0.6012807171875 0.7592715515624999 0.59399876875 0.750101303125 0.5968572453125 0.7576511359375 0.60305679375 0.765213009375 0.607497003125 0.7792564671875 0.6128252546875 0.7900591328125001 0.6154893796875001
0 0.7163309531250001 0.379940209375 0.7033677453125 0.3779865234375 0.703498575 0.393776634375 0.725513221875 0.3932608375 0.725513221875 0.38970866875 0.722272409375 0.38366998125 0.7163309531250001 0.379940209375
0 0.70714868125 0.485193409375 0.7057983484375 0.490699265625 0.729564221875 0.49105448437500004 0.7298392484375 0.476784446875 0.7203819515625 0.47773385468749996 0.7130901609375 0.48022036874999996 0.70714868125 0.485193409375
0 0.784117675 0.4853710140625 0.7905992984375 0.4807532 0.79357000625 0.47631298906249997 0.794380215625 0.4704519078125 0.763609340625 0.470126065625 0.76305246875 0.4889231828125 0.7684538015625 0.4887455765625 0.7784462999999999 0.48767992187500003 0.784117675 0.4853710140625
0 0.733885284375 0.5033094578124999 0.737126075 0.5059735828124999 0.7395566796875 0.5079272796875001 0.7438777421875 0.51005858125 0.747928740625 0.5107690109374999 0.75360015625 0.511657053125 0.7592715515624999 0.512012284375 0.7578684250000001 0.49165482968749996 0.7306444921875 0.49140970156249997 0.7311846171874999 0.49531708124999996 0.7317247421874999 0.499757290625 0.733885284375 0.5033094578124999
0 0.833539878125 0.533753184375 0.8386711281249999 0.5390814359375 0.8602764593750001 0.52629363125 0.843532334375 0.5136834359375 0.8354303359375 0.5184788671875 0.8321895453125 0.5257608078125 0.833539878125 0.533753184375
0 0.67528083125 0.42171452656249997 0.6787916843749999 0.42526669375 0.6858134140625001 0.42970690312500004 0.6936453499999999 0.4316605921875 0.7006670781250001 0.4318381984375 0.7004592671875 0.41352982968749996 0.6728502265625 0.41354453593749996 0.6728502265625 0.4162086625 0.67528083125 0.42171452656249997
3 0.63207016875 0.5369501343749999 0.6393619593750001 0.543344040625 0.6393619593750001 0.5484946796875 0.63207016875 0.5534677125 0.6404422296875001 0.5603944546874999 0.639632021875 0.5653674750000001 0.6334205015625 0.569985296875 0.639902084375 0.575846371875 0.639091896875 0.5824178765625 0.6334205015625 0.58597004375 0.63261029375 0.59467285625 0.7311846171874999 0.5941400406249999 0.729294159375 0.47350759687500005 0.6008374921875 0.47367720156250004 0.6012825671875001 0.4985140375 0.6012825671875001 0.5219583437499999 0.6020927546875 0.537127746875 0.63207016875 0.5369501343749999
3 0.8411257484375 0.511726653125 0.8027762734375001 0.511904259375 0.8033163984374999 0.49112408125 0.7241868859375 0.4913016921875 0.723106615625 0.5943145515625 0.7468724875 0.5943145515625 0.7530840078125001 0.6001756203124999 0.7655070687500001 0.608167996875 0.780090671875 0.6129634312500001 0.7952144 0.6158051625 0.815199334375 0.61633799375 0.8359944578125 0.611364953125 0.85408895625 0.6017740984375 0.861380746875 0.5943145515625 0.8986897140625001 0.5946377843749999 0.8986499515625 0.552398971875 0.8627310796875 0.552043753125 0.8621909546875001 0.52664575625 0.8411257484375 0.511726653125
3 0.7630764859375 0.450661596875 0.762806403125 0.49435325468749997 0.8981097859375 0.49417564843750006 0.89837986875 0.4495596 0.8990274156250001 0.3973277703125 0.8349142078125 0.39684625625000003 0.762806403125 0.39684625625000003 0.7630764859375 0.450661596875
3 0.7039318875 0.3953163484375 0.7349895515625 0.3956715734375 0.7347194890625001 0.3562425109375 0.73444940625 0.330134075 0.6025259968750001 0.330300071875 0.6013065546874999 0.35570968125 0.6021167625 0.3949611359375 0.6488382890625 0.3956715734375 0.7039318875 0.3953163484375