3 0.7912487593749999 0.6935824796875 0.79157635625 0.7723360015625 0.9399795140625 0.7723625578125 0.939627896875 0.7275659359375 0.956329784375 0.7280723109375 0.9556265484375001 0.7174383984375 0.9515829374999999 0.7085768078125 0.9468360796875 0.7025002875 0.939627896875 0.699208840625 0.939627896875 0.6693326093749999 0.9399795140625 0.5708954984375 0.8684611109375 0.5703891203125 0.8033774171875001 0.570889628125 0.8033696890625001 0.6484822890624999 0.8032604875 0.6937397375 0.7912487593749999 0.6935824796875
5 0.9062687687500001 0.772475746875 0.9062050515625 0.761188771875 0.8692796734374999 0.7613723 0.8338264515624999 0.7613253765625 0.8336935249999999 0.772659275 0.8648512296875 0.7725675109375 0.9062687687500001 0.772475746875
5 0.9889642999999999 0.7164772312500001 0.9889642999999999 0.6773908453125 0.988686271875 0.6373515234375 0.980716896875 0.6372121640625 0.980716203125 0.6685635125 0.980716203125 0.716210303125 0.9889642999999999 0.7164772312500001
0 0.8117895875000001 0.693193875 0.8165253187499999 0.690185021875 0.8209824765624999 0.6839667203124999 0.8241860671874999 0.67514074375 0.8248825015625 0.6647100499999999 0.8027227046875 0.6650827125000001 0.8024574 0.69379565 0.8083074265624999 0.693996240625 0.8117895875000001 0.693193875
3 0.803459621875 0.5771081625 0.9420883609375 0.5770008140625 0.942083146875 0.548300596875 0.942083146875 0.522578609375 0.9396824171875 0.522578609375 0.9467779000000001 0.50982479375 0.9449106671875 0.507827209375 0.9427766906249999 0.505829621875 0.9468846031249999 0.503294225 0.9467779000000001 0.5022186015625001 0.94025203125 0.490725465625 0.94205208125 0.490725465625 0.9423092296875 0.4355853890625 0.862725975 0.43577055312499996 0.862468825 0.43169693750000004 0.8607973546875 0.42410519999999996 0.8580972890625 0.41817994531249997 0.8525685703124999 0.412995346875 0.8467827109374999 0.409847553125 0.841511140625 0.409477225 0.841768290625 0.43574463437500005 0.8139708765625 0.4352177359375 0.8134268921875 0.48521821562499995 0.803459621875 0.48560616406249996 0.803459621875 0.5771081625
0 0.8266514046875001 0.4535520671875 0.8215128937499999 0.45059201875 0.8133847031249999 0.44991928124999997 0.8134504765624999 0.479536946875 0.8361810000000001 0.4799234 0.8358072921874999 0.47023597187500005 0.83197676875 0.460279446875 0.8266514046875001 0.4535520671875
5 0.9421045078124999 0.5388122328125 0.942051159375 0.534125590625 0.9419978078125 0.52690355 0.9351000656249999 0.526868665625 0.9353824703125 0.53212800625 0.9353824703125 0.5388890625 0.9421045078124999 0.5388122328125
5 0.9419978078125 0.485601159375 0.942051159375 0.48145233125000003 0.942051159375 0.4738461390625 0.9352761218750001 0.473828125 0.9352224203124999 0.478763271875 0.9352224203124999 0.485601159375 0.9419978078125 0.485601159375
5 0.9886724843750001 0.4107473625 0.9887508296874999 0.37703698281250003 0.9885941453125 0.34138492187499997 0.9808859953125 0.34145994062499996 0.980916603125 0.37701329375000003 0.980916603125 0.410860184375 0.9886724843750001 0.4107473625
0 0.8508543859375 0.41053448281250005 0.8415948515625 0.40765125312499995 0.8407444578125001 0.4415804328125 0.8626164984375 0.44188959375000003 0.862115984375 0.42819425625 0.857361084375 0.41720195000000004 0.8508543859375 0.41053448281250005
3 0.8382467171875 0.44188984062500003 0.8382467171875 0.39811026250000003 0.8420270171875 0.39811026250000003 0.8421149281250001 0.3605255921875 0.8422907625 0.30168859531250003 0.8183781781249999 0.301308775 0.7818854421875 0.30106270625 0.78215765625 0.3730508640625 0.7818939125 0.442016446875 0.8382467171875 0.44188984062500003
5 0.7890370140625 0.38294648593749997 0.788983665625 0.35921670625 0.7889303156249999 0.33280324375000003 0.7816963109375 0.332780828125 0.7820482281250001 0.354996421875 0.7820482281250001 0.38294648593749997 0.7890370140625 0.38294648593749997
0 0.8029862453125001 0.41226575312499997 0.7983611140625 0.4167855703125 0.795635596875 0.42190010312500004 0.79365339375 0.42653886406249997 0.7924145234375 0.431296565625 0.7917537890624999 0.4360542703125 0.7917870734375 0.4420942765625 0.8128146468749999 0.4420013984375 0.8128146468749999 0.409767959375 0.8084372906249999 0.409767959375 0.8029862453125001 0.41226575312499997
3 0.7479155328125 0.7051523078125 0.7482717265625001 0.6364506703125 0.7477374421875 0.5131539843749999 0.708556009375 0.5131539843749999 0.649071859375 0.5126243015624999 0.6494276640625001 0.6136416031249999 0.6496057609375 0.7051523078125 0.7479155328125 0.7051523078125
0 0.7412511390625001 0.5256975921875 0.7372769046875 0.5270503984375 0.7336639640625 0.5299641375 0.7301955375 0.5342306812500001 0.7270884109375 0.5414109609375 0.7254987171875 0.5485912421875 0.7252096828125 0.555043090625 0.74797181875 0.554603309375 0.7482602453125 0.5256975921875 0.7441414921875 0.5255935296875001 0.7412511390625001 0.5256975921875
5 0.7207429140625 0.7048763765625 0.7207429140625 0.6932708765625 0.7016174625 0.6936001109375 0.67824756875 0.6935538796875 0.6782208828125 0.704958684375 0.6900514609374999 0.704958684375 0.7207429140625 0.7048763765625
5 0.6890207140625 0.44216342343750004 0.6889140125 0.43194500468749997 0.6773371671875 0.43186817343749995 0.6659686109375 0.4319362328125 0.666133771875 0.44224025312500004 0.6749897890625001 0.44216342343750004 0.6890207140625 0.44216342343750004
0 0.72902051875 0.461893271875 0.732693728125 0.46842123593749996 0.740274615625 0.47382368750000003 0.7476991953125001 0.47449899531249995 0.747692253125 0.44654782031250007 0.7261288421875001 0.4457984640625 0.7262069921875 0.45378959218750003 0.72902051875 0.461893271875
5 0.5143107 0.7724031296875 0.5143107 0.7612997453125 0.47736325468749996 0.7612997453125 0.43673982968749997 0.7612762421875 0.436791534375 0.7726583828125 0.4631766203125 0.7726583828125 0.5143107 0.7724031296875
0 0.4091296375 0.6418127640625 0.40617051875000004 0.63626288125 0.40169742656249996 0.6308121046874999 0.3974307921875 0.6281362671874999 0.3938523171875 0.6274425328125 0.389407190625 0.627870471875 0.38937923125 0.65727315 0.411400590625 0.6573722546874999 0.41105650625 0.6482545921875 0.4091296375 0.6418127640625
5 0.5741947546875 0.6487364390625 0.5741947546875 0.6385948499999999 0.5741947546875 0.6258410359375 0.566555465625 0.6257706921875 0.5666724750000001 0.6341387 0.566619125 0.6488900984375 0.5741947546875 0.6487364390625
5 0.57408805625 0.71376323125 0.57414140625 0.705311909375 0.57408805625 0.6908839609374999 0.5666728359375 0.6908044765625 0.5666724750000001 0.700010625 0.5666724750000001 0.71376323125 0.57408805625 0.71376323125
5 0.5285748421875 0.5451896796875 0.5285748421875 0.5375066578125 0.5284147921875 0.5268272578125 0.520839503125 0.526953125 0.5207858109375 0.5346639390625 0.5207324625 0.5451128484375001 0.5285748421875 0.5451896796875
5 0.5284681421874999 0.48606267968749994 0.5284681421874999 0.4799162640625 0.528361440625 0.4685453921875 0.520839503125 0.46850717968750005 0.520892509375 0.4753832796875 0.5208391625 0.48613950937499995 0.5284681421874999 0.48606267968749994
5 0.5284626671875 0.398008971875 0.5284626671875 0.364373471875 0.5284093171875 0.3420158796875 0.520839503125 0.341986909375 0.5211537828125 0.3697354546875 0.5208336874999999 0.3978553125 0.5284626671875 0.398008971875
0 0.3916314078125 0.41593542031249997 0.3851133328125 0.41042063281249996 0.37778049999999996 0.4094819453125 0.3780477703125 0.441797846875 0.3985708953125 0.4418427546875 0.398733853125 0.430226503125 0.3959636671875 0.4221303265625 0.3916314078125 0.41593542031249997
0 0.35968872812499997 0.4152866265625 0.35583045625 0.42013585625000005 0.3527438390625 0.42700560000000004 0.35127068437500003 0.4338753421875 0.35111664375 0.44135636875 0.370281434375 0.4418563671875 0.3707023390625 0.41154867812499996 0.3660022625 0.41205380468749997 0.35968872812499997 0.4152866265625
5 0.3293325421875 0.3791707453125 0.3293325421875 0.3707962546875 0.3292258421875 0.3547387421875 0.32183715625 0.35465582812499996 0.32197030937500004 0.3622681015625 0.32197030937500004 0.3791707453125 0.3293325421875 0.3791707453125
0 0.308200046875 0.4583753609375 0.3101968765625 0.46412675625000005 0.3138381609375 0.4700473109375 0.3201810390625 0.475460390625 0.3294604390625 0.4773211359375 0.3293673171875 0.44613215000000006 0.306320671875 0.44619593281250003 0.3066730484375 0.45127069375 0.308200046875 0.4583753609375
0 0.285882496875 0.4162903578125 0.28282851875000004 0.42305670781250004 0.2810666046875 0.428808103125 0.280831684375 0.442171640625 0.30184580156249996 0.44166920000000004 0.30209208125 0.40749410781249995 0.2966888875 0.4080015828125 0.29046346875 0.41036980312500004 0.285882496875 0.4162903578125
5 0.2731205046875 0.4421859546875 0.2729536515625 0.43201349218749996 0.260383825 0.43209359062499997 0.248770803125 0.431993590625 0.24881513437499997 0.44210585625 0.257213559375 0.4420257578125 0.2731205046875 0.4421859546875
3 0.329366484375 0.7048676734375 0.3292504265625 0.6034810359375 0.32948255 0.51811689375 0.28445084375 0.518785471875 0.23558863125 0.518618328125 0.235246765625 0.6457335484375 0.2354788890625 0.7047005265624999 0.329366484375 0.7048676734375
5 0.24302293281249998 0.6439183484375001 0.242906875 0.6297110546875 0.24279080937500003 0.5742541109375 0.23467853125000002 0.5742172625 0.23501464218749998 0.601797890625 0.23489857656250002 0.6439183484375001 0.24302293281249998 0.6439183484375001
5 0.2976474546875 0.704762065625 0.297540753125 0.694082665625 0.2846835203125 0.6940058359375 0.2716024140625 0.6939294765625 0.2718262890625 0.7050693859375 0.2814825484375 0.70499255625 0.2976474546875 0.704762065625
0 0.3075054765625 0.5428159906250001 0.3092873 0.54933144375 0.3120950234375 0.5552411515625 0.3169005453125 0.5609175796875 0.322785965625 0.5641057125 0.3293193203125 0.5645722671875 0.32929278281249996 0.5347786515624999 0.306911534375 0.534340225 0.3067495515625 0.5380726703125001 0.3075054765625 0.5428159906250001
5 0.373902046875 0.77232219375 0.3737866328125 0.7616018921875 0.3590140765625 0.7615187890625 0.33865588281250003 0.7613661078125 0.3385864 0.7725715015625 0.35076221875 0.7724052968749999 0.373902046875 0.77232219375
3 0.38815399687499996 0.48339430468750005 0.3890462859375 0.6584735609375 0.37833859062499997 0.6614700265625 0.3789334625 0.6940030953125 0.37655397343749997 0.7706270546875 0.5740514765625 0.7727673890625 0.5740514765625 0.689722428125 0.5832719921875 0.6871540281249999 0.5832719921875 0.6494841671875 0.5743489125 0.6486280265625 0.5749437859375 0.56686730625 0.52854380625 0.567295359375 0.5288412046875 0.526629025 0.5377642859375 0.52406064375 0.5371694125 0.4876749578125 0.529436078125 0.48596269375 0.5291386421875 0.29932563437500004 0.3729847421875 0.300930871875 0.3732821953125 0.44315602343749994 0.399159109375 0.442299890625 0.399159109375 0.48510655781249995 0.38815399687499996 0.48339430468750005
1 0.5296875 0.50703125 0.0171875 0.040625
1 0.575 0.66875 0.01953125 0.03984375