5 0.22637711249999998 0.342556928125 0.180486803125 0.342556928125 0.11488303281250001 0.342556928125 0.07351711875 0.34227942499999997 0.0732451984375 0.354610871875 0.15269407343750002 0.3544896015625 0.22605395156250002 0.35393459531250004 0.22637711249999998 0.342556928125
0 0.33593216875 0.314806528125 0.32559067656249996 0.328126721875 0.3207431125 0.3411694125 0.3216543140625 0.354916275 0.377621253125 0.3547671046875 0.37665173125 0.34366694062500003 0.33593216875 0.314806528125
0 0.265157675 0.533524209375 0.28325527500000003 0.535744234375 0.28291812968749996 0.4865448984375 0.2719442609375 0.4866260359375 0.240919828125 0.522701559375 0.2519076390625 0.528806646875 0.265157675 0.533524209375
0 0.2732369421875 0.6323750046875001 0.282285753125 0.6332075234375 0.2822073734375 0.584579209375 0.2712979203125 0.58575434375 0.25804790624999996 0.588529375 0.240596646875 0.5968544984374999 0.2732369421875 0.6323750046875001
5 0.165297746875 0.80118650625 0.1659440875 0.7884213234375 0.0593854625 0.7879775 0.059297582812500006 0.80118650625 0.0803037171875 0.8020190156250001 0.1291025671875 0.802574021875 0.165297746875 0.80118650625
0 0.35564563125 0.749015753125 0.3465968203125 0.7376380874999999 0.3062004171875 0.767053515625 0.30601768906250004 0.7788154140625 0.36178587812499996 0.7775986640625 0.359200515625 0.7592833984375 0.35564563125 0.749015753125
5 0.43961798906249994 0.485338990625 0.4392438421875 0.4393963109375 0.43943092031250003 0.4093568703125 0.4252398421875 0.40928755937499994 0.4255874265625 0.45015910625 0.42577450624999996 0.485499625 0.43961798906249994 0.485338990625
3 0.14253866875 0.5595542140624999 0.2810697578125 0.559123203125 0.28307745 0.48326765624999996 0.28207363750000003 0.3431934671875 0.002817753125 0.34252395625 0.00049406875 0.4539598140625 0.000996009375 0.5578302296875 0.14253866875 0.5595542140624999
3 0.007019082812499999 0.7962870984375 0.0065171765625 0.80145908125 0.21230611875 0.8018900625000001 0.2113022734375 0.7777542171875 0.28207363750000003 0.776892225 0.28307745 0.6394040203125 0.2815716640625 0.5514805265625 0.12748091875 0.5510495296875 0 0.550279528125 0.000996009375 0.671728821875 0.001497915625 0.7941321015625 0.007019082812499999 0.7962870984375
3 0.2734188859375 0.53910120625 0.2714095328125 0.5830992921875 0.2583487140625 0.5865501421875 0.234236428125 0.5969026359375 0.2714095328125 0.6339990796875 0.27241424375 0.77548315625 0.44220495781249997 0.7746204796875 0.441200315625 0.5623943062500001 0.43818625468750005 0.3415410875 0.3829289171875 0.3415410875 0.336713696875 0.30789547968750003 0.3176247546875 0.3415410875 0.2696881125 0.3428665890625 0.2714095328125 0.4856133015625 0.2362457796875 0.5252978625 0.2734188859375 0.53910120625
5 0.772414109375 0.3442870859375 0.731411625 0.343908503125 0.6463223390625 0.34295195 0.6458796015625 0.3582947421875 0.68688205625 0.3582947421875 0.7728550109375 0.3586733265625 0.772414109375 0.3442870859375
5 0.9483279703124999 0.3450442546875 0.8770989124999999 0.3437852421875 0.8773451828125 0.3586733265625 0.8985077468749999 0.3582947421875 0.9487688421874999 0.3582947421875 0.9483279703124999 0.3450442546875
0 0.82620231875 0.53326186875 0.8438377671874999 0.5355333734375 0.84364600625 0.4858616140625 0.8310520734375 0.48631729687499997 0.7997491 0.5222828921875 0.8125348234375 0.529476015625 0.82620231875 0.53326186875
0 0.835020028125 0.61806494375 0.843396896875 0.6176863734375 0.842515125 0.5680917062499999 0.84316118125 0.5679409265625 0.8279658609375 0.5680917062499999 0.81297569375 0.5726347281249999 0.7993081984375 0.580206434375 0.835020028125 0.61806494375
0 0.9165840968750001 0.6271509875 0.9165840968750001 0.6169292046875 0.8606148703125 0.6162718921875 0.861473246875 0.6298010890625 0.8672048015625 0.6411586625 0.8755816421875 0.653273378125 0.9165840968750001 0.6271509875
5 0.7710914390625 0.766571621875 0.7124535046875 0.766571621875 0.6293534734375 0.7658478984375 0.6286849937500001 0.7802006875 0.670128378125 0.7809578546875 0.7706505671875 0.7813364390624999 0.7710914390625 0.766571621875
5 0.9553821390625 0.76695020625 0.8834016328125 0.76626454375 0.8830766796875 0.7809578546875 0.90512104375 0.7813364390624999 0.9567048093749999 0.7813364390624999 0.9553821390625 0.76695020625
3 1 0.6166113703125 0.9293698203125 0.6169899531249999 0.8315253874999999 0.617105184375 0.8323747140625001 0.6862710437499999 0.8332564859374999 0.7797815906250001 0.9994708062500001 0.7782672546875 1 0.6794565171875 1 0.6166113703125
3 0.6238352390624999 0.7801601875 0.7821136203125 0.780538759375 0.8411924546874999 0.7778886828125 0.842515125 0.6631773515625 0.842955996875 0.5549019765625001 0.695258925 0.553766221875 0.5580842374999999 0.5529416625 0.5599066640625 0.664333353125 0.56034755 0.7786661015624999 0.6238352390624999 0.7801601875
3 0.716862359375 0.5623724203125 0.842955996875 0.5619938484375 0.8416333546875 0.482849284375 0.8407515546875001 0.3454228453125 0.5580842374999999 0.3437852421875 0.559465778125 0.43708096406249997 0.56034755 0.5623926703125 0.716862359375 0.5623724203125