5 0.3631801625 0.5024464265625 0.31390489062500004 0.5026329765625001 0.31390489062500004 0.5138261140625 0.327272103125 0.5136395625 0.3631801625 0.5140126656249999 0.3631801625 0.5024464265625
5 0.22610056093750003 0.5028195359375001 0.178440378125 0.5022071218749999 0.17866001874999998 0.5134530109375001 0.1941240609375 0.5138261140625 0.22610056093750003 0.5138261140625 0.22610056093750003 0.5028195359375001
0 0.24523404375000002 0.6851708484375 0.24051619687499998 0.677895315625 0.23317733125 0.6713659890625 0.225052153125 0.6672618406249999 0.2124712390625 0.66334424375 0.19726928906250002 0.662038378125 0.1974631015625 0.699917975 0.24759296718749998 0.6999084796874999 0.2470687640625 0.6922598359375 0.24523404375000002 0.6851708484375
0 0.2297700015625 0.7228544 0.25729075625000003 0.7469196375 0.2651538234375 0.7469196375 0.2649072984375 0.7136735578125 0.25414551875 0.714086440625 0.2439235265625 0.7159519640625 0.23632255156249998 0.7191233546875 0.2297700015625 0.7228544
0 0.194910365625 0.730336440625 0.20303554375 0.7279112640625 0.21063651874999997 0.7245533281250001 0.18730940000000001 0.7034729265624999 0.178440378125 0.7032028890625 0.18023262812500002 0.7310826546875 0.188882009375 0.7310826546875 0.194910365625 0.730336440625
0 0.23527414531250002 0.8792749593750001 0.2232174328125 0.88319255625 0.213257534375 0.8886025671875 0.2053944671875 0.8968108640624999 0.2017250265625 0.9072577875000001 0.20121000156250002 0.919391390625 0.254407628125 0.9193836828125 0.25414551875 0.8779690921875 0.23527414531250002 0.8792749593750001
5 0.20093873125 0.9085636562499999 0.17866001874999998 0.9085636562499999 0.17866001874999998 0.9193836828125 0.1891441109375 0.9193836828125 0.20093873125 0.9197567859375001 0.20093873125 0.9085636562499999
0 0.179184221875 0.8977436296875 0.1865230859375 0.8956915546875001 0.19281355312499998 0.892706715625 0.17499057812500002 0.8759170171875 0.1657585640625 0.876276875 0.165292790625 0.8766632296875001 0.16581699375 0.8981167328125 0.179184221875 0.8977436296875
0 0.47213677968749995 0.84281128125 0.46112847500000004 0.8349760890625 0.44356761875000006 0.8293795218750001 0.42810356875 0.8278871046875 0.4283297765625 0.8647796703124999 0.47790303281249996 0.8642647859375 0.4760683125 0.8512061328125 0.47213677968749995 0.84281128125
0 0.649842253125 0.88292000625 0.63621293125 0.877509990625 0.628349828125 0.8760175765625 0.6176923296875 0.876276875 0.6183899484375 0.9047466125 0.627301421875 0.90400040625 0.649842253125 0.88292000625
5 0.6865365921875 0.9088507609375001 0.629509475 0.9087154156249999 0.6291361421875 0.9198573390625 0.650890659375 0.9196707937499999 0.6865365921875 0.9194842359375001 0.6865365921875 0.9088507609375001
5 0.64512440625 0.5029300671875 0.627301421875 0.5029300671875 0.5874289078125 0.5026177374999999 0.5877239734375 0.5137500937499999 0.599256465625 0.5139366453124999 0.6453864984375 0.5137500937499999 0.64512440625 0.5029300671875
0 0.6618989484375 0.6682851734375 0.652201159375 0.6595172218750001 0.635164525 0.6550399687499999 0.6199625765625 0.654666865625 0.6208627828125 0.6912950718750001 0.66976205 0.6916041984375 0.667403109375 0.675747265625 0.6618989484375 0.6682851734375
0 0.6527253796875 0.71009283125 0.647745440625 0.719047334375 0.6485317187499999 0.726882528125 0.6967586015625 0.7263228734375 0.6963772265625 0.6939640640625 0.6839155578125 0.6938627875 0.67212095625 0.6968476203125 0.6618989484375 0.7016979812499999 0.6527253796875 0.71009283125
5 0.8759190015625 0.8574226078124999 0.8641243640624999 0.8574226078124999 0.85403524375 0.856977996875 0.8536402984375 0.868988846875 0.8641243640624999 0.8686157437500001 0.875656871875 0.8688022953125 0.8759190015625 0.8574226078124999
5 0.765049653125 0.908537921875 0.708194371875 0.908510109375 0.707911315625 0.9195445 0.7220648578125 0.9195445 0.7655738578125 0.9193579421875 0.765049653125 0.908537921875
0 0.739101509375 0.8004942515625 0.7404120265625 0.7902338765625 0.6877280625 0.790048846875 0.6874673328124999 0.826051903125 0.6969030093749999 0.82642500625 0.7113186453125 0.8238132765625 0.7220648578125 0.8184032609375 0.7330731453125 0.8101949625 0.739101509375 0.8004942515625
5 0.8753947796875 0.7717452546875 0.8546116890625 0.7717755000000001 0.8541644843749999 0.7827518328124999 0.8656969921875 0.7827518328124999 0.875656871875 0.78256528125 0.8753947796875 0.7717452546875
5 0.810393390625 0.5018809906249999 0.7810379000000001 0.5024406453125 0.7534453937500001 0.5026177374999999 0.7537792546875 0.51400688125 0.771864315625 0.5141934359375 0.810655484375 0.5141934359375 0.810393390625 0.5018809906249999
5 0.641329409375 0.44526361718749996 0.6415659734375 0.45645740625000003 0.6627962703125 0.4562708546875 0.7595120750000001 0.4562708546875 0.7589878890625 0.445077725 0.72255564375 0.445077725 0.641329409375 0.44526361718749996
0 0.6575542203125 0.2677633109375 0.6654173046875 0.2636591625 0.6344892203125 0.236422540625 0.6257625765625 0.23715550312499997 0.6253156171875001 0.272800225 0.6449733046875 0.27074815 0.6575542203125 0.2677633109375
0 0.7031600499999999 0.212337346875 0.7146925578125 0.216628046875 0.733039728125 0.21830701874999997 0.7324051093749999 0.1845968546875 0.6829781609375 0.1837948609375 0.683764475 0.1944283390625 0.6921517453125 0.20562146874999998 0.7031600499999999 0.212337346875
5 0.7201967203125 0.172042071875 0.6946478890625001 0.1714571921875 0.6947727796875001 0.1828621 0.707877896875 0.1828621 0.7204588125 0.1826755484375 0.7201967203125 0.172042071875
0 0.677736109375 0.1599062 0.6717077625 0.1530037671875 0.65965105 0.1477803046875 0.6502153546875 0.1440492625 0.6355376265625 0.14367615625000002 0.6361386062500001 0.18254378124999998 0.683764475 0.18247901718749998 0.6819297546875001 0.1675548421875 0.677736109375 0.1599062
3 0.8533382656249999 0.45605481406250004 0.851614746875 0.274499890625 0.735276990625 0.27511325000000003 0.734415203125 0.17145519843749998 0.688741840625 0.1702284796875 0.6784007359374999 0.1506009171875 0.6611655015625 0.1407871359375 0.63014206875 0.1395604109375 0.6318655859375 0.1702284796875 0.6266950328124999 0.172068559375 0.62649154375 0.2309430984375 0.6266950328124999 0.27265981093749997 0.6258332453125 0.45421475468750006 0.8533382656249999 0.45605481406250004
3 0.5999804234375 0.691103440625 0.8524765359375 0.690490059375 0.8524765359375 0.59419234375 0.851614746875 0.5015747937499999 0.6930506640625 0.500961434375 0.5506801171875 0.5009532953125 0.548274721875 0.5984858796875 0.5999804234375 0.5978725203125 0.5999804234375 0.691103440625
3 0.8533382656249999 0.8684304624999999 0.8964263796875 0.8678170812499999 0.8964263796875 0.7709060046875 0.8533382656249999 0.7715193859375 0.8524765359375 0.7482116453125001 0.7843973875 0.7494383640625 0.7835356 0.7610922343750001 0.6861930421875 0.761513134375 0.688741840625 0.9193394375 0.8550617828125 0.9205661562499999 0.8533382656249999 0.8684304624999999
3 0.4195589703125 0.9188952 0.419195359375 0.8430635531249999 0.42064985312500003 0.7594675671875 0.2559277859375 0.7597263796875 0.2548369015625 0.783795809375 0.249018896875 0.7840546203125001 0.24756440156249998 0.81977055625 0.256291396875 0.8189941171875 0.255554496875 0.8402859984375001 0.25556415 0.8404754421874999 0.25701864531249996 0.9183775796875 0.4195589703125 0.9188952
5 0.36937874375 0.908801571875 0.3123350421875 0.9072211984375 0.3119260171875 0.919671640625 0.3326526328125 0.9199304406250001 0.3690151078125 0.9201892609375 0.36937874375 0.908801571875
3 0.37699677343750004 0.6994870015625 0.3775525609375 0.7192655625000001 0.42145843281250006 0.718474421875 0.42090268125 0.5946606046875 0.42145843281250006 0.5017013312499999 0.30974853593749996 0.5020969015625 0.30974853593749996 0.47954933593750004 0.23138488281249997 0.47994490624999997 0.23138488281249997 0.502492471875 0.11985112812500001 0.5028722140624999 0.12189810000000001 0.59545174375 0.1224538875 0.698300303125 0.37699677343750004 0.6994870015625
1 0.26953125 0.49609375 0.07890625 0.034375