3 0.518200815625 0.916865553125 0.5280390484375 0.9162382421874999 0.5280390484375 0.9269024953124999 0.7182642296874999 0.9268570234375 0.71863215 0.9169098578125 0.7366608921875 0.9167221765625 0.7351891640625 0.8741576906249999 0.740708159375 0.8747207359375 0.740708159375 0.8779113390625 0.8433615734375 0.8788497468750001 0.84372951875 0.8745330546875 0.9265145390624999 0.8750960984375 0.926882459375 0.7638792859375 0.927250378125 0.6550892140625 0.653499196875 0.6550892140625 0.653867140625 0.5931803140625 0.5176966703125 0.5927808953125 0.518200815625 0.7377667781249999 0.5169710265624999 0.8234550765625 0.518200815625 0.916865553125
0 0.552801865625 0.616021765625 0.5646104421875 0.6156824109375 0.5722610687499999 0.6144946703125 0.5820738249999999 0.6115253218750001 0.5895581265625001 0.607453071875 0.5955455781250001 0.6029566265625 0.598539303125 0.59735728125 0.6060236046874999 0.59735728125 0.6061899265624999 0.59252148125 0.546499240625 0.5926050593750001 0.5463154671875 0.5975269578125 0.5533008234375 0.59735728125 0.552801865625 0.616021765625
0 0.7661581156249999 0.663174328125 0.7708182515625001 0.6679285968750001 0.7785315921875 0.672109071875 0.7872091078125 0.675469846875 0.7989398171875 0.677846978125 0.8101884390625 0.6779289484375 0.8095456625 0.6592397640625001 0.8162948374999999 0.6593217328125001 0.8161341375 0.6546494375 0.7567582578125001 0.6544784328125 0.7565164359375001 0.6592397640625001 0.7642297765625 0.65915779375 0.7661581156249999 0.663174328125
5 0.93019971875 0.6513022984375 0.9299100859375 0.6433981515625 0.9297652765625 0.6291411375 0.9101002781249999 0.6291934546875 0.91050471875 0.63977849375 0.9106495390625 0.651228428125 0.93019971875 0.6513022984375
3 0.590712396875 0.5403992828125 0.5936517171875 0.5460753734375 0.6001602265625 0.5523715515625 0.6146468781250001 0.557940546875 0.627034021875 0.5601895625 0.6272439796875 0.59690101875 0.8726212859375 0.5967939234374999 0.9263689046874999 0.59625844375 0.926788821875 0.5448823265625 0.9297281203125 0.5445610375000001 0.9299380921875 0.5071074062500001 0.92657885 0.5071074062500001 0.926788821875 0.4612006796875 0.7890325765624999 0.461307778125 0.7884027171875 0.441816296875 0.7785349859374999 0.442030490625 0.77013691875 0.4433156421875 0.7617388515625 0.44545756406250003 0.7548104484375 0.448456253125 0.7483019468750001 0.4522046140625 0.7434730671875001 0.458630375 0.7392740328125 0.45263299687499997 0.731925728125 0.448134965625 0.724997325 0.44545756406250003 0.715549496875 0.44352983437500004 0.706311625 0.44224468281249996 0.6983334734375 0.44224468281249996 0.6983334734375 0.461185690625 0.6270552265625 0.46128355781249997 0.6268240781250001 0.536650921875 0.59008254375 0.53632963125 0.590712396875 0.5403992828125
0 0.589173559375 0.5360515328125001 0.5889698953125 0.538337090625 0.5905992062500001 0.5430120953124999 0.5928395156249999 0.54706376875 0.5987457890625 0.5518426609375 0.612798640625 0.55745266875 0.6264441625 0.5600498921875 0.6266478328125 0.5643093421875001 0.63622005625 0.564205453125 0.6356100015624999 0.5326672796875 0.6272588171875 0.533142640625 0.6268514890625 0.5362593125 0.589173559375 0.5360515328125001
5 0.929821240625 0.544901303125 0.930528609375 0.5226026515625 0.930528609375 0.5068464359375 0.9104161187500001 0.506873296875 0.9106043109374999 0.522890715625 0.910722209375 0.544901303125 0.929821240625 0.544901303125
3 0.4793040140625 0.501470696875 0.478926790625 0.499738903125 0.515517525 0.5001237453125 0.515517525 0.4981995296875 0.63696915 0.4981995296875 0.6373463609375001 0.46625756406249996 0.7908891453125 0.4668348328125 0.927067025 0.46625756406249996 0.9278214703125001 0.3839550375 0.927067025 0.31703276874999997 0.8496873671875 0.3166479265625 0.8496873671875 0.29451945625 0.8387479156250001 0.2947118765625 0.8270539421875001 0.29644366875 0.8153600203125 0.300099678125 0.8051749390625 0.3049102125 0.7987621625 0.31356917968750003 0.7927265703125 0.3054874796875 0.78631374375 0.3016390484375 0.773488140625 0.297405775 0.7594536921875 0.2952891390625 0.7470052984375 0.2952891390625 0.74775976875 0.31723865625 0.6564715515625 0.31666139375 0.656094315625 0.2743286671875 0.6108274421875 0.2743286671875 0.6096957609375 0.2531623046875 0.5980018140625 0.2531623046875 0.58819399375 0.254701675 0.5761228359375 0.25874252656249996 0.5663150156250001 0.26393790625 0.560656634375 0.2706726578125 0.554998278125 0.26451516875 0.5489627109375 0.260281896875 0.5399093125000001 0.25701073281250003 0.53198761875 0.254509253125 0.5202936703125001 0.253354725 0.51048585 0.25296988125 0.51048585 0.2743286671875 0.44764076875000003 0.2743093921875 0.447994425 0.42723640781250005 0.447994425 0.50166311875 0.4793040140625 0.501470696875
3 0.29180166875 0.916772603125 0.35928410624999996 0.916873546875 0.35928410624999996 0.9200028046875 0.46233200625000004 0.9200028046875 0.4621341078125 0.916671659375 0.5258549234375 0.916671659375 0.5262507171874999 0.7789681359375 0.5262507171874999 0.7446684359375 0.39687791250000004 0.7445674921875 0.2991198859375 0.7444665484375 0.29932152031250003 0.8426212921875 0.29199956562499996 0.8427222359375 0.29180166875 0.916772603125
0 0.323266303125 0.7675826812500001 0.33217139218749997 0.7674817375 0.3394933484375 0.7667751296875001 0.3491899984375 0.7644534234375 0.3565119546875 0.7616269953125 0.3630423484375 0.7576901875 0.36779172656250003 0.7530467734374999 0.3705621875 0.7485043015625 0.376696803125 0.748908075 0.3770925828125 0.7442646609375 0.317192340625 0.7441622171875 0.31752746875 0.7491099625000001 0.3236620828125 0.74900901875 0.323266303125 0.7675826812500001
3 0.0819977578125 0.852006234375 0.1557349296875 0.8518065890625 0.1557349296875 0.8501096374999999 0.211702025 0.850309278125 0.211702025 0.8519064109375 0.281171684375 0.8518065890625 0.281171684375 0.8502094578125 0.3075897140625 0.8502094578125 0.30792105625 0.786981284375 0.30792105625 0.721770640625 0.30828756562500004 0.6462770640625 0.182570471875 0.6460901031249999 0.18293700625 0.7157878453125 0.040763676562500004 0.71629025625 0.0414900984375 0.8505089203124999 0.0821934390625 0.850309278125 0.0819977578125 0.852006234375
0 0.190757271875 0.709385971875 0.20134750625 0.7083219296875 0.212098190625 0.7052116484375001 0.21851651562500002 0.701773971875 0.2238116328125 0.697354103125 0.2275021734375 0.6920338890625 0.228144003125 0.686386275 0.191399103125 0.686631825 0.1910781875 0.6828667484375 0.1818205890625 0.6828475593750001 0.18225299374999998 0.7135488375000001 0.191399103125 0.7135488375000001 0.190757271875 0.709385971875
0 0.2614750703125 0.68759910625 0.2614750703125 0.6924197265625 0.2656508203125 0.6985856421875 0.2709254484375 0.7028457312499999 0.279716490625 0.7066573875 0.298397478125 0.7109174734375 0.298397478125 0.7151775609375 0.30828739843749997 0.7150654546874999 0.3080249109375 0.6838732703125 0.298397478125 0.684235878125 0.298397478125 0.68759910625 0.2614750703125 0.68759910625
0 0.054007528125 0.5831767203125 0.059940209375 0.5826264906249999 0.06623244375000001 0.58143433125 0.0743224546875 0.57941683125 0.0800753625 0.575840353125 0.0852889203125 0.57180535 0.08942382343750001 0.5666698921875 0.09086204375 0.55988375 0.05454685625 0.5599754546875 0.054367084375 0.5565823859375 0.035024184375 0.5565894874999999 0.034052146875 0.58730343125 0.05418730000000001 0.5870283140625 0.054007528125 0.5831767203125
1 0.5625 0.26484375 0.11171875 0.034375
1 0.79921875 0.30859375 0.11640625 0.034375
1 0.7421875 0.45234375 0.10859375 0.03203125
1 0.5734375 0.4875 0.10859375 0.0296875
1 0.41328125 0.90234375 0.10390625 0.03515625
1 0.6234375 0.90625 0.11015625 0.0421875