5 0.30528303437500004 0.0240946734375 0.30528303437500004 0.0038760421875 0.24146600624999998 0.0044081140625 0.20044641875 0.004122340625 0.2004088640625 0.02249846875 0.26467219218750004 0.023030540625000002 0.30528303437500004 0.0240946734375
5 0.191483403125 0.3304700859375 0.1910371359375 0.3054628265625 0.17645088281250002 0.30465425625 0.17764894375 0.32408525 0.1780952109375 0.353881134375 0.190590853125 0.35654148281250003 0.191483403125 0.3304700859375
5 0.22450761562500002 0.694308984375 0.223615084375 0.6767507 0.2102268921875 0.678346903125 0.19598213281250002 0.6763297875000001 0.1968387 0.6959051984375 0.214243321875 0.6959051984375 0.22450761562500002 0.694308984375
5 0.29591130625 0.694308984375 0.295465040625 0.6772827703125001 0.27850665 0.6767507 0.2674107046875 0.6776595750000001 0.27047375625000003 0.6948410765624999 0.28207684843749997 0.694308984375 0.29591130625 0.694308984375
5 0.19128847499999999 0.419476084375 0.190332190625 0.3978132640625 0.1916072609375 0.3826112828125 0.18383290000000002 0.3814589671875 0.1830005515625 0.3959130171875 0.1833193125 0.40807459843749994 0.1833193125 0.419476084375 0.19128847499999999 0.419476084375
5 0.383802465625 0.7189882125 0.37105180625 0.7041662750000001 0.35320088906249997 0.6844037109375 0.3420758859375 0.6944338906249999 0.35320088906249997 0.7075867265625 0.36340143125 0.7189882125 0.3732831875 0.73152984375 0.383802465625 0.7189882125
5 0.4532935671875 0.719748315625 0.42715472656250003 0.7201283578125001 0.4077099515625 0.7201283578125001 0.38699013125000004 0.7189882125 0.3851243546875 0.7357522796875 0.4105788546875 0.7364704859375 0.43161743750000003 0.7376106453125 0.4536123296875 0.7368505437499999 0.4532935671875 0.719748315625
5 0.4937769 0.6977054453125 0.48293885937500003 0.683643609375 0.4746509125 0.6927647890624999 0.46476915625000004 0.70378623125 0.45201849687499995 0.7189882125 0.4641316328125 0.732289946875 0.48006995625000004 0.714427615625 0.4937769 0.6977054453125
0 0.34810063125 0.40498069687499993 0.3366250421875 0.381797709375 0.331712365625 0.381933890625 0.3315247828125 0.4353846734375 0.339175159375 0.437284921875 0.3570261015625 0.42702356718749995 0.34810063125 0.40498069687499993
0 0.33248106875 0.46860451718749996 0.3264245 0.46442397812499997 0.319411646875 0.4621436859375 0.3069993546875 0.45839665625 0.3057046921875 0.5145905187500001 0.31463015 0.513830446875 0.325468215625 0.4879870515625 0.33248106875 0.46860451718749996
0 0.2093772328125 0.091020628125 0.19853916875 0.0670775015625 0.1899324828125 0.045034632812499996 0.17825254375 0.0433130703125 0.1781381078125 0.0746784921875 0.17877565625 0.0982415671875 0.1921638375 0.09862161875 0.2093772328125 0.091020628125
0 0.2583353734375 0.57406745 0.233471603125 0.5904095625 0.220083396875 0.5987706703125 0.2228954 0.6037234046875 0.26757960625 0.603711296875 0.26534825 0.5907896359375 0.2618418 0.5778679453125 0.2583353734375 0.57406745
3 0.53980618125 0.5309751140625 0.538849871875 0.44150792812499995 0.305512821875 0.4426480890625 0.307425415625 0.693558540625 0.3428084890625 0.693938584375 0.3778728015625 0.7380243531249999 0.46202717968749996 0.73688419375 0.495816396875 0.6950787453125 0.5389827734375 0.691584346875 0.5391686578125 0.5971037328125 0.548094128125 0.597483790625 0.5477753421875 0.531355165625 0.53980618125 0.5309751140625
5 0.712588853125 0.21465305156249997 0.7128513828124999 0.1968130765625 0.679512146875 0.1968130765625 0.6572347625 0.19680851093750001 0.6566734750000001 0.214966034375 0.688700121875 0.21434006718749998 0.712588853125 0.21465305156249997
5 0.631209646875 0.2797532984375 0.6301596078125 0.26504314375 0.6168592375 0.26564455625 0.6170339296875 0.2891427578125 0.6167714 0.3038529125 0.631209646875 0.3035399359375 0.631209646875 0.2797532984375
5 0.631209646875 0.3449816609375 0.6309471375 0.3221339671875 0.6168592375 0.32196495625 0.6170339296875 0.3465465703125 0.6170339296875 0.36188267343749997 0.631209646875 0.3621956625 0.631209646875 0.3449816609375
5 0.6317346859375 0.44394800625 0.6309471375 0.40075649062499996 0.6168592375 0.40057884843749997 0.6172964390625 0.441444140625 0.6167714 0.486200571875 0.6317346859375 0.4858875828125 0.6317346859375 0.44394800625
5 0.7244019625 0.6952157406249999 0.724139453125 0.6770627890625 0.6837123593750001 0.6767497984374999 0.6519826625 0.67670525625 0.6524732609375 0.6949027515624999 0.6871250437499999 0.6949027515624999 0.7244019625 0.6952157406249999
5 0.808406325 0.701162390625 0.796330684375 0.686139259375 0.7855829765625 0.698607634375 0.7992183500000001 0.715246590625 0.8110314609374999 0.728391825 0.821532003125 0.7168115015625001 0.808406325 0.701162390625
5 0.860646509375 0.7193153421875 0.822844571875 0.719941321875 0.8216911703124999 0.7373279109374999 0.8501459671875 0.7371553296875 0.89083556875 0.7368423515625 0.8900480203125 0.71962834375 0.860646509375 0.7193153421875
5 0.9334121546875 0.6973298546875 0.9231741421875 0.6848105875 0.9097859546875 0.7007726515625 0.89390755625 0.7201188984375 0.9040106437500001 0.7330097796875 0.9173988312500001 0.7164217500000001 0.9334121546875 0.6973298546875
5 0.9160862640625 0.2151382015625 0.91556124375 0.1976112046875 0.8457326390625 0.1976112046875 0.8029805609375 0.1975907390625 0.8037304687500001 0.2151382015625 0.8688338218749999 0.2148252125 0.9160862640625 0.2151382015625
0 0.770916271875 0.43479475 0.772228840625 0.4319779203125 0.7622533171875 0.40975619218750003 0.7525403125000001 0.38753447812499997 0.7455357078125 0.387672090625 0.746502503125 0.43980246875000006 0.7528028328125 0.44042843437499996 0.761728296875 0.4379245703125 0.770916271875 0.43479475
0 0.767241078125 0.4826810015625 0.7748539765625 0.466092946875 0.766716059375 0.46014629687499997 0.7564780265625 0.45764244375 0.7465204765625 0.45611702187500003 0.746765021875 0.5102234125 0.753590371875 0.5099104343749999 0.7604157296875 0.498956053125 0.767241078125 0.4826810015625
0 0.7211997828125 0.535621284375 0.736425578125 0.5443847765625 0.740100771875 0.533743384375 0.7437759453125 0.5231020046875 0.7437759453125 0.5143385125 0.718574646875 0.5149644671875 0.69531249375 0.5136107640625001 0.6967860328125 0.522789015625 0.7101742203125 0.528735678125 0.7211997828125 0.535621284375
0 0.7091241625 0.3421911828125 0.7275001125 0.332175734375 0.7427259078125 0.323412240625 0.7432509265625 0.319343478125 0.7429884171875 0.311205940625 0.7031906453125 0.31140488125 0.7025613234375 0.319343478125 0.7046614390625 0.329358903125 0.7091241625 0.3421911828125
3 0.753488959375 0.6940542093750001 0.75322645 0.6286409734375 0.7527014109375 0.5084558984374999 0.7466636109375 0.5075169578125001 0.746138571875 0.514089571875 0.6175069234375 0.5150285203125 0.6177694421875 0.584823496875 0.6172444140625 0.6943671874999999 0.7282876609375 0.694993165625 0.753488959375 0.6940542093750001
3 0.7461051859375 0.19790965 0.7458426765625 0.4499882390625 0.883234696875 0.451240159375 0.9782646015625 0.44936229531249994 0.9779411703124999 0.197981853125 0.9159514671875 0.1975966671875 0.8122586078125 0.1975966671875 0.7461051859375 0.19790965
4 0.43359375 0.0125 0.1625 0.025
4 0.234498446875 0.42846657187500004 0.235295509375 0.5348166734375 0.1826894421875 0.5338671203125 0.1826894421875 0.6107810328125 0.314204609375 0.609831478125 0.313407546875 0.515825584375 0.33572527343749997 0.465499196875 0.313407546875 0.46075142343750003 0.313407546875 0.450306325 0.5397730468749999 0.45125587968750003 0.538975984375 0.26701060781249997 0.548540725 0.266061053125 0.5493377859375 0.1995922390625 0.5381789234375 0.202440903125 0.538975984375 0.00012239218749999999 0.177907071875 0.0058514234375 0.1795011953125 0.3742785609375 0.2695691578125 0.3724428578125 0.268772096875 0.432264790625 0.234498446875 0.42846657187500004