5 0.118314434375 0.908578209375 0.117641703125 0.8946852875 0.09544121718750001 0.8946852875 0.07369084375 0.8949404765625 0.0739135125 0.908975159375 0.10015041250000001 0.908578209375 0.118314434375 0.908578209375
5 0.455674475 0.32870096718749997 0.4553381109375 0.31480805156249997 0.43111940468750004 0.3140141828125 0.41270241093750004 0.3140873015625 0.412619015625 0.327907096875 0.43414674687500004 0.32870096718749997 0.455674475 0.32870096718749997
5 0.45769269531249995 0.9097592499999999 0.45769269531249995 0.89467549375 0.4338103796875 0.8942785593749999 0.4223764375 0.8944444453125 0.423719259375 0.9097592499999999 0.441546890625 0.9097592499999999 0.45769269531249995 0.9097592499999999
5 0.5185757859375 0.9089653640625001 0.5182394453125 0.893881625 0.5034391046875 0.893881625 0.48672975 0.89345238125 0.4866205703125 0.908568415625 0.5020936421875 0.9097592499999999 0.5185757859375 0.9089653640625001
5 0.64206543125 0.62872125625 0.6424018234375 0.613240565625 0.6202013359375 0.61284363125 0.597770759375 0.6131944453125 0.5986736328125 0.62872125625 0.619864996875 0.6291181906250001 0.64206543125 0.62872125625
5 0.6000190937500001 0.8579996796874999 0.6212104593750001 0.8568088609375 0.62087411875 0.8429159390625 0.6006918765625 0.8429159390625 0.5775682703125 0.8425172765625 0.5771459015625 0.8572058109375 0.6000190937500001 0.8579996796874999
0 0.14748215 0.886095475 0.14546390468749998 0.8960189906249999 0.14435330468750002 0.908829365625 0.1717008296875 0.908721109375 0.1720371953125 0.8686300812500001 0.15790963593750001 0.8733933875 0.14748215 0.886095475
0 0.3190311796875 0.6647558484375 0.3112946953125 0.6580078703125001 0.3025490359375 0.6548323328125 0.289884325 0.6538690484374999 0.2897669390625 0.686984546875 0.326094984375 0.6861906484375 0.32374040000000004 0.6742824296875 0.3190311796875 0.6647558484375
0 0.1003902515625 0.8329866625 0.13234546875 0.833780546875 0.132576228125 0.7699404765625 0.10005386093749999 0.770270046875 0.0997174953125 0.8016283609375 0.1003902515625 0.8329866625
0 0.037825281249999995 0.74510033125 0.0455618171875 0.736367634375 0.04825279375 0.7280318718750001 0.05128010937500001 0.720093059375 0.050943743750000006 0.711360378125 0.01943216875 0.7104166671875001 0.02067038125 0.7478789046875 0.0317706234375 0.747482 0.037825281249999995 0.74510033125
3 0.0936628375 0.6145068593749999 0.1320090765625 0.6145068593749999 0.1313363453125 0.9081709046875 0.19726499687500001 0.9077739687499999 0.1976013625 0.6179168578125 0.3012035734375 0.617519953125 0.3012035734375 0.2570073984375 0.009758140625 0.25555555625 0.009233784375 0.4908146359375 0.00889740625 0.6280028546875001 0.09299008125 0.62839978125 0.0936628375 0.6145068593749999
3 0.1316727109375 0.908721109375 0.1330182 0.71025078125 0.008916921875 0.708928571875 0.00889740625 0.896415925 0.0425344765625 0.8960189906249999 0.0418617453125 0.907530275 0.1316727109375 0.908721109375
0 0.472362615625 0.4910220328125 0.46899890781250003 0.4986451328125 0.4663079578125 0.5089655984375 0.4669610859375 0.5194444453125 0.4948994671875 0.5184109421875001 0.49456307656250004 0.48070158281250003 0.48379922343750004 0.4818924015625 0.472362615625 0.4910220328125
0 0.43738005781249994 0.5653311546875 0.44511659375 0.5716822140625 0.45688956875000003 0.5760485546874999 0.4636169828125 0.5764455046875 0.4646261046875 0.5427055515625 0.43065264374999995 0.5427055515625 0.433007253125 0.5569954078125 0.43738005781249994 0.5653311546875
0 0.4938903453125 0.739831790625 0.501290490625 0.7453889499999999 0.5113816109375 0.7469767187499999 0.5120543671875 0.71006124375 0.48378548125 0.709424603125 0.48480834687499996 0.722763346875 0.48850841875000006 0.731892978125 0.4938903453125 0.739831790625
0 0.5682282640625 0.799372884375 0.561837215625 0.793418775 0.5537643390625 0.7910371234375 0.5447739140625 0.7887896828125001 0.544682315625 0.8227923875 0.5756284093749999 0.8227923875 0.5729374593750001 0.8088994656249999 0.5682282640625 0.799372884375
3 0.5086906609375 0.397262815625 0.5080179046875 0.314302225 0.36601471406249997 0.314583334375 0.36573311406250003 0.380113134375 0.36573311406250003 0.519520525 0.5093633921875 0.5175358218749999 0.5086906609375 0.397262815625
0 0.5473732906250001 0.6540926140625001 0.5514097296875 0.644962975 0.5514097296875 0.6314670109375 0.5212197609375 0.6315476203125 0.5208 0.6652069640625 0.5322366093750001 0.6652069640625 0.5409822421875 0.6608406 0.5473732906250001 0.6540926140625001
3 0.5510733640625001 0.68902339375 0.5510733640625001 0.703710184375 0.5628463375 0.7156184031249999 0.56351906875 0.729908275 0.5510733640625001 0.74419813125 0.5510733640625001 0.7640451625 0.6573664984375001 0.766029865625 0.659048353125 0.671558 0.6579179734375 0.6146825406249999 0.52147273125 0.6136046671875001 0.52147273125 0.6882295093749999 0.5510733640625001 0.68902339375
3 0.3983610625 0.9090097281249999 0.556118925 0.9074219593749999 0.5564552890625001 0.8443084093750001 0.5497278750000001 0.843514525 0.5497278750000001 0.82327054375 0.5773102625 0.82327054375 0.573273825 0.80739291875 0.5658736796875 0.796675534375 0.5497278750000001 0.78913365625 0.5497278750000001 0.7609508765624999 0.5271910484375 0.76015699375 0.526854684375 0.709348603125 0.3664353234375 0.7114087312499999 0.3653967484375 0.7874646656250001 0.36606947968750003 0.895513740625 0.39768833125 0.8951168062500001 0.3983610625 0.9090097281249999
5 0.8138685390625 0.529494165625 0.8135321734375 0.5152043015625 0.793013565625 0.514807359375 0.778633009375 0.5144841265625 0.7795587375 0.529494165625 0.7997409796875 0.529494165625 0.8138685390625 0.529494165625
5 1 0.7259221609375001 0.9994329765625001 0.7048843171875 0.986834903125 0.70595238125 0.9866508546875 0.7263190953125 0.9866508546875 0.7481508296875 1 0.7473569453125 1 0.7259221609375001
0 0.8373022859375 0.632875590625 0.831247603125 0.6388297 0.8268747734374999 0.6479593296874999 0.8245201890624999 0.654310390625 0.824058878125 0.6662698421875 0.8558026734374999 0.6658216593749999 0.8561390390625 0.6269214812499999 0.847057015625 0.6261275953125 0.8373022859375 0.632875590625
0 0.8134199453125 0.7922112484375 0.8214928468749999 0.7973714734375 0.8295657484375001 0.7989592265625001 0.8299021140624999 0.7624407015625 0.800925334375 0.7625 0.803328825 0.7739519703125 0.8060198 0.7822877328125 0.8134199453125 0.7922112484375
3 0.7878557765624999 0.6796333437500001 0.7885285343749999 0.67248843125 0.7979468984375 0.6625649 0.808374384375 0.66177103125 0.815438190625 0.67248843125 0.8218292125 0.672091496875 0.8218292125 0.6665343218750001 0.8682483796874999 0.6661373875 0.8675756484375 0.594688059375 0.8669028921875 0.547055184375 0.8373022859375 0.54745211875 0.8373022859375 0.515299934375 0.757602515625 0.5149801593750001 0.7565733046875 0.547055184375 0.7229362359375 0.547055184375 0.7229362359375 0.680030309375 0.7878557765624999 0.6796333437500001
4 0.1578125 0.2625 0.14609375 0.01484375