3 0.4341479578125 0.9183271265625 0.4343431984375 0.8906315828125001 0.44793294375 0.8911939296875 0.4610141234375 0.9186082984375 0.507381421875 0.91917064375 0.520755459375 0.890510675 0.541743925 0.8906512624999999 0.5416463 0.8352896937500001 0.5415486765625 0.788503903125 0.5411581953125 0.7884940640625 0.538815296875 0.7884940640625 0.538815296875 0.781183565625 0.538815296875 0.7168342984375 0.5091464640625001 0.7169748874999999 0.45984113281249994 0.7168342984375 0.4265429625 0.7172708812499999 0.426631159375 0.8364143875 0.42692401875 0.9184677125 0.4341479578125 0.9183271265625
0 0.515351603125 0.7511559109375 0.5194145140625 0.7486766203124999 0.5236151484375 0.74441225 0.52698943125 0.73925533125 0.5294684921874999 0.7322141578125 0.5308457515625 0.723982921875 0.5309834765625 0.7168425765625 0.5083692140625 0.716378953125 0.5081209953125 0.7519492796875 0.5117707296875 0.7518501078125001 0.515351603125 0.7511559109375
5 0.46472495937499997 0.9040901515625 0.4593366578125 0.8931802640625 0.4555812875 0.885736909375 0.448773453125 0.8927961109375 0.45384165468750004 0.9028608703125001 0.45800291875 0.9112353625 0.46472495937499997 0.9040901515625
5 0.50117375 0.91857409375 0.501387146875 0.9068190703125 0.487142828125 0.906742240625 0.4670249484375 0.9065983953125001 0.4670834109375 0.9184204328125001 0.47695306875 0.91857409375 0.50117375 0.91857409375
5 0.510686628125 0.9115442968749999 0.514634490625 0.9030215203124999 0.5194892984374999 0.8928031015625001 0.5123887984375 0.88565245 0.5082858984375 0.895025803125 0.5038045390625 0.9042454281250001 0.510686628125 0.9115442968749999
3 0.5569452375 0.5732858875 0.5572227140625 0.544114765625 0.6107759875000001 0.5439149640625 0.6110534734375 0.467618484375 0.6113309515625 0.3933340125 0.5835882734375 0.3935338140625 0.5259291 0.392968059375 0.526145165625 0.463850209375 0.52572895 0.5730860859375 0.5569452375 0.5732858875
5 0.6112511171875 0.45570693906250004 0.6113777546875 0.44102581093750004 0.6113144375 0.41860654375 0.6028430250000001 0.41842269375 0.60308300625 0.437195953125 0.60308300625 0.4555245640625 0.6112511171875 0.45570693906250004
0 0.544139575 0.541201290625 0.539830659375 0.5443604015625 0.537401996875 0.546842559375 0.53567843125 0.5502273203125 0.5335631484375 0.5547403375 0.5320746109375001 0.5595918281250001 0.5312128281249999 0.5657972250000001 0.5311348453125 0.5721611015625 0.5518172828125001 0.572341096875 0.5520523109375 0.5397345609374999 0.5474300203125 0.5399602125 0.544139575 0.541201290625
0 0.5695052265625 0.6074438421874999 0.56619755625 0.6039864828125 0.5628365375 0.6014510859375 0.5591554203125 0.59991448125 0.556914740625 0.599683990625 0.552166634375 0.6002301578125 0.5521132843750001 0.6318680750000001 0.555367603125 0.6320217343750001 0.5626764875 0.6199593906249999 0.5695052265625 0.6074438421874999
5 0.61136539375 0.6306520078125 0.61136539375 0.6186195546875 0.6112826734375 0.5806410765625001 0.602870425 0.5804450250000001 0.6029275546874999 0.6092080328125 0.6029275546874999 0.6304137421875 0.61136539375 0.6306520078125
5 0.6112435609375 0.7182135625 0.6112435609375 0.7097653515625 0.6111753453125 0.6978789187500001 0.6029901953125 0.69805923125 0.60305804375 0.7070147734375001 0.60305804375 0.718311796875 0.6112435609375 0.7182135625
5 0.611102496875 0.77794650625 0.6112091953125 0.7701974093749999 0.61115584375 0.759133859375 0.602999128125 0.7591321796875 0.603046721875 0.765823465625 0.60310006875 0.77794650625 0.611102496875 0.77794650625
5 0.5969434062500001 0.7991320843749999 0.5969434062500001 0.78783804375 0.5919285484375 0.78783804375 0.5873301125 0.7877639359375 0.587553890625 0.7991320843749999 0.5915551046874999 0.7992089124999999 0.5969434062500001 0.7991320843749999
5 0.5544606328125 0.799203971875 0.554353934375 0.7876794421875 0.5506728171875 0.7876794421875 0.545663446875 0.7877639359375 0.5458713625 0.7993576328125 0.548432140625 0.799280803125 0.5544606328125 0.799203971875
0 0.5645436921875 0.719025496875 0.5618228656250001 0.724173121875 0.5602757328125 0.7290902546875 0.5593687875 0.73485251875 0.55933715625 0.7463788 0.5814021421875 0.746684371875 0.5813487859375 0.7393855031250001 0.5722260234375 0.7274768203125 0.5645436921875 0.719025496875
3 0.502808296875 0.7246419984375 0.5031437515625 0.56625833125 0.46993476406249995 0.56625833125 0.42696587968750005 0.5661693671875 0.425656115625 0.6430009375 0.42699788906249997 0.7246419984375 0.502808296875 0.7246419984375
0 0.495818209375 0.6793004781249999 0.492475659375 0.680556228125 0.489205775 0.6829630796874999 0.48637187031250007 0.685997809375 0.4836106359375 0.69007899375 0.4814307078125 0.694788053125 0.4797594328125 0.6994971125 0.4788874625 0.705461921875 0.47903279374999996 0.7118453140625001 0.5031572875 0.7111127953125 0.5033752828125 0.6790911859375 0.49865210937500004 0.6790911859375 0.495818209375 0.6793004781249999
5 0.43453845625 0.6457554125 0.434684603125 0.6120949312499999 0.43453845625 0.589258928125 0.42611337968749996 0.589197609375 0.4261350234375 0.6148163109375 0.4261350234375 0.645650178125 0.43453845625 0.6457554125
3 0.42605794062499996 0.46255761093750003 0.42647365 0.5732501953125 0.502751553125 0.57235218125 0.5025436984375 0.60168739375 0.5104422078125 0.6001907046875 0.518756428125 0.5939045843749999 0.523329253125 0.5858224359374999 0.5256156640625 0.5726515187500001 0.53122776875 0.5726515187500001 0.5311450671875 0.4050842453125 0.6109995046875001 0.40433651406250004 0.6111033421875 0.300176346875 0.6109995046875001 0.2327730484375 0.49615498281250003 0.23292259375 0.4304231953125 0.2326405140625 0.4304229015625 0.392853525 0.42647365 0.392853525 0.42605794062499996 0.46255761093750003
5 0.47655274687500004 0.244459621875 0.4764993984375 0.23270460312500002 0.4638022125 0.2325509421875 0.451884103125 0.232611909375 0.4517985734375 0.24453645468750002 0.461454834375 0.24453645468750002 0.47655274687500004 0.244459621875
5 0.58625713125 0.2443315390625 0.58625713125 0.232653346875 0.576334121875 0.2324996875 0.566379409375 0.23252745 0.5663044109375 0.2443315390625 0.5754805281250001 0.2443315390625 0.58625713125 0.2443315390625
5 0.4344168453125 0.5235630718750001 0.4345262265625 0.488221059375 0.4345262265625 0.469329246875 0.4260656734375 0.46937665624999997 0.4264319875 0.49530411250000006 0.426377296875 0.5235630718750001 0.4344168453125 0.5235630718750001
0 0.5139638203125 0.5976011906250001 0.517646240625 0.5940991015625 0.520494903125 0.5902968328125 0.5229266906250001 0.5849006140624999 0.5248026421875001 0.5780965578124999 0.5256363953125 0.5727933937499999 0.525427959375 0.565889278125 0.5026042625 0.5655011234375 0.5030555171875 0.6008030984375 0.509795040625 0.6002027437499999 0.5139638203125 0.5976011906250001
4 0.5116471171875 0.247784746875 0.5657003890625 0.2461383375 0.56541439375 0.23214385 0.5136490890625 0.23132064375 0.47847156249999995 0.23090904218750002 0.47847156249999995 0.23214385 0.47818556718750005 0.24737314531250001 0.5116471171875 0.247784746875