5 0.09226528125 0.00861200625 0.0754388828125 0.00861200625 0.0405618921875 0.008407753125 0.0404506359375 0.022766529687500002 0.059947901562499996 0.0231117609375 0.0919982046875 0.0224212921875 0.09226528125 0.00861200625
0 0.130725640625 0.02000466875 0.130458546875 0.0089572375 0.09871508749999999 0.008407753125 0.0986753375 0.0238022234375 0.10054494218750001 0.0317425625 0.1040170546875 0.0389924390625 0.130725640625 0.02000466875
5 0.20417421249999998 0.00861200625 0.18921741875 0.0089572375 0.16362345312499998 0.00764773125 0.16411135937500002 0.022766529687500002 0.1806706640625 0.0224212921875 0.20390713593749998 0.021385599999999998 0.20417421249999998 0.00861200625
5 0.03510891875 0.1740038203125 0.035910182812500004 0.136028278125 0.035910182812500004 0.0783745046875 0.0353760125 0.0248635203125 0.023233415625 0.024748243750000003 0.024158407812499998 0.1066835515625 0.024158407812499998 0.1743490640625 0.03510891875 0.1740038203125
5 0.079178071875 0.17676567031249998 0.053778528125 0.17675280468750001 0.05353784375 0.1923011296875 0.06528961875 0.1923011296875 0.079178071875 0.1923011296875 0.079178071875 0.17676567031249998
5 0.133663584375 0.1771109125 0.1131065359375 0.17827284999999998 0.11283088593749999 0.192646371875 0.12298015 0.1923011296875 0.133663584375 0.1923011296875 0.133663584375 0.1771109125
0 0.085053959375 0.160539771875 0.082383109375 0.16813487968750002 0.08078060000000001 0.17676567031249998 0.08021179843750001 0.1915732484375 0.1133650546875 0.19092020468749998 0.113899225 0.1788370796875 0.085053959375 0.160539771875
0 0.157434209375 0.3046039921875 0.1552975296875 0.3084015453125 0.1526266625 0.3166871046875 0.153343846875 0.3310374328125 0.1812048515625 0.329805934375 0.1812048515625 0.3222108265625 0.157434209375 0.3046039921875
0 0.19482622968750002 0.37338199375 0.2004350046875 0.367858271875 0.18711969374999998 0.3298973984375 0.1796023234375 0.3360969140625 0.1729251734375 0.343001559375 0.169453078125 0.34921574375 0.19482622968750002 0.37338199375
0 0.15048998281249998 0.42378589062499994 0.16224175624999998 0.42447635312500004 0.16156753125 0.382338971875 0.1539620953125 0.3827032578125 0.139539471875 0.419297875 0.145148265625 0.42171450468750005 0.15048998281249998 0.42378589062499994
5 0.181471928125 0.5219342296875 0.16127382968749998 0.520283109375 0.1614404921875 0.5309102640625001 0.1705214171875 0.53056503125 0.181739003125 0.5312554953124999 0.181471928125 0.5219342296875
5 0.2306157046875 0.521589 0.2108513640625 0.52124376875 0.2111184390625 0.5312554953124999 0.21966519375 0.5309102640625001 0.23141696875 0.53056503125 0.2306157046875 0.521589
0 0.1860123984375 0.5050178578125 0.1825402671875 0.5115772609375 0.1812048515625 0.5188271390625 0.1821267421875 0.5297833953125 0.21352223124999997 0.53056503125 0.21298804374999997 0.5208985375 0.1860123984375 0.5050178578125
5 0.10508539531250001 0.6065929109375 0.08371854375 0.6059024484375 0.036156346875 0.606545696875 0.03564310625 0.6214378953125 0.05834539062500001 0.6221283578125 0.10508539531250001 0.6214378953125 0.10508539531250001 0.6065929109375
5 0.1261851703125 0.5807005000000001 0.1063513671875 0.605785675 0.11523465937499999 0.6166046484375001 0.12404849062500001 0.6065929109375 0.1344648296875 0.5907122375 0.1261851703125 0.5807005000000001
5 0.166515134375 0.5765577140625 0.1377775875 0.576524796875 0.13766986718750002 0.590367 0.14701786875 0.59105746875 0.166515134375 0.5907122375 0.166515134375 0.5765577140625
0 0.19722998593750002 0.5879503765625 0.1974970609375 0.5765577140625 0.1656793734375 0.575764775 0.1659809640625 0.59174793125 0.1675834734375 0.597616878125 0.1705214171875 0.6062476796875 0.19722998593750002 0.5879503765625
0 0.230081553125 0.57724818125 0.1991615171875 0.5761447859375 0.1988325125 0.59105746875 0.2084476078125 0.59105746875 0.2311498921875 0.5914027 0.230081553125 0.57724818125
5 0.2429016671875 0.552711096875 0.2426345546875 0.529925771875 0.22882552031249997 0.5297833953125 0.2306157046875 0.5754964171875 0.2429016671875 0.5744607234375 0.2429016671875 0.552711096875
3 0.0252267484375 0.6210414671875 0.111228375 0.6206706265624999 0.13660152812499998 0.5899449734375 0.13232815 0.57751661875 0.133129396875 0.5288388765625001 0.160372153125 0.5298745703125001 0.161173415625 0.44314449062500005 0.160372153125 0.3740980546875 0.1542291890625 0.37513375937500004 0.153427925 0.2987350390625 0.1542291890625 0.1834274890625 0.145949528125 0.1830822578125 0.145949528125 0.1779037734375 0.113899225 0.1789394734375 0.08612231718749999 0.1609873984375 0.08078060000000001 0.1779037734375 0.0255830390625 0.17827284999999998 0.024959671875 0.415577115625 0.0244255015625 0.5060791499999999 0.0252267484375 0.6210414671875
3 0.0238913328125 0.0601028 0.024959671875 0.190255340625 0.136868603125 0.19134223125 0.148086209375 0.1916874625 0.14781911406249998 0.2283332765625 0.148353303125 0.33121246875 0.24129913906249997 0.327069684375 0.241161046875 0.1915732484375 0.2399637234375 0.009302475000000001 0.024158407812499998 0.00861200625 0.0238913328125 0.0601028
5 0.3690996359375 0.177340215625 0.3544415453125 0.1760770890625 0.32062465625000003 0.1775626421875 0.3199135671875 0.1924977390625 0.33326871874999997 0.1924977390625 0.36942538125 0.1920766984375 0.3690996359375 0.177340215625
0 0.4101423296875 0.34112567656250004 0.42056588125000005 0.3617567578125 0.42675485 0.36301988125 0.42808398593749997 0.319381025 0.41991439062499997 0.31881044375 0.41274820625 0.3204946078125 0.4052562984375 0.32596815625 0.4101423296875 0.34112567656250004
3 0.3616077296875 0.3689144703125 0.4270805734375 0.3663882234375 0.425777634375 0.17818230156249998 0.290177846875 0.1775626421875 0.28994589375 0.260285553125 0.29059736406250003 0.3680723875 0.3616077296875 0.3689144703125
0 0.43229235 0.41454314999999997 0.42968647187500003 0.42001670156250004 0.4270805734375 0.43012171875 0.42700939218749995 0.4421975984375 0.4619342984375 0.44401611562500004 0.46063135937500005 0.43349005468749996 0.43229235 0.41454314999999997
5 0.48278135781250003 0.55180295 0.44277009375 0.55064695 0.44336737031249995 0.5669604703125 0.45867692968749996 0.5665394296875 0.4834328484375 0.5673815125 0.48278135781250003 0.55180295
5 0.3925526171875 0.6019069765625 0.40037026875 0.5922230046875 0.39083141875 0.581235228125 0.37072832031249997 0.606117415625 0.3791974421875 0.6183276203125 0.3925526171875 0.6019069765625
5 0.37072832031249997 0.6229590859374999 0.36942538125 0.6065384421875 0.3045057578125 0.6062620015625 0.303952515625 0.623801196875 0.32610255781249997 0.6233801421875 0.35020698437500003 0.6229590859374999 0.37072832031249997 0.6229590859374999
0 0.418285728125 0.41279654062500004 0.4277320640625 0.4140596625 0.427367590625 0.36989802968749996 0.42121734999999993 0.3706923078125 0.4046048296875 0.4073229921875 0.4114452671875 0.4106913203125 0.418285728125 0.41279654062500004
3 0.5069584500000001 0.5654405625 0.5063236984375 0.492689278125 0.5065352828125 0.43498055312500006 0.45871556093750004 0.43552755468750004 0.43290138906250003 0.4163824796875 0.42909273593749997 0.42540801874999995 0.427823190625 0.436895059375 0.4204743984375 0.43686695468750003 0.42126384687499996 0.4981593015625 0.42253339375000004 0.5648935625 0.5069584500000001 0.5654405625
3 0.4028952171875 0.5912133046875 0.4028952171875 0.5670810015625001 0.427788203125 0.5670810015625001 0.4263520890625 0.359790603125 0.29011216093750003 0.359713253125 0.2903980234375 0.6221521796875 0.3789596515625 0.6215333828125 0.4028952171875 0.5912133046875
5 0.6172772015625 0.1776473234375 0.604387021875 0.17792972499999998 0.5718219625 0.17784589687500002 0.571396890625 0.19233221875 0.585597940625 0.19233221875 0.61771415625 0.193179428125 0.6172772015625 0.1776473234375
5 0.7256421343749999 0.1773649171875 0.6960315828125 0.17722419375 0.6961476421875 0.190637809375 0.70597913125 0.190637809375 0.725423634375 0.190637809375 0.7256421343749999 0.1773649171875
0 0.6882824421875 0.23186848593749998 0.6939628578125 0.22735005 0.6815096328125 0.193179428125 0.6747368234375 0.1940266296875 0.6751737765625 0.23469249531249997 0.683038978125 0.2329980890625 0.6882824421875 0.23186848593749998
0 0.6480825546875 0.32707979374999996 0.6445869078124999 0.33611665468749996 0.6426206078125001 0.3457183265625 0.6424556734375 0.3559637890625 0.675829215625 0.35531998124999997 0.6751737765625 0.346565521875 0.6480825546875 0.32707979374999996
0 0.6751737765625 0.34458870468749997 0.6821650703125 0.34458870468749997 0.681616540625 0.30405159375 0.6756107453125 0.3044876453125 0.6635944734375 0.33639905625 0.669493359375 0.34176469374999996 0.6751737765625 0.34458870468749997
3 0.58079130625 0.36000945781250004 0.5801340671874999 0.3536378625 0.6820064171875 0.355761728125 0.681677809375 0.23470189531250002 0.6944940046875 0.2270560046875 0.681349178125 0.1973220125 0.6810205703125 0.179056840625 0.5569095015625 0.17820013750000002 0.5561447625 0.26188725156250003 0.5558161328125 0.35915988906249996 0.58079130625 0.36000945781250004
5 0.751345353125 0.3673250515625 0.75167400625 0.35075896875 0.7394014624999999 0.3502635015625 0.7398436578124999 0.38941316718749996 0.75167400625 0.3889883984375 0.751345353125 0.3673250515625
5 0.82167018125 0.36180302656249996 0.8219987906249999 0.3367415125 0.809145915625 0.3367041609375 0.8098398343750001 0.3966342734375 0.8223273984375 0.39620950312500003 0.82167018125 0.36180302656249996
0 0.8127973984375 0.467209315625 0.8226560078125 0.4676340859375 0.8210711328125001 0.4236709703125 0.81049705 0.42515695468750003 0.803924659375 0.4289799 0.7993239640625001 0.4332276078125 0.8127973984375 0.467209315625
5 0.8223273984375 0.51393416875 0.82167018125 0.49481945781250003 0.809145915625 0.495208184375 0.8101684421875 0.557260846875 0.8223273984375 0.555561765625 0.8223273984375 0.51393416875
0 0.9624669656249999 0.429297028125 0.977583509375 0.46370352031250006 0.9883855453124999 0.462946303125 0.9877707484375 0.42122638281249997 0.9716683359375 0.4229254625 0.9624669656249999 0.429297028125
3 0.8110149765625 0.4644847625 0.80964835 0.5893154140625 0.9873082828124999 0.588726571875 0.986397209375 0.5204230171875001 0.98685273125 0.2996140890625 0.8889120125 0.2978476171875 0.810103903125 0.2984364390625 0.810103903125 0.4238559234375 0.7982598828125 0.4320994515625 0.8110149765625 0.4644847625
5 0.5078770109375 0.2355538859375 0.5073165421875 0.211646765625 0.494942184375 0.212169228125 0.4961071265625 0.2580120921875 0.5075967671875 0.2583743203125 0.5078770109375 0.2355538859375