5 0.1987014734375 0.5019848015624999 0.19895913125 0.48346090625000004 0.1872422625 0.4829629625 0.187107575 0.5045781500000001 0.187107575 0.527547784375 0.1987014734375 0.527547784375 0.1987014734375 0.5019848015624999
5 0.1987014734375 0.63224999375 0.19895913125 0.623358525 0.19895913125 0.6096508468749999 0.1872422625 0.6088888890625 0.187107575 0.617430884375 0.187107575 0.62558139375 0.187107575 0.631879521875 0.1987014734375 0.63224999375
5 0.22781506718750003 0.2698381828125 0.23966658437500002 0.27020866250000003 0.23966658437500002 0.2546486015625 0.22910327812500003 0.2546486015625 0.2177669984375 0.2542781078125 0.2085051484375 0.254259259375 0.20849188437500002 0.2698381828125 0.2175093796875 0.2698381828125 0.22781506718750003 0.2698381828125
5 0.26259676249999997 0.3462324484375 0.26285438125 0.33030189375 0.2507087578125 0.3306481484375 0.25074520625 0.3454914890625 0.2504875484375 0.3595696484375 0.26285438125 0.359940134375 0.26259676249999997 0.3462324484375
5 0.31876272656250004 0.3870608484375 0.3110334609375 0.3755760171875 0.3033041953125 0.38594940312500003 0.29516752031250004 0.3954629625 0.30381951093750004 0.4066961671875 0.3115487765625 0.3978046921875 0.31876272656250004 0.3870608484375
5 0.3779318140625 0.4067144515625 0.3851457640625 0.3959705859375 0.3774164984375 0.3844857765625 0.370231953125 0.3741666671875 0.363246178125 0.3889315125 0.37097544375 0.3981934609375 0.3779318140625 0.4067144515625
5 0.309398978125 0.9010922156250001 0.32434223125 0.90701985625 0.3421195265625 0.90701985625 0.3573204390625 0.9025741328124999 0.36994489062499997 0.8936826578125 0.38179644687500003 0.8803454578125001 0.3908139234375 0.86033964375 0.3805082359375 0.854412003125 0.37406718125 0.867749203125 0.3658226 0.8777521234375 0.3555169125 0.8844207093750001 0.3436653953125 0.8892369328124999 0.3318138390625 0.89034835 0.31893173125 0.8877550171875 0.30811076718749997 0.881456903125 0.299350928125 0.8733063718749999 0.29187930156249997 0.8636739515625 0.2869840953125 0.8540415171875001 0.2774513421875 0.8584872562499999 0.280285403125 0.8710835109374999 0.287241753125 0.882197846875 0.2988356515625 0.894794103125 0.309398978125 0.9010922156250001
0 0.252460059375 0.5507631421875 0.24679191875 0.5566907828125001 0.2429272875 0.5648413140625 0.2411237984375 0.571880378125 0.2398355875 0.5778080343750001 0.23911081875 0.58898148125 0.264826871875 0.58929284375 0.264569234375 0.5466878828125 0.25864345625 0.54631741875 0.252460059375 0.5507631421875
0 0.29986620468749997 0.62041299375 0.30527670625000003 0.6130034359375001 0.30862604375 0.60485291875 0.309398978125 0.5915157062499999 0.2803479328125 0.591296296875 0.2800277640625 0.6274520671875 0.28466533125 0.6285634984375 0.292394596875 0.6267111078125 0.29986620468749997 0.62041299375
0 0.24421549687500002 0.6249345390625 0.2480801296875 0.61974785 0.25117184843749996 0.6119678125 0.252460059375 0.5978896546875 0.2233247359375 0.598240740625 0.2236041234375 0.6334555281250001 0.2287569671875 0.634937446875 0.23777444218750002 0.63086218125 0.24421549687500002 0.6249345390625
0 0.24421549687500002 0.8078075984374999 0.2382897390625 0.8133647671875 0.23416744843749998 0.8200333671875001 0.23210632343749998 0.82855435625 0.23107574999999997 0.8348524828125001 0.2307345296875 0.847777778125 0.2558093953125 0.8485601687500001 0.256067034375 0.803732346875 0.24988363750000003 0.803732346875 0.24421549687500002 0.8078075984374999
0 0.2795124890625 0.3840394828125 0.273586709375 0.37737088281250003 0.2684338671875 0.374036603125 0.2625080875 0.37255465781249997 0.2507087578125 0.3723148140625 0.25117184843749996 0.40812054687500005 0.2851806078125 0.40775007499999993 0.283892396875 0.3951538203125 0.2795124890625 0.3840394828125
0 0.139117565625 0.5254254921875 0.1331918078125 0.5372807609375 0.1306153859375 0.5450607921875 0.1295848140625 0.55172940625 0.1298969015625 0.56351851875 0.15483375625 0.5632142140624999 0.1553490328125 0.517645434375 0.1463315546875 0.5180159343749999 0.139117565625 0.5254254921875
3 0.285458353125 0.420580209375 0.2625281765625 0.41983925781250003 0.26278583437499997 0.40724301093750004 0.285458353125 0.40761348281250004 0.2849430375 0.3972401171875 0.2826242734375 0.387237196875 0.27824436406249997 0.38242098750000003 0.27463735 0.3764933390625 0.2705151 0.375011428125 0.2622705578125 0.3720476078125 0.2614976234375 0.25371351875000003 0.18788659218749998 0.254259259375 0.18806958125 0.3585587734375 0.18806958125 0.588777196875 0.2859736296875 0.588777196875 0.285458353125 0.420580209375
3 0.38890146406250004 0.392586428125 0.366744221875 0.36517106250000003 0.36159137812500003 0.364800584375 0.3613337390625 0.340938371875 0.3198533328125 0.34242027343750003 0.3198533328125 0.3661308671875 0.3139275734375 0.3661308671875 0.29177035 0.3928052796875 0.29151269218750003 0.41355203749999997 0.2783729453125 0.4139225234375 0.2794035171875 0.6230995234375001 0.2639449859375 0.6234699953125 0.263429709375 0.8419089281250001 0.271931890625 0.8426498734375001 0.27760002968749997 0.8608032968750001 0.289193928125 0.8778452765625 0.304652459375 0.8926643921874999 0.3183074828125 0.8992290828125 0.3422682140625 0.8999700265625 0.3657136484375 0.8899671343750001 0.3819450953125 0.8710727515625001 0.3883861484375 0.8558831921875001 0.3919931625 0.8432869078125 0.403093109375 0.841741665625 0.40384467968750004 0.751663946875 0.403329403125 0.41259223437500003 0.3883861484375 0.41222175468750005 0.38890146406250004 0.392586428125
5 0.527568725 0.5898569015625 0.5278263640625 0.5720739499999999 0.5113372609375 0.5720739499999999 0.497809271875 0.5713888890625001 0.497939875 0.5894864140625 0.5149442546875 0.5898569015625 0.527568725 0.5898569015625
5 0.6141364953124999 0.4378093140625 0.614394153125 0.419285425 0.6012543859374999 0.419655896875 0.5909149421875 0.41953703750000004 0.5909486984375001 0.43743884218750007 0.6030578734375001 0.4378093140625 0.6141364953124999 0.4378093140625
5 0.497166940625 0.8364521640625 0.4943328796875 0.8290425921875 0.48395617968750004 0.8371296296875 0.48608831874999997 0.8434912515624999 0.488664740625 0.8516417546874999 0.5000009999999999 0.8431207515624999 0.497166940625 0.8364521640625
5 0.5121101953125 0.8449731406250001 0.5010315734375 0.8453436406250001 0.5000644265624999 0.861203703125 0.507730265625 0.8612741734375 0.5211276703125 0.8616446468750001 0.520612375 0.8449731406250001 0.5121101953125 0.8449731406250001
5 0.5378744125 0.8390454984375 0.5278263640625 0.8316359406249999 0.5255075796875001 0.8375635828125001 0.5226159734375 0.8440740734375 0.5319486343750001 0.8531236718749999 0.5347826953125 0.84719603125 0.5378744125 0.8390454984375
5 0.5860535125 0.8531236718749999 0.5839923671875 0.8449731406250001 0.572229375 0.8500925921875 0.57420195625 0.8575693953125001 0.5765207203125 0.8660903984375 0.5883722765625 0.8601627578125 0.5860535125 0.8531236718749999
5 0.604346084375 0.8616446468750001 0.5955862656249999 0.8616446468750001 0.588629934375 0.862015146875 0.588981953125 0.8774074078125 0.5979050296875 0.8775752078125001 0.6105295203125001 0.8779456812499999 0.6107871390625 0.8616446468750001 0.604346084375 0.8616446468750001
5 0.614394153125 0.8531236718749999 0.61181773125 0.8605332296875 0.621842778125 0.8690740734375 0.6246998406250001 0.862015146875 0.62624566875 0.8531236718749999 0.6156823640625 0.84719603125 0.614394153125 0.8531236718749999
0 0.5386473265625 0.5986725421875 0.5329792078125 0.6075640171875001 0.530145146875 0.6183078828124999 0.5304027859375 0.627199359375 0.5633809921874999 0.6257174421875 0.5632087578125 0.58851851875 0.552302371875 0.590151553125 0.54457310625 0.5938563328125 0.5386473265625 0.5986725421875
0 0.653813375 0.6094922281249999 0.6592238765625 0.59985979375 0.66205795625 0.5905978468749999 0.6625732328125 0.5809654265625 0.63376288125 0.5811111109375 0.633717315625 0.6169017875 0.6393854375 0.617272259375 0.646084109375 0.61541986875 0.653813375 0.6094922281249999
0 0.6177434703125 0.74968450625 0.6223810375000001 0.743015934375 0.6265033265625 0.7341244312499999 0.6288220921875001 0.7218986625 0.6293373671875 0.7130072015625 0.60251288125 0.7116666671874999 0.60357315 0.754871203125 0.6131059421875 0.7533892859375 0.6177434703125 0.74968450625
0 0.6641190625 0.6744774921875 0.6587086 0.6666974609375 0.6499487421875 0.6611402921875 0.639239684375 0.6575 0.63835484375 0.6948537765625 0.6672108 0.6955947359375 0.666695484375 0.6848508703125 0.6641190625 0.6744774921875
0 0.580127734375 0.878316153125 0.6203198921874999 0.878316153125 0.62753388125 0.8497893640624999 0.640158371875 0.8490484203124999 0.6450535562499999 0.8338588031249999 0.6437653453125 0.7123420484375 0.552302371875 0.7123420484375 0.5525600296875 0.758946453125 0.5525600296875 0.8489725984375 0.57239846875 0.8497135437500001 0.580127734375 0.878316153125
5 0.6843344515625 0.38864330156250004 0.6771204625 0.3767880046875 0.667587709375 0.3890137734375 0.6611469015625 0.39592592656250003 0.66861828125 0.4064262375 0.678151034375 0.396052859375 0.6843344515625 0.38864330156250004
5 0.7258148375 0.3890137734375 0.726587771875 0.37234226718749996 0.70133883125 0.3716013078125 0.685309271875 0.3713888890625 0.686653234375 0.38827281406249997 0.7093257546875 0.38864330156250004 0.7258148375 0.3890137734375
5 0.74307685625 0.40716719687499997 0.7502908453125 0.39420046875 0.7425615796875 0.383456603125 0.734922675 0.3741666671875 0.7283912609375001 0.38790234218749997 0.73560525 0.39827572187500004 0.74307685625 0.40716719687499997
3 0.7332864859375 0.371843821875 0.6799545421875 0.371843821875 0.6577972984375 0.399259171875 0.658827871875 0.4202855484375 0.6335789484375 0.42102650625000004 0.633063653125 0.639238009375 0.7484873578125 0.639978953125 0.7474568046875001 0.6244188921875 0.736893459375 0.6103407203125 0.736893459375 0.5932987421875 0.7495179109375 0.5721815265625 0.749002634375 0.501420221875 0.7703869437499999 0.5029021234375 0.7697164890625 0.42138888906250005 0.7549284125 0.421487846875 0.7546707546875 0.399259171875 0.7332864859375 0.371843821875
5 0.715766809375 0.9057202328124999 0.736120525 0.89386495 0.7474568046875001 0.8783048609374999 0.7549284125 0.86163336875 0.7446227249999999 0.8542238109375001 0.736120525 0.871636275 0.7206619953125 0.8842325296875 0.7103563078125 0.8894191984375001 0.6933519265625 0.890160171875 0.6722252765625 0.8808982234375 0.66011608125 0.86830196875 0.6536750265625 0.8542238109375001 0.6414948390624999 0.861203703125 0.6541903234374999 0.8831210859375 0.669391196875 0.8975697296874999 0.6879414453125 0.9060907046875 0.715766809375 0.9057202328124999
3 0.63744358125 0.6320042765625 0.638474134375 0.8493317781249999 0.6431117015625001 0.8634099515625 0.6516139015625 0.8804519296875 0.6621772265625 0.8915662671875 0.67866633125 0.903792021875 0.69953534375 0.9078673015625001 0.7219502062500001 0.9034215484375 0.7417886453125 0.8889729046875001 0.7549284125 0.8645213671875001 0.7594072109375001 0.8482407406249999 0.7709022203125 0.847555196875 0.7703869437499999 0.8093959734375 0.769614009375 0.6305223875 0.63744358125 0.6320042765625
5 0.8986409125 0.768570284375 0.8986409125 0.7215195859375 0.8866623656250001 0.7209259265625 0.8860164421875 0.7622721578125 0.8862740796875 0.8245124578125 0.8986409125 0.8241419578125001 0.8986409125 0.768570284375
0 0.916675865625 0.6926223109375 0.92079815625 0.6711345875 0.8869845296875001 0.6709259265624999 0.8873046531250001 0.707441428125 0.8965797671875 0.708552859375 0.9086889625 0.702625203125 0.916675865625 0.6926223109375
1 0.3620706484375 0.346634875 0.3484216515625 0.3523407984375 0.3412249078125 0.3651791265625 0.3303057125 0.3494878359375 0.3201310046875 0.346634875 0.31913835156250003 0.38657634218750003 0.3201310046875 0.3867546515625 0.363063303125 0.387646203125 0.3620706484375 0.346634875