5 0.0885088734375 0.2153353546875 0.0885088734375 0.185097853125 0.0728309265625 0.185348490625 0.0716537296875 0.2380134828125 0.08891998749999999 0.2380134828125 0.0885088734375 0.2153353546875
3 0.07535364375 0.3389486859375 0.1353744140625 0.3399566 0.1361966140625 0.3646505578125 0.189639784375 0.3636426421875 0.1892286984375 0.33930912968750004 0.25336046875 0.338805190625 0.25418269531250004 0.21231161250000002 0.2525382953125 0.08581803437499999 0.1949840984375 0.08581803437499999 0.1953952125 0.0606201171875 0.1345522140625 0.061628034374999995 0.1345522140625 0.08581803437499999 0.07418713906249999 0.084942725 0.07453144375000001 0.178105965625 0.07453144375000001 0.26637866093749996 0.07535364375 0.3389486859375
5 0.0732981296875 0.319718284375 0.0240072796875 0.31959266406250003 0.023554875 0.339372671875 0.03753233125 0.34088454218750003 0.07288704375 0.3403805859375 0.0732981296875 0.319718284375
0 0.20402832656249997 0.520405853125 0.1900508984375 0.5108306375 0.1752512421875 0.5108306375 0.175903071875 0.5559067859375 0.214305896875 0.5561869125000001 0.21142818281250003 0.5355246124999999 0.20402832656249997 0.520405853125
3 0.1485296703125 0.554675025 0.25294938125 0.554675025 0.25294938125 0.42414979218750004 0.25294938125 0.32940560625000004 0.0872755875 0.32940560625000004 0.0876866734375 0.3238620640625 0.0737092453125 0.3238620640625 0.0737092453125 0.3198303953125 0.0231437890625 0.3213422703125 0.0231437890625 0.3238620640625 0.0004995984375 0.32292103125 0.00135541875 0.440780421875 0.0017665046875 0.5536671125 0.1485296703125 0.554675025
0 0.16004049843749998 0.71616595625 0.1982729265625 0.7166699125 0.19669832812500002 0.6696260234375 0.18470658281250002 0.6708096890624999 0.17072912812500002 0.67635323125 0.1612738125 0.6960076109375 0.16004049843749998 0.71616595625
0 0.22006126875 0.8063745171875001 0.207728240625 0.8184695171874999 0.202795040625 0.8351001453125001 0.2025752484375 0.8521315328125001 0.23938303906249997 0.85223473125 0.23938303906249997 0.80234284375 0.22006126875 0.8063745171875001
5 0.0625742640625 0.92812338125 0.0518189265625 0.9144411375000001 0.0288104390625 0.887241271875 0.01975580625 0.9010076609375 0.031525803125 0.9146899046874999 0.057095132812500005 0.9440445390625 0.0625742640625 0.92812338125
5 0.1473994875 0.94280069375 0.1413115578125 0.92663076875 0.1003194671875 0.9278746140624999 0.0609447375 0.92530355 0.055471675 0.943298228125 0.075764796875 0.9435470046875001 0.10316049375 0.943298228125 0.1473994875 0.94280069375
5 0.17236003125 0.88707665 0.1567343328125 0.9062317921874999 0.13989103593750002 0.9258844671875 0.14557311875 0.9445420734375001 0.158154853125 0.9288696828124999 0.181491925 0.89951505625 0.17236003125 0.88707665
3 0.022152278125 0.9038519656249999 0.053684615625 0.9445774015625 0.1465923453125 0.943887140625 0.182066190625 0.90316170625 0.20064773749999998 0.902471446875 0.1995215859375 0.83758683125 0.19558003906250002 0.8362063125000001 0.197832340625 0.6470745953125 0.109992309375 0.6463843359375 0.000684290625 0.6482041625 0.000755375 0.7740827578125 0.0018815249999999998 0.9017811640625 0.022152278125 0.9038519656249999
5 0.5946631015625 0.0906035421875 0.5521470453124999 0.08862044687500001 0.551943815625 0.11003926718749998 0.5704408265625001 0.11057914687499999 0.5946631015625 0.112198784375 0.5946631015625 0.0906035421875
0 0.62417021875 0.2730833546875 0.628574284375 0.25958633125 0.6290146734375 0.2450095328125 0.5918592234375 0.24491333437499999 0.59202065 0.29143931093750003 0.6003883640625001 0.29035955156250004 0.614921728125 0.2828012203125 0.62417021875 0.2730833546875
3 0.4858830625 0.2563470359375 0.5929014875 0.2563470359375 0.5942226828125 0.29089943125 0.6105176609375 0.2860404984375 0.6237298296875 0.2720035953125 0.6303359000000001 0.25904645312499996 0.6382631937500001 0.2601262109375 0.6629258578125 0.25904645312499996 0.6630505671875 0.092780334375 0.4836810296875 0.0927630703125 0.48324064062499994 0.171045828125 0.4858830625 0.2563470359375
5 0.4986548125 0.2861205703125 0.4986548125 0.2656050859375 0.481439996875 0.2651184984375 0.4810386078125 0.310415209375 0.4986548125 0.310415209375 0.4986548125 0.2861205703125
5 0.48324064062499994 0.3206729546875 0.4310733328125 0.31860275625 0.4308324453125 0.3390289109375 0.44844865 0.34064855 0.48235983281249994 0.34064855 0.48324064062499994 0.3206729546875
0 0.5757256703125 0.367102734375 0.5744044749999999 0.37898011875000004 0.6127196953125 0.3800598765625 0.6136524921875 0.334053765625 0.5999479453125 0.33255033906250003 0.5876166140625 0.3390289109375 0.5796893187500001 0.3509062953125 0.5757256703125 0.367102734375
0 0.603471203125 0.5259478796875 0.61139846875 0.5259478796875 0.613168196875 0.4772727234375 0.5717620234375 0.47681869375 0.577046896875 0.5038127484375 0.5884974203125 0.5162300125 0.603471203125 0.5259478796875
0 0.6325379328125 0.691151484375 0.63121670625 0.645801465625 0.5952492875 0.6466395406250001 0.596424715625 0.6614580234375 0.602149978125 0.6749550640625 0.614481309375 0.6879122078125001 0.6325379328125 0.691151484375
5 0.42510718281250004 0.6009913421874999 0.4242263765625 0.5783163328125001 0.408311475 0.57829854375 0.4096930109375 0.621506815625 0.42510718281250004 0.6204270578125 0.42510718281250004 0.6009913421874999
3 0.61139846875 0.5561011578125 0.61139846875 0.3784802703125 0.5409336796875001 0.37902015 0.5400528718750001 0.3309707328125 0.4977740046875 0.33151061249999997 0.4973335859375 0.3228725140625 0.41121724375 0.32276264375 0.4114546265625 0.43570765624999996 0.4123354328125 0.555561259375 0.61139846875 0.5561011578125
5 0.6417864234375 0.8852089984375 0.59815505625 0.8849416250000001 0.5986267484375001 0.9062643515625 0.6180045671875 0.9068042500000001 0.6417864234375 0.907344128125 0.6417864234375 0.8852089984375
5 0.47343382500000003 0.95246086875 0.4778937734375 0.934692021875 0.46023981562499994 0.913506084375 0.43978445156249996 0.8877048656250001 0.43032098124999996 0.90120458125 0.44277166875 0.9157841421875 0.4585673328125 0.9349198265625001 0.47343382500000003 0.95246086875
5 0.54981046875 0.94995500625 0.5438638609375 0.9344642171875 0.5109717359375 0.934692021875 0.47677195 0.9330915624999999 0.47064635781249997 0.9508662265625001 0.49257444218749996 0.950410615625 0.523050775 0.9508662265625001 0.54981046875 0.94995500625
5 0.590135846875 0.9000655468750001 0.5806584499999999 0.88844745625 0.5617036828125 0.91282266875 0.5423685625 0.9343453390625 0.5492529703125 0.950638421875 0.5637478265625 0.9330973796875 0.5750835171875 0.9182900046875 0.590135846875 0.9000655468750001
3 0.470389796875 0.9522589703125 0.5504198515625001 0.9516005609375 0.5912405203125 0.9028763984375001 0.66321383125 0.9028763984375001 0.6642880921875001 0.6460869234375 0.411739571875 0.6480316 0.41291858281250005 0.9028763984375001 0.432254709375 0.9035348296875 0.470389796875 0.9522589703125
5 0.8243922484375 0.3218154640625 0.7664103140625 0.320825403125 0.76580093125 0.34166969062499997 0.7862840921875 0.34166969062499997 0.824868615625 0.3422536359375 0.8243922484375 0.3218154640625
5 0.939193146875 0.3212315125 0.8821755296875 0.3195398515625 0.8820308656250001 0.3405017921875 0.9101356390625 0.34166969062499997 0.9382404140625 0.34166969062499997 0.939193146875 0.3212315125
0 0.89298698125 0.514535575 0.8806018296874999 0.5238787515625 0.8725038187499999 0.5425650671875 0.8732705125000001 0.5567240703125 0.9091829375 0.5554119203125001 0.9091829375 0.5104479328125 0.89298698125 0.514535575
3 0.9992135015624999 0.32354132343750003 0.8653585406250001 0.3229573765625 0.7467468359375 0.324709225 0.7470288078125 0.4217411828125 0.7476995703125 0.5548279734375 0.9987371671874999 0.5513242968750001 0.9992135015624999 0.4140965421875 0.9992135015624999 0.32354132343750003
5 0.8544024578125 0.8089752078125001 0.7941730125 0.8080493531249999 0.794382071875 0.828829434375 0.809625328125 0.8294133609375001 0.853926090625 0.83116521875 0.8544024578125 0.8089752078125001
5 0.9553891046875 0.8083912625 0.929319734375 0.8093349046875 0.927760696875 0.828829434375 0.9701560578124999 0.8299973265625 0.9706323937500001 0.8089752078125001 0.9553891046875 0.8083912625
5 0.9349059750000001 0.6361266328124999 0.9463384250000001 0.619192146875 0.950625565625 0.5987539749999999 0.9099382281249999 0.5985044890625 0.9125174093749999 0.6431340046875 0.9244262265625001 0.642550059375 0.9349059750000001 0.6361266328124999
3 0.747223203125 0.8247417921875 0.997784434375 0.8247417921875 0.99846456875 0.576007340625 0.9125174093749999 0.57889974375 0.9115647078125001 0.64780559375 0.7476995703125 0.6460537453125 0.747223203125 0.8247417921875
1 0.19646298281250002 0.060005868750000003 0.1775888109375 0.065269540625 0.1651490140625 0.0794814578125 0.15399609375 0.0647431734375 0.1359798375 0.061058603125 0.1359798375 0.09737794375 0.1372667140625 0.0989570453125 0.1968919421875 0.1000097796875 0.19646298281250002 0.060005868750000003