3 0.973639225 0.37239681875 0.9357012046875001 0.37239681875 0.9357012046875001 0.4107486640625 0.898523065625 0.4111625296875 0.89795288125 0.5472494828125 0.9738289203124999 0.5474937609375 0.973639225 0.37239681875
0 0.91992090625 0.443996565625 0.9262405906250001 0.4389779015625 0.9306643749999999 0.432602840625 0.9338242265625001 0.4213447515625 0.93414020625 0.41090050156249996 0.9091886015625 0.4106638171875 0.9089667718750001 0.44562424062500006 0.9127585890625 0.44575987968749997 0.91992090625 0.443996565625
5 0.9509927140625001 0.54808234375 0.9509927140625001 0.5396726875 0.9342455375000001 0.5395370500000001 0.9170672812499999 0.53934456875 0.9171823734375 0.5482179828125 0.9269778890625 0.54808234375 0.9509927140625001 0.54808234375
3 0.811683071875 0.60363811875 0.9032591359375 0.6038176171875 0.9035378953125001 0.5405052328125 0.9010289609375001 0.5406847296875 0.9010289609375001 0.5394282453125 0.901307740625 0.4987074296875 0.9014471203125 0.41062438125 0.8718974671874999 0.41062438125 0.8143318484375 0.4106510796875 0.8143313859375001 0.552352071875 0.811683071875 0.55253156875 0.811683071875 0.60363811875
0 0.8296576109375 0.44371623437499996 0.83496824375 0.440913390625 0.8397565203124999 0.4341865734375 0.8435000796875001 0.425329596875 0.8447189156249999 0.4173695265625 0.8447189156249999 0.41064270937499997 0.81996819375 0.41005663906249995 0.8196194515625 0.44607061718749996 0.8236504984374999 0.44562216406250005 0.8296576109375 0.44371623437499996
5 0.8745852187500001 0.604249534375 0.8745852187500001 0.595056215625 0.8471302749999999 0.5951683296875 0.8208998921875 0.5950496937499999 0.8209565234375 0.6043616484375 0.8411543453125001 0.6041374203125 0.8745852187500001 0.604249534375
5 0.7896069421874999 0.5601697515625 0.7896069421874999 0.5515582 0.7643444625 0.5515582 0.739446196875 0.5517102656249999 0.739453490625 0.5598827 0.7578802375 0.560265434375 0.7896069421874999 0.5601697515625
3 0.7150104828125 0.5590256421875 0.7362887109375 0.5590256421875 0.7363989578125001 0.514048521875 0.7363989578125001 0.44735875625 0.7363989578125001 0.37229230156250004 0.6332205656250001 0.372718234375 0.5832334 0.37210492500000003 0.5833777140625 0.5470995171874999 0.7150104828125 0.5470995171874999 0.7150104828125 0.5590256421875
0 0.710375925 0.391975775 0.71290480625 0.40017353437500003 0.7173521484375 0.40668682343749996 0.7238051578125 0.41106645156250005 0.7317406156249999 0.41421080000000005 0.736449565625 0.414435396875 0.73671175 0.3814738390625 0.7095910984375 0.381307453125 0.7095038953125 0.386136271875 0.710375925 0.391975775
5 0.69450739375 0.547430203125 0.69442019375 0.5395693374999999 0.6591340375 0.5394570390625 0.627165746875 0.539488971875 0.6273632984375 0.547654803125 0.6515164078125 0.547654803125 0.69450739375 0.547430203125
3 0.6259908125 0.37624232812499997 0.7077446984375 0.37662447499999996 0.7074479515625 0.316285603125 0.7075963296875 0.2483038234375 0.6477666921874999 0.2479216765625 0.5830166890624999 0.24767084375 0.5834013578125 0.2809505171875 0.5831046 0.375860184375 0.6259908125 0.37624232812499997
5 0.6753610671875 0.25589754062500003 0.675214584375 0.24750315937499998 0.6416129703125 0.24759747812500002 0.61425050625 0.2474047984375 0.6140483828125001 0.25580322187500004 0.6369825671875 0.255991859375 0.6753610671875 0.25589754062500003
0 0.6957320484375 0.34090111093750003 0.6918303484375 0.343413378125 0.6880215421875 0.34748085781250004 0.704278628125 0.3712875765625 0.7079016328125001 0.3712875765625 0.7079766453125 0.338920803125 0.704185728125 0.3389870015625 0.7003769281250001 0.3389870015625 0.6957320484375 0.34090111093750003
0 0.76052425625 0.3096587546875 0.7539984484375 0.305028078125 0.7476058140624999 0.303484521875 0.74400995625 0.303484521875 0.7437975359375 0.3380706171875 0.7694473140625 0.338814859375 0.7693141296875 0.32646638906250003 0.765718278125 0.3163475078125 0.76052425625 0.3096587546875
5 0.7621512187499999 0.25587539531250003 0.7620680328125 0.24741272187500002 0.7472613234375001 0.24730560000000001 0.727372284375 0.24719238593749998 0.7277131421874999 0.2560896390625 0.74235348125 0.2559825171875 0.7621512187499999 0.25587539531250003
3 0.9014826812500001 0.3762873203125 0.9014826812500001 0.3359789703125 0.9014826812500001 0.24827660312500002 0.8561618203125001 0.24809491874999998 0.7825027484375 0.24748414218749998 0.782831334375 0.276593828125 0.782831334375 0.376469003125 0.9014826812500001 0.3762873203125
5 0.87446910625 0.25587753750000003 0.8742996515625 0.24725749062500002 0.8470163718749999 0.2473666046875 0.8199367390625 0.24711119374999999 0.82015675625 0.25587753750000003 0.8451522984375 0.2559866515625 0.87446910625 0.25587753750000003
0 0.8003290156249999 0.3446078875 0.79295744375 0.339697734375 0.7858400718749999 0.33882481875 0.7822813843749999 0.33849747343750003 0.7823661109375 0.3717774015625 0.78237500625 0.37161888906249996 0.8098188499999999 0.371559175 0.8094799281249999 0.3607568359375 0.8054975859375 0.3507183 0.8003290156249999 0.3446078875
5 0.9526949968749999 0.2566032484375 0.9528077515625 0.24658383593750002 0.93521734375 0.24658383593750002 0.9183828953125 0.2466454515625 0.918416253125 0.2566032484375 0.932736646875 0.2566032484375 0.9526949968749999 0.2566032484375
0 0.9247307609375 0.3496110078125 0.91988211875 0.3445286984375 0.9134548562499999 0.341399503125 0.906914834375 0.3409638734375 0.9061032328125 0.3762635125 0.9317218140625 0.3766198640625 0.9316090593749999 0.3658744046875 0.9293538781249999 0.3570166625 0.9247307609375 0.3496110078125
3 0.503800453125 0.40086889374999995 0.514563378125 0.397865834375 0.5215592734375 0.3920907171875 0.5267613546875001 0.3828505265625 0.5290933203125 0.36806622187500004 0.552771746875 0.36783521874999997 0.552771746875 0.14342797499999999 0.4553868859375 0.143658978125 0.45556628593750004 0.23738222343749998 0.42076617031249997 0.23738222343749998 0.4015722859375 0.21705381250000003 0.39816403125 0.2219049078125 0.396370215625 0.22837304062500002 0.3945763890625 0.2237529484375 0.39134751093750003 0.2175158203125 0.3723330265625 0.2378442359375 0.333300165625 0.2377228734375 0.33254395937500003 0.3687592421875 0.503621078125 0.3685282390625 0.503800453125 0.40086889374999995
0 0.3518516421875 0.33900247031249997 0.3457075671875 0.3350463578125 0.33666699843750003 0.33323785 0.3361055359375 0.36893111875 0.361682165625 0.3687298234375 0.3611555328125 0.3562963328125 0.3575568546875 0.34612347187500003 0.3518516421875 0.33900247031249997
5 0.37210704687499996 0.2462493765625 0.3719897765625 0.23749000312500002 0.3642496671875 0.23749000312500002 0.35632255 0.2374298859375 0.35615773125 0.2464004015625 0.363194196875 0.2464004015625 0.37210704687499996 0.2462493765625
5 0.43632454843749996 0.2464248125 0.43632454843749996 0.237299590625 0.4280026109375 0.2374056984375 0.42056281406249996 0.2375011765625 0.42091660312499996 0.24631870625 0.427178659375 0.2464248125 0.43632454843749996 0.2464248125
5 0.46156049218749995 0.2084260421875 0.4616336859375 0.198058053125 0.46156049218749995 0.16650259375 0.4545785265625 0.1666241859375 0.4550464609375 0.18712453281250002 0.45511965 0.208520296875 0.46156049218749995 0.2084260421875
3 0.3589548375 0.5400235484375 0.35878563125 0.619716334375 0.45219003750000003 0.6199342390625 0.45202083281250005 0.5382650499999999 0.45235924218749995 0.46553002968749996 0.4526976734375 0.3640465921875 0.4109025828125 0.36361078125 0.3611216046875 0.3634191875 0.3611545875 0.4032240140625 0.36132379375 0.5402414609374999 0.3589548375 0.5400235484375
0 0.37232250625 0.4039234890625 0.3802754109375 0.3989116390625 0.3853517328125 0.3915028109375 0.38839753125 0.3808253953125 0.3894128046875 0.37101960312500004 0.3605632 0.3713241609375 0.36132379375 0.40457720625000004 0.364200375 0.4058846421875 0.37232250625 0.4039234890625
5 0.4333941296875 0.619768678125 0.4334844765625 0.611392046875 0.40484353593750005 0.611392046875 0.37447065468749996 0.6110975828125 0.3747614796875 0.6202340453125 0.3990637640625 0.620117703125 0.4333941296875 0.619768678125
3 0.26533783125 0.5477321625 0.265576 0.3678289765625 0.33869124687499996 0.3693624640625 0.33654780156249997 0.2375680015625 0.220994753125 0.2372613046875 0.20789592968749998 0.22315317812500002 0.2009892734375 0.21671251093750002 0.1974168703125 0.22775365625 0.19694055 0.22468667187500002 0.1912247015625 0.2164058125 0.1731245 0.2369546078125 0.1331138140625 0.23706113750000002 0.1329152796875 0.4413722046875 0.133153446875 0.5477321625 0.26533783125 0.5477321625
5 0.229132090625 0.5486951828125 0.2288939390625 0.537654040625 0.1931698703125 0.53734734375 0.161448509375 0.5378021656249999 0.1624471796875 0.5490018890624999 0.1876921734375 0.5490018890624999 0.229132090625 0.5486951828125
5 0.3576635359375 0.5474653984375 0.3575841125 0.5403060046875 0.34932431249999996 0.5399991749999999 0.339333721875 0.539917971875 0.3395555125 0.5476699515625 0.34741820625000003 0.547567675 0.3576635359375 0.5474653984375
0 0.31811180625 0.527024309375 0.32152691875 0.5302971734375 0.32478318281249996 0.5324449921875 0.3308986109375 0.5345928093750001 0.33725229843750004 0.5352064734375 0.33723696875 0.5027026046875 0.3343137171875 0.5027846578124999 0.328515978125 0.5108645421875 0.31811180625 0.527024309375
1 0.2226847484375 0.2451287078125 0.223192003125 0.23794784062500002 0.21685132187499997 0.22750294218749997 0.2006191765625 0.21314120625 0.1968147671875 0.22228049218749998 0.1919958484375 0.2137940140625 0.170944784375 0.23892704999999997 0.17043752968749998 0.23957985625 0.170183903125 0.2451287078125 0.2226847484375 0.2451287078125
1 0.4217487203125 0.246367296875 0.4221689984375 0.2387950859375 0.41355330312499994 0.22797764062499998 0.40052469375 0.21337409062499998 0.396321915625 0.22527327968750002 0.391856465625 0.21540236250000003 0.3777227125 0.23113376875 0.37208505937499997 0.23666163125 0.371315390625 0.2455559890625 0.4217487203125 0.246367296875
1 0.3296241890625 0.54669888125 0.32934341875 0.540556196875 0.317551071875 0.5282708296874999 0.3082856546875 0.5163467953125 0.30323179218749996 0.5282708296874999 0.296774078125 0.5167081296875 0.27768170625 0.5409175312500001 0.2762778546875 0.543446871875 0.2762778546875 0.547782884375 0.3296241890625 0.54669888125