3 0.1433534328125 0.5190269703125 0.11578423125 0.5366427328125 0.11551996406250001 0.59268005 0.1431175046875 0.610047190625 0.1435813265625 0.63507256875 0.2576820796875 0.6367424859375 0.2579139828125 0.5683226375 0.2576820796875 0.492555153125 0.22591012031250002 0.492555153125 0.22546176718750002 0.449229684375 0.2054187484375 0.44899858125 0.1601171328125 0.44905342499999995 0.1596314921875 0.4926317796875 0.143447528125 0.4926317796875 0.1433534328125 0.5190269703125
0 0.2483328453125 0.5929652234375 0.24377787187500002 0.596160996875 0.23922290624999998 0.6017115468750001 0.2359526734375 0.6089440890625 0.2339671765625 0.6165130234375 0.2336167921875 0.624081959375 0.25773556875 0.6240629765625 0.258143540625 0.5927970250000001 0.2527710140625 0.5929652234375 0.2483328453125 0.5929652234375
5 0.21650196249999998 0.4605786328125 0.2164396078125 0.448904296875 0.19349211875 0.4487246921875 0.168954665625 0.44859600000000005 0.16898570156249998 0.46066843437499994 0.18906475 0.46066843437499994 0.21650196249999998 0.4605786328125
5 0.167569840625 0.4889361390625 0.167569840625 0.4821111421875 0.1674451265625 0.462905959375 0.159831640625 0.46281167968750003 0.159962246875 0.47438812031250005 0.1598998921875 0.48911574375000005 0.167569840625 0.4889361390625
5 0.1268125171875 0.5428123890625 0.1333600328125 0.538501865625 0.1419653390625 0.5324850921875 0.1384988515625 0.5218462374999999 0.13261174375 0.5257499 0.1232581515625 0.5318564734375 0.1268125171875 0.5428123890625
5 0.12425586562499999 0.5821207828125 0.12425586562499999 0.5684707906249999 0.12413115156250001 0.5469307406249999 0.11620574531250001 0.546921115625 0.1163988484375 0.5577842828125 0.116461203125 0.58203098125 0.12425586562499999 0.5821207828125
5 0.141840625 0.595398996875 0.13342239218750002 0.5899210390625 0.126700653125 0.585520634375 0.1238193671875 0.5963868265625 0.13142695625 0.6014157703125 0.138785115625 0.6065345171875001 0.141840625 0.595398996875
5 0.2255504453125 0.4892302953125 0.2256128 0.47666421718749996 0.2255504453125 0.46274481562499997 0.21731355937500002 0.462712959375 0.21738164062499998 0.47602931562500006 0.217568709375 0.4892302953125 0.2255504453125 0.4892302953125
5 0.2886315734375 0.503580709375 0.2886315734375 0.49305496875 0.28537724999999997 0.4929781390625 0.28216579375 0.49308488125 0.2822829796875 0.50373436875 0.2851105046875 0.5036575390625 0.2886315734375 0.503580709375
5 0.32715042968749997 0.5037288906249999 0.330778196875 0.5036520609374999 0.330778196875 0.4927421703125 0.3280040234375 0.492819 0.3243606296875 0.492831503125 0.324589653125 0.5038825499999999 0.3248030515625 0.5037288906249999 0.32715042968749997 0.5037288906249999
5 0.34230731406250003 0.4814611359375 0.3423606609375 0.474403509375 0.3423606609375 0.462878978125 0.334395840625 0.46293285468749995 0.3343048859375 0.470935396875 0.334251534375 0.4814611359375 0.34230731406250003 0.4814611359375
3 0.3833335640625 0.6242415390625 0.3728201328125 0.624634803125 0.37241052343750003 0.757882828125 0.44689798593749996 0.7588659875 0.44689798593749996 0.7233030328125001 0.44682611093749997 0.6367931515625 0.5165143203125 0.6373835140625 0.523073325 0.635415640625 0.5327751828125 0.627347334375 0.539197546875 0.6149496953125 0.541383884375 0.60177868125 0.541383884375 0.57758754375 0.541383884375 0.5333378109375 0.5415205265624999 0.48830145468749997 0.540564003125 0.476100603125 0.537147859375 0.466261209375 0.53181866875 0.45779933125000005 0.5260795375 0.45248605781249995 0.5185640078125 0.4493374515625 0.47415629687500005 0.4493328 0.40435796875 0.4491259421875 0.40477004375 0.5509389031249999 0.3838797140625 0.5511355375 0.3833335640625 0.6242415390625
5 0.41277778437499996 0.521962353125 0.41272443281250004 0.50966951875 0.41267108593749996 0.4922398171875 0.40434889218750003 0.49224028750000004 0.4048287078125 0.5008448 0.4048287078125 0.5218855234374999 0.41277778437499996 0.521962353125
0 0.389428840625 0.643156328125 0.383738253125 0.6389634484375 0.378047675 0.6368670078124999 0.372092409375 0.6368670078124999 0.37239735625 0.6683651390625001 0.3960457953125 0.6686947828124999 0.3957811171875 0.6595466812499999 0.39339901093749996 0.650589165625 0.389428840625 0.643156328125
5 0.44678839375 0.6528718796875 0.44678839375 0.65048045 0.44678839375 0.6433061640625 0.4393161671875 0.6433021906249999 0.43937120468749996 0.648168734375 0.439315853125 0.6528718796875 0.44678839375 0.6528718796875
5 0.44674069687499995 0.71396911875 0.44674069687499995 0.71028126875 0.446794046875 0.705210475 0.43932541875000003 0.705162584375 0.43927176562500003 0.7092824765625 0.43937846406250003 0.7140459515625001 0.44674069687499995 0.71396911875
5 0.5023620984375 0.637049315625 0.50236250625 0.62619491875 0.4825280390625 0.62619491875 0.4649550921875 0.626141565625 0.465139421875 0.637144528125 0.4816020265625 0.6372397421875 0.5023620984375 0.637049315625
5 0.5323529890625001 0.6276332250000001 0.5363122437500001 0.621171146875 0.5388637625 0.6147090703125 0.5314474046875 0.6091304515625 0.5291855921875 0.6148357765625 0.5263701203125 0.619017121875 0.5323529890625001 0.6276332250000001
5 0.5415032625 0.58837165625 0.5415032625 0.5772214 0.54141528125 0.55606125625 0.5336734203125 0.5559218578125 0.5336727453125001 0.5710127328125 0.5337607249999999 0.58837165625 0.5415032625 0.58837165625
5 0.5415032625 0.5293614546875001 0.5415032625 0.515550346875 0.54141528125 0.49350324843750004 0.5336734203125 0.49324157656249995 0.5336727453125001 0.506680825 0.5336727453125001 0.529234746875 0.5415032625 0.5293614546875001
5 0.539127709375 0.4712470796875 0.535256440625 0.46288438750000005 0.5317377546875 0.4573048828125 0.5263701203125 0.4666856078125 0.529009625 0.47023341875 0.531385171875 0.47656879375 0.539127709375 0.4712470796875
5 0.5724687421875 0.515624259375 0.5724687421875 0.48539350781249996 0.5725874375 0.46624930156250005 0.5645649578125 0.46621281562499994 0.56487251875 0.48502772031249997 0.5649912125000001 0.5154533296875 0.5724687421875 0.515624259375
0 0.5475436390625 0.5610678171875 0.550036146875 0.56756316875 0.5526473484375 0.5721782937500001 0.558225828125 0.5783317859375 0.5653472890625 0.582263184375 0.57235005625 0.582263184375 0.57252925625 0.5496421015624999 0.54695018125 0.549957340625 0.54695018125 0.5545724640625 0.5475436390625 0.5610678171875
0 0.3449673390625 0.760468328125 0.34127023749999996 0.757127590625 0.338515540625 0.7632870765625 0.336703234375 0.768820175 0.3362682828125 0.773413690625 0.3363630578125 0.7845466546875 0.35866835468749997 0.784897478125 0.3588133375 0.7780072062500001 0.35040425000000003 0.7675673984375 0.3449673390625 0.760468328125
5 0.31919586718750004 0.78509736875 0.3192683625 0.774031171875 0.31006185625 0.7739267734374999 0.3019142140625 0.773988290625 0.3022327078125 0.7853061640625 0.30897447499999997 0.7852017671875 0.31919586718750004 0.78509736875
5 0.2767148484375 0.785243965625 0.276642353125 0.7740733703125 0.269248153125 0.7740733703125 0.259251875 0.7738735265625001 0.2590267640625 0.7851395671875 0.2664934546875 0.7853483625 0.2767148484375 0.785243965625
0 0.31465052031249996 0.7571929953125001 0.3161868296875 0.7596513109374999 0.31925944375 0.7635846171875 0.3236976734375 0.7680095828125 0.329416153125 0.7710824749999999 0.3364073765625 0.7412923984375 0.33342762812500004 0.7399847875 0.3262581859375 0.7460076625000001 0.31465052031249996 0.7571929953125001
3 0.1274444046875 0.6734103109375 0.1274444046875 0.7177444000000001 0.137479771875 0.7395386265624999 0.143409759375 0.7395386265624999 0.143409759375 0.78516005 0.16997811093749998 0.7849958203125 0.1698640734375 0.8198125515625 0.2316728109375 0.8201410093750001 0.2313307 0.7845261156250001 0.25767354062500003 0.7848545796875 0.25767354062500003 0.75383811875 0.257559490625 0.6747138046875001 0.257787575 0.6246466828125 0.1909606875 0.6249751453125 0.1435213359375 0.6245032171875 0.143409759375 0.6522246593750001 0.13702362031249998 0.6522246593750001 0.1274444046875 0.6734103109375
5 0.135819946875 0.70946826875 0.135819946875 0.69634105625 0.1357132484375 0.681435996875 0.12752964375 0.6812605578125 0.1277108203125 0.6941022265625 0.1276574734375 0.709621928125 0.135819946875 0.70946826875
5 0.13603334375 0.67714425625 0.138434075 0.6713819937500001 0.1413682984375 0.664620934375 0.13474795312500001 0.657780828125 0.132565628125 0.663237990625 0.12931130468750002 0.6703832015625 0.13603334375 0.67714425625
5 0.1416350421875 0.7262833296875 0.138327375 0.7189076296875 0.1361564046875 0.71428420625 0.12936465625 0.720444234375 0.13283237187500002 0.728050425 0.134966353125 0.732890728125 0.1416350421875 0.7262833296875
5 0.22261494062499998 0.81959055625 0.22261494062499998 0.8086838937499999 0.2047443984375 0.8084925500000001 0.17890212968750002 0.80847626875 0.1788354265625 0.81959055625 0.19637380625 0.81959055625 0.22261494062499998 0.81959055625
5 0.1780042375 0.80670238125 0.1780575890625 0.7978669046875 0.1780575890625 0.7859582234375 0.169783165625 0.786074746875 0.1700551609375 0.7951010187499999 0.1700018109375 0.8067792109375 0.1780042375 0.80670238125
5 0.23149844062499997 0.8066837953125001 0.23155178906249999 0.7976946593750001 0.23149844062499997 0.7861701296875 0.22383246093750003 0.78615920625 0.2238694609375 0.7927006953125 0.2239228078125 0.8067606250000001 0.23149844062499997 0.8066837953125001
0 0.234048525 0.7322623375 0.2357639953125 0.7387473921875001 0.23930214843750003 0.74461481875 0.24487741875000002 0.750327840625 0.250667128125 0.7537247734375 0.25795786875000004 0.7537247734375 0.25806602968750003 0.7214101484375 0.2337268796875 0.721608321875 0.2337268796875 0.7263949046875 0.234048525 0.7322623375
3 0.38052541562500003 0.3286046796875 0.4465642234375 0.32884545 0.44689859531250004 0.184243346875 0.42917678593749997 0.18400257656250002 0.42919894999999997 0.18814266562499998 0.327906025 0.1879542015625 0.3277751625 0.1949274109375 0.28850276875 0.195189253125 0.288740721875 0.35571587656250003 0.38052541562500003 0.3548486921875 0.38052541562500003 0.3286046796875
0 0.29596709374999997 0.23372006562499997 0.29895466875 0.23241395312500002 0.3020489421875 0.2299553828125 0.30546330781250003 0.22634436406249997 0.30242238593750004 0.2207357578125 0.2973008328125 0.2125149265625 0.292232628125 0.2034489609375 0.28892496093750003 0.2034489609375 0.28892496093750003 0.233950553125 0.2935130171875 0.23402738437499998 0.29596709374999997 0.23372006562499997
5 0.3181981375 0.35524432031250003 0.3181981375 0.34341246875000003 0.3070480921875 0.3432588078125 0.29583950312499996 0.3432538 0.29573799218749997 0.3550906609375 0.3044873125 0.3551674921875 0.3181981375 0.35524432031250003
5 0.2817497765625 0.35510574375 0.28181335 0.3433871 0.2738668453125 0.3432955484375 0.26455394062500004 0.3433059625 0.26464890625000004 0.3551972984375 0.27183254375 0.3551972984375 0.2817497765625 0.35510574375
3 0.1434960875 0.3555211828125 0.169914375 0.3555211828125 0.169914375 0.38997275781249996 0.231586284375 0.38997275781249996 0.231586284375 0.354731009375 0.25759383125 0.3550470796875 0.25781329531249997 0.30689071874999996 0.25781329531249997 0.23961215937499997 0.24760780625 0.23977019375 0.2478272875 0.19489938125 0.18418542031250001 0.194741346875 0.1439015765625 0.1945966578125 0.1436058265625 0.238957896875 0.14393503125 0.30514127968750004 0.1434960875 0.3555211828125
5 0.151945796875 0.3151085265625 0.1520555296875 0.28526208125 0.1518360578125 0.2432248359375 0.143562303125 0.24341412031249998 0.144044771875 0.2695945171875 0.14393503125 0.31495049375 0.151945796875 0.3151085265625
0 0.22485810625 0.21727573437499997 0.2271901046875 0.22357270156250003 0.23049376718749998 0.228890134375 0.23535210156250003 0.2340676375 0.2419594328125 0.23714615156250002 0.248080928125 0.2370062203125 0.24798460000000003 0.20491790937499998 0.2233034390625 0.204541878125 0.2234006078125 0.2108388390625 0.22485810625 0.21727573437499997
5 0.2314654359375 0.3772606015625 0.2314654359375 0.37166330468750003 0.2315625984375 0.3562805203125 0.22350791874999998 0.3562845 0.22359494062500002 0.36592606875 0.223692103125 0.37712067031249996 0.2314654359375 0.3772606015625
5 0.21908574218750002 0.38991305 0.219280075 0.37745905468749996 0.197611915625 0.3775989875 0.1786161890625 0.37751274218750003 0.178664425 0.39005298125 0.19382241875 0.3901929140625 0.21908574218750002 0.38991305
5 0.17810449687500002 0.3768950953125 0.17810449687500002 0.36798015 0.17810449687500002 0.35714237031249996 0.1698447125 0.35704682656250003 0.169972040625 0.36500849999999996 0.169972040625 0.3768950953125 0.17810449687500002 0.3768950953125
3 0.3284154921875 0.150072890625 0.29980102343750004 0.14992571562499998 0.29949443750000004 0.20541007968749997 0.405164946875 0.20541007968749997 0.405164946875 0.1952551171875 0.4364364796875 0.195402290625 0.43684525625 0.142440475 0.4369474484375 0.0622721828125 0.3770635375 0.0622721828125 0.3283785984375 0.06198491874999999 0.32851769062499997 0.0740357546875 0.3283133015625 0.12346747031250001 0.3284154921875 0.150072890625
5 0.39074143906250003 0.0737115 0.3907947875 0.062494290625000004 0.375128259375 0.0624174609375 0.35153199062499996 0.0622571796875 0.351423378125 0.0737883296875 0.362252796875 0.0737115 0.39074143906250003 0.0737115
5 0.43696405625 0.1609495359375 0.43704677812500003 0.14629615625 0.43696405625 0.109126596875 0.42906450312500005 0.1091086703125 0.42910528125 0.12723484062499998 0.4291880015625 0.1609495359375 0.43696405625 0.1609495359375
0 0.316474815625 0.16712778281250001 0.3125427234375 0.1636608125 0.3069254515625 0.1608872359375 0.29970324531250003 0.1599627109375 0.29969575000000004 0.1914672578125 0.32313529375 0.19185884687500002 0.322332828125 0.182035759375 0.3203266578125 0.17371503125 0.316474815625 0.16712778281250001
5 0.3075674234375 0.07403844375 0.3075674234375 0.061788479687499995 0.295610659375 0.061788479687499995 0.2815115328125 0.0620120796875 0.281647728125 0.0741540109375 0.2906353609375 0.0741540109375 0.3075674234375 0.07403844375
3 0.143419915625 0.0888364109375 0.11558170781249999 0.106070490625 0.11575145312499999 0.161889009375 0.143523325 0.1788667546875 0.1436081953125 0.2050234390625 0.24782995312499997 0.205145665625 0.247745078125 0.150299734375 0.22255411406249997 0.1504219625 0.22246924375 0.1096150875 0.22238436875 0.07333062812499999 0.2251851640625 0.073575084375 0.22535490781249998 0.06343875624999999 0.225524653125 0.019104390625000002 0.191518565625 0.0189821625 0.160217965625 0.0189622203125 0.159970071875 0.062094253125 0.143419915625 0.062216479687500006 0.143419915625 0.0888364109375
5 0.20775788281250002 0.02977184375 0.2077038109375 0.01924610625 0.19313939375 0.01924610625 0.16966579375 0.0190139359375 0.169452934375 0.0298486734375 0.1817233234375 0.02992550625 0.20775788281250002 0.02977184375
5 0.2255231984375 0.0600976296875 0.2255765453125 0.0488089671875 0.2255231984375 0.03521001875 0.21743574687499997 0.0351456921875 0.21746741875 0.044731587499999996 0.2175741171875 0.0600976296875 0.2255231984375 0.0600976296875
5 0.1675477546875 0.0596515671875 0.1675477546875 0.048674403125 0.16738196562500002 0.0354632875 0.1598224453125 0.0354435125 0.15986627656250002 0.0427795390625 0.159921540625 0.0595719828125 0.1675477546875 0.0596515671875
0 0.2091615625 0.100083153125 0.2125890359375 0.1026686796875 0.217648640625 0.1045490640625 0.22246342343749997 0.104431540625 0.222456159375 0.0754654890625 0.219362375 0.07575570000000001 0.206142121875 0.097262578125 0.2091615625 0.100083153125
0 0.2296740671875 0.182770346875 0.23493534375 0.18813733593749998 0.2395389625 0.1908734453125 0.2424618953125 0.191504853125 0.24808854062500002 0.19139961875 0.24806727187500002 0.16012235 0.223608978125 0.159829109375 0.22382819999999998 0.1668798546875 0.2258011796875 0.17550912968750002 0.2296740671875 0.182770346875
5 0.1240473046875 0.15123103437500002 0.123990925 0.135490246875 0.123990925 0.11632783437500001 0.11610924843749999 0.11622703125 0.1164358046875 0.1286583609375 0.11660495 0.15131223124999998 0.1240473046875 0.15123103437500002
5 0.141930665625 0.164977321875 0.1323267625 0.1592504765625 0.1266998421875 0.15514599843750002 0.12347315625 0.165841753125 0.1310512390625 0.170920275 0.138854415625 0.175998796875 0.141930665625 0.164977321875
5 0.12677449999999998 0.11237786875 0.13412749375 0.10773155937500001 0.1422307875 0.1023288765625 0.13908008593750001 0.09124051718750001 0.13210166875 0.095629546875 0.123173034375 0.10103223125 0.12677449999999998 0.11237786875
4 0.2788721109375 0.5351329687499999 0.280001146875 0.5113011359375 0.2801893203125 0.5064264421875 0.27736672812499996 0.505884809375 0.2726624078125 0.505884809375 0.271157025 0.562214596875 0.27078067968749997 0.572505615625 0.27736672812499996 0.572505615625 0.2788721109375 0.5351329687499999
1 0.32496493125 0.4722909234375 0.3195655140625 0.47257873124999994 0.3107664625 0.47603241250000006 0.306566915625 0.4886959109375 0.3033672625 0.477759253125 0.29556810312500004 0.47257873124999994 0.289768728125 0.4722909234375 0.289768728125 0.5027984421875 0.29556810312500004 0.50337405625 0.3245649734375 0.5036618625 0.32496493125 0.4722909234375