3 0.9864275499999999 0.9089432140625 0.986566496875 0.8752294515625 0.986566496875 0.7737041421875 0.9648298578125001 0.7732576046874999 0.9120156015625 0.773168728125 0.9115055562500001 0.8290594578125001 0.9119680406249999 0.9091664828124999 0.9864275499999999 0.9089432140625
0 0.9338507578125 0.7837213984375 0.9360763515625001 0.789672146875 0.940698740625 0.7971105765625001 0.9478035328125 0.801573634375 0.95353871875 0.8028133734375 0.9532998765625 0.7727500390625 0.9323099593749999 0.7725637515625 0.9325667609374999 0.7769028375 0.9338507578125 0.7837213984375
5 0.9549083171875001 0.9094854531250001 0.954822715625 0.8984517796875 0.9416403390625 0.89832780625 0.925993071875 0.8979954765624999 0.9260611687500001 0.90923750625 0.93718915 0.90923750625 0.9549083171875001 0.9094854531250001
3 0.9146135921875 0.9091521468750001 0.9146135921875 0.858035065625 0.9144361125 0.7768610625 0.93165215 0.7768610625 0.9312971687499999 0.721081084375 0.8288000859375 0.721168571875 0.8287109046875001 0.7793955859375 0.8292433578124999 0.9091521468750001 0.9146135921875 0.9091521468750001
0 0.9130162265624999 0.7413700875 0.916388446875 0.74933865625 0.9238428140625 0.75550786875 0.93165215 0.7570501765625 0.9316897984375 0.7254072078125 0.9105314453125001 0.725175903125 0.9105314453125001 0.7331444734375 0.9130162265624999 0.7413700875
5 0.8870822921875 0.9090707328125 0.8871347953125 0.8985936140625 0.872354 0.8986582890625 0.8563364390625001 0.8985871359375001 0.856315021875 0.9091354078125 0.8677020375 0.9092000812500001 0.8870822921875 0.9090707328125
0 0.9401083984374999 0.72030983125 0.9428484703125 0.7267105296875 0.9462956531250001 0.7322151296875 0.9526596875 0.7369516484374999 0.9586701640624999 0.7383597921875 0.958502925 0.7078680125 0.9385173890624999 0.7077644703125 0.9385173890624999 0.7130130375 0.9401083984374999 0.72030983125
3 0.9312840984375 0.72439594375 0.9311847546875001 0.6106537546874999 0.9313834484375001 0.5590294078125 0.868312525 0.5587416390625 0.8289313109374999 0.5585261921875 0.8290559421875001 0.6733471390625 0.8292546359375 0.7248275984375 0.9312840984375 0.72439594375
5 0.8956016765625 0.5693070796875 0.8956016765625 0.55879230625 0.88356355625 0.5587024359375 0.8693476875 0.5585933828125 0.86891924375 0.569217209375 0.87791680625 0.569217209375 0.8956016765625 0.5693070796875
0 0.9237604640624999 0.692006078125 0.91927394375 0.69542018125 0.9155478484374999 0.7000457375 0.9131905265625001 0.70478143125 0.9118977984375001 0.7114995015625001 0.9112134140625001 0.719649296875 0.93168465 0.719404125 0.93174495 0.690133828125 0.927334475 0.69035409375 0.9237604640624999 0.692006078125
5 0.9655185906250001 0.5691276625 0.9654741984375 0.5587773578124999 0.9556643484375 0.55871306875 0.9453176328125 0.5587367484375 0.945233059375 0.5691276625 0.95335615 0.56919195 0.9655185906250001 0.5691276625
3 0.6341724453124999 0.7628659203125 0.6340081484375 0.8538325078125 0.63409029375 0.9321876515625 0.78721574375 0.9321876515625 0.7871335984375001 0.7896271687499999 0.7872979 0.7411099890624999 0.74729659375 0.7411099890624999 0.7085638015625 0.741335190625 0.708381403125 0.7628659203125 0.6695786218750001 0.7627469437500001 0.6341724453124999 0.7628659203125
0 0.71951873125 0.7686622140625 0.7233905546875 0.7656895390625 0.726189465625 0.7629871078125 0.7286151859375 0.759406384375 0.7306210703125 0.754677128125 0.731787284375 0.7496195250000001 0.7323004171874999 0.7454983140625 0.7323937171875 0.7411744234375 0.712041265625 0.7409971 0.712054971875 0.769878309375 0.7162066859375 0.7696080671875001 0.71951873125 0.7686622140625
5 0.758073834375 0.9327286796875001 0.758073834375 0.9216226859375001 0.7460966484375 0.9216226859375001 0.7267291390625 0.92160616875 0.7268162968749999 0.9329402218749999 0.73850135625 0.9329402218749999 0.758073834375 0.9327286796875001
5 0.6987421968749999 0.9323647718749999 0.6987421968749999 0.9218934046875 0.6807033812500001 0.9216818625000001 0.663263590625 0.9214898937499999 0.663248821875 0.9324705421875 0.6774899890625 0.9325763140625 0.6987421968749999 0.9323647718749999
3 0.660142265625 0.7025502875 0.736629875 0.7024173046875 0.7364462281249999 0.6648017609375 0.7364462281249999 0.5891810296875 0.73690533125 0.5422659890625 0.693181425 0.5418670421875 0.63421469375 0.5417914171875 0.6341511625 0.636229053125 0.6340593390625 0.7024173046875 0.660142265625 0.7025502875
5 0.7051957859375 0.552253259375 0.7051384359374999 0.5421198515625 0.6884493921875 0.5417876078125 0.6743413984375 0.5416544062499999 0.674226425 0.5525907328125 0.6864994671875 0.5524246125000001 0.7051957859375 0.552253259375
0 0.717382640625 0.6812883796875 0.71503694375 0.6859086515625 0.71297273125 0.69202371875 0.7121282812499999 0.6989541265625 0.7122221125 0.7022154953124999 0.7326117578125 0.7025730578125 0.7329580515624999 0.673270846875 0.7277036984375 0.673814409375 0.72179254375 0.6763963265624999 0.717382640625 0.6812883796875
0 0.6925580984375 0.717518953125 0.6954182953125 0.7236657531249999 0.6996624578125 0.7286099218750001 0.70584416875 0.7332868359375 0.7111032390625 0.7338213390625 0.711067378125 0.7029119140625 0.6908050703125 0.7029537078125 0.691081865625 0.7101695171875 0.6925580984375 0.717518953125
3 0.4392541203125 0.7691697203125 0.43911275781250003 0.861445546875 0.4392541203125 0.93244380625 0.5925031890625 0.9322390765625 0.5925031890625 0.8491617609375 0.592361825 0.7507440390625 0.554477046875 0.7507440390625 0.5089601578125 0.7503764953125 0.509085534375 0.7691697203125 0.43911275781250003 0.7679413453125 0.4392541203125 0.7691697203125
0 0.5222539734375 0.7771821578125 0.525542284375 0.7743048531250001 0.5288305890625 0.7700385015625 0.5314338328125 0.7650845703125 0.5330779859375 0.757841696875 0.5334205140625 0.7501027328125 0.5129716953125001 0.7498684046874999 0.5125260703125 0.7792657265625 0.5176640484374999 0.77886885625 0.5222539734375 0.7771821578125
5 0.5014488640625 0.9325584890625 0.5014488640625 0.9217816921875001 0.4890471640625 0.9217052609374999 0.47097781093749996 0.921802790625 0.47099873125 0.9325584890625 0.4764343703125 0.9324820578124999 0.5014488640625 0.9325584890625
5 0.5629148546875 0.9325096390625 0.563020396875 0.92188570625 0.548032809375 0.92188570625 0.5321640765625 0.9217187687499999 0.5322008515625 0.9325860703125001 0.5411722953125 0.9325096390625 0.5629148546875 0.9325096390625
0 0.4933936796875 0.7235639578125 0.4972121328125 0.7309768421875 0.5039553546875 0.73744840625 0.5118359890625 0.7400370328125 0.5118285499999999 0.709365740625 0.4913625921875 0.7090911875 0.49185005156250006 0.717798384375 0.4933936796875 0.7235639578125
3 0.50678365 0.7083153578125 0.5414218671875 0.708425371875 0.5414218671875 0.59848068125 0.541345909375 0.560768984375 0.5327623140625 0.56054895625 0.532914234375 0.5543881734375 0.4979024890625 0.5542781609375 0.439025175 0.554154815625 0.43904425625 0.6262911234375 0.43912021875 0.7085353859375 0.50678365 0.7083153578125
5 0.51254814375 0.5651757046875 0.512396221875 0.553624234375 0.49849535625 0.5535142203125 0.47278281250000004 0.553550125 0.4728964984375 0.5651757046875 0.487481009375 0.56528571875 0.51254814375 0.5651757046875
0 0.533756021875 0.679945853125 0.5297043609375 0.6814416171875 0.525573259375 0.6839729109375 0.522316040625 0.6882300859375 0.5200916015625 0.6919119703125001 0.51874105 0.6957089109375 0.5178671625 0.698815496875 0.5175493859375 0.70479855625 0.51718428125 0.7087065796875 0.5376487875 0.7088256140625 0.537887121875 0.7088256140625 0.53796656875 0.679715734375 0.533756021875 0.679945853125
0 0.55277925625 0.537423878125 0.54730729375 0.534928965625 0.5421393296875 0.5346354453125 0.54234199375 0.5639873515625 0.5630138484375 0.5645743890625 0.56230451875 0.5540077046875 0.558453878125 0.54402805625 0.55277925625 0.537423878125
5 0.5716271171875 0.5127888140625 0.5716271171875 0.5010480562499999 0.558453878125 0.5009012953124999 0.546760853125 0.5011197671875001 0.5469019640624999 0.5130823390625 0.5553125671875 0.5130823390625 0.5716271171875 0.5127888140625
0 0.3766332984375 0.9041132640624999 0.372142909375 0.9087341140625 0.3694250359375 0.9143818203125 0.366588996875 0.9224255203125 0.366187846875 0.9316783031250001 0.389395475 0.9318383625 0.3897499828125 0.8996635562499999 0.3820690390625 0.9008615531249999 0.3766332984375 0.9041132640624999
3 0.3488095953125 0.93189563125 0.348648384375 0.8003067671874999 0.3570310578125 0.8003067671874999 0.3570310578125 0.7444226765625 0.2441911015625 0.74444918125 0.24424527187499998 0.8671395734375 0.24424527187499998 0.93189563125 0.3488095953125 0.93189563125
0 0.293963665625 0.7553785953125 0.295978734375 0.7616823609375001 0.3008148953125 0.7686865515625 0.30790792968749997 0.7731225359375 0.31371132031250004 0.7734727484375 0.3137926625 0.7438075390625001 0.292512821875 0.743704946875 0.29267402656249997 0.749074825 0.293963665625 0.7553785953125
5 0.3302348671875 0.9328203828125 0.3302348671875 0.9216136828125 0.3097617890625 0.9214969453125 0.28843464218750003 0.9214140671875001 0.2882408796875 0.93293711875 0.3029911640625 0.93293711875 0.3302348671875 0.9328203828125
0 0.34282640937500003 0.67839270625 0.3395867796875 0.683774646875 0.3372999796875 0.689432578125 0.33634714374999997 0.6972984890625 0.33634714374999997 0.7014384421875001 0.357110325 0.7004256109375 0.35721419062500004 0.6701128 0.3516877609375 0.67080279375 0.34663774531249997 0.6731487656249999 0.34282640937500003 0.67839270625
0 0.28682329218749997 0.49711817187499996 0.28812752812500003 0.5030210421875 0.2914696296875 0.5096322546875001 0.2966050546875 0.5156531828124999 0.30157745 0.5184865578125 0.3064683328125 0.5194310140625 0.3064935109375 0.48850995468749997 0.28633420625 0.48802775625 0.28633420625 0.49097919218749997 0.28682329218749997 0.49711817187499996
3 0.30085670000000003 0.463238546875 0.3379081828125 0.463238546875 0.33781714375 0.4188339859375 0.33781714375 0.37469311875 0.337999215625 0.3089386640625 0.2900261109375 0.30880681875 0.2440536828125 0.308882665625 0.2443313265625 0.4009028734375 0.24487754375 0.4629748546875 0.30085670000000003 0.463238546875
5 0.295920753125 0.3189892859375 0.2958763609375 0.30857469375 0.286599175 0.30863898125 0.2759328671875 0.3085600703125 0.2759459421875 0.3191178609375 0.2843797515625 0.3191178609375 0.295920753125 0.3189892859375
0 0.3150854453125 0.44207276249999994 0.312131021875 0.4478730203125 0.30996444375 0.45547991874999993 0.30996444375 0.4596637109375 0.3098331359375 0.463372075 0.33027184374999996 0.4635960671875 0.3302514921875 0.43361008749999996 0.32467091406250004 0.43465603750000004 0.319681215625 0.4370331921875 0.3150854453125 0.44207276249999994
5 0.33826126875 0.417947478125 0.3383925765625 0.3907727828125 0.33826126875 0.360535365625 0.3307773875 0.3604266375 0.330842378125 0.3863788546875 0.330842378125 0.4180425671875 0.33826126875 0.417947478125
0 0.11393424999999999 0.6120282421875001 0.11115357968749999 0.6180691109375 0.1083728984375 0.6272422828125 0.10806393437499999 0.635744240625 0.1281466203125 0.6361917109374999 0.1281475234375 0.6048287671875 0.12273974531250001 0.6055399046875001 0.118259759375 0.6077772640625 0.11393424999999999 0.6120282421875001
0 0.173564378125 0.8213197171875001 0.180825034375 0.8253469625 0.186849846875 0.8266893796874999 0.1870043234375 0.796708775 0.1653629015625 0.7964260249999999 0.165840271875 0.8047632671875 0.168003015625 0.8121465499999999 0.173564378125 0.8213197171875001
1 0.3854567765625 0.49054645937499997 0.3854567765625 0.4600023078125 0.3770662265625 0.460370309375 0.3679129 0.46883435156250003 0.36282771875000003 0.47840239999999995 0.3607936453125 0.471778365625 0.3557084640625 0.46221031874999996 0.34223273125000003 0.4588983015625 0.3414699546875 0.4769303921875 0.34121569531249996 0.49054645937499997 0.35494568593750003 0.48907445312500003 0.3854567765625 0.49054645937499997
3 0.1326545640625 0.5846292484375 0.128982465625 0.5945945187499999 0.128064440625 0.6391060640624999 0.0665567875 0.6371130093749999 0.0537044421875 0.6371130093749999 0.0541634546875 0.9307563359375 0.2019654265625 0.932749390625 0.2024244390625 0.5852936 0.1326545640625 0.5846292484375