5 0.29889518437499996 0.753800778125 0.2686039796875 0.7543782234374999 0.246895284375 0.7543782234374999 0.2342739484375 0.7532233328125 0.22316717343749998 0.7543782234374999 0.22316717343749998 0.772856453125 0.25194381718750003 0.7734338968750001 0.2994000375 0.7717015625 0.29889518437499996 0.753800778125
0 0.32817668125 0.6902818640625 0.3357494828125 0.6931690859375 0.3362543359375 0.6342697296875001 0.31000195937499997 0.6377343984375 0.297380625 0.64755095625 0.30949710625 0.6648742984375 0.320099028125 0.6821976375000001 0.32817668125 0.6902818640625
0 0.38522511718749997 0.580567375 0.3685649546875 0.5649763671875 0.3513999390625 0.5620891453125 0.341053684375 0.5642115453125001 0.3413028703125 0.625608059375 0.3927979171875 0.6250306140624999 0.3907785046875 0.5996230484375 0.38522511718749997 0.580567375
3 0.2524486703125 0.54187858125 0.19136140937499999 0.54187858125 0.19136140937499999 0.57710270625 0.19085655625 0.6521705156250001 0.1903517015625 0.76765945 0.2559826453125 0.7688143390625 0.3352446296875 0.7682368953125 0.33499677031249997 0.5418826140624999 0.3352446296875 0.54187858125 0.30242915937500003 0.54187858125 0.2524486703125 0.54187858125
0 0.4190502953125 0.757842890625 0.3786620234375 0.719154096875 0.37361348906249997 0.7231962109375 0.366545540625 0.74398421875 0.36427185624999997 0.7674818140624999 0.384215409375 0.76708200625 0.4190502953125 0.7688143390625 0.4190502953125 0.757842890625
0 0.41147749375 0.7012533125 0.42308912187500003 0.7156894296874999 0.42864250937500004 0.7255059890625 0.4357104578125 0.7255059890625 0.4362153109375 0.6700713 0.435205603125 0.6700713 0.42056485625000006 0.6694938546875 0.40592410624999997 0.671803634375 0.399865865625 0.6821976375000001 0.41147749375 0.7012533125
3 0.49895794687499995 0.6243062625 0.49974895625000004 0.1312195234375 0.2798483015625 0.13031477656249998 0.21735854687499997 0.13031477656249998 0.1895618171875 0.131227490625 0.1912552328125 0.547402825 0.3304729125 0.547402825 0.3304729125 0.6270205 0.49895794687499995 0.6243062625
0 0.7881051609374999 0.6121215390625 0.7601903203125 0.61144220625 0.74474806875 0.612800871875 0.733364875 0.6139443046874999 0.7560327906250001 0.637256840625 0.7762265046875 0.65627815 0.789886959375 0.6325015125 0.7881051609374999 0.6121215390625
0 0.71029996875 0.6094042078124999 0.7358390765625 0.6121215390625 0.7370269421875 0.5516609484375 0.7361359546874999 0.5509898125 0.6800093984375 0.5503022828125 0.6841669265625 0.5733995875 0.6966395140625 0.5971762234375 0.71029996875 0.6094042078124999
5 0.67631380625 0.7549613421875 0.6453135671875 0.7545841328125 0.62024954375 0.7534525046875 0.6106856390625001 0.7542069234375 0.610317496875 0.7540911015625 0.6106856390625001 0.7715585468749999 0.6453135671875 0.7723129656250001 0.6759840171875 0.77193575625 0.67631380625 0.7549613421875
5 0.814165934375 0.7542069234375 0.7999849734375 0.7538297140625 0.784484853125 0.7534525046875 0.7761654984375 0.7538396171875 0.7765698999999999 0.7700497109375 0.7950381281250001 0.770804128125 0.81383614375 0.7704269203125 0.814165934375 0.7542069234375
3 0.73739695 0.5400080609375 0.686291809375 0.5407387296875 0.6236880124999999 0.5414693953125 0.5770545703125001 0.5407387296875 0.5546021921875 0.5400156843749999 0.554696071875 0.7672456046875 0.68054248125 0.7687069390625 0.7367581359375001 0.7679762718750001 0.73739695 0.5400080609375
0 0.7372202328124999 0.43794791875000005 0.708366709375 0.438582578125 0.69061069375 0.438582578125 0.6758925578125 0.4392283609375 0.678958309375 0.4626996296875 0.6872814421875 0.4817394078125 0.6956045734375 0.4817394078125 0.7372202328124999 0.43794791875000005
0 0.723348346875 0.376385971875 0.6961594484375 0.387175178125 0.6822875625 0.41002291093750004 0.6811778109375 0.4341399640625 0.7177995921875 0.43667860000000003 0.7333361046875 0.43540928125 0.7361104828125 0.3757513125 0.723348346875 0.376385971875
0 0.79381753125 0.3465569859375 0.783829771875 0.32942118593749997 0.7738420140625 0.318631978125 0.7544213734375 0.30974675 0.7405494859374999 0.31038140937500003 0.7415385624999999 0.37004721875 0.757750625 0.370039378125 0.7949272828125 0.372578015625 0.79381753125 0.3465569859375
5 0.6850621828125 0.1269588015625 0.6639769156249999 0.1269588015625 0.6401172703125 0.1269588015625 0.6251356328125001 0.12632414218750002 0.613760115625 0.126326384375 0.612928371875 0.14599857968750002 0.6317941375 0.14663323749999999 0.6850621828125 0.14599857968750002 0.6850621828125 0.1269588015625
5 0.8110189140624999 0.1282281203125 0.78715926875 0.1282281203125 0.7699581296875 0.1282281203125 0.762189871875 0.1275934609375 0.7510923625 0.1275934609375 0.7510923625 0.14599857968750002 0.7827202640625 0.14663323749999999 0.8115737890625001 0.14663323749999999 0.8110189140624999 0.1282281203125
3 0.68339755625 0.4823679828125 0.6933853156249999 0.486810596875 0.7033730734375 0.4810986640625 0.7333363484375 0.44492308593749996 0.73555585 0.4341338796875 0.736110725 0.13140141562500002 0.6173673765625 0.13140141562500002 0.5546664484375 0.13076675625 0.554401321875 0.13140390156249998 0.554111571875 0.441749790625 0.6739646734375 0.44428842812499997 0.67673905 0.4684054796875 0.68339755625 0.4823679828125
3 0.8631772078125 0.1301320984375 0.8370980609374999 0.1301320984375 0.7938177734375 0.1301320984375 0.72834246875 0.1301320984375 0.7287791 0.13013452187500002 0.731116846875 0.3719372734375 0.8631772078125 0.3713026140625 0.8631772078125 0.21390711874999999 0.8631772078125 0.1301320984375
4 0.33001766875 0.1500803828125 0.4114864671875 0.14692079687499998 0.411026190625 0.12375049062500001 0.3493492484375 0.12375049062500001 0.2798476203125 0.125330284375 0.27938734374999996 0.12585688281250001 0.28122844687500004 0.15060698125 0.33001766875 0.1500803828125