3 0.90425315625 0.395356453125 0.9041357203124999 0.40739785624999997 0.936664459375 0.40773705 0.9365470312499999 0.39518685625 0.9722464421874999 0.395356453125 0.9724812984375 0.2558491796875 0.972363871875 0.1866891359375 0.9246891890625 0.1866891359375 0.8731253265625 0.1864615234375 0.8731350640625 0.33247150625 0.873369928125 0.39518685625 0.90425315625 0.395356453125
0 0.8909847703124999 0.2875519890625 0.88429113125 0.2834816546875 0.8791241125000001 0.282464071875 0.8727827640625 0.282464071875 0.8732530578125001 0.3165953984375 0.9000270562500001 0.3165531078125 0.8994398921875 0.3046813046875 0.8959169265625 0.2946750671875 0.8909847703124999 0.2875519890625
3 0.7140193015625 0.3953119671875 0.7140193015625 0.407553759375 0.7463019171874999 0.407553759375 0.7464822718749999 0.3955724296875 0.8087029546875 0.3953119671875 0.8101457484375001 0.2919626453125 0.80978505 0.1870505328125 0.74738310625 0.1865296078125 0.6781113765625 0.18672136875 0.6783045624999999 0.275311203125 0.6781242078124999 0.3955724296875 0.7140193015625 0.3953119671875
0 0.7915895203125001 0.289744146875 0.7873725609375 0.2962149640625 0.7844734046874999 0.30649214375 0.7838145109375 0.3163886890625 0.8104340375 0.3167693234375 0.8104879421875 0.2816319015625 0.802659028125 0.28308301406249997 0.7965971484375001 0.2849861953125 0.7915895203125001 0.289744146875
3 0.547240740625 0.31028675781250004 0.57942924375 0.3111281515625 0.57942924375 0.34057696718749997 0.5851095749999999 0.34057696718749997 0.5910811953125 0.3374217390625 0.5966158734375 0.33195266874999996 0.6008396968749999 0.32290767656249997 0.6021505421875 0.3111281515625 0.6462822953125 0.3113384984375 0.6462822953125 0.27748708906249997 0.6462822953125 0.14965398593749998 0.6267981234375 0.149443634375 0.5322575890625 0.14917633125000002 0.53206234375 0.2642129671875 0.54760830625 0.2645045546875 0.547240740625 0.31028675781250004
5 0.609017796875 0.163998215625 0.60890973125 0.148732996875 0.5982291281250001 0.1488928421875 0.579657421875 0.1487561765625 0.5802410375 0.163998215625 0.5909216421875 0.16415806093750002 0.609017796875 0.163998215625
0 0.5799643375 0.340275565625 0.58527696875 0.3403554890625 0.5894274625 0.33851726875 0.593467278125 0.335400284375 0.5967323312499999 0.331495265625 0.5994439890625001 0.3258207578125 0.6014915656250001 0.319267103125 0.60270904375 0.3117543796875 0.6029304015625 0.30344242499999996 0.5791676828125001 0.30312434375 0.579189578125 0.3112005140625 0.580185696875 0.31144028125 0.5799643375 0.340275565625
0 0.566778259375 0.2786838640625 0.5615086796875 0.273083765625 0.554548859375 0.27064269375 0.55285861875 0.2703555109375 0.5466942031250001 0.26992473437500003 0.5471918796875 0.30388307187499997 0.572942675 0.3038125265625 0.57244554375 0.2956277640625 0.57055645 0.28658144375 0.566778259375 0.2786838640625
0 0.49822759375 0.2301893796875 0.4933026046875 0.23487731093750003 0.48938500312500005 0.243121615625 0.4881537546875 0.2516892234375 0.48748216875 0.2571854234375 0.4868560796875 0.2655136640625 0.51121165625 0.2655913734375 0.5109877875 0.227117971875 0.504607690625 0.22744127656250002 0.49822759375 0.2301893796875
5 0.5142053343749999 0.1646073375 0.5142053343749999 0.148957303125 0.502809659375 0.148957303125 0.483661109375 0.1488569546875 0.4844926921875 0.1646073375 0.4941405609375 0.1647083046875 0.5142053343749999 0.1646073375
3 0.3764440234375 0.26612534375 0.46819234375 0.2648101828125 0.467737021875 0.2289834375 0.46739553437500003 0.1494619703125 0.429160309375 0.14929757500000002 0.351869465625 0.1489359921875 0.35187729375 0.18479552500000002 0.3519911234375 0.265796553125 0.3764440234375 0.26612534375
5 0.389904828125 0.164040828125 0.41812708593750003 0.164262946875 0.417973290625 0.15916197031249998 0.418819190625 0.15905091093749998 0.4188960875 0.1494997671875 0.404900309375 0.1494997671875 0.388705846875 0.14908477656250002 0.38898203124999997 0.1580435984375 0.39005863281250003 0.1580435984375 0.389904828125 0.164040828125
0 0.451512184375 0.2302679140625 0.44705348125000005 0.2352212375 0.444309659375 0.24091755781250002 0.44216605312499996 0.24822371250000003 0.44130860624999996 0.2533008671875 0.44130860624999996 0.2575111921875 0.440957575 0.2638364328125 0.46428809062500004 0.26419817968750003 0.46471681406250004 0.2263052546875 0.45768577656250004 0.2271720859375 0.451512184375 0.2302679140625
3 0.484475353125 0.43305556406249995 0.48402073437500004 0.39170475 0.48367979375000003 0.3132936375 0.352564159375 0.31379875625000003 0.35175303593749996 0.355781915625 0.35175303593749996 0.43321969843749997 0.484475353125 0.43305556406249995
0 0.41995822499999996 0.291286434375 0.4167822890625 0.2959938609375 0.414024240625 0.3028739484375 0.41293773749999996 0.3118059921875 0.41293773749999996 0.314944278125 0.4131048921875 0.321100146875 0.4358805046875 0.3204608875 0.43583789375000004 0.28392353125 0.4313247265625 0.283682125 0.4243042390625 0.2864583 0.41995822499999996 0.291286434375
0 0.44417940468749995 0.3336237234375 0.447438915625 0.3401417 0.45262070468750004 0.346176865625 0.4588054171875 0.3497979671875 0.4643215140625 0.3496772640625 0.46440509375000005 0.31337091093749997 0.4410289484375 0.312764915625 0.44150493749999997 0.32058776718750004 0.44192281875 0.3256573046875 0.44417940468749995 0.3336237234375
5 0.41898363437499997 0.41846489687500005 0.4101837546875 0.41818861875 0.3894532859375 0.41812722343750003 0.3890130234375 0.43292357968750006 0.41898363437499997 0.43356823125000005 0.41898363437499997 0.41846489687500005
5 0.513552165625 0.43294436875000003 0.5132802703125 0.41770879531249994 0.5027852546875 0.41770879531249994 0.4839869765625 0.41751386874999996 0.4840247296875 0.4327873015625 0.4957704515625 0.4327873015625 0.513552165625 0.43294436875000003
3 0.22591314218749997 0.43338920156249994 0.32516907968750003 0.434081396875 0.325333715625 0.2950642234375 0.3258276453125 0.149627034375 0.29746798281250003 0.1501025890625 0.2979619140625 0.11705138906250001 0.2928580140625 0.11705138906250001 0.286436959375 0.11871583906250001 0.2821562625 0.1222825125 0.2772169890625 0.12917809062500002 0.273594859375 0.1394025609375 0.27161915937500003 0.13203143125 0.2683263125 0.125849190625 0.2635516859375 0.1210936203125 0.25614278125 0.118002503125 0.24906316875 0.11705138906250001 0.24873388593749998 0.14891369999999998 0.21148698906250002 0.14915147812500001 0.12444125156250001 0.1492862828125 0.124495528125 0.31279009375 0.2268268109375 0.310810771875 0.22591314218749997 0.43338920156249994
5 0.193275396875 0.16430650156249998 0.193431815625 0.1481544609375 0.17919766718750002 0.1481544609375 0.1633838359375 0.14864391562499998 0.1633211125 0.16419355 0.1741140390625 0.16430650156249998 0.193275396875 0.16430650156249998
5 0.3258256578125 0.25502546718749997 0.3258256578125 0.2402746 0.3256930078125 0.210403134375 0.31402124531250003 0.2101977390625 0.3142854203125 0.2283972796875 0.3145507140625 0.2548338984375 0.3258256578125 0.25502546718749997
5 0.288007425 0.43343848749999997 0.287881509375 0.41843551406249996 0.2720786421875 0.41807180468749994 0.258889009375 0.41792929062499995 0.2587941609375 0.43298385 0.2678603453125 0.43307477656250004 0.288007425 0.43343848749999997
5 0.2095120875 0.4335608203125 0.22231314375000003 0.4335608203125 0.222230553125 0.42378036718749995 0.22132209062500002 0.4235418203125 0.22140468124999999 0.418293771875 0.2167797828125 0.418293771875 0.21050365312500002 0.4181508625 0.2105857234375 0.42330326874999996 0.2095120875 0.423422546875 0.2095120875 0.4335608203125
0 0.18100495156250002 0.3985897 0.174628634375 0.3945316015625 0.1667392890625 0.39328295625 0.1654969328125 0.43257344062499997 0.1911638296875 0.43308353437499997 0.19083960625000002 0.41981667343750007 0.1869489765625 0.4082667 0.18100495156250002 0.3985897
0 0.1054269140625 0.374144565625 0.111266896875 0.38152447343749996 0.118566878125 0.3869715484375 0.12501519375 0.3882015296875 0.12501519375 0.349569471875 0.101193465625 0.34925794374999997 0.10129025625000002 0.3586819046875 0.10275025625 0.3674675078125 0.1054269140625 0.374144565625
5 0.068241178125 0.43312605 0.09792040937499999 0.4332091171875 0.09797792968749999 0.423822425 0.09711516249999999 0.4236562859375 0.09711516249999999 0.41817379531250004 0.0835984578125 0.41817379531250004 0.06935138125 0.41824214687500005 0.06944905312500001 0.42349015156250003 0.068241178125 0.42357321875 0.068241178125 0.43312605
0 0.043945190625000005 0.3867843625 0.049978440624999995 0.3827528421875 0.054210715625 0.3767705765625 0.0566420265625 0.3706582671875 0.058803189062500004 0.361814925 0.05835295 0.3544021234375 0.031212729687500003 0.3538514359375 0.0311583109375 0.3892552984375 0.0412437390625 0.38873510312500004 0.043945190625000005 0.3867843625
3 0.1014438375 0.3105334609375 0.10170380000000001 0.31216039375000004 0.124234190625 0.31228554062499997 0.12414753281249999 0.3111592015625 0.12960682343750002 0.3111592015625 0.1298667859375 0.18320209062499998 0.1294335140625 0.149554590625 0.1070735125 0.1499300359375 0.1070735125 0.118410065625 0.10464715937499999 0.118410065625 0.100487703125 0.1187855109375 0.0962415953125 0.12016214843749999 0.0920821390625 0.12379146249999999 0.0885292734375 0.1279213703125 0.0854956671875 0.1335530640625 0.083242628125 0.14231348125 0.0812495578125 0.13455425625 0.0783032796875 0.12817166875 0.07189078125000001 0.1217890828125 0.066171528125 0.119160959375 0.0594990671875 0.1186603625 0.059759034375 0.14944695937500002 0.0312757921875 0.1491496359375 0.0311519171875 0.2013311421875 0.0311519171875 0.3111592015625 0.1014438375 0.3105334609375
5 0.041983834375 0.254886053125 0.041983834375 0.237883340625 0.0418971828125 0.2114769515625 0.0310830109375 0.2114715875 0.0313252265625 0.220720440625 0.031238575 0.25463575625 0.041983834375 0.254886053125
0 0.10879324374999999 0.2805742828125 0.10491642187500001 0.2877002234375 0.1027313046875 0.29533516249999997 0.10195594062499999 0.3028682984375 0.1017444765625 0.311521228125 0.12422355624999999 0.3119011296875 0.1242300359375 0.2741609359375 0.118591021875 0.27426273437500004 0.113445428125 0.2769095125 0.10879324374999999 0.2805742828125
5 0.6088320015625001 0.4331489109375 0.6086750609375 0.41773628125 0.5948642453125 0.417849609375 0.579641421875 0.41798708125 0.579484021875 0.4330355828125 0.5910191921875 0.4329222546875 0.6088320015625001 0.4331489109375
1 0.29687515625 0.11805655156249999 0.286864915625 0.11970769218749999 0.2774266875 0.1316784609375 0.27342259062499996 0.14034695 0.2659864109375 0.12383554375000001 0.2556901640625 0.118882121875 0.2502560328125 0.1184693359375 0.2502560328125 0.15562 0.2588362390625 0.1568583546875 0.29658915 0.15479442968749998 0.29687515625 0.11805655156249999
1 0.20195402499999998 0.309914221875 0.200282475 0.26727900781249997 0.17743795625 0.2704967609375 0.154036253125 0.268887884375 0.15367636406250001 0.2946299 0.152561996875 0.30910978437500003 0.1562649859375 0.309914221875 0.20195402499999998 0.309914221875
1 0.108544509375 0.158679878125 0.10798732656250001 0.1160446640625 0.082356890625 0.117653540625 0.058398004687500005 0.116849103125 0.0589214546875 0.1581192609375 0.059512371875000004 0.158679878125 0.0739991390625 0.1594843171875 0.108544509375 0.158679878125