3 0.6499314 0.6682554125 0.6499314 0.7597560453125001 0.754550403125 0.7595796484374999 0.75487928125 0.71374113125 0.75487928125 0.6134329984375 0.79193260625 0.6130802 0.79171335 0.612021821875 0.79171335 0.5214031703125 0.7279348062500001 0.5214031703125 0.6753153546874999 0.5212628890625 0.6758415375 0.6012273796875001 0.6502484875000001 0.6011451812499999 0.6499314 0.6682554125
0 0.686119971875 0.5988692296875 0.691114196875 0.5945039078125001 0.6944436828125 0.5882535578125 0.6974032234374999 0.5804158203124999 0.6986980203125001 0.5730741421875 0.6994995625 0.5655340375 0.6752623359375 0.565726690625 0.675329978125 0.60075425625 0.68075580625 0.6009526796875 0.686119971875 0.5988692296875
5 0.7320177906249999 0.7597790140625 0.7320177906249999 0.74698068125 0.7054803015625 0.7467822578125001 0.6672591109375 0.7465541921875001 0.667492365625 0.7595805875 0.6885193828125 0.7597790140625 0.7320177906249999 0.7597790140625
0 0.7416835875000001 0.6599386953125 0.7376596281250001 0.66431364375 0.7348319828125 0.6695635734375001 0.731569315625 0.6805884328125 0.73026424375 0.6916132937499999 0.7547786796875 0.691420003125 0.7551692937500001 0.655563753125 0.7486439515625001 0.6560887453124999 0.7416835875000001 0.6599386953125
3 0.647806178125 0.4658727 0.6442981750000001 0.467283875 0.6376110296874999 0.4720465921875 0.6344319046875 0.4766329140625 0.6316912703125 0.48368879531250003 0.630156515625 0.4914502609375 0.629718015625 0.49991731093749997 0.6481481484375 0.49991731093749997 0.6478192703125 0.5581036140625 0.6809260921875 0.5588092 0.6810357140625001 0.5300564953125 0.791566246875 0.5300564953125 0.791566246875 0.358697428125 0.7738069609375 0.358873828125 0.7738069609375 0.3313805921875 0.7739165828125001 0.2687967140625 0.70286341875 0.2687967140625 0.6565033515625001 0.2685940046875 0.6566858203125 0.45196203125 0.647806178125 0.453020415625 0.647806178125 0.4658727
5 0.687048971875 0.2812104078125 0.687048971875 0.26832740781250003 0.676915175 0.26821723125 0.663426571875 0.2681695171875 0.6634262718749999 0.2807697 0.6732177109374999 0.28099005312499997 0.687048971875 0.2812104078125
5 0.712994728125 0.2814307609375 0.7131316703125 0.2685400515625 0.7048515875 0.2685400515625 0.6885834562500001 0.2682906359375 0.688481896875 0.2808798765625 0.6995058249999999 0.28099005312499997 0.712994728125 0.2814307609375
5 0.739435828125 0.281202696875 0.739435828125 0.2684298734375 0.7260043328125 0.2682095203125 0.7148648375 0.2681695171875 0.7149914671875 0.281202696875 0.72450901875 0.2809823421875 0.739435828125 0.281202696875
5 0.764701753125 0.2808875875 0.7646423984374999 0.2685477609375 0.75690510625 0.268437584375 0.7408608765625 0.2682906359375 0.7410105796875001 0.2809977640625 0.7455981781250001 0.2809977640625 0.764701753125 0.2808875875
0 0.6632032921875 0.5246641078125001 0.6587862328125 0.5304792921875 0.6557745984375 0.537425209375 0.6540680078125 0.5459864546875 0.6539681374999999 0.5574244171875 0.675450590625 0.5577783609375 0.67555098125 0.5204642500000001 0.6694273328125 0.52094885 0.6632032921875 0.5246641078125001
0 0.64473195625 0.46655746875000004 0.641117996875 0.469141996875 0.6361989968749999 0.47447258437500006 0.6329865921875 0.4819030984375 0.630376509375 0.48997974843750003 0.6296737984375 0.50015631875 0.653415996875 0.5006009984374999 0.653867234375 0.46607287187499996 0.6483459093749999 0.46591133593749995 0.64473195625 0.46655746875000004
5 0.6398186171875 0.759612140625 0.6399106890625 0.74657419375 0.6192856875 0.7464260359375 0.5851351765625 0.7464565640624999 0.585309678125 0.7599084578124999 0.60473769375 0.760056615625 0.6398186171875 0.759612140625
3 0.48392665 0.65908680625 0.488292546875 0.6589373359375 0.48838543593750006 0.695515809375 0.488292546875 0.7593084140624999 0.573405725 0.7594578828125 0.5737772890625 0.6011026359375 0.571640790625 0.6011026359375 0.571455003125 0.5292595390625 0.5077625375 0.528512184375 0.4576850046875 0.5282873265625 0.4577329625 0.62682205625 0.48411243125 0.627120996875 0.48392665 0.65908680625
0 0.5545404671874999 0.588705346875 0.559151109375 0.593705071875 0.56285966875 0.5949953234375001 0.5718804921875 0.5962855765625 0.5720215234375 0.562407103125 0.54732380625 0.5617713609375 0.5484263515625 0.57273849375 0.5508319078125 0.5811251265624999 0.5545404671874999 0.588705346875
5 0.560974628125 0.7600515109375 0.5610748562500001 0.7465038734375 0.5329098421875 0.7463425906250001 0.5009061796875 0.7459091250000001 0.500535109375 0.7600515109375 0.5244904046875 0.7600515109375 0.560974628125 0.7600515109375
5 0.46495428125 0.707408178125 0.4650223734375 0.6956842453125 0.46522665625000004 0.6746469125 0.45760045156249995 0.6745334140625 0.45766821875 0.687137828125 0.45753203124999997 0.7072986046875 0.46495428125 0.707408178125
5 0.465243609375 0.5163578546875 0.46538479375 0.5012582953125 0.4653141984375 0.47002096406250005 0.4574644796875 0.47015050468749997 0.457619578125 0.4807064 0.457619578125 0.516130675 0.465243609375 0.5163578546875
0 0.5485728140624999 0.469741365625 0.550151984375 0.47535837968749994 0.553642784375 0.482713996875 0.5582140718749999 0.48846474687499997 0.5646138734374999 0.492209425 0.5715123578125 0.49261063906249997 0.5714299453125 0.459157775 0.5474923281249999 0.45783864375 0.54774166875 0.4642580875 0.5485728140624999 0.469741365625
0 0.5826081656250001 0.5235867875 0.5786046734375 0.5277382890625 0.5752239421875001 0.5336076546874999 0.5726439109375 0.5414811937499999 0.5721101140625 0.5487821140625 0.571834575 0.5578984640625 0.5931951859375 0.5583735171875001 0.5934620875000001 0.5205805265625 0.5895475593749999 0.5205805265625 0.5826081656250001 0.5235867875
3 0.45749446875000005 0.35028430781250003 0.45749446875000005 0.4571366796875 0.6186951859375001 0.4578133578125 0.619115725 0.3547955078125 0.6007523265625 0.35524663125 0.6008924999999999 0.2684533265625 0.54579544375 0.2684533265625 0.4815799375 0.2680739390625 0.48174538125 0.2887537359375 0.45763465156249994 0.2887537359375 0.45749446875000005 0.35028430781250003
0 0.5866258328125 0.426741103125 0.5814118921875 0.42226659375000003 0.5765455453125 0.4196564625 0.571679196875 0.4190971484375 0.5716449203125 0.4574768640625 0.5934618890625 0.45750336875000003 0.5934618890625 0.4448255859375 0.5909128515625001 0.4341986234375 0.5866258328125 0.426741103125
5 0.515086578125 0.2811221921875 0.5151449734375 0.26824873125000004 0.502122334375 0.26824873125000004 0.490466325 0.268174003125 0.49055962812500004 0.2805583921875 0.500370409375 0.28084029374999997 0.515086578125 0.2811221921875
5 0.5404839671875 0.2811156171875 0.5404839671875 0.2684366671875 0.5308539062500001 0.2684366671875 0.5169325125 0.2683805984375 0.5171833671875 0.28092768437500004 0.52792850625 0.28102165 0.5404839671875 0.2811156171875
5 0.5667044453125001 0.281209584375 0.5667044453125001 0.26852405625000003 0.5568352671875 0.26852405625000003 0.5421079093750001 0.26848389687499996 0.54223589375 0.281209584375 0.5524554546875 0.28130355156250003 0.5667044453125001 0.281209584375
5 0.5921639796875 0.28098571250000004 0.5921639796875 0.268719646875 0.5808005328125 0.26856727343750003 0.5685471421875 0.26843592968749996 0.56849013125 0.2812904578125 0.577060065625 0.2810618984375 0.5921639796875 0.28098571250000004
3 0.24032970781250002 0.6263294687500001 0.24082096718749998 0.7590635078125 0.2413122265625 0.7590635078125 0.372677275 0.7592216031250001 0.372873778125 0.603100459375 0.37297202500000004 0.2548787171875 0.37297202500000004 0.20115935624999998 0.347437228125 0.200526975 0.34085437343749997 0.1954679109375 0.33446802343750004 0.19293838125 0.326214346875 0.19088313437499999 0.3169787046875 0.190250753125 0.303319915625 0.1904088484375 0.297817828125 0.19104122968749998 0.2921192265625 0.193096475 0.2841608484375 0.19641648750000001 0.27826575625 0.2006850703125 0.246462559375 0.20101208750000002 0.245871521875 0.175826175 0.2405521859375 0.1753509703125 0.23671044375 0.1782022046875 0.2325731828125 0.180103028125 0.22932247656250002 0.1867559109375 0.2228210671875 0.1815286453125 0.226367290625 0.18342946875 0.21986587968750002 0.1791526171875 0.21454654374999999 0.1734501453125 0.21021354374999998 0.17671366875 0.2112958390625 0.2019624984375 0.190878109375 0.2011021671875 0.1908658984375 0.5137186265625 0.24024139843749998 0.5138243265625 0.24032970781250002 0.6263294687500001
5 0.21137929843749997 0.21381333125 0.2114304703125 0.20154436874999998 0.20846243750000001 0.2016267109375 0.2041180078125 0.2015962375 0.20436859531249998 0.21373098906250002 0.206773728125 0.21381333125 0.21137929843749997 0.21381333125
5 0.252012690625 0.213504221875 0.25206003906249996 0.20116196875 0.248840396875 0.2012381546875 0.245057559375 0.20135050312499997 0.2450525796875 0.213428034375 0.24746731249999998 0.213428034375 0.252012690625 0.213504221875
5 0.3054310390625 0.20388306250000002 0.314848084375 0.2035783125 0.32228167343749997 0.204111621875 0.32625888125 0.204568740625 0.331327840625 0.206092475 0.33648874218749997 0.20860663906250002 0.340426884375 0.210892240625 0.343267746875 0.2124159765625 0.346440040625 0.19931185625 0.33985871093750003 0.1954263328125 0.3331826890625 0.19291217031250002 0.3263172734375 0.190778940625 0.3197351703125 0.1901694484375 0.3089398953125 0.1903218203125 0.3025077578125 0.1904741953125 0.29483743281249997 0.1919979296875 0.2890610140625 0.1944359046875 0.2836716125 0.19695006718750002 0.27958880937499997 0.1999267171875 0.28256210312499996 0.212111228125 0.2917002078125 0.20723527812500003 0.2980447984375 0.2042639953125 0.3054310390625 0.20388306250000002
5 0.2771393859375 0.7595180234375001 0.34432447499999996 0.759833203125 0.3441285953125 0.7503777859375 0.34275746875 0.7503777859375 0.34275746875 0.740134421875 0.3119071765625 0.7395040625 0.2793629703125 0.7394056203125 0.27939194375 0.7505353796875001 0.2771393859375 0.7506929703125 0.2771393859375 0.7595180234375001
3 0.167764675 0.7231003921875 0.1671092296875 0.7231003921875 0.1671092296875 0.6417006265625 0.168911709375 0.6409096234375 0.16874783124999998 0.5571183875 0.1053333203125 0.556591053125 0.0358889 0.5565498765625 0.0360197734375 0.759222984375 0.167273084375 0.7597503203125 0.167764675 0.7231003921875
0 0.14245406249999998 0.5794118218750001 0.145727575 0.585533365625 0.14962040000000001 0.5905160265625 0.154840325 0.5935056171875 0.1604141421875 0.594217421875 0.16050261875 0.5570610453125 0.13927840625000001 0.556370415625 0.1391805515625 0.5647485734375 0.1396229125 0.5712972062499999 0.14245406249999998 0.5794118218750001
5 0.12986255625 0.7591333515625001 0.1299150984375 0.747212153125 0.08157552812499999 0.74738125 0.06046380312500001 0.7473668640625 0.060401174999999994 0.75896425625 0.0953939265625 0.759048803125 0.12986255625 0.7591333515625001
3 0.0958243109375 0.5140490421874999 0.1987467453125 0.5140490421874999 0.1989132640625 0.353094490625 0.1965820640625 0.353094490625 0.19674858281250002 0.29179339375 0.1970816109375 0.2015552 0.036103428124999996 0.20062000625 0.0362123234375 0.381476959375 0.036378842187499996 0.5121547375 0.0958243109375 0.5140490421874999
5 0.044115045312500004 0.492690440625 0.04402035 0.444414709375 0.043973003125 0.429329734375 0.036620059375 0.42940745468749997 0.03644471875 0.4565177359375 0.0365394140625 0.492690440625 0.044115045312500004 0.492690440625
1 0.1981589765625 0.8304462609375 0.206509275 0.8480054484374999 0.21485957187500002 0.8583343812500001 0.2238522 0.8578179359375 0.22577919062500001 0.8061732671874999 0.1927275484375 0.806746490625 0.172096140625 0.806746490625 0.1727869203125 0.8578179359375 0.18563353124999998 0.8557521484375 0.196874315625 0.837676515625 0.1981589765625 0.8304462609375
1 0.244760865625 0.17913589218749998 0.2397698203125 0.179456925 0.23298199843749998 0.1855565328125 0.2277913109375 0.195508528125 0.2245970421875 0.1874827265625 0.22000528125000002 0.1817041484375 0.21221925000000003 0.1800989875 0.2124188921875 0.21348632343750001 0.219007071875 0.213004775 0.2445612234375 0.21316529218750002 0.244760865625 0.17913589218749998
5 0.2073774203125 0.7225209968749999 0.1869296453125 0.7213337734375 0.17245100156249998 0.72154165 0.16960698125 0.7221652828125 0.169348434375 0.7433687531250001 0.1825343421875 0.7437845078125 0.2076134234375 0.7437845078125 0.2073774203125 0.7225209968749999
0 0.23258631875 0.69750370625 0.22122434375000002 0.7003696703125 0.213204125 0.7082510671875 0.20830288125 0.7215061453125 0.20830288125 0.7408513953125 0.21298134218749998 0.7422843765625 0.23214075156249997 0.7415678859375 0.23258631875 0.69750370625
0 0.26421755625 0.70579428125 0.263675015625 0.690963003125 0.25282419218749996 0.673078228125 0.2625899328125 0.6591193796875 0.264488828125 0.6399259640625 0.24034574531250003 0.6407983921875 0.2400744734375 0.6591193796875 0.24061701562499999 0.7075391359375 0.26421755625 0.70579428125
1 0.23954201562500002 0.47698755937500004 0.2286052421875 0.4791322875 0.2200692234375 0.49586116875 0.2142007109375 0.47956123437500003 0.2027304359375 0.47655861406250005 0.2021969359375 0.51301899375 0.213400459375 0.5138768859375 0.23927526562499998 0.5134479390625 0.23954201562500002 0.47698755937500004
5 0.8659709703124999 0.20899540156250002 0.8601014015624999 0.20899540156250002 0.8565377359375 0.20899540156250002 0.8565377359375 0.2245015125 0.8735175578125001 0.2248386015625 0.8735175578125001 0.20899540156250002 0.8659709703124999 0.20899540156250002
1 0.9123089734375001 0.1834107078125 0.9005208015624999 0.1890462328125 0.893989515625 0.2036473640625 0.8863431343749999 0.1890462328125 0.8759886578125 0.18545999062500002 0.8769444562500001 0.2226032203125 0.8777409546875001 0.223115540625 0.912786871875 0.2226032203125 0.9123089734375001 0.1834107078125
5 0.9221646921875 0.20863794531250002 0.91811010625 0.20863794531250002 0.9145623453124999 0.20904544062500002 0.9144356390624999 0.22391904375 0.9314142140625 0.224326540625 0.9312875078125 0.20884169375 0.9221646921875 0.20863794531250002
0 0.9153301687500001 0.4209261875 0.904103715625 0.4260410859375 0.8977420578125 0.4323594921875 0.89212883125 0.44559805625 0.8917546171874999 0.461544509375 0.9012971015625 0.461544509375 0.9153301687500001 0.46094275781249994 0.9153301687500001 0.4209261875
4 0.952534421875 0.6678236 0.95294820625 0.64386978125 0.952534421875 0.62013775625 0.9470172796874999 0.6203595515625 0.943017353125 0.620803140625 0.943017353125 0.6804658921875 0.943017353125 0.7033107390625 0.9522585640625 0.7033107390625 0.952534421875 0.6678236
0 0.9080015984375001 0.7495613265625 0.8783440078125 0.7485978796875 0.8777448640625 0.749079603125 0.8786435796875001 0.803032603125 0.8903268734375 0.798215371875 0.9047063109375 0.7803916125 0.9080015984375001 0.7495613265625
3 0.9153356546875001 0.21186389375 0.91394878125 0.1796614734375 0.896381734375 0.1811482390625 0.8940702796875 0.1945291171875 0.8857490468749999 0.1818916203125 0.8732671968749999 0.18040485625 0.8728049062500001 0.21088352187499998 0.8422937171875 0.21088352187499998 0.8399822640625001 0.21186389375 0.8399822640625001 0.46312703906249997 0.9504697500000001 0.4608968921875 0.9504697500000001 0.21186389375 0.9153356546875001 0.21186389375
3 0.8951861140625 0.7991503921875001 0.9089908812499999 0.77865935625 0.9100527875 0.7607297 0.95199804375 0.76158349375 0.9517455171875 0.4992009609375 0.9174861234374999 0.49946899531250005 0.9164242187499999 0.506299340625 0.8691694359375 0.506299340625 0.867576578125 0.49776140937499996 0.8426218046875 0.49776140937499996 0.84049799375 0.49776140937499996 0.84049799375 0.76158349375 0.8755408671874999 0.7607297 0.8766027718749999 0.80683453125 0.8951861140625 0.7991503921875001
0 0.942025659375 0.4974870296875 0.9515658484375 0.4974870296875 0.9515658484375 0.46373680781250004 0.9504755421875 0.4624218640625 0.9251258921875 0.46154523437500006 0.9245807390625 0.47469467187500003 0.9319403140625001 0.49003568125 0.942025659375 0.4974870296875
2 0.137429525 0.186695165625 0.13316383125 0.18192340468749998 0.1216650046875 0.20458927187499998 0.11517373125000001 0.1917651625 0.1043971796875 0.181877953125 0.0916000984375 0.201263234375 0.07780779843749999 0.20244535 0.0775535375 0.21471533125 0.09697858125 0.2179644 0.107179153125 0.1964914734375 0.1207180953125 0.21557851874999998 0.1337694859375 0.19708794375 0.1448973828125 0.214385578125 0.152130515625 0.21199969687500003 0.1593636484375 0.1964914734375 0.172717125 0.214385578125 0.1754990984375 0.21199969687500003 0.17582076875 0.2108522078125 0.1668720859375 0.191578765625 0.1602417140625 0.1831163453125 0.1470737015625 0.20458927187499998 0.137429525 0.186695165625