3 0.6266821203124999 0.6560533765625001 0.6263902703124999 0.717996278125 0.714220878125 0.7184610984375001 0.99904455625 0.718151221875 0.99933640625 0.43417819843750005 0.99933640625 0.37750320937500004 0.6907395390625 0.37779993749999996 0.6899189375 0.587462575 0.6266406859375 0.587462575 0.6266821203124999 0.6560533765625001
0 0.7541094015625001 0.42625966562500006 0.757329340625 0.42184370312499997 0.7612200921875 0.4138664828125 0.7648425343749999 0.404464759375 0.7676599687500001 0.395632834375 0.7694041109375 0.386943365625 0.7694041109375 0.37811144375 0.7064953171874999 0.37741520781250004 0.706346975 0.3836670078125 0.7233858171875001 0.3986242921875 0.7541094015625001 0.42625966562500006
5 0.9197830453125 0.7190341421875 0.9196285874999999 0.7011578093749999 0.8410042765625001 0.7008298046875 0.7530689359375 0.7008041921875 0.75371183125 0.7193621484375 0.8034881703125001 0.7190341421875 0.9197830453125 0.7190341421875
5 0.7137374359375 0.7191148109375 0.7135880718750001 0.7010363265625 0.6928272421874999 0.7010363265625 0.6601631390625 0.7010049015625001 0.660416434375 0.7189562281249999 0.6841644437500001 0.71927339375 0.7137374359375 0.7191148109375
5 0.64218901875 0.4053154 0.6418578046875 0.3770058125 0.6418578046875 0.3191927125 0.6255960640625 0.3191566375 0.6259594703125 0.3492483484375 0.626125071875 0.40513956562500003 0.64218901875 0.4053154
3 0.999229090625 0.3887339515625 0.9994638546875001 0.19143252500000002 0.9996986328125 0.134865196875 0.9356063375 0.134615925 0.7910582203125001 0.1345804859375 0.790289290625 0.20138596875 0.7898197484375 0.38848468125 0.999229090625 0.3887339515625
5 0.9129240953125001 0.151245175 0.913070728125 0.1336516796875 0.88038565 0.133963071875 0.8325094625 0.133864725 0.8328597406249999 0.1517122578125 0.865413378125 0.1515565640625 0.9129240953125001 0.151245175
0 0.8271739671875 0.317619171875 0.8162704484375001 0.312795446875 0.8068207390625 0.3095153109375 0.7995517249999999 0.30855056875 0.7900302406249999 0.30758430468750003 0.790828915625 0.3737673125 0.7977344656249999 0.374153209375 0.8364419453125 0.3245653328125 0.8271739671875 0.317619171875
3 0.800919490625 0.29503818437499996 0.800919490625 0.207580415625 0.8002268890625001 0.13505804375 0.7632537875 0.1343226671875 0.6265361390625 0.1347660625 0.62640529375 0.199491325 0.62640529375 0.2940576921875 0.800919490625 0.29503818437499996
5 0.777391134375 0.15197159375 0.777622021875 0.132851928125 0.74576260625 0.13309705 0.69619789375 0.133149275 0.695895728125 0.15221671718750002 0.7362971375 0.15197159375 0.777391134375 0.15197159375
0 0.7379572640625 0.25823300625 0.7334568375 0.2712029234375 0.7313137656250001 0.28280758281249996 0.7301144546875 0.2956935875 0.7941055343750001 0.29577749062500003 0.7941055343750001 0.2889512265625 0.7446007640625 0.245035553125 0.7379572640625 0.25823300625
3 0.11600205156250001 0.38850510781250003 0.1949466578125 0.3887593421875 0.4098925734375 0.3887593421875 0.4098925734375 0.1344135359375 0.3869750984375 0.1344135359375 0.17366482187500001 0.13432578281250002 0.1751309390625 0.2809213859375 0.1165470171875 0.2800534421875 0.11600205156250001 0.38850510781250003
5 0.3506494171875 0.1511109203125 0.3505298390625 0.1344791578125 0.3077077453125 0.1342252390625 0.2499294171875 0.133583221875 0.249941234375 0.1509839609375 0.28440495 0.15123788124999998 0.3506494171875 0.1511109203125
5 0.1643722109375 0.1512762765625 0.1645021734375 0.13389027343749998 0.12603565625 0.13389027343749998 0.0594846703125 0.1338060109375 0.06012637656249999 0.1511382921875 0.08704737500000001 0.1510003046875 0.1643722109375 0.1512762765625
0 0.0938517921875 0.331006821875 0.10021604218749999 0.3203510515625 0.1051116234375 0.3070963 0.10853853437500001 0.2933217578125 0.11049676093750001 0.28006701562499997 0.049033878125 0.27945501875 0.048078121875000004 0.286824334375 0.059827509375 0.2998191796875 0.0938517921875 0.331006821875
0 0.0020596734375 0.3481236453125 0.0086687015625 0.3543611796875 0.0174807515625 0.3600789140625 0.032412265625 0.3650169515625 0.050770690625 0.3670961296875 0.05091870625 0.2985972421875 0.0434273265625 0.29874321875 0.02408978125 0.3229136375 0.0020596734375 0.3481236453125
5 0.35496601562499996 0.6998229312500001 0.23912734218749998 0.6981613859375 0.162032009375 0.698576771875 0.1617745765625 0.6991234625 0.16085796875 0.7210076359375 0.3056563109375 0.7201768625 0.35496601562499996 0.7197614765625 0.35496601562499996 0.6998229312500001
0 0.113504996875 0.7139460671875 0.1068521 0.6865305671875 0.0915895734375 0.660361228125 0.0587164359375 0.6890228859375 0.0374985203125 0.70875595 0.037192359375 0.709792203125 0.037192359375 0.7160229984375001 0.113504996875 0.7139460671875
3 0.2234375 0.54765625 0.3734375 0.340625