3 0.6111129156249999 0.6902266218750001 0.65101456875 0.7175615515625 0.7246791515625 0.7168606484375 0.7621935265625 0.6906938874999999 0.7611704203125 0.6797131875 0.8423378671874999 0.680180453125 0.8416557984375 0.5517219421874999 0.744800503125 0.551488309375 0.5712231109375 0.5508921078125 0.571211259375 0.680647709375 0.61145395 0.68041408125 0.6111129156249999 0.6902266218750001
0 0.7256566328125 0.5776613453125 0.734390153125 0.5737213515625 0.7409935359375 0.5659872828125 0.7435496781250001 0.5578154390625001 0.7435496781250001 0.5505191515625001 0.7068548625 0.5506609171875 0.7062725046875 0.5804339374999999 0.716071071875 0.5799961609375 0.7256566328125 0.5776613453125
5 0.8220703031250001 0.6809276843750001 0.8220703031250001 0.6731670015625 0.7957057562500001 0.6731670015625 0.771856128125 0.6729747374999999 0.77243081875 0.6806454765625001 0.792204221875 0.6807865828125 0.8220703031250001 0.6809276843750001
5 0.627156528125 0.68909596875 0.6176817765625 0.695304515625 0.6506374578125 0.7175988421875 0.7246450890625 0.7170344328125 0.7545111609374999 0.6944578953125 0.7460949593749999 0.68901809375 0.718196584375 0.7092737484375 0.6535210671875 0.7095559515625001 0.627156528125 0.68909596875
0 0.765527628125 0.5019129625 0.754137903125 0.5015528421875 0.7556999875 0.5290191421875 0.795841825 0.528922025 0.794965690625 0.5179983578125 0.7905850265625001 0.511636225 0.783751190625 0.5068346140625 0.7742889546875 0.50323340625 0.765527628125 0.5019129625
5 0.8429777640625 0.53456391875 0.842627303125 0.5203991625 0.8424520796875001 0.5003524406250001 0.83218266875 0.500524934375 0.832464171875 0.51319675 0.8326393968750001 0.534443875 0.8429777640625 0.53456391875
0 0.758693790625 0.49220974999999995 0.7706092 0.4916095484375 0.7818237015625 0.488848625 0.7884823015625 0.4838069328125 0.79338865 0.4775648421875 0.795841825 0.4719229484375 0.795841825 0.46532073125 0.7558901687499999 0.465440771875 0.7537874546875 0.465440771875 0.7534369937500001 0.49244983124999997 0.758693790625 0.49220974999999995
5 0.8419263953125 0.48680793749999995 0.8419263953125 0.48032576718750003 0.8417511703124999 0.4731233515625 0.832401825 0.47322793750000003 0.8328146203125 0.47840512031250004 0.8329898437500001 0.48680793749999995 0.8419263953125 0.48680793749999995
3 0.8331814328125 0.46620925625 0.8329294218750001 0.4689715671875 0.8596429140625 0.46879891875 0.8593909015625 0.3538563484375 0.824864959375 0.35402899374999997 0.7555610796875001 0.35368370625 0.754049 0.397007778125 0.7537969796875 0.46655454531249996 0.8331814328125 0.46620925625
0 0.7825266015625 0.37578215937500004 0.771941996875 0.3719839859375 0.7600973328125 0.371120765625 0.7535449703125 0.371120765625 0.7536957515625 0.39888925625 0.7966393875 0.3990891265625 0.7948752765625 0.3894210484375 0.7893309734375 0.3795803328125 0.7825266015625 0.37578215937500004
5 0.86033165625 0.446936959375 0.86033165625 0.432177478125 0.86033165625 0.41312892031250004 0.850351865625 0.413144428125 0.8509402906249999 0.424872540625 0.8505720078125 0.4472009859375 0.86033165625 0.446936959375
3 0.7535349546875 0.357649309375 0.85978618125 0.3567662625 0.8601544640625001 0.2993893515625 0.859602040625 0.24453543125000002 0.8197383828125 0.24466157968750002 0.7013410703125 0.24449475 0.7015294765625 0.29610946875 0.7017136171875 0.357649309375 0.7535349546875 0.357649309375
5 0.80939054375 0.250944046875 0.8092064015625 0.24413197812499998 0.785635934375 0.24387967812500003 0.7538518296875 0.244179515625 0.7535948328125001 0.2513224953125 0.7782701640624999 0.250944046875 0.80939054375 0.250944046875
0 0.7335231156249999 0.3320089484375 0.7250524765625 0.33730722343749997 0.71952815 0.342983946875 0.7165818453125 0.34866067031250003 0.7167659859375 0.357995725 0.716771865625 0.357821028125 0.756356996875 0.357743425 0.7565411375 0.32923366249999997 0.7458607749999999 0.32923366249999997 0.7335231156249999 0.3320089484375
3 0.5723220437500001 0.4950276984375 0.71033896875 0.495784596875 0.7178888796875 0.466265634375 0.7184413171874999 0.40839817500000003 0.7184413171874999 0.35278735625 0.7022183296875 0.35291350781249997 0.5719066546875 0.35277729999999996 0.5723220437500001 0.3825445703125 0.5721378875 0.44634807656250003 0.5723220437500001 0.4950276984375
5 0.6777998390625 0.35850425937499997 0.6779839796875 0.3519444890625 0.652756225 0.3519444890625 0.6223724265625 0.3521967890625 0.6216358468750001 0.358251959375 0.643917296875 0.35850425937499997 0.6777998390625 0.35850425937499997
0 0.6739328125 0.4712256359375 0.6789047015625 0.47829000625000007 0.6855339046875 0.48459747656249996 0.697319125 0.490148046875 0.7113140984374999 0.4922925875 0.7183840375 0.465788346875 0.675958396875 0.4606290859375 0.6744852515625 0.46491816874999997 0.6739328125 0.4712256359375
5 0.6134623718750001 0.4958478109375 0.6134623718750001 0.49092798281250005 0.6016771375000001 0.491054134375 0.5912527234375 0.49100699062500003 0.5917333484375 0.4958478109375 0.6011247 0.4958478109375 0.6134623718750001 0.4958478109375
3 0.1222914375 0.697425821875 0.1594216203125 0.7243930203125 0.22404592031249998 0.7243930203125 0.261176096875 0.6968370187499999 0.26066040625000003 0.679892590625 0.2871328515625 0.67965706875 0.287599590625 0.6327697296875 0.287599590625 0.559110459375 0.0820767609375 0.5595973843750001 0.082753596875 0.679663625 0.1231509328125 0.68001690625 0.1222914375 0.697425821875
0 0.28182193906249997 0.5684950703125 0.2754799125 0.56882091875 0.2662839671875 0.5707760140625 0.258832090625 0.574360353125 0.25138021250000003 0.579139471875 0.24678224062499998 0.5856564546875 0.24535528125 0.5955405390624999 0.2883683359375 0.5951153171875 0.28895672031249997 0.5952146921875 0.28895672031249997 0.568712303125 0.28182193906249997 0.5684950703125
5 0.2534153140625 0.70292538125 0.244617309375 0.6983492171875 0.21871207343750002 0.7167654765625 0.1639734203125 0.7168770921875 0.13779100312499998 0.6971632796875 0.129623853125 0.70292538125 0.15960223906249998 0.72469005 0.2239580078125 0.7248016625 0.2534153140625 0.70292538125
0 0.3159578515625 0.6462901765625 0.306479621875 0.6510827234375001 0.3003864890625 0.655875265625 0.2972270796875 0.6620591953125 0.297264884375 0.6730140484375 0.3355912984375 0.6730356703125 0.3362683203125 0.6433528109375 0.3265644234375 0.643971203125 0.3159578515625 0.6462901765625
5 0.3522412953125 0.6615411890625 0.35207640156250003 0.656344871875 0.351911509375 0.6460652015624999 0.342842215625 0.6460652015624999 0.342842215625 0.6510355921875 0.342842215625 0.6615411890625 0.3522412953125 0.6615411890625
0 0.31140817656249997 0.615387615625 0.302428940625 0.6210263015625 0.29893701093749997 0.6273484687499999 0.29594393750000003 0.6352084546875 0.29454818125000004 0.6411577546875 0.334853971875 0.6413597546875 0.3356022296875 0.61145761875 0.322632225 0.6121410953125 0.31140817656249997 0.615387615625
0 0.37126977031249997 0.60906545 0.35854918593749996 0.607015015625 0.3523136015625 0.60735675625 0.352571865625 0.6351799921875 0.391223634375 0.6352084546875 0.3897270984375 0.622051515625 0.38124670312500003 0.61333718125 0.37126977031249997 0.60906545
3 0.204511090625 0.503756846875 0.24951325937500002 0.471351284375 0.2492575671875 0.42985663125 0.2505360390625 0.3601701328125 0.1630886265625 0.3598198 0.16181015468749999 0.3524628609375 0.15848614218749998 0.3477334015625 0.1526051703125 0.341952946875 0.1439115640625 0.33809931249999997 0.13163825625 0.335822165625 0.12345603125 0.335647 0.12396743125000001 0.35946946875 0.081612515625 0.3602856859375 0.0822892765625 0.4146270125 0.0828006671875 0.503756846875 0.204511090625 0.503756846875
0 0.1982146078125 0.47253843125 0.1984703171875 0.4791947078125 0.20383989218749998 0.48917912656249996 0.2143233484375 0.49671122968750003 0.24151165468750002 0.47737525156249994 0.2107436265625 0.4567735578125 0.20205002031250002 0.463429834375 0.1982146078125 0.47253843125
3 0.24192698125 0.46855997499999996 0.28517435468749996 0.46875749375 0.303626578125 0.46875749375 0.303626578125 0.47191769843750003 0.3693626125 0.47191769843750003 0.36907429999999997 0.41878670468749996 0.3794536703125 0.4183916765625 0.3794536703125 0.356800609375 0.34745060781250003 0.356800609375 0.34745060781250003 0.358973253125 0.24311550624999997 0.358464384375 0.242503603125 0.35838071562499996 0.2422152921875 0.38366237812500004 0.24192698125 0.46855997499999996
0 0.2972836359375 0.385893771875 0.3065097375 0.3807584375 0.3128527 0.3710803015625 0.313717634375 0.3596245453125 0.2744875765625 0.359609678125 0.2742183640625 0.389646521875 0.28632762343749996 0.389053984375 0.2972836359375 0.385893771875
0 0.27018193749999997 0.4453121953125 0.25980256874999996 0.44294204062500003 0.24884655625000002 0.4425470140625 0.246721490625 0.470414471875 0.2866159359375 0.47079137031249996 0.28546268750000003 0.45815054218749995 0.2805613046875 0.45044753281250005 0.27018193749999997 0.4453121953125
5 0.35898324375 0.4599281546875 0.37051588125 0.4599281546875 0.3708041921875 0.4502500234375 0.370227546875 0.4348440078125 0.35927155625 0.435041521875 0.3595598671875 0.435041521875 0.3586949109375 0.44392960625000005 0.35898324375 0.4599281546875
5 0.3523519703125 0.54838099375 0.3523519703125 0.53356751875 0.3520636578125 0.516581396875 0.3419194953125 0.516562571875 0.34139595625 0.530209796875 0.34139595625 0.54838099375 0.3523519703125 0.54838099375
5 0.3537935484375 0.5019874328125 0.35350523749999996 0.4942844234375 0.3532169265625 0.48105105156250005 0.3422800953125 0.48102606718749996 0.3422609125 0.49072919062500003 0.341684290625 0.5019874328125 0.3537935484375 0.5019874328125
0 0.2621090828125 0.485791365625 0.2531712953125 0.49467945 0.2528829828125 0.504752609375 0.2949771 0.504752609375 0.2946810921875 0.47781791093750003 0.280849615625 0.47848338281249997 0.2713352046875 0.4804585125 0.2621090828125 0.485791365625
3 0.183356190625 0.282053278125 0.173545509375 0.287936903125 0.16845851875 0.2961513015625 0.16845851875 0.30585922656250003 0.20334087968749998 0.30585922656250003 0.20334087968749998 0.36385785312499996 0.2740276546875 0.3645252421875 0.27358424531250003 0.3900154578125 0.28732996875 0.3897120015625 0.30905707968749996 0.380911809375 0.3157082375 0.3639183328125 0.359221459375 0.364355696875 0.359221459375 0.3593772734375 0.3599481640625 0.28797848125000003 0.30871469375 0.28748063749999997 0.30835134218750004 0.2556187328125 0.204140775 0.255092728125 0.20334087968749998 0.2775726953125 0.1964370734375 0.2780705390625 0.183356190625 0.282053278125
0 0.1699119296875 0.293440890625 0.16555164375 0.305140184375 0.2109713921875 0.3056380203125 0.21141204062500002 0.277796665625 0.19534698749999999 0.2777588546875 0.17826917343749998 0.281990515625 0.1699119296875 0.293440890625