3 0.803319446875 0.842129315625 0.9755983421875 0.842383471875 0.9758688031249999 0.7938572578125 0.9755983421875 0.6767619875 0.9055485109375001 0.6770161484375 0.8306620203125 0.676450021875 0.8041308140625001 0.7018879671875 0.8038603609375 0.7448405124999999 0.803319446875 0.842129315625
0 0.8298238937500001 0.7138644734375 0.8406420296875 0.7131020046875001 0.8517306359375001 0.7082730171875 0.8582215203124999 0.7019190921875 0.83066315 0.67671785 0.8046717187500001 0.7021732484375 0.8160307703124999 0.7103062765625 0.8298238937500001 0.7138644734375
5 0.9183224171875001 0.8422630515625 0.9182083015625 0.8273562796875 0.8870537171875 0.8271417953125001 0.8517569843749999 0.827146346875 0.8516767296875001 0.8423702953125 0.8747288375 0.8422630515625 0.9183224171875001 0.8422630515625
3 0.60737044375 0.776969409375 0.607034740625 0.8365943890624999 0.6476549453125 0.87413603125 0.703046146875 0.8738205562499999 0.7369522749999999 0.8422729500000001 0.809800090625 0.8422729500000001 0.81047151875 0.7028987718749999 0.6407410703124999 0.7009319515625 0.6395980453125001 0.7022457421875 0.6402694515625 0.746368234375 0.60737044375 0.776969409375
0 0.767265146875 0.7157450140625 0.7717266609375 0.7233816656250001 0.77889693125 0.7298204140625 0.7889353140625001 0.734911515625 0.8007264421875 0.7365586375000001 0.8005055171875 0.7020709453125 0.7655124125 0.7019690875 0.7655124125 0.7079586203125 0.767265146875 0.7157450140625
5 0.793443340625 0.8422526078124999 0.7933398406250001 0.8273707312499999 0.7764687046875001 0.8274679984375 0.7568139640625 0.8275121234375 0.7569064703125 0.842155340625 0.7731565781249999 0.8422526078124999 0.793443340625 0.8422526078124999
5 0.7099564875000001 0.8666633890625001 0.7189613234375 0.8581038796874999 0.7359359640625 0.8418738765624999 0.7240233859375 0.831040675 0.7114055453125 0.8430274671875001 0.69846755625 0.8557694671875 0.7099564875000001 0.8666633890625001
5 0.6966865999999999 0.8732168781249999 0.6967901078125001 0.8582377359375 0.6710176375 0.8579459359375001 0.6530909890625 0.85787905 0.6529044578125001 0.8735086828125 0.667602009375 0.8734114125 0.6966865999999999 0.8732168781249999
5 0.6546423531250001 0.858712371875 0.639323775 0.8440250328125 0.6234883828125 0.8287952328125 0.611791740625 0.8394670906249999 0.626696296875 0.8539598953124999 0.6442919593750001 0.8704816984375 0.6546423531250001 0.858712371875
5 0.6236946890625 0.8303355484375 0.6234876828125 0.8062337171875 0.6233841765625 0.78250053125 0.60754851875 0.782175584375 0.607755090625 0.8038924984375001 0.607755090625 0.8304328156249999 0.6236946890625 0.8303355484375
5 0.623901696875 0.783285475 0.635390625 0.7725997015625 0.6516407375 0.7570369578125 0.640225240625 0.7466762203124999 0.626385790625 0.7597468234375 0.6119987484375 0.773364225 0.623901696875 0.783285475
5 0.6564074515625 0.6919586453125001 0.6565479828125 0.6757154984375 0.6564074515625 0.6463986 0.6404443453125 0.646321653125 0.6405280531249999 0.666339375 0.640809103125 0.6918265875 0.6564074515625 0.6919586453125001
3 0.8347372984374999 0.6829517421875 0.873988065625 0.6826973703125 0.9753578875000001 0.6821886296875 0.9754932234375 0.5644952812499999 0.9752225515624999 0.5064072703125 0.9125876765625 0.5061529015625 0.8305989015625 0.5062863734375 0.8300003921875 0.622192840625 0.830135728125 0.6787546328125 0.8347372984374999 0.6829517421875
5 0.9292029515625 0.5210246609375 0.9292029515625 0.5060168140625 0.9056537515624999 0.5057624421875 0.8630245203125 0.5058669296875 0.8631569234375001 0.5211518453124999 0.8849467015625001 0.5211518453124999 0.9292029515625 0.5210246609375
0 0.8538633625 0.6458555890625 0.8437220859375 0.64213285625 0.8361161312500001 0.6415372203125 0.82946091875 0.6412394015625 0.829715228125 0.6744485484375 0.8671737875 0.674595109375 0.8663814984375 0.6637247203125 0.8625785203125 0.6547901578124999 0.8538633625 0.6458555890625
0 0.809178371875 0.6032953390625 0.8020477874999999 0.6058267984375 0.796184865625 0.610442990625 0.7914311406250001 0.616548278125 0.78731125 0.62590173125 0.7863605031249999 0.6361764796875 0.8216971484375 0.6361436515625 0.8220134265624999 0.6019551546875 0.8163089546875 0.6019551546875 0.809178371875 0.6032953390625
5 0.8244312640624999 0.52088125 0.8244312640624999 0.5059999093750001 0.8015687281250001 0.5059999093750001 0.7798548359375 0.5060189515625 0.7797948796874999 0.5205092171875 0.7984016203125 0.5205092171875 0.8244312640624999 0.52088125
3 0.154070946875 0.835953084375 0.1942578421875 0.87354118125 0.2488984796875 0.8737184828125001 0.2826705640625 0.8418040625 0.37281027187500004 0.8423359703125 0.39224337343750004 0.87354118125 0.4709210421875 0.8740730875 0.49224084687499997 0.8419813640625 0.5224281875 0.8418040625 0.522239525 0.6769997390625 0.3739298765625 0.6777089484375 0.3520440546875 0.7023539750000001 0.3139162796875 0.7019993718750001 0.18826191718750002 0.702084765625 0.187465696875 0.7461369234374999 0.1544482875 0.7773032343749999 0.154070946875 0.835953084375
5 0.1944465171875 0.873381246875 0.24953841875 0.8737358499999999 0.284065196875 0.8421760390624999 0.271424253125 0.8304740828125 0.2416142390625 0.8581332500000001 0.2010499984375 0.8577786453125 0.1706739796875 0.8292329640625 0.17086265625 0.78405809375 0.18482429843749998 0.7707604156250001 0.200861334375 0.7560443234374999 0.187787603125 0.7445748171875 0.1542596171875 0.777308196875 0.1542596171875 0.836147759375 0.1944465171875 0.873381246875
5 0.3367411046875 0.8423217093750001 0.33664092968750003 0.8276366296875001 0.3178087796875 0.8276366296875001 0.3001690640625 0.8277714921875001 0.29997833749999997 0.8425099796875 0.314703478125 0.8424158453124999 0.3367411046875 0.8423217093750001
5 0.49283491718750005 0.841417775 0.478849553125 0.8327021015625 0.461919865625 0.8582957390624999 0.40229797968750003 0.8585724265625 0.386240846875 0.8332739359374999 0.3725340578125 0.84129879375 0.3916719515625 0.8733752359375 0.47075274218749996 0.8737902656250001 0.49283491718750005 0.841417775
0 0.32736181875 0.733669940625 0.3334856984375 0.7307925 0.3384755296875 0.7263164796875 0.34335195937499996 0.7188564484375 0.3460736859375 0.7094781203125 0.3464139046875 0.701698371875 0.3122569859375 0.7017701203125 0.312278925 0.73612109375 0.32089772031249997 0.7356948078125 0.32736181875 0.733669940625
5 0.4017843421875 0.449846528125 0.41468085468749993 0.4499519140625 0.41468085468749993 0.43540861093750005 0.40582151250000004 0.4353032234375 0.392421125 0.4354988765625 0.393373571875 0.4357247703125 0.3930371453125 0.44963575625 0.4017843421875 0.449846528125
5 0.4965652171875 0.44991248749999996 0.4965652171875 0.435581853125 0.48576742812499996 0.435581853125 0.47345455625 0.4355375828125 0.47364359218749996 0.44973446875 0.48283118593749996 0.44973446875 0.4965652171875 0.44991248749999996
0 0.40120498437499996 0.6484026453125 0.39489684999999997 0.6429426203124999 0.384604634375 0.6398226046875 0.3733164015625 0.6390426 0.37345017187499996 0.6724401375 0.410169165625 0.6725827609375 0.410501171875 0.6644707203125 0.407347109375 0.655734678125 0.40120498437499996 0.6484026453125
0 0.3340955296875 0.6067003921875 0.327023753125 0.612741903125 0.3231664171875 0.620193096875 0.3203805671875 0.62945675 0.3203816234375 0.63605545625 0.355953740625 0.636505175 0.355953740625 0.6014644203125 0.3465247046875 0.6018671906249999 0.3340955296875 0.6067003921875
0 0.3308810734375 0.4676429640625 0.342238778125 0.47328170312499995 0.35209640625 0.47428861875 0.3527393 0.435421578125 0.31637421718750003 0.4350414546875 0.3178090046875 0.4499212 0.321666340625 0.4589834671875 0.3308810734375 0.4676429640625
5 0.38981255 0.45072673593749996 0.38981255 0.43481742968750003 0.375026115625 0.43481742968750003 0.3536195296875 0.4348200734375 0.3542393765625 0.4499212 0.3664542625 0.450122584375 0.38981255 0.45072673593749996
0 0.2955514796875 0.4878987453125 0.30268523593749996 0.48076233124999995 0.3082081421875 0.471679621875 0.3088984953125 0.4591368359375 0.27189625781250004 0.4593223453125 0.2716188765625 0.493521371875 0.28473577968749997 0.49244009218749996 0.2955514796875 0.4878987453125
0 0.25620076875 0.41742989531249997 0.248836884375 0.4234850375 0.2430838578125 0.43127021406250005 0.239401921875 0.44056917812499996 0.23871156093749998 0.44965188125 0.2746807703125 0.44981318124999997 0.274150209375 0.414402328125 0.263104396875 0.415051090625 0.25620076875 0.41742989531249997
5 0.27368996874999996 0.3886982578125 0.2734598546875 0.3729116421875 0.2543597890625 0.3729116421875 0.2374695609375 0.37278895156249997 0.23756095156249998 0.38891451250000003 0.2538995484375 0.38891451250000003 0.27368996874999996 0.3886982578125
0 0.24929677031250003 0.6075683234375 0.24046813125000002 0.6172814953125 0.2365921390625 0.6271970203125 0.2361614734375 0.6365054796875 0.2714779515625 0.6360176453124999 0.2716913859375 0.6012952375 0.25834075 0.6025093828125 0.24929677031250003 0.6075683234375
5 0.2018868078125 0.562309296875 0.201998515625 0.5472078703125 0.2017751078125 0.5231690375 0.18666207343750002 0.5231086078125 0.18658337187500001 0.5430016 0.186471671875 0.562309296875 0.2018868078125 0.562309296875
0 0.2318738015625 0.6628801328125 0.2273954984375 0.6549682359375 0.2222006671875 0.6497497531249999 0.213244071875 0.6452046218749999 0.20446660312499998 0.6426795484375 0.1964056703125 0.6425112109375 0.1966750734375 0.6756560171875 0.2329485890625 0.6756738375 0.23276945312500003 0.6694453203124999 0.2318738015625 0.6628801328125
1 0.444545828125 0.4549721015625 0.4508070375 0.4667322859375 0.4684166875 0.476654940625 0.48054777968750007 0.4755524234375 0.48054777968750007 0.43512679218750006 0.4367193171875 0.43365677031249994 0.41245713281249996 0.43365677031249994 0.41089182968750004 0.4755524234375 0.43124075937499995 0.47334738906249996 0.43828461875 0.4667322859375 0.444545828125 0.4549721015625