3 0.7252112109375 0.788702509375 0.8404818265625 0.788702509375 0.8400360640625 0.7095093125 0.8654449640624999 0.710275971875 0.8654449640624999 0.64719689375 0.7848142046875 0.6479635515625 0.7850370859375 0.630330353125 0.6997527296875 0.6297231671875 0.7002480906249999 0.715401278125 0.7261027624999999 0.715656828125 0.7252112109375 0.788702509375
0 0.79895301875 0.686593246875 0.8077336421875 0.6811348984375 0.8137637171875 0.6737358062500001 0.8181011343750001 0.6646385593749999 0.8200053703125001 0.656996871875 0.8201111593749999 0.6470505453125 0.78702475625 0.647011159375 0.7862581343749999 0.6884126968750001 0.7911245046875 0.6882914015625 0.79895301875 0.686593246875
5 0.83094819375 0.7887639171874999 0.8310539828125 0.7755425828125 0.7840927828125 0.7759064703125 0.7344964578125001 0.77552831875 0.73444624375 0.7888852109375 0.7762543984375 0.7887639171874999 0.83094819375 0.7887639171874999
0 0.8217171109375 0.7226048359374999 0.815485325 0.72651446875 0.8108996703125 0.7312329875 0.834063096875 0.7579263234375 0.8399421374999999 0.75779150625 0.840177809375 0.718950484375 0.8324169640625 0.719234465625 0.82724340625 0.7203129828125 0.8217171109375 0.7226048359374999
0 0.723837565625 0.697964984375 0.7205233984375 0.695086253125 0.7089740390625 0.7085587203125 0.7092047 0.711766025 0.727051296875 0.7118980515625 0.727051296875 0.7054496890624999 0.72584615 0.7010740156249999 0.723837565625 0.697964984375
0 0.7738389890625 0.588649815625 0.7680528343749999 0.5908210234375 0.7627926921875 0.5939572109375 0.7579533640625 0.5981790015625 0.753955653125 0.60421013125 0.75122038125 0.610603128125 0.750273553125 0.61687550625 0.7496423390625 0.626163440625 0.78515128125 0.62563184375 0.7855165015625001 0.5881673265625 0.7782575046875 0.5882879484375 0.7738389890625 0.588649815625
3 0.6999818546875 0.5562445140625 0.7780146218749999 0.5557991296875 0.7779175125 0.5593622109374999 0.78762875 0.5591395203125 0.7881143109375001 0.56697765625 0.7903478953125 0.5733243953125 0.79316415625 0.5773328625 0.7975342140625 0.583234215625 0.80336095625 0.5877994171875 0.812877971875 0.59147384375 0.8198700609375 0.592475959375 0.81977295 0.5593071578125001 0.8647426140625001 0.5591308328125 0.8654156265624999 0.4154146328125 0.8387984734374999 0.4154146328125 0.838926365625 0.3355203578125 0.724322490625 0.335326103125 0.7243570593750001 0.415459625 0.70027319375 0.41523693125000005 0.6999818546875 0.5562445140625
5 0.8295793765624999 0.347256003125 0.829696025 0.335419709375 0.7649214093750001 0.335152221875 0.7337700015624999 0.3350618484375 0.73386378125 0.3471891296875 0.781130790625 0.347256003125 0.8295793765624999 0.347256003125
0 0.790690546875 0.572203940625 0.797188625 0.5818036328125 0.80955995 0.5906869312499999 0.81968195625 0.5921197203124999 0.819432025 0.55114193125 0.7863360125 0.5512351734375 0.786566775 0.55873571875 0.7881912875 0.564466878125 0.790690546875 0.572203940625
3 0.4635594875 0.8087954796875 0.46344320000000006 0.7041810468749999 0.46332692187499996 0.6414079328125 0.3714128390625 0.6415412578125 0.312126815625 0.641533596875 0.3124576328125 0.7300309656249999 0.3128064671875 0.809062128125 0.4635594875 0.8087954796875
0 0.32396936875 0.6890044359374999 0.33024848906250004 0.6864712875000001 0.33629506249999996 0.6819382859374999 0.34152766875 0.6759387265625 0.34536490937500003 0.6671393765625 0.3476905125 0.6583474484375 0.3475742328125 0.6520812406250001 0.31154883906249997 0.6521947296875 0.31187623124999997 0.6899376968750001 0.319434440625 0.6899376968750001 0.32396936875 0.6890044359374999
5 0.4241143734375 0.809454103125 0.42425572968749997 0.7974603421875 0.3911739890625 0.7972982640625 0.3552052515625 0.797189465625 0.355154134375 0.8096161828125 0.38241355781249997 0.8096161828125 0.4241143734375 0.809454103125
3 0.1358690671875 0.8098755359375 0.1522149984375 0.828246184375 0.22572523281249998 0.8288028703125001 0.2428803625 0.8085869296875 0.263919675 0.8089580546875 0.26456704062499997 0.69172409375 0.2642433515625 0.5867372359374999 0.1861693390625 0.5869227953125 0.1174414015625 0.5866253203125 0.117904734375 0.6613022281250001 0.11758105156250001 0.8098755359375 0.1358690671875 0.8098755359375
0 0.2304497203125 0.6260204218750001 0.23708052031250001 0.62354725625 0.24291243437499999 0.6187841234375 0.2475460109375 0.6129218078124999 0.251620359375 0.6043115296875 0.25337791875 0.59626104375 0.2536175890625 0.5863683828124999 0.2210384328125 0.58622235625 0.2203836828125 0.6273028046875 0.2248574765625 0.62711960625 0.2304497203125 0.6260204218750001
5 0.22106598437499997 0.8278560593750001 0.2209905078125 0.8158270390625001 0.196055846875 0.8155674171875 0.156722028125 0.8154034359375 0.156788128125 0.8278560593750001 0.17645910625 0.8279426015625001 0.22106598437499997 0.8278560593750001
5 0.1558713984375 0.81513919375 0.14941881875000002 0.8076143796874999 0.1439683375 0.8013834203125001 0.13651365625 0.8098310812499999 0.1427456375 0.8172294265625 0.148591565625 0.8240551515625001 0.1558713984375 0.81513919375
5 0.2293761140625 0.8241499296875 0.2353323390625 0.817071271875 0.24134371875 0.8098626281250001 0.23384328437500002 0.801136371875 0.228493709375 0.807519459375 0.2222065796875 0.8150442734375 0.2293761140625 0.8241499296875
0 0.1790869390625 0.564904365625 0.1833147484375 0.573864884375 0.1913860375 0.582678509375 0.2020196296875 0.5879666890624999 0.21188453906250002 0.5888480484375 0.21154228125 0.551927725 0.1775495453125 0.5519777140625 0.17729331718750002 0.5566783156249999 0.1790869390625 0.564904365625
5 0.12790556718749999 0.582398725 0.12799211562499999 0.5699942046875 0.12799211562499999 0.5566965578125 0.11725536249999999 0.5564917203124999 0.117692625 0.5676125359374999 0.117692625 0.5822994875 0.12790556718749999 0.582398725
5 0.12799211562499999 0.5306250718750001 0.12799211562499999 0.515640409375 0.12799211562499999 0.47874113281249997 0.11743297187499999 0.47874113281249997 0.117606075 0.49491110312500003 0.117606075 0.5306250718750001 0.12799211562499999 0.5306250718750001
0 0.1964976765625 0.5225175937500001 0.20055375937500003 0.529209909375 0.20807235937500002 0.5372633703125 0.21865774531249998 0.5423676765625001 0.2290452765625 0.5436153953125 0.2290507390625 0.5058382703125 0.193233025 0.5056166671875 0.19362874218749998 0.513670128125 0.1964976765625 0.5225175937500001
3 0.2672956078125 0.46827401562500004 0.27121208281250003 0.4613341109375 0.27130109999999996 0.3285121671875 0.2716571375 0.2879103609375 0.24765275625 0.2879103609375 0.2480978109375 0.25730449843750003 0.24115495468749998 0.2578147859375 0.23389307656249997 0.2604682796875 0.22623813125 0.2657752640625 0.22160956562499998 0.2717966515625 0.21751506250000002 0.28056222656249996 0.21582385468749998 0.28750213125 0.197367103125 0.28750213125 0.11780573750000001 0.2875717296875 0.11775439531250001 0.4157314890625 0.1176653859375 0.46745755625 0.2672956078125 0.46827401562500004
5 0.2166359375 0.29945620625 0.2166853609375 0.2880657640625 0.18634085 0.28795242656250003 0.1622166875 0.28790537656250004 0.162171603125 0.2993995375 0.18371914375 0.2993995375 0.2166359375 0.29945620625
0 0.2278753609375 0.26377547031250004 0.222444740625 0.2696303296875 0.218473090625 0.2766933359375 0.21668990156249998 0.28264113125 0.2163656859375 0.288124253125 0.21620357812500002 0.2999113859375 0.2482872015625 0.2992544703125 0.2485441453125 0.2567124625 0.24214087968750003 0.257177134375 0.2339544140625 0.25977929375 0.2278753609375 0.26377547031250004
5 0.1281364421875 0.41007483593750005 0.12806398125000001 0.39313506249999997 0.128208909375 0.36929010624999997 0.11738308906249999 0.3692660890625 0.11755691718750001 0.3765229953125 0.11755691718750001 0.4099917546875 0.1281364421875 0.41007483593750005
0 0.25258000625 0.4284081171875 0.24698089531249998 0.43122227031250004 0.24207208281249998 0.43473996093749995 0.23770016875 0.438951396875 0.23478556562500003 0.4440520484375 0.23263795781250002 0.44915269843749994 0.230950553125 0.4548689453125 0.2301068515625 0.460057540625 0.22957824843750002 0.467446690625 0.26224422812500003 0.46761567812499993 0.2625510296875 0.4276166359375 0.25840921875 0.42735280937500003 0.25258000625 0.4284081171875
0 0.4874189453125 0.5459284234374999 0.4777569203125 0.54194719375 0.47035943125 0.5409086140625 0.47000580625 0.5837688765625 0.503270703125 0.5840097453124999 0.502364890625 0.5658345687499999 0.496628059375 0.554237078125 0.4874189453125 0.5459284234374999
5 0.467491015625 0.5743259578125001 0.4673400484375 0.5485345140625 0.467491015625 0.49904806874999996 0.45527800156250003 0.49920543906250003 0.455715425 0.5177232625 0.45586639843750004 0.5743259578125001 0.467491015625 0.5743259578125001
0 0.30651270625000004 0.449979175 0.2974238453125 0.45084759218750003 0.28984980781249997 0.45497258125 0.28397991718750004 0.460617303125 0.280003546875 0.46669623125 0.2761825828125 0.4734028828125 0.3049978921875 0.4920974828125 0.3233649609375 0.45497258125 0.314844159375 0.4517160109375 0.30651270625000004 0.449979175
5 0.34475964375 0.30006876718750003 0.34487791875 0.2874576953125 0.32323484062499996 0.2873220921875 0.2961628890625 0.2873840640625 0.29579662500000004 0.3002043703125 0.318385846875 0.30033997343749996 0.34475964375 0.30006876718750003
1 0.28806433125 0.8153381109375 0.2945262234375 0.827024753125 0.3094906046875 0.8363740671875 0.31493219687499996 0.8355949578124999 0.315272296875 0.7966394828125 0.2778613453125 0.7946917078125 0.26289696406249996 0.7939125984375 0.2625568640625 0.835205403125 0.2727598515625 0.8332576296875001 0.2853435359375 0.8246874249999999 0.28806433125 0.8153381109375
0 0.30536120312500004 0.7549776046875001 0.29759951406249996 0.7390685625 0.286161234375 0.730646128125 0.2708421109375 0.7278386515624999 0.27125062031249997 0.7692489499999999 0.27186338593750004 0.76995081875 0.306382478125 0.7692489499999999 0.30536120312500004 0.7549776046875001
1 0.4370610609375 0.2503079 0.4306753484375 0.23393680312499998 0.40225965625000004 0.245125084375 0.3889398 0.26953588125 0.3711799921875 0.242073734375 0.3427642984375 0.23800526875 0.3427642984375 0.300049378125 0.37561994374999996 0.300049378125 0.43659708906250005 0.30026319218749997 0.4370610609375 0.2503079