0 0.407154053125 0.251811646875 0.41824572499999996 0.25513922187500004 0.4296952015625 0.2562484125 0.456172078125 0.25569381562500004 0.45605332499999995 0.2319590265625 0.3889064671875 0.23221594687499997 0.38962207968749996 0.239795415625 0.3957046015625 0.24626569531250003 0.407154053125 0.251811646875
0 0.3874752875 0.3170690375 0.382823946875 0.3231695796875 0.3835395359375 0.3303793296875 0.4558142703125 0.3300096 0.45605332499999995 0.3027598078125 0.42933739531250004 0.302279828125 0.410732025 0.3046830734375 0.396062384375 0.3096744296875 0.3874752875 0.3170690375
5 0.36886991875 0.4382150203125 0.36851211093749997 0.41325822968750003 0.34313233125 0.413436890625 0.34418200312499997 0.4247198703125 0.34418200312499997 0.43803015624999997 0.36886991875 0.4382150203125
0 0.2829989375 0.4361913984375 0.2779897890625 0.43046057812500005 0.26940269375 0.423805434375 0.2575954453125 0.41955353124999994 0.24006344687499998 0.41696542187499996 0.22116191875000002 0.41689555 0.2211002828125 0.44414059375 0.284787921875 0.4437708640625 0.2829989375 0.4361913984375
0 0.42361265625 0.468562571875 0.41609895625000004 0.46079823593749997 0.40286051875 0.45525227968750004 0.3874752875 0.45229444062499996 0.372805671875 0.45284903437499996 0.37264130156249997 0.4803721125 0.42683282031249997 0.4802090703125 0.42683282031249997 0.47577230937500004 0.42361265625 0.468562571875
5 0.3681543296875 0.527924053125 0.36886991875 0.4955726546875 0.34313233125 0.4958343515625 0.34310863125 0.511101321875 0.34382422031250004 0.527369453125 0.3681543296875 0.527924053125
5 0.36851211093749997 0.7421165265624999 0.36886991875 0.7306548890625 0.34352578437500003 0.731023153125 0.34310863125 0.7537630296875 0.3681543296875 0.7545024890625001 0.36851211093749997 0.7421165265624999
0 0.32486104375 0.6988580875 0.313053784375 0.7008916046875 0.299815346875 0.7062526921875001 0.291943840625 0.7129078375 0.2887236765625 0.720117578125 0.288442371875 0.72980245 0.342035234375 0.7304700234375 0.342750825 0.6979337625 0.32486104375 0.6988580875
0 0.32987019375000004 0.729175965625 0.31770512812499996 0.7302851593749999 0.3084024421875 0.7323186749999999 0.29838416875 0.73694030625 0.2901548546875 0.7430408484375 0.2862191015625 0.7526538375 0.2856882015625 0.767237346875 0.3395306609375 0.7668884515625 0.338815071875 0.729175965625 0.32987019375000004 0.729175965625
5 0.24972393906249998 0.7419316609375 0.25008173437500003 0.7299154265625 0.23375241249999998 0.7300059015625 0.234696515625 0.7548722171875 0.24936614375000002 0.754687353125 0.24972393906249998 0.7419316609375
5 0.233581003125 0.7539459171875 0.160590678125 0.7539459171875 0.07283015937500001 0.7538096125 0.0725729296875 0.7668864734375 0.11049928281250002 0.7674410671875 0.23393881093750002 0.766701609375 0.233581003125 0.7539459171875
5 0.07078394375 0.7452572578125001 0.07042616093750001 0.734165346875 0.046075359375 0.7342783625 0.04681164375 0.7543156468750001 0.07078394375 0.7550551046875 0.07078394375 0.7452572578125001
5 0.13304040625 0.3335596109375 0.063780740625 0.332870484375 0.0632702453125 0.345575840625 0.0897471203125 0.346130434375 0.1333982125 0.34631530625 0.13304040625 0.3335596109375
5 0.05540331875 0.40469940937500004 0.05540331875 0.347461071875 0.0294306140625 0.347461071875 0.02996065 0.46741509531250003 0.056463425 0.46741509531250003 0.05540331875 0.40469940937500004
3 0.0068604734375 0.7357906171875 0.046457065625 0.7361559609375 0.046457065625 0.7661133296875 0.25151097031249997 0.7668439953124999 0.25151097031249997 0.730675946875 0.36747251875 0.7288492828125 0.3688866328125 0.6721834578125 0.3688866328125 0.47334414375 0.2338339390625 0.47444014218749997 0.233126834375 0.33342129374999996 0.028072929687499998 0.332690625 0.028072929687499998 0.4674988078125 0.007079685937500001 0.4676490875 0.0096887953125 0.48072898906250006 0.0075675296875 0.600251775 0.0068604734375 0.7357906171875
5 0.796070184375 0.46871518281249996 0.689830775 0.46755052812500003 0.689874215625 0.48090831874999995 0.7196090828124999 0.48115217968749996 0.79559821875 0.48163990781250005 0.796070184375 0.46871518281249996
5 0.94568850625 0.46871518281249996 0.8657782046875001 0.46808728750000006 0.8659235546874999 0.48115217968749996 0.9036821093749999 0.4813960421875 0.9466325 0.48090831874999995 0.94568850625 0.46871518281249996
0 0.8984903375 0.5665432671875 0.8876347328125 0.55776420625 0.8692274359375001 0.5523992296875 0.846572296875 0.5502044640625 0.847093521875 0.5845639625 0.9017941859375 0.5836136546875 0.9008502249999999 0.5745907375 0.8984903375 0.5665432671875
0 0.7786068484374999 0.5999524578125001 0.7757749640625 0.6116578734375 0.8404365 0.612145596875 0.8424223515625 0.583758825 0.8201412796875 0.5836136546875 0.801733984375 0.5862961453125 0.7866305375 0.5923927109375 0.7786068484374999 0.5999524578125001
0 0.8899946515625 0.6362880078125001 0.8994342984375001 0.629703709375 0.9022661828125 0.6219001015625001 0.9022661828125 0.612633321875 0.8481315593750001 0.6116702859375 0.847516259375 0.6450670640625 0.8640356312499999 0.644335478125 0.8781950859375 0.64189685 0.8899946515625 0.6362880078125001
5 0.7738870421875 0.7231553109375 0.7443277671875 0.7222426140625 0.7455681015625 0.735836175 0.8168374 0.735836175 0.8168374 0.7229114484375 0.7738870421875 0.7231553109375
5 0.911233865625 0.7229114484375 0.8761585843749999 0.72251099375 0.8748912046875 0.7365677609375 0.950880309375 0.735836175 0.9504083453125001 0.7221798625 0.911233865625 0.7229114484375
5 0.99822014375 0.5980309640625 0.9976789484375 0.5857270515625 0.9707565609375 0.5862972609375 0.971700578125 0.611453415625 0.99822014375 0.6111737828125 0.99822014375 0.5980309640625
3 0.9971376796874999 0.734492546875 0.9960552859374999 0.661787603125 0.91487285625 0.6623468703125 0.91487285625 0.6134108546875 0.7698269328125 0.6134108546875 0.635090459375 0.6127635359375 0.636687765625 0.7350518140625 0.8483032734375 0.73561108125 0.9971376796874999 0.734492546875
3 0.8400936921875 0.619426521875 0.8406005437499999 0.5581487234375 0.8380663546875 0.469374471875 0.635433378125 0.46806975937499995 0.6368524625 0.545055171875 0.6373592796875001 0.61916464375 0.8400936921875 0.619426521875
3 0.909023421875 0.5832883265625 0.9982265671875 0.5819789765625 0.996199228125 0.5141544015624999 0.9977196812500001 0.4683269890625 0.8271605046875001 0.46806975937499995 0.8269159609375001 0.525676728125 0.8259022921874999 0.5827645875 0.909023421875 0.5832883265625
4 0.21160784531250001 0.3348810640625 0.1792409078125 0.3353273734375 0.163704778125 0.3356249140625 0.14557929218750001 0.33517860312500003 0.1450038796875 0.343956028125 0.18557044218750002 0.34425356875 0.21088857968750002 0.3438072578125 0.21160784531250001 0.3348810640625