3 0.93279610625 0.5310584921875 0.9332100562500001 0.439025778125 0.9330030812500001 0.2938137421875 0.8324413984374999 0.2938137421875 0.74352325625 0.2938061375 0.7435891171875 0.432852709375 0.7437961078125 0.5310584921875 0.93279610625 0.5310584921875
0 0.75825360625 0.35104298125 0.7652449546875 0.34782789375 0.772101865625 0.3417192328125 0.7622870796875 0.3269298375 0.7472287875 0.3063532890625 0.7427800171875 0.30634154687500004 0.74252306875 0.35377580468750003 0.7509933546875 0.35345429375 0.75825360625 0.35104298125
5 0.88585549375 0.5314715999999999 0.88585549375 0.51861125625 0.8348894124999999 0.5182897468750001 0.7927224390625 0.5180409906250001 0.7924133796875 0.5314715999999999 0.8148663765625 0.5316323546875 0.88585549375 0.5314715999999999
3 0.683149721875 0.5308329828125 0.6825820140625 0.4043925625 0.683338953125 0.2786435171875 0.5595497375 0.2782299015625 0.5592014468750001 0.40959649843749996 0.559579915625 0.530606728125 0.683149721875 0.5308329828125
0 0.6532380484375 0.3285281125 0.6560765578125001 0.3307906921875 0.6638351484375 0.3355421078125 0.6736753249999999 0.33916223125 0.6835154875 0.340293521875 0.6838047140625 0.2915166375 0.6791631140625001 0.29187431406250003 0.668944475 0.3065810828125 0.6532380484375 0.3285281125
0 0.6640243953125 0.243945415625 0.6577796671875 0.2489230921875 0.6795415765625 0.2776578578125 0.6835154875 0.2778841125 0.6833313624999999 0.23836969375 0.6767030671875001 0.23964651093749997 0.671215278125 0.2403252921875 0.6640243953125 0.243945415625
5 0.7101779640625 0.1402359734375 0.7102713734375 0.1279503703125 0.686646790625 0.12806205625 0.6595287187500001 0.12813200625 0.659421253125 0.1402359734375 0.67767085625 0.1401242875 0.7101779640625 0.1402359734375
5 0.63281985625 0.1403755203125 0.63281985625 0.1280899171875 0.6229186265625 0.128201603125 0.5823040875000001 0.12813200625 0.58191074375 0.1403755203125 0.6020875703125 0.1403755203125 0.63281985625 0.1403755203125
3 0.9327297343750001 0.301630415625 0.933026946875 0.250666771875 0.932742021875 0.128286821875 0.8780446984375001 0.1284645 0.7432846078125 0.1281369234375 0.7434290531250001 0.2057243546875 0.7432804515625 0.3012750671875 0.9327297343750001 0.301630415625
5 0.8739796125 0.140443946875 0.87386668125 0.12775206562500002 0.8407110359375001 0.12775206562500002 0.7953340812499999 0.12723339843749998 0.7950406078125 0.1403089234375 0.8110799156249999 0.1403089234375 0.8739796125 0.140443946875
0 0.7648191484375 0.24689184687500002 0.756991665625 0.24365875781250002 0.75129895 0.24161680468750002 0.74299860625 0.24135321250000003 0.7430445203125 0.2900162375 0.747741003125 0.2898460734375 0.773215903125 0.2542820875 0.7648191484375 0.24689184687500002
5 0.6433911703125 0.531428046875 0.6433911703125 0.5185153546875 0.6172376453124999 0.5183597765625 0.588819140625 0.51826040625 0.5884817921875001 0.531428046875 0.6104715656249999 0.531428046875 0.6433911703125 0.531428046875
3 0.29549865 0.753743728125 0.29532085937499997 0.7628846015625 0.424470446875 0.7635223390625 0.42500383125 0.6734363937500001 0.424826040625 0.5572032984375 0.39351159999999996 0.5572032984375 0.296681759375 0.55676071875 0.29656540468750003 0.6725742453125 0.2963876140625 0.753743728125 0.29549865 0.753743728125
0 0.3097220875 0.62097448125 0.318078365625 0.617998378125 0.32572345625 0.610538678125 0.29994347499999996 0.5739751828124999 0.29597819062499997 0.5737281359375 0.295676440625 0.6226751078125 0.30314375312499997 0.6226751078125 0.3097220875 0.62097448125
5 0.39118288125 0.7643821203125001 0.3910050921875 0.75056451875 0.37052729375000004 0.7509896734375 0.33133450937500003 0.75091780625 0.3316222359375 0.763531803125 0.3511794625 0.7643821203125001 0.39118288125 0.7643821203125001
3 0.0679589140625 0.7870263109375 0.1999914875 0.7872642625 0.20098657343749998 0.7230427421875001 0.20098657343749998 0.63480095625 0.201384603125 0.5227768484374999 0.2391979234375 0.523014809375 0.23939695312499998 0.2499609859375 0.2388078953125 0.12864336875 0.21592090000000003 0.12864336875 0.1878594234375 0.10223029531250001 0.18248595781250002 0.112224428125 0.17790855 0.129119278125 0.067505040625 0.1282009515625 0.06815794375 0.2768234765625 0.0673618703125 0.6628532171875 0.0679589140625 0.7870263109375
5 0.154873221875 0.1400823359375 0.154780484375 0.128550375 0.1295553203125 0.12832860625 0.104762109375 0.12818048124999998 0.1046083796875 0.1403041 0.1248256046875 0.1403041 0.154873221875 0.1400823359375
0 0.18728764375 0.1018474921875 0.1828424703125 0.10969327499999999 0.1794556546875 0.12032304687499999 0.1779739359375 0.1289280921875 0.17716628125 0.1388843890625 0.217768865625 0.139304778125 0.2175571765625 0.13297753437499998 0.197659728125 0.111211809375 0.18728764375 0.1018474921875
0 0.20887850000000002 0.46917881406250006 0.23491454687500002 0.5048644765625 0.23893637812500002 0.5051175625 0.2396457234375 0.4560543390625 0.2289876375 0.45652433124999997 0.2169221609375 0.46158612187500003 0.20887850000000002 0.46917881406250006
5 0.13444250468750002 0.78818409375 0.1642887109375 0.78818409375 0.164458596875 0.774489175 0.12893895625000001 0.77451724375 0.1054430203125 0.7742641531250001 0.10565469218750001 0.7879309984375 0.13444250468750002 0.78818409375
1 0.39377470468750003 0.1283468671875 0.34030689375 0.07738854218749999 0.328355265625 0.1104477234375 0.3164036359375 0.0796425765625 0.26733905625 0.134490765625 0.2698551890625 0.1373630078125 0.3962908375 0.13886569843750002 0.39377470468750003 0.1283468671875
5 0.43055940625 0.1900218390625 0.43153242187499996 0.166196471875 0.43153242187499996 0.1510877015625 0.42520782031250004 0.1499254875 0.4125586171875 0.1510877015625 0.413045125 0.1946706921875 0.41207210937500005 0.22140159218750002 0.42958639062500004 0.22140159218750002 0.43055940625 0.1900218390625
5 0.42845624375 0.3790361203125 0.42845624375 0.3557739765625 0.42845624375 0.33251183125 0.41241777500000004 0.3297751078125 0.41127217031249996 0.33114346875 0.4106993671875 0.36535250625 0.4106993671875 0.4043508078125 0.42788344218749996 0.4043508078125 0.42845624375 0.3790361203125
5 0.42902904687500004 0.5049253734375 0.4296018484375 0.474137240625 0.42902904687500004 0.46455871093749995 0.41299057812499995 0.46729543281249997 0.41241777500000004 0.5199773484375 0.41299057812499995 0.538450228125 0.42902904687500004 0.539134409375 0.42902904687500004 0.5049253734375