3 0.999806640625 0.7536147468750001 0.9995505671875 0.6281840812499999 1 0.5413371296875 0.8316039078124999 0.5415784453125 0.7427866328125 0.5416914187499999 0.7433914765625 0.6457867234375 0.7433914765625 0.7536147468750001 0.999806640625 0.7536147468750001
0 0.760578890625 0.6035365109375 0.7683970078125 0.6007149328125 0.777712196875 0.597266334375 0.784532246875 0.5919366828125 0.768896028125 0.572969403125 0.7500993078125 0.5510237906250001 0.7433895828125 0.5511771234375 0.7416158296875001 0.6049472953125 0.7524281078125 0.6046337921875 0.760578890625 0.6035365109375
5 0.9460580437500001 0.7540896140625 0.9460580437500001 0.7400307828125 0.8610970874999999 0.7400307828125 0.785687890625 0.7398203953125 0.7863713125 0.75381925 0.82799854375 0.7539544328125001 0.9460580437500001 0.7540896140625
5 0.710617525 0.7537235984375 0.7107290953125001 0.740265590625 0.675695509375 0.740475871875 0.63844035 0.740412459375 0.638542059375 0.7540390203125 0.6549431328125 0.7540390203125 0.710617525 0.7537235984375
0 0.7324826843750001 0.63773575625 0.7366485375 0.6309124703125 0.7401200828125 0.6224067296875 0.7425005734375001 0.612410678125 0.742996509375 0.6034375875 0.6870350000000001 0.6035685703125 0.6869558312499999 0.6083862765625 0.7292095093750001 0.6419418921875 0.7324826843750001 0.63773575625
5 0.617054628125 0.5517738953125 0.617054628125 0.5150082968749999 0.616808396875 0.4831026453125 0.6025685375000001 0.48318435 0.6025267875 0.509890475 0.6025267875 0.5518899187499999 0.617054628125 0.5517738953125
3 0.920596234375 0.55030758125 0.9999240328125 0.5499309796875 0.99972421875 0.39316078125 1 0.282858790625 0.8840110390625 0.2830470921875 0.7439385125 0.282858790625 0.7434640703125 0.40086011875 0.743064425 0.548989478125 0.920596234375 0.55030758125
5 0.9419250218749999 0.295825528125 0.9419250218749999 0.2825353984375 0.8629373890625001 0.2825353984375 0.8015812375 0.282318825 0.801346628125 0.296060746875 0.86604308125 0.296060746875 0.9419250218749999 0.295825528125
0 0.7606125734375 0.5368607015625 0.771649971875 0.533450478125 0.7850396078124999 0.5254364515625001 0.749937053125 0.484513771875 0.7425487859375 0.484717778125 0.743061303125 0.5389068375 0.7517464625 0.5385658140625 0.7606125734375 0.5368607015625
3 0.6586169046875 0.48280350937499994 0.7523925515625 0.48217341874999997 0.75255970625 0.357634375 0.7523925515625 0.28330997812500003 0.7275576578125 0.2831524578125 0.6029869421875 0.282666628125 0.602991771875 0.3933657109375 0.602991771875 0.48280350937499994 0.6586169046875 0.48280350937499994
5 0.7175387390625 0.29588499375 0.7175387390625 0.28305886875 0.686218859375 0.282513078125 0.645447596875 0.28234455937499997 0.645319475 0.2959759609375 0.6659919328125 0.2959759609375 0.7175387390625 0.29588499375
0 0.6960415156249999 0.4442317046875 0.69106264375 0.45184015781250003 0.6868911578125 0.4607166875 0.684065309375 0.46845194843750004 0.6833924875 0.4746655171875 0.682322553125 0.48327012968750005 0.738563778125 0.4827812015625 0.7389674640624999 0.47783570624999994 0.70963249375 0.4542495015625 0.6960415156249999 0.4442317046875
0 0.0901143859375 0.718532040625 0.083586040625 0.7094438046875 0.059401490625 0.728599009375 0.0413001734375 0.742301271875 0.0410478796875 0.747733409375 0.0975329578125 0.748173665625 0.09679109999999999 0.7354501390625 0.0941204109375 0.727061 0.0901143859375 0.718532040625
3 0.12666377812500001 0.651055053125 0.126392040625 0.7501146125 0.162805484375 0.7501146125 0.1984037046875 0.8187436203124999 0.32398781875 0.8187436203124999 0.360129515625 0.7498585375 0.400075628125 0.7503706921875 0.39980388906250003 0.6016747015624999 0.39953213125000003 0.40125087343750004 0.3992603921875 0.2817050421875 0.1635452625 0.281944696875 0.16334898125 0.530755246875 0.126935515625 0.530755246875 0.12666377812500001 0.651055053125
0 0.1686387875 0.5642936828125 0.1571712296875 0.5577528859374999 0.1494759046875 0.554766871875 0.1416296921875 0.5532027671875 0.132576359375 0.551212090625 0.1266672109375 0.5509588046875 0.1268425875 0.605090215625 0.1334816953125 0.6052324062500001 0.1556623421875 0.58020675 0.1686387875 0.5642936828125
5 0.3238387140625 0.8190411359375 0.36172485 0.7459794828125 0.34784795156250004 0.7397315828125001 0.3145434015625 0.8042286203125 0.20761183125 0.8040833218750001 0.1743691625 0.739465640625 0.160806059375 0.7465606828125 0.18069628124999998 0.7837574953125 0.1985820578125 0.8187505343750001 0.3238387140625 0.8190411359375
3 0.1731156203125 0.5403466390625 0.1727355890625 0.44078624218750007 0.1731156203125 0.2821940671875 0.0020437078125 0.2815505453125 0.0017189 0.3996011875 0.0024789765625 0.5392722484375 0.1731156203125 0.5403466390625
0 0.094050434375 0.32122563125000003 0.110282825 0.3095618765625 0.1368633625 0.2875728390625 0.137066265625 0.28145415625000003 0.07948214218750001 0.280760946875 0.0812674203125 0.2959860390625 0.08431099375 0.306120115625 0.094050434375 0.32122563125000003
0 0.11502503593749999 0.5004730578125 0.08816175937500001 0.5212312125 0.07222287968749999 0.5349012125 0.0719446578125 0.5398511187499999 0.12917301718750002 0.540639240625 0.127740315625 0.5266317078125 0.1223676609375 0.5111052843749999 0.11502503593749999 0.5004730578125
5 0.0165182734375 0.5169378859375 0.016429871874999998 0.5041918578125 0.0165182734375 0.49170038906249997 0.00201230625 0.4915236078125 0.0021969625 0.50135940625 0.002462175 0.5169378859375 0.0165182734375 0.5169378859375
5 0.015987856249999998 0.4679717015625 0.015987856249999998 0.4320801375 0.0160762578125 0.39977078593750004 0.002122871875 0.39961404375 0.0021969625 0.42649854062500003 0.002285371875 0.4679717015625 0.015987856249999998 0.4679717015625
3 0.0025868328125 0.2901048171875 0.080945925 0.2900297390625 0.0813854203125 0.2956899546875 0.0835828984375 0.302868765625 0.0872453609375 0.3108759 0.0938377953125 0.3205396828125 0.1341248921875 0.2900297390625 0.2227122421875 0.289796115625 0.2629625453125 0.3204814625 0.2710656109375 0.30775482187500003 0.275267196875 0.2955938078125 0.2805191828125 0.3090274859375 0.2881892390625 0.3206149984375 0.3273540453125 0.2900946765625 0.3992312 0.290518896875 0.3992312 0.1973709703125 0.399381265625 0.1115683328125 0.14621596718750002 0.11142692812499999 0.0030403625 0.1115205265625 0.0030263265625 0.11251159375 0.002733334375 0.1929509890625 0.0025868328125 0.2901048171875
5 0.1924500515625 0.12436397968749999 0.1924500515625 0.1116083359375 0.10007751250000001 0.11128944375000001 0.05472431875 0.11118365781249999 0.05449308125 0.12436397968749999 0.1184812421875 0.12436397968749999 0.1924500515625 0.12436397968749999
4 0.3592794578125 0.1285173328125 0.359772296875 0.10903095 0.328230615625 0.10949491250000001 0.29373190312499997 0.10903095 0.274511190625 0.1085669890625 0.24641938125 0.1085669890625 0.24641938125 0.125269603125 0.30013880625 0.1271254484375 0.33414468125 0.1285173328125 0.3592794578125 0.1285173328125
1 0.348326971875 0.2816137390625 0.27375841875 0.284666915625 0.2559268078125 0.284666915625 0.213779365625 0.283140328125 0.2624110296875 0.331991140625 0.27375841875 0.309092321875 0.2899689734375 0.331991140625 0.348326971875 0.2816137390625