3 0.8050117 0.5014961437500001 0.8354705093750001 0.5016578125 0.8361734109375 0.538495721875 0.9361291859374999 0.537687375 0.9349576890625 0.5008494703124999 0.9664708515625 0.5005261328125 0.96190203125 0.3418576625 0.9296779328125 0.3423426734375 0.9279206953125 0.2912778875 0.9014555812499999 0.2912778875 0.8359697078125 0.292553915625 0.8391021390625 0.4192631859375 0.80337160625 0.419748190625 0.8050117 0.5014961437500001
5 0.9206756109375 0.30188613750000004 0.9205067187499999 0.291048453125 0.8863007156249999 0.2913980578125 0.8409379609375 0.2920979765625 0.8409377812500001 0.3025853453125 0.8561607390624999 0.3025853453125 0.9206756109375 0.30188613750000004
0 0.8587553703124999 0.38305342656249997 0.851830996875 0.378508590625 0.84532884375 0.3766440421875 0.8412755546874999 0.3762944390625 0.837856 0.3765199125 0.8390800234375 0.4197617171875 0.8422888734375 0.4196451828125 0.8637375374999999 0.38934627499999996 0.8587553703124999 0.38305342656249997
5 0.834719753125 0.302639034375 0.8348031265625 0.29193906875 0.8226310328125 0.2918240140625 0.8062240015625 0.2921805 0.80620705 0.3027540875 0.8181290296875 0.302639034375 0.834719753125 0.302639034375
5 0.77380963125 0.3034674921875 0.7738540171875 0.2932375390625 0.75664080625 0.2932375390625 0.7379445859375 0.29313973125000004 0.737799028125 0.30352875 0.746777053125 0.3034674921875 0.77380963125 0.3034674921875
0 0.7478168140625 0.39101818125 0.742300640625 0.40020563750000004 0.7394474421874999 0.4086056 0.7387816953125 0.4204180453125 0.7389342453125 0.42651706875000006 0.771688546875 0.42632426875 0.7717836499999999 0.423043034375 0.7578981046875 0.4041431203125 0.7478168140625 0.39101818125
5 0.684409471875 0.3053216515625 0.6843493031250001 0.29436057656250003 0.6171432203125 0.295606153125 0.5838022828125 0.2958634421875 0.5840446296875 0.3065672296875 0.6330224249999999 0.3057368453125 0.684409471875 0.3053216515625
3 0.51692183125 0.5037054375000001 0.5433876875 0.503109134375 0.5440358296875 0.5399308453125 0.627749053125 0.5394836187500001 0.6274249875 0.5025336953124999 0.6808801156250001 0.5023849125 0.7598827828125 0.5015834781249999 0.8104673874999999 0.5013763328125 0.8082158484375 0.41980446406249994 0.770964984375 0.42063305156249997 0.74829946875 0.389768359375 0.7425955734375 0.39743274375 0.7392933140625 0.40820431562500004 0.7388430015624999 0.41980446406249994 0.721143621875 0.42063305156249997 0.7202429984375 0.392875540625 0.7191922875000001 0.29412509062500003 0.649400425 0.2947465265625 0.551173671875 0.2969690390625 0.5511654078125 0.402705103125 0.5162736890625 0.40300325781249996 0.51692183125 0.5037054375000001
5 0.6209826421875 0.540203190625 0.6209271875 0.529565309375 0.5786051671875 0.52964184375 0.55159789375 0.5298681578125 0.551732903125 0.540509315625 0.5804979890624999 0.540356253125 0.6209826421875 0.540203190625
0 0.5702170640625 0.41205025937500006 0.5614272687499999 0.4058119015625 0.5537675906249999 0.404079021875 0.55128211875 0.40501679375000005 0.5517584921875 0.4489605515625 0.555023271875 0.44913384375 0.5773744703125 0.41828861875 0.5702170640625 0.41205025937500006
5 0.9258264921875 0.539034815625 0.92567088125 0.5278678984375 0.878125296875 0.5275457765625 0.842451540625 0.527755921875 0.842649746875 0.53882006875 0.8629501453125 0.5392495640625 0.9258264921875 0.539034815625
3 0.4612202765625 0.6367710546875001 0.46166810468749997 0.5219077265625 0.46136955625000003 0.4479958046875 0.36538708125 0.448407809375 0.3046179234375 0.44841799375 0.304337378125 0.47783744375000003 0.302993903125 0.6367710546875001 0.4612202765625 0.6367710546875001
0 0.32550051875 0.60217225625 0.3287048828125 0.5952232453125 0.30638880625 0.5653740921875 0.3034024109375 0.56583206875 0.30341333125 0.61164818125 0.3125686453125 0.61085851875 0.31977845 0.6075419453124999 0.32550051875 0.60217225625
5 0.4326895515625 0.637474209375 0.4326895515625 0.6270597734375001 0.3599826171875 0.6276205515625 0.33129430625 0.6277460796875001 0.33156466562500003 0.6384355421875 0.3885132546875 0.63771454375 0.4326895515625 0.637474209375
3 0.4611606078125 0.4541381453125 0.46134561406249996 0.3507927140625 0.4608825890625 0.174144421875 0.433665365625 0.174328596875 0.3338525015625 0.17576397187499998 0.3318613328125 0.364579253125 0.3313063375 0.45515936718749994 0.4611606078125 0.4541381453125
5 0.42423752031250006 0.18373298437500002 0.42423752031250006 0.17409780625 0.3891494859375 0.1745459546875 0.35204834687500003 0.17490578750000002 0.35167125625 0.1847413171875 0.3739841953125 0.18462928125 0.42423752031250006 0.18373298437500002
5 0.4615607 0.41276534375 0.4615116671875 0.3822624625 0.4615116671875 0.358115390625 0.45420135000000006 0.358245365625 0.4544020296875 0.381315146875 0.4544510640625 0.41310366875 0.4615607 0.41276534375
3 0.340236396875 0.3649177484375 0.346177103125 0.36240536093750003 0.3517345390625 0.3580417359375 0.356525428125 0.350901259375 0.33602041250000003 0.32233935156250004 0.331814575 0.3222848640625 0.331516978125 0.365843371875 0.3358287765625 0.365843371875 0.340236396875 0.3649177484375
3 0.29300953750000003 0.2978348125 0.287351759375 0.2903456265625 0.2731495859375 0.30978564531249997 0.2662216984375 0.320302375 0.265852459375 0.32425664374999996 0.2978590609375 0.324764021875 0.297397196875 0.3142472890625 0.295665225 0.3042085921875 0.29300953750000003 0.2978348125
5 0.2973144125 0.1854019234375 0.29752519843749997 0.17623886093750002 0.28577385 0.17623886093750002 0.27053934687500003 0.1762067625 0.2704918234375 0.18554736875 0.28145272499999996 0.1854019234375 0.2973144125 0.1854019234375
5 0.2434907140625 0.1866284890625 0.24375607968750002 0.1762525546875 0.18766942343749998 0.1768629015625 0.1465468609375 0.177417825 0.14645808124999998 0.187238840625 0.18820648125 0.1869946984375 0.2434907140625 0.1866284890625
5 0.293731353125 0.4614023828125 0.287279459375 0.4537206921875 0.2658996609375 0.4832253625 0.265520134375 0.48828829687499997 0.2656725546875 0.48807667343750005 0.2984121359375 0.4884628796875 0.2984121359375 0.48095577343749996 0.296514521875 0.470131571875 0.293731353125 0.4614023828125