3 0.8058065765625001 0.6823995015625 0.9794661859374999 0.682118778125 0.9799298750000001 0.43773426249999997 0.9799298750000001 0.3392623828125 0.880238996875 0.33898167031250004 0.7306995921875 0.33917851718750003 0.730715534375 0.54883829375 0.7309473718749999 0.6818380640624999 0.8058065765625001 0.6823995015625
5 0.9798172703124999 0.5844550921875 0.9799074984375 0.4920744328125 0.9799074984375 0.453640940625 0.9665717875000001 0.45363228906249997 0.9665531921875001 0.529524665625 0.9664629578125 0.584673596875 0.9798172703124999 0.5844550921875
3 0.5892463078125 0.7048697546875 0.6340543671875001 0.705027009375 0.6489903906250001 0.6817533140625 0.6688617875 0.6817533140625 0.6692514265625 0.5681241984375001 0.66912154375 0.49457302031249994 0.631064303125 0.49473027500000005 0.5582028859375 0.49443014375 0.5578074875000001 0.6820678234375 0.5746916843750001 0.68191056875 0.5892463078125 0.7048697546875
0 0.571111203125 0.514191475 0.5745006984375001 0.521438865625 0.5891404234375 0.5124451140625 0.6068811765625 0.5003079203125 0.6068811765625 0.4945449359375 0.5676137531250001 0.4944494828125 0.56786594375 0.501530371875 0.56909193125 0.5072060390625001 0.571111203125 0.514191475
5 0.594909775 0.6874076171875 0.5903664140625 0.6800729078125001 0.58609761875 0.674716146875 0.5763757359375 0.6848753953125 0.5809912171875 0.6917735140625 0.5851018796874999 0.697711134375 0.594909775 0.6874076171875
5 0.626702703125 0.7046904578125 0.6265584640624999 0.6897652015625 0.61776020625 0.6896778828125 0.5964898359374999 0.689690375 0.5967020765625 0.704865096875 0.6088177109374999 0.704865096875 0.626702703125 0.7046904578125
5 0.6368664749999999 0.6749150375 0.6319625265625 0.682249746875 0.62860754375 0.686810715625 0.638453046875 0.69822893125 0.6431406468749999 0.6914181312500001 0.6470349609375 0.68539319375 0.6368664749999999 0.6749150375
3 0.445432096875 0.7135242374999999 0.5059078125 0.7126729609375 0.5308671640625 0.6818439015625 0.56461503125 0.6814182640625 0.5642634921874999 0.5533753359375 0.5642634921874999 0.4799972484375 0.56461503125 0.397467925 0.465482953125 0.397467925 0.3807271796875 0.39751475625 0.38048888125 0.68223975625 0.42012120468749997 0.682452575 0.445432096875 0.7135242374999999
0 0.550985915625 0.41207523906250004 0.5467241609375 0.4138654671875 0.541679628125 0.41734061406249995 0.5502031421875 0.436822503125 0.5601182515625001 0.45777869375 0.5642060640625 0.45767338593750007 0.5642936453125 0.4095894578125 0.5587266625 0.41028501093749997 0.5550737265625 0.4108115484375 0.550985915625 0.41207523906250004
5 0.5130632484375 0.7039726953125001 0.5198977265625 0.69547090625 0.528791909375 0.6840218328125001 0.5191681921875 0.6721810671874999 0.5129696296875 0.6801676890625 0.5032328390624999 0.6922969046875 0.5130632484375 0.7039726953125001
5 0.497296296875 0.713008290625 0.497389915625 0.696684859375 0.4722053421875 0.6965715015625 0.4504758765625 0.6966053234375 0.45076568124999994 0.7131216484375 0.46977114062499997 0.7131216484375 0.497296296875 0.713008290625
5 0.44925207968749997 0.6948711453125 0.4408260125 0.684328928125 0.4326591296875 0.675047178125 0.4235993890625 0.686256 0.433148934375 0.69804514375 0.43988978593750006 0.7064335765624999 0.44925207968749997 0.6948711453125
3 0.472641721875 0.40509097812499995 0.47247148125000005 0.35297017343750003 0.5642314109375001 0.35297017343750003 0.56440165625 0.23658161406249997 0.5638909296875 0.1543809671875 0.477415621875 0.15376259375 0.3809233984375 0.1538852234375 0.3807409859375 0.31567595625 0.3809112203125 0.4042664796875 0.472641721875 0.40509097812499995
5 0.5087741046875001 0.1692317640625 0.5087741046875001 0.15357805 0.4769355109375 0.1534802140625 0.44105908281249995 0.1533809234375 0.44090582031250003 0.1694274375 0.4586758578125 0.1693296 0.5087741046875001 0.1692317640625
0 0.5288921375 0.3282733515625 0.5251531921875 0.336788521875 0.5239959015625 0.34271680625 0.5233727421875 0.3462737765625 0.522741121875 0.35264169375 0.557290303125 0.352848778125 0.557290303125 0.34724385625 0.542601596875 0.336680734375 0.5288921375 0.3282733515625
0 0.6016098890625 0.3721112859375 0.6037618984375 0.368254965625 0.6057417578125001 0.36335639531249997 0.6068607984375001 0.3583608921875 0.607807684375 0.35231585 0.6079798515625 0.34533278125 0.5686243515625 0.34534171874999997 0.5687271296875 0.35001560625 0.581553125 0.35897895 0.6016098890625 0.3721112859375
5 0.6443420765625001 0.16918403906249999 0.644265553125 0.15343259375 0.6266761078124999 0.1533399359375 0.5958292640625 0.15351013125 0.59620768125 0.1694620046875 0.6164868796875 0.1693693484375 0.6443420765625001 0.16918403906249999
3 0.061222296875000005 0.6818260671874999 0.23808422031249998 0.6816401640625 0.237705778125 0.6388131828125 0.23808422031249998 0.4991380671875 0.23808422031249998 0.397249578125 0.119912803125 0.397249578125 0.030619604687500003 0.396958734375 0.030560009375000002 0.5791924125000001 0.0308402265625 0.6819391609375 0.061222296875000005 0.6818260671874999
0 0.21489667968749998 0.453069690625 0.2179056875 0.45471503437500005 0.22324425468750003 0.457418096875 0.23198009062499997 0.46012116093750005 0.23809518125 0.46059126250000004 0.2382220453125 0.41227659218749996 0.2336301984375 0.41278514375 0.22402077812500001 0.4341482390625 0.21489667968749998 0.453069690625
5 0.1750887859375 0.68232071875 0.175179325 0.6666450015625001 0.1343591796875 0.66653538125 0.08506209218750001 0.6665322171875 0.0853625671875 0.682539959375 0.1246598328125 0.6826495796875001 0.1750887859375 0.68232071875
3 0.21431408125 0.40501473125 0.2139552 0.2576888984375 0.23303048906249998 0.257858740625 0.3187389515625 0.2570095203125 0.31901950156250003 0.0741949796875 0.3187389515625 0.0066328953125000005 0.1129382515625 0.0069725875 0.030723090624999998 0.006744865625000001 0.030548507812499997 0.13372038749999998 0.030548507812499997 0.4046166953125 0.21431408125 0.40501473125
5 0.09315894062499999 0.0205788515625 0.09309310312499999 0.0063093125 0.07689644375 0.0063093125 0.05910665625 0.0064958796875 0.05911962187499999 0.020658568750000002 0.074262840625 0.0205788515625 0.09315894062499999 0.0205788515625
5 0.166611246875 0.0218963515625 0.166611246875 0.0065406843749999995 0.134395446875 0.0065406843749999995 0.1083203953125 0.0066635296875 0.108633203125 0.022019196875 0.129022628125 0.0219577734375 0.166611246875 0.0218963515625
0 0.21565555937499997 0.03984735625 0.219042878125 0.0306421984375 0.22084944687500002 0.02280414375 0.22167745781249998 0.015604070312500001 0.22175272812500002 0.006672334375 0.182505296875 0.006625090625000001 0.1823845859375 0.018155996875 0.1957080328125 0.027087731250000004 0.21565555937499997 0.03984735625
5 0.24736485 0.0217613078125 0.24731411875 0.0202257390625 0.259172615625 0.020410009375 0.28443599062499997 0.020471431249999998 0.28438526406250003 0.006344217187499999 0.2694198953125 0.0064670625 0.24476033125000002 0.006490546875 0.2447776375 0.0065899093749999995 0.2447776375 0.021699882812499998 0.24736485 0.0217613078125
0 0.293897315625 0.612445934375 0.2743041625 0.6005921421875 0.25253399062500004 0.5913725249999999 0.24981271875000002 0.6058604937500001 0.248724209375 0.6196899171875 0.24926846406249997 0.6210070062499999 0.2933530625 0.6196899171875 0.293897315625 0.612445934375
0 0.2857335015625 0.6822516000000001 0.288999028125 0.6697392640625 0.26015354999999996 0.66908071875 0.2443701765625 0.668422175 0.24654719374999998 0.6941053921875 0.25198973593749996 0.7033250078125 0.2617863125 0.69805665625 0.2857335015625 0.6822516000000001