5 0.09233610625000001 0.196530846875 0.028143828125 0.19485343593749999 0.0282699328125 0.2266291765625 0.0594278078125 0.2278331046875 0.09233610625000001 0.22542523750000001 0.09233610625000001 0.196530846875
5 0.2897859515625 0.1971328171875 0.2281704 0.1989387171875 0.1713554421875 0.19750337499999998 0.1707558953125 0.224823271875 0.2117162375 0.22602721093749997 0.290836178125 0.22602721093749997 0.2897859515625 0.1971328171875
5 0.026519496875 0.325953646875 0.027219671875 0.2284350703125 0.0077400234375 0.227977690625 0.0086649859375 0.40902500937499997 0.025819321875000002 0.41022893906249996 0.026519496875 0.325953646875
0 0.0863846109375 0.49149442812500005 0.096187078125 0.47162951406250003 0.09898777812500001 0.45597839375 0.0996879515625 0.41504467656250005 0.0539373171875 0.41479849062499996 0.05522673593750001 0.5101553937500001 0.065729378125 0.5101553937500001 0.07833256875 0.5035337625 0.0863846109375 0.49149442812500005
5 0.26983089374999997 0.41384074687499994 0.24873591093749997 0.413473521875 0.24847548593750002 0.44514298906249994 0.297837971875 0.44514298906249994 0.296787696875 0.41323878125 0.26983089374999997 0.41384074687499994
5 0.3100910375 0.4108309046875 0.310441159375 0.2284350703125 0.29223836406250003 0.227977690625 0.29258665 0.3277595390625 0.29258665 0.41323878125 0.3100910375 0.4108309046875
0 0.25162630625000004 0.6174020171875 0.2628291484375 0.618605946875 0.2617788734375 0.5457680015624999 0.227177175 0.5446455734375 0.2274702015625 0.57526435 0.2316712484375 0.5969351374999999 0.2407735421875 0.6083725062500001 0.25162630625000004 0.6174020171875
0 0.184759434375 0.607168578125 0.1833590625 0.636664925 0.229920825 0.635460996875 0.2291020609375 0.5678325531249999 0.2148670359375 0.569244684375 0.20121357187500002 0.572856490625 0.18966065625 0.5885076140625001 0.184759434375 0.607168578125
0 0.19106100625 0.7004733812499999 0.201913746875 0.7149205734375 0.2120663140625 0.7209402203125 0.228520475 0.722746134375 0.22957074843749997 0.653519996875 0.2291020609375 0.6526306468749999 0.1816086359375 0.6541219625 0.184759434375 0.6818124171875 0.19106100625 0.6986674671875 0.19106100625 0.7004733812499999
3 0.12139343437500001 0.6523160671875 0.2274702015625 0.6529180328125 0.2274702015625 0.569244684375 0.2281704 0.41574324531249995 0.008125 0.41612346093749997 0.0083148984375 0.524699178125 0.0090150734375 0.6511121375 0.12139343437500001 0.6523160671875
5 0.088750309375 0.91940823125 0.079847246875 0.9051202359375001 0.0733415828125 0.8959651546874999 0.063228178125 0.9153259484375 0.06777862968750001 0.926552228125 0.0818257 0.9476440187499999 0.088750309375 0.91940823125
5 0.1574028703125 0.916346515625 0.120999209375 0.9173670843749999 0.08639535937500001 0.9150591109375 0.07806663124999999 0.9476440187499999 0.09725769375 0.9486645984375001 0.1653167125 0.946963640625 0.1574028703125 0.916346515625
5 0.16175548281250002 0.9075015609375001 0.15536281093749998 0.918054240625 0.1625468765625 0.9476440187499999 0.179561634375 0.914985746875 0.16907578125 0.895594903125 0.16175548281250002 0.9075015609375001
5 0.2833588640625 0.8870842359375001 0.2700126921875 0.8887725609375 0.2700294046875 0.918532053125 0.2991681921875 0.9179990421875001 0.29823824375 0.8860182109375 0.2833588640625 0.8870842359375001
5 0.3555858515625 0.9179990421875001 0.3409157046875 0.8952251609375 0.328926975 0.9137349265625 0.3360566671875 0.9291923140625 0.34876613437500004 0.94944684375 0.3555858515625 0.9179990421875001
5 0.42502297499999997 0.9163999890625 0.3528465 0.9139963671875 0.34473630312500003 0.9478478062500001 0.371705178125 0.94891383125 0.43184269375 0.9473147765625001 0.42502297499999997 0.9163999890625
5 0.44083232499999997 0.9329234156249999 0.4488919875 0.9158669749999999 0.43636206718750004 0.8928787609375 0.42161311718750005 0.9190650671875 0.429052828125 0.94891383125 0.44083232499999997 0.9329234156249999
0 0.2746792078125 0.809264240625 0.27312928593749997 0.7906087640624999 0.26630956875 0.7676891765625 0.2505002203125 0.7511657578125 0.233140928125 0.7469016421875 0.2331976671875 0.83128574375 0.233140928125 0.8327168437499999 0.2740592359375 0.8327168437499999 0.2746792078125 0.809264240625
5 0.297950271875 0.813738171875 0.270610525 0.8116433578125 0.2705167515625 0.8313823359375 0.281406390625 0.83174241875 0.29836910156249996 0.83174241875 0.297950271875 0.813738171875
0 0.27365799218750003 0.87711311875 0.2715638359375 0.8634298953125 0.266537834375 0.849386578125 0.26130243750000004 0.8418247921875001 0.23365949531250002 0.8868354187499999 0.23376472812500002 0.9154703015625 0.27386741406250004 0.918162796875 0.2740768234375 0.8868354187499999 0.27365799218750003 0.87711311875
0 0.34814059999999997 0.7265989125 0.347621990625 0.7065341593750001 0.3437322421875 0.6860235218749999 0.33128516874999997 0.6681881781250001 0.318060128125 0.660608159375 0.301982628125 0.6610540406250001 0.301982628125 0.7283824421875 0.34814059999999997 0.7265989125
3 0.0616855328125 0.9164494015625 0.0793004015625 0.9500298546874999 0.16392835156250002 0.9487129328125 0.180394440625 0.9171078187499999 0.2271121515625 0.9164494015625 0.228643875 0.8137327531249999 0.22749506875 0.63661236875 0.09959579843750001 0.63661236875 0.008045059375 0.6377705031249999 0.008457984375 0.7636913046875 0.009223846875 0.9164494015625 0.0616855328125 0.9164494015625
3 0.3047123015625 0.9169904296875 0.3266159796875 0.9197462 0.344780034375 0.95097875 0.43079206406250004 0.9537345203125 0.446819178125 0.9188276312499999 0.4831472484375 0.915153165625 0.48261299687500003 0.6643744296875 0.4820787796875 0.41359569374999994 0.3049624859375 0.4146180109375 0.3052465171875 0.417270103125 0.30150689375 0.6395721484375 0.3047123015625 0.9169904296875
5 0.61371849375 0.41488542500000003 0.56862454375 0.414572003125 0.5686762890625 0.4435308390625 0.5871867859375001 0.4456527203125 0.6127929625 0.444061309375 0.61371849375 0.41488542500000003
5 0.695781675 0.41488542500000003 0.6622585125 0.414572003125 0.661845771875 0.444061309375 0.6741861046875 0.44459178125000004 0.6948561421874999 0.445122253125 0.695781675 0.41488542500000003
5 0.76149391875 0.41435495468749994 0.73553726875 0.414572003125 0.7355792250000001 0.4435308390625 0.749770621875 0.4435308390625 0.761802415625 0.4435308390625 0.76149391875 0.41435495468749994
0 0.6791222203125 0.5040044906250001 0.6692499671875 0.50983966875 0.659069196875 0.5188576687500001 0.65289903125 0.534241325 0.6485799078125 0.55492966875 0.649366878125 0.58212301875 0.6856009046875 0.579331315625 0.6852923859375 0.5040044906250001 0.6791222203125 0.5040044906250001
0 0.620505675 0.626543203125 0.6282183671875 0.6350307421875 0.6405586984375 0.6398049640625 0.6516650015625001 0.64033545 0.6514024 0.5774526078125 0.6100163859375 0.5766789718750001 0.609399371875 0.594714971875 0.6124844656249999 0.6111595640624999 0.620505675 0.626543203125
0 0.6723350406249999 0.7103575578125 0.6812817812499999 0.7161927343750001 0.6914625515624999 0.7183146093749999 0.6905370203125 0.6345002734375 0.6514024 0.6358327515625 0.6510479859375 0.6642066265625 0.653207528125 0.681712159375 0.661845771875 0.7008090796875 0.6723350406249999 0.7103575578125
0 0.7377387859375 0.6870168484375 0.7411323765625 0.6657980343750001 0.741749371875 0.6551886171875 0.7414408734375 0.63609168125 0.702629678125 0.63524895 0.70256885625 0.715131796875 0.7161432171875 0.7146013453125 0.7278665140625 0.70505286875 0.7377387859375 0.6870168484375
3 0.586569771875 0.65412768125 0.6510479859375 0.6530667421875 0.6516650015625001 0.5634172109375 0.625750309375 0.5628867234375 0.62605880625 0.41488542500000003 0.5187542781250001 0.413988203125 0.5193149828125 0.5501554296875 0.5190064750000001 0.6530667421875 0.586569771875 0.65412768125
5 0.5981872234375001 0.9191509140624999 0.58399484375 0.894224384375 0.5721767718749999 0.915796596875 0.57889613125 0.92735035 0.5912510953125001 0.9485943406249999 0.5981872234375001 0.9191509140624999
5 0.6675484234375 0.9169146984375001 0.6320008109375 0.9172873984375001 0.5956742390625 0.9147329421875 0.5875662859374999 0.9456127249999999 0.5981872234375001 0.9467308265625001 0.675134803125 0.9467308265625001 0.6675484234375 0.9169146984375001
5 0.679036375 0.8945526046875001 0.6647971921875 0.9176041390625 0.6718835000000001 0.9497124421875001 0.680120146875 0.9355497859374999 0.69095783125 0.9146784953125 0.679036375 0.8945526046875001
5 0.786449559375 0.8875047531250001 0.727961271875 0.8868413046875 0.72727579375 0.9165754796875 0.7498181749999999 0.9169481812500001 0.7866663218750001 0.9169481812500001 0.786449559375 0.8875047531250001
5 0.86539184375 0.9188512421875 0.8505757890625001 0.8945091218749999 0.8397636265624999 0.9155379375000001 0.8457371203124999 0.9271344984375001 0.858454878125 0.94701431875 0.86539184375 0.9188512421875
5 0.9345687328125001 0.9178572421875 0.898342396875 0.9185199140625 0.8635014906249999 0.9152936390624999 0.85344485625 0.9456890015624999 0.870594553125 0.94701431875 0.9411203109375 0.9476769765625 0.9345687328125001 0.9178572421875
5 0.9455522625 0.896320778125 0.9315203437499999 0.917846125 0.9407349249999999 0.9513216124999999 0.9474791765624999 0.9347550968749999 0.9576919359374999 0.9152066078125 0.9455522625 0.896320778125
0 0.8761826609375 0.55686121875 0.8806146140625 0.5412886921875 0.8823488546875 0.5293608 0.8835050109375 0.5194208859375 0.8833123125 0.500535053125 0.8457021640625 0.49887400625 0.845544434375 0.5764097171875 0.8555644812500001 0.5760783875000001 0.8655845281250001 0.5714397546875001 0.8761826609375 0.55686121875
5 0.9305221781249999 0.41534770156249995 0.8978287625 0.41391272968750004 0.8979570109375 0.443179446875 0.911445540625 0.44284811875 0.9307148640625 0.44251678906249997 0.9305221781249999 0.41534770156249995
3 0.8388807281249999 0.916902809375 0.8559901875 0.9509187765625 0.93886401875 0.95275746875 0.9591814890625001 0.9196608796874999 0.9907270125000001 0.9141448015625 0.9901923625 0.6806301296874999 0.9907270125000001 0.5004377 0.8120264718750001 0.497920146875 0.8121472375 0.636501384375 0.8142859109374999 0.91598349375 0.8388807281249999 0.916902809375
3 0.8217713046874999 0.7670489296875 0.8228406406250001 0.6346626609375 0.691495875 0.637545203125 0.6913118265625 0.8029035578125001 0.6918464953125001 0.9141448015625 0.8228406406250001 0.9141448015625 0.8217713046874999 0.7670489296875
3 0.5876020265624999 0.9514103984375 0.6736839046875 0.9532490906250001 0.6923973515624999 0.9164751140625 0.7014867671875 0.9155557999999999 0.7014867671875 0.773056659375 0.69881340625 0.63699300625 0.5902753859375001 0.6379123671875 0.5174614515625 0.637545203125 0.5191642953125 0.917394490625 0.5710272890625 0.9155557999999999 0.5876020265624999 0.9514103984375
4 0.375318846875 0.45047620781250003 0.44766760625 0.4514491984375 0.44766760625 0.413502553125 0.40979755156250003 0.41544853281250005 0.3295356484375 0.41155657031250004 0.3284051984375 0.4339353609375 0.3284051984375 0.448530225 0.375318846875 0.45047620781250003
4 0.10658623593750001 0.22806902343750002 0.17206076718750002 0.225071434375 0.17206076718750002 0.1992921609375 0.090914140625 0.1962945703125 0.09056587187500001 0.21248155624999998 0.090217603125 0.2256709515625 0.10658623593750001 0.22806902343750002