3 0.924432296875 0.6379591703124999 0.9239911359375 0.729314990625 0.9581072718750001 0.729669321875 0.9581072718750001 0.733744146875 0.96634220625 0.73356698125 0.9997745390624999 0.733474609375 0.9995742609375 0.64135115625 0.9994741171875001 0.4895497875 0.9506080890625 0.4895497875 0.9506080890625 0.4877400859375 0.885813246875 0.48749879218750003 0.88581144375 0.48942913906249996 0.847768428125 0.489410140625 0.847386746875 0.5602327578125 0.8476808609375001 0.638490675 0.924432296875 0.6379591703124999
0 0.955876271875 0.7167217078125 0.9524603828125 0.7102399390625 0.9482759171874999 0.7051985625 0.9432374812500001 0.702214890625 0.9382844468749999 0.7005687265625 0.9336729937499999 0.70036295625 0.9335022000000001 0.7236150171875 0.9301717093749999 0.7234092484375 0.9301889953125 0.728841778125 0.9614270890625001 0.7291708203125 0.9614270890625001 0.7234092484375 0.9580112 0.7235121328125 0.955876271875 0.7167217078125
5 0.9507432671875 0.499766096875 0.9506578734375 0.48731698437500004 0.9220498015624999 0.48741986875 0.88594395625 0.48691714687500004 0.8856705874999999 0.4996632109375 0.9035186062499999 0.499766096875 0.9507432671875 0.499766096875
0 0.8811871703125 0.6246947609375 0.8764950984375 0.6172517265625 0.8728978406250001 0.6134831000000001 0.8670327453125 0.61065663125 0.86320088125 0.6098086890625 0.8595254234375 0.6097144734375 0.8592908171874999 0.632137796875 0.8558499625 0.632232015625 0.8556780749999999 0.637908446875 0.8868958640625 0.6381676 0.88713046875 0.63232623125 0.8831422046874999 0.632232015625 0.8811871703125 0.6246947609375
0 0.8521938546875001 0.6010772015625 0.8549981359375 0.60071778125 0.8585780656249999 0.5989206796875 0.8619790015625 0.5967641546875 0.86520094375 0.5932418359375 0.868005221875 0.5885794296875 0.8698548531249999 0.5837631953125 0.870809503125 0.5785156546875 0.8708691703125 0.5732681140625 0.852313184375 0.5731962296875001 0.852313184375 0.5690269515625 0.8471345140625001 0.5690488078125 0.8474206093750001 0.606104059375 0.8521341906250001 0.606104059375 0.8521938546875001 0.6010772015625
5 0.8345110984374999 0.4997773484375 0.8346601703125 0.4875644796875 0.8193056359374999 0.4875644796875 0.8019685671874999 0.4874803765625 0.8017895390625001 0.49941814687499997 0.813640853125 0.49968754843749996 0.8345110984374999 0.4997773484375
3 0.69352571875 0.7290267218750001 0.7728302375 0.7291006265625 0.773583271875 0.6011119593750001 0.7794746124999999 0.5991761953125 0.7847232625 0.59491751875 0.7890078671875 0.5883359312499999 0.7916857515625 0.5800766796875 0.7920071 0.57246268125 0.7731548125 0.572591734375 0.773266871875 0.564470565625 0.772945525 0.5368627265625 0.773481109375 0.48939913281249997 0.7525936265625 0.4897862828125 0.7527007375 0.4875924203125 0.6735421328125 0.4877214703125 0.673435021875 0.48939913281249997 0.62144128125 0.4893120265625 0.62142623125 0.7333162421874999 0.69352571875 0.7330562734375 0.69352571875 0.7290267218750001
5 0.7527550484375001 0.49951575625 0.752695903125 0.487691728125 0.7014810296875 0.48754921093750003 0.6737296453125 0.48725454218750003 0.6739108734375 0.499444496875 0.7194554046875 0.49958701562499996 0.7527550484375001 0.49951575625
0 0.7460377031250001 0.700524546875 0.740398228125 0.700524546875 0.7353421531250001 0.70239885 0.73057776875 0.705210303125 0.7267857109375 0.710130346875 0.72406320625 0.7151675375 0.7224102546875 0.7199704390624999 0.72172963125 0.7238361875 0.7179375703125 0.7237190453125 0.7176946953125001 0.7285038078125 0.74924636875 0.728990521875 0.7493435984375 0.7230161796875 0.74564876875 0.7228990359374999 0.7460377031250001 0.700524546875
0 0.7729710453124999 0.601737059375 0.7749156859374999 0.601502771875 0.780360696875 0.59939418125 0.7838610609375001 0.595997009375 0.7866807984374999 0.592599834375 0.7891115953125001 0.588851228125 0.7911534765625 0.584516903125 0.7926119593750001 0.5772539812499999 0.7920285734375 0.5724510781250001 0.7732627390625 0.5725682234375 0.773068275 0.5682338984374999 0.7683924531249999 0.56830605 0.7684983546875 0.60618853125 0.773068275 0.60618853125 0.7729710453124999 0.601737059375
0 0.8032370203125 0.713128371875 0.7994082734375 0.70792416875 0.7931251921875 0.7026016859374999 0.7883147140625 0.701182359375 0.78232615625 0.70047269375 0.7818352921875 0.7234185015625 0.7785150359374999 0.7233002234375 0.778418890625 0.7286613046875 0.8101091328125 0.7286227046875 0.8100109578125 0.7234185015625 0.8062803859375001 0.7233002234375 0.8032370203125 0.713128371875
5 0.91239004375 0.7291745734374999 0.9123012640624999 0.7217945359375 0.8952106593750001 0.721954971875 0.8748098203125 0.7218768375 0.8747450640625001 0.7292280515625 0.8828273265625001 0.7292280515625 0.91239004375 0.7291745734374999
3 0.22300749843749998 0.9571070203125001 0.2229631078125 0.9967121499999999 0.2654803484375 0.9966051921875 0.2654803484375 0.9983699843749999 0.3415870328125 0.9986908546875 0.3415426453125 0.99681910625 0.3785163109375 0.9966586718749999 0.378605084375 0.90794420625 0.3785163109375 0.8595760859375 0.3784719171875 0.8238176671874999 0.26122844375 0.823603753125 0.2268606015625 0.82340535 0.22691368281250002 0.8893374234375001 0.22314066562499998 0.8894443796875 0.22300749843749998 0.9571070203125001
0 0.2335287921875 0.85145190625 0.2362399203125 0.8515199546875 0.2393464234375 0.8512477593750001 0.2430742234375 0.8501589859375001 0.246124240625 0.8483897265625 0.24860944218749997 0.846216940625 0.252280759375 0.8419979359375 0.25476596093750004 0.8381191765624999 0.256516896875 0.8332244515625 0.257477090625 0.8292095953124999 0.26131785625 0.82927764375 0.261261371875 0.823629625 0.23038847968749998 0.8232454468749999 0.230309328125 0.829200071875 0.23375471874999998 0.8290639734375 0.2335287921875 0.85145190625
5 0.34192560312500003 0.9993378875 0.34192560312500003 0.986847359375 0.30211553750000003 0.986579571875 0.26529284375 0.98637949375 0.2651089953125 0.998891571875 0.296582421875 0.9990700968749999 0.34192560312500003 0.9993378875
5 0.152691746875 0.8857754265625 0.152691746875 0.8659681703125001 0.1525725484375 0.8371038343749999 0.1420125609375 0.83732785 0.141725853125 0.8533210015625 0.14160665625 0.8859190296874999 0.152691746875 0.8857754265625
3 0.050207265625 0.835870884375 0.102380134375 0.8356713390625 0.102380134375 0.8334763296875 0.152068571875 0.8326781484374999 0.15223420468749999 0.7056510234375 0.171778321875 0.705451478125 0.171778321875 0.7022587359375 0.1711158109375 0.6948755296875 0.1678032578125 0.6862950421875 0.16101249687500002 0.67971001875 0.152565459375 0.6757191 0.15223420468749999 0.657360846875 0.0990310671875 0.6577599375000001 0.00038354218749999996 0.6578914890625 0 0.8336758765625 0.0500416390625 0.8326781484374999 0.050207265625 0.835870884375
0 0.171682921875 0.704913434375 0.1713088046875 0.69826526875 0.1689706140625 0.691279059375 0.1655100875 0.685306975 0.1605531140625 0.679785615625 0.1557831953125 0.67719395625 0.1523226671875 0.6758417875 0.1523226671875 0.6717931640625 0.1473382484375 0.6713910421875 0.14736569375 0.7090826234375001 0.1522291375 0.7091953078125 0.1525097234375 0.7050261156250001 0.171682921875 0.704913434375
5 0.067528521875 0.836037325 0.10275987812500001 0.83562721875 0.10250457500000001 0.8232214499999999 0.076293809375 0.8232214499999999 0.049998350000000004 0.8232329765624999 0.048636346875 0.8233239765624999 0.048891648437500004 0.836037325 0.067528521875 0.836037325
0 0.2727689640625 0.758867521875 0.2767853796875 0.7553483125 0.28080179375 0.7500694984375 0.28274915 0.74493731875 0.284818209375 0.7395118703125 0.2855484640625 0.7323268171875 0.26570980781250003 0.73247345 0.26570980781250003 0.72880760625 0.2606837375 0.728619215625 0.2608414328125 0.766492478125 0.26570980781250003 0.7666391109374999 0.26570980781250003 0.7620934640625 0.2727689640625 0.758867521875
5 0.3802564609375 0.8160031390625001 0.380059409375 0.748748865625 0.380108675 0.7307654890624999 0.37050279375 0.7307481734375 0.37040389687499997 0.79286868125 0.3703546359375 0.8159437875 0.3802564609375 0.8160031390625001
3 0.37872730625 0.7225079953125 0.3787985578125 0.692825209375 0.3801523 0.692825209375 0.3800810484375 0.6434111234375 0.37872730625 0.6434969671874999 0.3788537140625 0.611394340625 0.32206808750000004 0.611394340625 0.2267191140625 0.6113227703125 0.2268812859375 0.7233664 0.273696421875 0.7232805609375 0.37872730625 0.7225079953125
0 0.25532493125 0.709391065625 0.24998187343749997 0.7020135625 0.24599569375 0.6986498250000001 0.24023239531249999 0.6961183296875 0.233568578125 0.695973671875 0.233688646875 0.717782684375 0.23026668749999998 0.717638028125 0.23035066718750002 0.723477746875 0.26138840625 0.7234951171875 0.2613283703125 0.7174195250000001 0.2574861703125 0.717347196875 0.25532493125 0.709391065625
5 0.380236065625 0.69339729375 0.38017461875 0.662770315625 0.380236065625 0.64307879375 0.370270071875 0.6430693062499999 0.3702204890625 0.6668315078125 0.3702819328125 0.693323265625 0.380236065625 0.69339729375
3 0.1472831140625 0.66472459375 0.2311536125 0.616674984375 0.3785951765625 0.616447228125 0.37878421875 0.31019281875 0.3749088390625 0.3098511859375 0.3287989 0.31019281875 0.329082465625 0.28912538906249996 0.32123718437500004 0.2898086578125 0.3149042421875 0.29379438750000003 0.3097055609375 0.298918896875 0.3074370453125 0.30392952812499996 0.3057348703125 0.3098511859375 0.304695134375 0.3062070890625 0.30167044375 0.30028543281250003 0.297511496875 0.2945915328125 0.29278541874999997 0.29094743749999996 0.28749221875000003 0.28946702343749997 0.281726409375 0.2888976328125 0.28200997031249997 0.309509553125 0.2424733140625 0.309790959375 0.2428126671875 0.2351238546875 0.2389100890625 0.2350216421875 0.2389100890625 0.22623138593749997 0.0002444234375 0.2258461546875 0.0004883062500000001 0.5451083890625 0 0.662961053125 0.1472831140625 0.66472459375
5 0.0903840671875 0.23718139843750002 0.0904859734375 0.225394775 0.037426562499999996 0.2254561625 0.0115522796875 0.225474396875 0.0117066875 0.23705862187500001 0.058588723437500004 0.23718139843750002 0.0903840671875 0.23718139843750002
5 0.22788425937499998 0.2372677734375 0.2279286453125 0.22550249843749998 0.1970349828125 0.22560945625 0.17134302343750002 0.22528659687500002 0.17140675156250001 0.2372142953125 0.1982771515625 0.23710733906249998 0.22788425937499998 0.2372677734375
0 0.2270461171875 0.24240891250000002 0.2229755546875 0.24529370468749997 0.2193838859375 0.24885161562500002 0.2167499953125 0.2532749640625 0.21451517656250002 0.2594291890625 0.21355739687500003 0.2684682046875 0.23239371874999998 0.2686605234375 0.23239371874999998 0.272699234375 0.24245039375 0.272891553125 0.24261002343750002 0.23567772968749998 0.2322346 0.23553159687499997 0.23255334843750003 0.240966515625 0.2304781609375 0.241062675 0.2270461171875 0.24240891250000002
0 0.2137170265625 0.28364798750000003 0.21531332500000003 0.2893012234375 0.218027034375 0.29555160625 0.2248113015625 0.30295590781250004 0.23175519531250002 0.306706140625 0.2318350125 0.3113218078125 0.24261002343750002 0.31084100625 0.242769659375 0.27403201093749996 0.2325857921875 0.2739037578125 0.2322340890625 0.277589921875 0.21339776718749998 0.27710912187500003 0.2137170265625 0.28364798750000003
1 0.32996806093750003 0.282069346875 0.31223227656249997 0.289021759375 0.30563291718749996 0.301933384375 0.292021734375 0.2865387546875 0.279235471875 0.28405575 0.279235471875 0.31981101875 0.299446015625 0.31981101875 0.3316179015625 0.31931441875 0.32996806093750003 0.282069346875
4 0.091383803125 0.226246171875 0.091090796875 0.238593475 0.13392156718749998 0.23823032031250002 0.1695133359375 0.2378671640625 0.1704182109375 0.22551986093749998 0.1336199421875 0.226246171875 0.091383803125 0.226246171875