3 0.7946793828125001 0.7490522421875 0.9983931625 0.7509491125000001 0.9983931625 0.5732172828125 0.9977230546875001 0.368455078125 0.90962436875 0.3694035140625 0.7688700984375 0.3681078203125 0.7658646109375 0.517767078125 0.7970247765625 0.5182412937499999 0.7946793828125001 0.7490522421875
0 0.806071271875 0.44009504687499995 0.787308159375 0.42918805625 0.7765863921875 0.42729117812500006 0.7678749390624999 0.42729117812500006 0.76737275625 0.49895584531250003 0.821148771875 0.5003206062500001 0.8214838375 0.47708397812500003 0.8167930515625 0.4600121515625 0.806071271875 0.44009504687499995
5 0.953359021875 0.7492745078125 0.9536032546875 0.7273242843750001 0.899526709375 0.7268057765625 0.8340726671875001 0.7263903203125001 0.8338365453125001 0.7485831640625 0.8694893312499999 0.7492745078125 0.953359021875 0.7492745078125
3 0.8069005015625 0.7494169312500001 0.8077934109375 0.6281844046875 0.8077934109375 0.5027098734375001 0.6368337078125 0.5015776984375 0.6354631421875 0.5923778796875 0.636058409375 0.7498381828125 0.8069005015625 0.7494169312500001
0 0.7380104484375 0.5717982234375001 0.74858874375 0.5609852203125001 0.7550532546875 0.549340440625 0.7613708390625 0.5337593046875 0.764309253125 0.51774773125 0.7641623281250001 0.50215204375 0.7145188625000001 0.502014875 0.7140623765624999 0.5776206171875 0.7274321609375 0.5765809015625 0.7380104484375 0.5717982234375001
5 0.7561113640625 0.7487633609375 0.7561113640625 0.7266450046874999 0.7263983484375001 0.7264994890625001 0.6853762171875 0.726422021875 0.6848618109375 0.7489088749999999 0.7108735546875 0.7487633609375 0.7561113640625 0.7487633609375
3 0.7683857265625 0.313960421875 0.8150592859374999 0.3149894015625 0.8150592859374999 0.382858865625 0.9070946703124999 0.3830646609375 0.9975359906250001 0.3824472765625 0.9976813890624999 0.17679532343749998 0.9973905921874999 0.05954923125 0.8890260624999999 0.0593434328125 0.7714418937499999 0.059753407812500006 0.771730025 0.2205866609375 0.7688219421875 0.2205866609375 0.7683857265625 0.313960421875
5 0.9481071359375 0.08218679062499999 0.9477669953125 0.059137639062500004 0.8852424718749999 0.05954923125 0.83628943125 0.05954923125 0.8361333375 0.0817751921875 0.8573749984375001 0.0819809953125 0.9481071359375 0.08218679062499999
0 0.8042361234375001 0.28694732031250003 0.8104147984375001 0.2758018265625 0.8146550765624999 0.2651707375 0.8170780828125 0.25368230468749997 0.8171992359375 0.23945036874999998 0.7680369421875 0.24016752343749997 0.768375534375 0.30375129218749997 0.7848520171875 0.3028939484375 0.7973305374999999 0.2951778375 0.8042361234375001 0.28694732031250003
0 0.7481559812499999 0.1736450171875 0.7371898156250001 0.1655898984375 0.726917715625 0.1606782421875 0.7162291734374999 0.16028530937500002 0.7164656546875 0.23414434687500002 0.765229884375 0.23474603125 0.76328651875 0.207437215625 0.75523540625 0.184254196875 0.7481559812499999 0.1736450171875
5 0.7484851109374999 0.07993762343750001 0.7484851109374999 0.0595085046875 0.7157090078125 0.05923243593750001 0.6757817296875 0.059349879687499996 0.675631971875 0.0804897609375 0.699428709375 0.080075659375 0.7484851109374999 0.07993762343750001
5 0.5576724359375 0.7492711640625 0.5576724359375 0.72701574375 0.458525540625 0.7264858484375 0.39373131875 0.7268016421875 0.3932747984375 0.748741275 0.46028367187499997 0.7492711640625 0.5576724359375 0.7492711640625
5 0.2877656296875 0.7488952515625 0.287527053125 0.7271722421875 0.2706678078125 0.726947134375 0.24862365468749997 0.7269358593749999 0.248400871875 0.748782696875 0.2593752875 0.7485575890625 0.2877656296875 0.7488952515625
0 0.250388990625 0.60143085625 0.25285425781250004 0.609511175 0.256512396875 0.6199787406249999 0.2613634078125 0.62864543125 0.27003160625 0.6378749 0.2873680046875 0.648680125 0.3008076890625 0.6494680078124999 0.30076095937499997 0.58056193125 0.24863944531249998 0.580045509375 0.24871897031249998 0.5914135093749999 0.250388990625 0.60143085625
0 0.3487106328125 0.6568933312499999 0.3390905140625 0.64608955 0.3307251890625 0.6415016421875 0.3218370359375 0.6391336875 0.3136808515625 0.6385417 0.31403060781250003 0.7147313671875 0.36253859374999997 0.7150345453125 0.3617020640625 0.689283059375 0.3560554671875 0.6709314296875 0.3487106328125 0.6568933312499999
0 0.34727785 0.513462021875 0.3364732171875 0.5069744171874999 0.325996009375 0.5028038109375 0.3171558484375 0.5014136109375 0.3167800078125 0.5766908265625 0.3664315171875 0.5766644703125 0.3646307453125 0.547701946875 0.35808248125 0.529165934375 0.34727785 0.513462021875
3 0.2935384546875 0.308921184375 0.35619168437500004 0.3082390671875 0.41233861093749996 0.3082390671875 0.41211362031250004 0.20991363125 0.4122158734375 0.1115653203125 0.41170461875 0.059786212500000005 0.299742628125 0.059786212500000005 0.29872011718749997 0.050524179687500004 0.29677735781250003 0.0415515890625 0.293300840625 0.0325891234375 0.28818831093749997 0.023327090624999998 0.281951025 0.015801690625 0.2715214578125 0.0081315703125 0.26354591250000003 0.0048030296875 0.25321859999999996 0.0032111171874999998 0.2529118453125 0.059631365625 0.2255293390625 0.059678595312500006 0.2253462296875 0.15381063125 0.22558719531250002 0.3085801265625 0.2935384546875 0.308921184375
0 0.2868956828125 0.0207429140625 0.2796711265625 0.0128609921875 0.2719950328125 0.007748396875000001 0.2644694546875 0.004766046875 0.25784694375 0.003913946875 0.25212749843750004 0.0034878984375 0.252339278125 0.079884065625 0.3020973546875 0.08017685 0.3002912203125 0.052057571875 0.29427075468749997 0.03373743125 0.2868956828125 0.0207429140625
5 0.37896296875 0.08211164062500001 0.37883180156249996 0.059093840625000005 0.3625687109375 0.059093840625000005 0.30442884531250003 0.059202976562499995 0.3044674515625 0.08211164062500001 0.326501340625 0.08211164062500001 0.37896296875 0.08211164062500001
5 0.41209489687499995 0.22240231562499999 0.4121807125 0.200071903125 0.4121807125 0.1753039234375 0.4014719015625 0.1750531015625 0.4014541859375 0.18744925625 0.40162581093750005 0.22203795624999997 0.41209489687499995 0.22240231562499999