3 0.750961453125 0.5633094109375001 0.771898303125 0.563501765625 0.7714496515625 0.6227203359375 0.9968374499999999 0.6232974 0.99668790625 0.45700413281249996 0.9969870140625 0.3351180546875 0.8480323875 0.3351180546875 0.7917873140625 0.33455050000000003 0.7920874 0.4593258609375 0.750961453125 0.45894114531249997 0.750961453125 0.5633094109375001
5 0.934882421875 0.6233762609375 0.9346945609375 0.6075486796875 0.9037903421875001 0.6077903234375001 0.87159003125 0.6076624734375 0.8718528531249999 0.62349708125 0.895899903125 0.62349708125 0.934882421875 0.6233762609375
0 0.8325915921875 0.3814694453125 0.8360345468749999 0.3743839046875 0.8397529453124999 0.3667669421875 0.842231878125 0.35649290312500004 0.8442976515625 0.3451560296875 0.8448485234374999 0.3345277140625 0.7959588531249999 0.3339837484375 0.79554534375 0.34055042812499997 0.8036707265624999 0.3499387765625 0.8325915921875 0.3814694453125
3 0.8169413249999999 0.1993098625 0.8174533328125 0.203261296875 0.84015263125 0.20457843750000002 0.8398112890625 0.3397130453125 0.8418593390625 0.3397130453125 0.8418593390625 0.3445425734375 0.9964872093749999 0.3449816203125 0.9968285515625 0.22167058437499998 0.9968285515625 0.1321508796875 0.9546834562500001 0.1319313546875 0.8131287890625 0.1320337234375 0.8133572203125 0.1339377984375 0.8133572203125 0.1999684328125 0.8169413249999999 0.1993098625
5 0.94161563125 0.147398178125 0.9415374015625 0.13190159375 0.910037821875 0.1318009671875 0.8796131781250001 0.1320934734375 0.8794354546875001 0.147398178125 0.8999953015625 0.14749880937499998 0.94161563125 0.147398178125
0 0.8749336031249999 0.2745894453125 0.8673707640625 0.26863672968749996 0.8602594453125001 0.263700334375 0.85303524375 0.2612321375 0.8468269484375 0.26050619531249997 0.8392645921874999 0.25969782812500003 0.8392641171875 0.3216946828125 0.8443436296875 0.32183986875000004 0.8616139859375 0.29701270156250004 0.8749336031249999 0.2745894453125
5 0.8031095640625001 0.147465546875 0.8031095640625001 0.13200920625 0.7886188359374999 0.13178190625 0.7694101796874999 0.131822028125 0.769356765625 0.147692846875 0.7834940625 0.1475791953125 0.8031095640625001 0.147465546875
0 0.8043465796874999 0.20110013906250002 0.7983382296875 0.20394137968749998 0.7927716640625 0.20678261875 0.7873818203125 0.2125787453125 0.797631359375 0.227532815625 0.8135358265624999 0.2511719234375 0.817953725 0.251058275 0.8183967359375 0.1980375703125 0.81362418125 0.1987134984375 0.8088528453125001 0.19950904687499998 0.8043465796874999 0.20110013906250002
5 0.6936365953125 0.1475466546875 0.6936365953125 0.1320500703125 0.6627370499999999 0.1321506984375 0.6307319390624999 0.1323147125 0.630969475 0.1475466546875 0.647869875 0.1473454015625 0.6936365953125 0.1475466546875
0 0.714054471875 0.213458040625 0.7085084390625 0.2250830359375 0.7045029656249999 0.2369722375 0.703065109375 0.24436996249999998 0.70214076875 0.2508429734375 0.7020488625 0.2583645390625 0.7509253328125001 0.2592975125 0.751130734375 0.25295660781249996 0.7288438937499999 0.22891400156250002 0.714054471875 0.213458040625
3 0.7802226703125 0.62319915 0.7803782859374999 0.5538069218749999 0.75859423125 0.5538069218749999 0.75859423125 0.467989278125 0.7607726390625 0.467989278125 0.760305834375 0.4263883640625 0.760150240625 0.33498083125 0.67727765625 0.33498083125 0.5837618578125 0.334380415625 0.5839836578125001 0.5401834546875001 0.5841392640625 0.6229990109375 0.7802226703125 0.62319915
0 0.7442085453125 0.3814756125 0.748077325 0.3741035078125 0.7507997937499999 0.3667314109375 0.7540954140625 0.3575162828125 0.756388025 0.347195340625 0.7565313171875 0.33466277031249997 0.7069399015625 0.334118975 0.706380503125 0.34037615 0.7161240875 0.35124999687499997 0.7442085453125 0.3814756125
5 0.6933900734375 0.6233573078125 0.693468309375 0.6078607218750001 0.6674233328125 0.6077600953125 0.6306458796875 0.607757190625 0.630803896875 0.623457934375 0.6427728640625 0.6235585625 0.6933900734375 0.6233573078125
3 0.21373064687499999 0.5512174437499999 0.4156071578125 0.5506847687499999 0.4160212921875 0.4165249359375 0.4160212921875 0.2815660953125 0.3951074765625 0.281033415625 0.3951074765625 0.2844958140625 0.2352548734375 0.2831641234375 0.2352548734375 0.281033415625 0.21003529687500003 0.28169623593750004 0.2114529046875 0.5472223765625001 0.213937721875 0.5472223765625001 0.21373064687499999 0.5512174437499999
0 0.2269382484375 0.3590460703125 0.2351679421875 0.35534119999999997 0.24072297968749998 0.3520332828125 0.24689524999999998 0.3455497578125 0.2313617109375 0.3204095734375 0.21675400625000002 0.2985865671875 0.211281865625 0.2987844671875 0.21109609218749997 0.3608985 0.22076598593750002 0.3605015546875 0.2269382484375 0.3590460703125
3 0.2206069453125 0.77222944375 0.2203951578125 0.7583570171875 0.227806996875 0.747461740625 0.247713028125 0.7161377953125 0.2424188890625 0.7104177703125 0.2362776578125 0.70633204375 0.23013642812500001 0.703335840625 0.219971640625 0.70006725625 0.219971640625 0.6957091375 0.1746536140625 0.695164375 0.175288903125 0.547647671875 0.2142539421875 0.546830528125 0.2142539421875 0.55200578125 0.21933633593750002 0.5517334 0.21912457812500002 0.44884923125 0.21954809531250002 0.3611993953125 0.2218775265625 0.3609270046875 0.2307717328125 0.3576584203125 0.2388188484375 0.3538450734375 0.24834833281250002 0.345128846875 0.236912934375 0.3289971234375 0.21975985312500002 0.303393203125 0.21975985312500002 0.282692171875 0.21065390156250002 0.28296455468750004 0.2091715484375 0.2709797421875 0.2051479765625 0.2592673125 0.199006746875 0.24701011875 0.1828635125 0.263968521875 0.16740455781250002 0.281400971875 0.0032857484375000004 0.2812018734375 0.002912109375 0.63936418125 0.0033356421875 0.77277420625 0.2206069453125 0.77222944375
0 0.20439745625 0.25558263124999997 0.19869505 0.24666210781250003 0.181279596875 0.26688196406250003 0.16848770156249998 0.28075833906250003 0.1624770578125 0.287101815625 0.1624312671875 0.29596060468749996 0.211641059375 0.29641881406250004 0.21133282343749998 0.2787759984375 0.2076339640625 0.2641066890625 0.20439745625 0.25558263124999997
0 0.248783765625 0.7157885890625 0.24107781093749997 0.7088504 0.23260125937499998 0.7042910203125 0.22458706875 0.7007228125 0.21765170312499998 0.699136940625 0.21108748593749999 0.6988919671875 0.2114869359375 0.7621753124999999 0.21780582656249997 0.7623735453125 0.237378953125 0.7326384671875 0.248783765625 0.7157885890625
0 0.11378885000000001 0.73505803125 0.1097817546875 0.7271286765625 0.105466421875 0.7231639984375 0.090516865625 0.739617409375 0.0777249703125 0.7550796531249999 0.069864903125 0.76380194375 0.06986577656250001 0.77211259375 0.1199536171875 0.7723260015625 0.11902889531250001 0.755277884375 0.11671710937499999 0.7435820890625 0.11378885000000001 0.73505803125