3 0.9243040859375 0.57539450625 0.9185677875 0.57539450625 0.9186588421874999 0.5198223 0.9187498906249999 0.45219426562500004 0.907678125 0.45219426562500004 0.908133384375 0.3701553375 0.9085886406249999 0.2841321421875 0.7966035515625001 0.2838151765625 0.7187538234375 0.283653228125 0.718814378125 0.6492033890625 0.9242130375000001 0.64904490625 0.9243040859375 0.57539450625
5 0.8420981078124999 0.3049337140625 0.8420981078124999 0.28411941406249996 0.7738869703125 0.2840393375 0.7533960093750001 0.2839018484375 0.7533987234375 0.3050938671875 0.799405159375 0.3049337140625 0.8420981078124999 0.3049337140625
0 0.8787882765624999 0.332917440625 0.88132809375 0.34045869687499997 0.8843161109375 0.347121009375 0.8882005375 0.35336205 0.891686559375 0.357089334375 0.8955709859375001 0.3598631296875 0.899555009375 0.3616834328125 0.9019454250000001 0.3617701140625 0.9080708640624999 0.3618567953125 0.9081696406249999 0.31160545625 0.8766468625 0.311593890625 0.8766468625 0.31662139375 0.8770452640625 0.32433601093750003 0.8787882765624999 0.332917440625
0 0.9082652984375 0.4674123109375 0.9038247421875001 0.470666671875 0.899617903125 0.47609060937500003 0.8965796296875 0.48205694218749995 0.8943983031249999 0.4884300671875 0.8926844046875001 0.49778635937500004 0.8925285953125 0.5070070578125 0.9187596875 0.50683415 0.91886030625 0.46619192500000006 0.9127058531250001 0.466327521875 0.9082652984375 0.4674123109375
5 0.998602828125 0.559467559375 0.9985055031250001 0.5296777500000001 0.998602828125 0.47919804218750006 0.9860978390625 0.47952934843749995 0.9864376484375 0.5100042218749999 0.9864376484375 0.5592981640625 0.998602828125 0.559467559375
5 0.9395685171875 0.3055410328125 0.958254221875 0.3053716375 0.957621121875 0.2832577375 0.9250676265625 0.283180890625 0.9123185234375001 0.283011496875 0.9119292390625 0.3052022421875 0.9395685171875 0.3055410328125
3 0.541765609375 0.767519134375 0.6868949546875001 0.7673110453125 0.6870145015625 0.695162415625 0.6870145015625 0.57597110625 0.67601571875 0.57597110625 0.584273178125 0.575763015625 0.5843927328125 0.6165484640625001 0.5413065296874999 0.6165159671875 0.54140695 0.6776829390625 0.54140695 0.7673256140625 0.541765609375 0.767519134375
0 0.563045865625 0.6689868875 0.570458084375 0.661703775 0.5757183734375 0.65233976875 0.5790658359374999 0.6423514984375001 0.5807395578125 0.630698515625 0.5808591140625 0.6159241921875 0.5512349640624999 0.615143453125 0.5506124546875 0.6714839625 0.556111846875 0.6714839625 0.563045865625 0.6689868875
5 0.6868601984375 0.6781043906249999 0.686915421875 0.6345833203125 0.686915421875 0.599136125 0.6747008375 0.599116953125 0.6748770734375 0.6345833203125 0.6748770734375 0.6781043906249999 0.6868601984375 0.6781043906249999
5 0.6076883515625 0.7670897250000001 0.607619809375 0.745733725 0.5795152390625 0.74585303125 0.5519399953125 0.7457608140625 0.5518234203125 0.7674476453125 0.55792390625 0.7674476453125 0.6076883515625 0.7670897250000001
3 0.38512685625 0.7672189734375 0.54795600625 0.7672189734375 0.54795600625 0.640001275 0.5477718109375 0.5207990031249999 0.47372119375 0.5207990031249999 0.3854153109375 0.5209718015625 0.38512685625 0.52210391875 0.38512685625 0.6044127687499999 0.38512685625 0.7672189734375
5 0.5028981390625 0.76718359375 0.5028981390625 0.74597150625 0.46689876874999997 0.7458598624999999 0.43555315625 0.745714865625 0.435212909375 0.7672952359375 0.4572295546875 0.767406878125 0.5028981390625 0.76718359375
0 0.5218159265625 0.571773584375 0.5269662578125 0.579384975 0.5331855265625001 0.5858123703125 0.5378499765625 0.5883495046875 0.5418341921875001 0.5891952109374999 0.5482478125 0.5891952109374999 0.5481711109375 0.5375696015625 0.5159853609375 0.5372686078125 0.5159853609375 0.547586271875 0.5173458281250001 0.5585805046875 0.5218159265625 0.571773584375
5 0.68730721875 0.561156003125 0.68745233125 0.5318733531250001 0.68730721875 0.47908225312499997 0.6743056921874999 0.47929506718750003 0.674246571875 0.49497768437499995 0.674246571875 0.5606508265625 0.68730721875 0.561156003125
0 0.6003700421875 0.41833666718750007 0.59392084375 0.4110313109375 0.5860384875 0.40728954218749996 0.5812271765625 0.4067550046875 0.5806133609375 0.46189226874999995 0.6105045 0.4623469875 0.6102997640625001 0.44452904374999996 0.606307396875 0.429027434375 0.6003700421875 0.41833666718750007
5 0.6270881562499999 0.30778699375 0.647357065625 0.307608815625 0.6470499734375 0.2860491078125 0.631797096875 0.2858709234375 0.6121433125 0.2859986015625 0.612244759375 0.286940003125 0.6123471296874999 0.3081433578125 0.6270881562499999 0.30778699375
3 0.4726888265625 0.5319561578124999 0.54751336875 0.5319561578124999 0.54778300625 0.46299828749999994 0.5719155984375 0.46276362656250003 0.5721852359375 0.3973256890625 0.572320059375 0.2871001046875 0.5028697921874999 0.2861614546875 0.38530771875 0.2861146484375 0.3853314953125 0.41138900468750006 0.385196671875 0.53031351875 0.4726888265625 0.5319561578124999
5 0.5158455890625 0.3074931125 0.5157893828125 0.286556203125 0.47273221875000004 0.2866540375 0.448590596875 0.2864221609375 0.44873514999999997 0.307590946875 0.47498158906250004 0.3076887828125 0.5158455890625 0.3074931125
0 0.5380272578125 0.46743496406249996 0.533122128125 0.46940521406249996 0.5291225578125001 0.473083009375 0.5254248406250001 0.478205653125 0.5202933171875 0.486480696875 0.5178784828125 0.4950184390625 0.5162182843750001 0.5047383265625001 0.5158409671874999 0.5169538671875 0.548215478125 0.517522303125 0.5480639109375 0.466646865625 0.5418759015625 0.466646865625 0.5380272578125 0.46743496406249996
0 0.2325551296875 0.6469602671875 0.2382579609375 0.641798646875 0.2443029640625 0.6338576921875 0.24829494687500003 0.6237329703125 0.2510323046875 0.610630390625 0.2514885296875 0.597726334375 0.2197013703125 0.597124771875 0.2194386125 0.649342559375 0.2260539015625 0.649342559375 0.2325551296875 0.6469602671875
5 0.22673823906249999 0.7416006109375 0.2269663515625 0.7066603984375 0.2269663515625 0.6522926265625 0.2193249765625 0.6521205921875 0.2197807859375 0.6766832843749999 0.2195526734375 0.741799134375 0.22673823906249999 0.7416006109375
5 0.311854928125 0.7672947171875 0.31200768437500004 0.7458911968749999 0.28665848125000004 0.74575825625 0.2554203765625 0.7457817515625 0.2557171640625 0.7675605984375 0.270458171875 0.7675605984375 0.311854928125 0.7672947171875
0 0.1873262484375 0.7196978515625 0.1807859296875 0.7111599203125001 0.17203344062499998 0.7059702015625 0.1665511140625 0.7054679687500001 0.16622456875 0.7665255156249999 0.1961749140625 0.7670749781249999 0.1961749140625 0.7449768125 0.1927123890625 0.7314165765625 0.1873262484375 0.7196978515625
5 0.2167576859375 0.76774461875 0.2167576859375 0.7449768125 0.2083899203125 0.7451442234375001 0.19785908125 0.7453615796874999 0.1979061765625 0.767912028125 0.20608157343750003 0.76774461875 0.2167576859375 0.76774461875
3 0.1641832890625 0.7671115656249999 0.16453745 0.6071256421875 0.16453745 0.52168735 0.0543427078125 0.52168735 0.0024810546875 0.521605553125 0.002810171875 0.66071388125 0.0026921171875 0.7667005984374999 0.1641832890625 0.7671115656249999
0 0.13368310156250002 0.5565521734375001 0.1377299171875 0.5692309671875 0.14501417968750002 0.5825358703125 0.1538272375 0.589110059375 0.16470866875 0.5911449265625001 0.164619515625 0.5396380109375001 0.1328737390625 0.539021003125 0.1328737390625 0.546690890625 0.13368310156250002 0.5565521734375001
5 0.12064484687499999 0.767467296875 0.12073477968749999 0.7458663875 0.10196370156250001 0.745709859375 0.0524399859375 0.7454356296875 0.052569432812500004 0.767780353125 0.064169325 0.7679368796875 0.12064484687499999 0.767467296875
5 0.353549090625 0.5399250796875 0.353549090625 0.528802265625 0.35349955624999996 0.4998493203125 0.3412345234375 0.499814996875 0.34131337031250003 0.5127124390625 0.34131337031250003 0.540011303125 0.353549090625 0.5399250796875
0 0.2803499234375 0.48713731562499996 0.2831490734375 0.49558233124999995 0.28688127343750003 0.5020784968750001 0.292572875 0.5082498515625 0.3048891296875 0.5110107234375 0.3050484625 0.46920140000000005 0.278670434375 0.46862325 0.278857046875 0.4791795171875 0.2803499234375 0.48713731562499996
3 0.210710778125 0.407101490625 0.23578397343750002 0.40734171874999997 0.2356459546875 0.4004551375 0.235277909375 0.3951012171875 0.23417376562499997 0.3898161640625 0.23302361875000002 0.3849314921875 0.23132140156249997 0.379497496875 0.22869906874999998 0.3730913734375 0.22529463593750002 0.36716570625 0.22248827968749998 0.3638825671875 0.21922186250000003 0.3610967015625 0.21457527187499997 0.35821394687499997 0.2107567859375 0.357092871875 0.210664775 0.3540499640625 0.2734137859375 0.35429086249999997 0.2734137859375 0.3148468 0.300481790625 0.3146690125 0.3008903625 0.10252694375 0.18928048125000002 0.10194784374999999 0.1888000734375 0.067686684375 0.18351559374999998 0.049302646875 0.17871152031249998 0.048467007812500004 0.17006418750000002 0.048467007812500004 0.1657405234375 0.060165940625000004 0.15757359843750002 0.0718648734375 0.1537303390625 0.0668510453125 0.1503674890625 0.060165940625000004 0.14844585937500002 0.05765902656250001 0.1446026 0.054316474999999996 0.13835730625 0.04596009375 0.1282687515625 0.0442888171875 0.1249059015625 0.053480835937500006 0.1239450859375 0.07270051250000001 0.12202345625 0.0860707203125 0.12226807343749999 0.10252694375 0.12226807343749999 0.11106077343750001 0.09811675625 0.1108994515625 0.0822966546875 0.064472446875 0.06923588281250001 0.10225441718749999 0.036124075 0.10193423125000001 0.036124075 0.25006841562500004 0.003012265625 0.2503886125 0.0026443578125 0.395663528125 0.0026443578125 0.5329562015625 0.1648832546875 0.5329562015625 0.16473687812499999 0.46395466562500004 0.21056658125 0.464148334375 0.210664775 0.4255879671875 0.210710778125 0.407101490625
0 0.19218803281250002 0.42141823125 0.1857488359375 0.4134793046875 0.1790413359375 0.40950984375 0.17085819062500002 0.408342353125 0.1703083203125 0.46309034374999997 0.2005053328125 0.4636813328125 0.199968734375 0.44383402343749995 0.196480828125 0.43029115156250003 0.19218803281250002 0.42141823125
0 0.227201171875 0.3696144 0.2235791296875 0.3640104546875 0.21620088124999998 0.357939509375 0.2107007265625 0.355838028125 0.2038590765625 0.355838028125 0.204101259375 0.4084166140625 0.23645752187500002 0.4083750390625 0.23538432656250002 0.3934311765625 0.232298871875 0.3796548078125 0.227201171875 0.3696144
0 0.3169576828125 0.340045084375 0.325909353125 0.349134025 0.336352971875 0.3515144625 0.33709894218750003 0.2883246953125 0.3056817765625 0.288117190625 0.30713571093750003 0.31429309375000003 0.3103682578125 0.3270608875 0.3169576828125 0.340045084375
5 0.3541319875 0.39001910624999997 0.3541319875 0.373804009375 0.35388333125 0.3484848171875 0.3408301078125 0.348541809375 0.34107746875 0.3655655328125 0.340828803125 0.3898027046875 0.3541319875 0.39001910624999997
5 0.263051096875 0.1238641765625 0.26315118125 0.1026983328125 0.229973259375 0.10261123125 0.20720425625 0.1025618140625 0.20736915156250002 0.123777071875 0.23002319999999998 0.12368997343749999 0.263051096875 0.1238641765625
1 0.18641938281249998 0.0581166875 0.1719918125 0.064060440625 0.1632593375 0.07396669375 0.156425225 0.09179794999999999 0.15338784218749998 0.077268778125 0.13971961875 0.06075835625 0.127949759375 0.056795853125 0.1283294328125 0.12217712812499999 0.12984812343750002 0.12349796093750001 0.1867990546875 0.12349796093750001 0.18641938281249998 0.0581166875