0 0.322723334375 0.6132357234375 0.3375758921875 0.6202389171875 0.3573792703125 0.6199887953125 0.356617603125 0.57746938125 0.3015710609375 0.5767028921875 0.30177744375 0.586473490625 0.3044432890625 0.5974785171875 0.3112983109375 0.6072329828125 0.322723334375 0.6132357234375
5 0.4247869640625 0.4230686421875 0.424025271875 0.3690439765625 0.42516778437499997 0.3117678234375 0.403755221875 0.312178590625 0.4049835609375 0.369794315625 0.40650689375000004 0.42381899062499995 0.4247869640625 0.4230686421875
5 0.2225639078125 0.42381899062499995 0.2221830609375 0.368043521875 0.2221830609375 0.31226805 0.2023184140625 0.31190333125 0.20390301718749998 0.36629271874999997 0.2042838625 0.42406909531250003 0.2225639078125 0.42381899062499995
5 0.265217353125 0.2970110828125 0.222001428125 0.29566302499999997 0.2221830609375 0.3090165640625 0.2431289515625 0.3090165640625 0.265217353125 0.3085163375 0.265217353125 0.2970110828125
5 0.40879191875 0.29676096875 0.36522676718749997 0.29593828437499997 0.3657576265625 0.3085163375 0.3893693609375 0.3090165640625 0.40917273906249996 0.3085163375 0.40879191875 0.29676096875
5 0.4122194046875 0.750918940625 0.366138446875 0.7514191718750001 0.3283734640625 0.7503915859375 0.32805502343750004 0.7684269359375 0.36194926875 0.767926709375 0.4122194046875 0.7684269359375 0.4122194046875 0.750918940625
0 0.2777848875 0.735161746875 0.261409021875 0.7256574062500001 0.23208477656249998 0.7216555796875 0.23205232812499998 0.7685587078125 0.28654409062499997 0.7681768234375 0.2834973984375 0.746166771875 0.2777848875 0.735161746875
5 0.318153334375 0.7874356171875 0.3185341546875 0.7774310468750001 0.29026379687500004 0.7781927875 0.29187575468750004 0.79844064375 0.3185341546875 0.7981905312500001 0.318153334375 0.7874356171875
0 0.2522689984375 0.8069445265624999 0.236273953125 0.80569395 0.2358931078125 0.8519650828125 0.2907332671875 0.8519650828125 0.290682584375 0.85141179375 0.2911140890625 0.8337067421875 0.281974065625 0.818449778125 0.26940653281250004 0.8106962359375001 0.2522689984375 0.8069445265624999
5 0.6365719640624999 0.42697177656249996 0.5515872265625 0.425585471875 0.550122559375 0.44347931406249996 0.5847784953125 0.443729428125 0.6365719640624999 0.443729428125 0.6365719640624999 0.42697177656249996
0 0.586301828125 0.5077586703125 0.580208471875 0.49775409843749996 0.568402603125 0.48900010156249996 0.551265059375 0.4842479296875 0.5341275140625 0.483747703125 0.5335793609375 0.525504640625 0.5908718265624999 0.5247664265624999 0.591252671875 0.5162625515625 0.586301828125 0.5077586703125
5 0.868119240625 0.4262214359375 0.740041621875 0.42641125 0.7393972359375 0.44347931406249996 0.7904290125 0.44347931406249996 0.8685000609375001 0.4439795453125 0.868119240625 0.4262214359375
0 0.72416385625 0.5495812546875001 0.7173088328125 0.540827259375 0.7074071453124999 0.533323834375 0.6914120984375 0.528821775 0.6659162265624999 0.527981975 0.66513454375 0.5643379984375 0.7291147015624999 0.5633375375 0.72416385625 0.5495812546875001
0 0.733684725 0.607857865625 0.7473947453124999 0.6018551265625 0.7565347671875 0.5903498734375 0.7603431265625 0.5780942718750001 0.6981628671875 0.5780791890625 0.6982671218750001 0.61411071875 0.7203555234375 0.612359925 0.733684725 0.607857865625
0 0.671227875 0.6481530140625 0.682652921875 0.6519047234374999 0.6997904546875 0.6516546109375 0.6997904546875 0.6126367953125 0.6458144234375001 0.6119360984375 0.6457119859375 0.6216409031250001 0.6495203187499999 0.632145703125 0.6571370078125 0.640399471875 0.671227875 0.6481530140625
5 0.6468544734375 0.7515036937499999 0.5608005515625 0.7509421046875 0.56040508125 0.76776111875 0.5878251609375 0.7682613453125 0.6460928078125 0.7685114671875 0.6468544734375 0.7515036937499999
5 0.8224191031249999 0.7510034671875 0.7739634125 0.7509421046875 0.7744339921875001 0.7685114671875 0.8803059546875 0.7685114671875 0.8795442640625 0.7512535796875001 0.8224191031249999 0.7510034671875
3 0.7079201265624999 0.7672398406250001 0.7079201265624999 0.6728944484375 0.7085945359375 0.612212203125 0.5939409437500001 0.61176926875 0.5051387078125 0.61183160625 0.5082879546875 0.6852966671875 0.5076135015625 0.7694545296874999 0.7079201265624999 0.7672398406250001
3 0.9298086359375001 0.766353971875 0.9291341375 0.655619946875 0.9304830453124999 0.5705762062499999 0.7001915328125 0.57088440625 0.699826909375 0.6883972093749999 0.7005013640625 0.766353971875 0.9298086359375001 0.766353971875
3 0.9298086359375001 0.57803503125 0.9298086359375001 0.48944780625 0.9318318609375 0.426993821875 0.6675591203125 0.42756920468750004 0.6647564046875 0.5102658156250001 0.6674541296875 0.57803503125 0.9298086359375001 0.57803503125
3 0.298985990625 0.5854797421875 0.3062632625 0.6012516125 0.32372864843750004 0.61797936875 0.3572039734375 0.6208469734375 0.3601148640625 0.5850018078125 0.4416200109375 0.5850018078125 0.44234775937500004 0.4889367765625 0.445986346875 0.42632723125 0.2641660171875 0.42558736406250003 0.262599775 0.51092180625 0.262599775 0.5845238734375 0.298985990625 0.5854797421875
3 0.21602539687500003 0.661070253125 0.2131145078125 0.7690836671875 0.445986346875 0.7686057328125 0.44525864843749996 0.5754430937499999 0.27642652343749996 0.5778327812499999 0.2749710796875 0.426805165625 0.1767282921875 0.426805165625 0.1810946265625 0.39430555 0.0704804859375 0.393827615625 0.0697527890625 0.42632723125 0.0192900875 0.42558736406250003 0.020267496875 0.5367558890625 0.019539775000000002 0.6615481859375001 0.21602539687500003 0.661070253125
1 0.3687707953125 0.261453275 0.334601471875 0.26484326875 0.31332623437499996 0.28603073125 0.297853334375 0.26484326875 0.2617498984375 0.260182028125 0.264328715625 0.30976068749999996 0.265618125 0.311031934375 0.3707049078125 0.3101844359375 0.3687707953125 0.261453275
1 0.1188180234375 0.4034343359375 0.09157681875 0.3961961375 0.072450015625 0.3958151796875 0.073015125 0.44038724531250006 0.1756188359375 0.44038724531250006 0.1761984359375 0.393910390625 0.167504434375 0.393910390625 0.1443204296875 0.3992438 0.122875225 0.4194345640625 0.1188180234375 0.4034343359375