5 0.176119159375 0.1458679625 0.1753857140625 0.1125942234375 0.1665933140625 0.11263736093750001 0.16621763437499998 0.1479805796875 0.16621763437499998 0.183895090625 0.176119159375 0.183895090625 0.176119159375 0.1458679625
5 0.1753857140625 0.3138740140625 0.176119159375 0.28693813125 0.1665933140625 0.2864539296875 0.16658435625 0.3186274046875 0.16658435625 0.35507006875 0.1764858828125 0.354013759375 0.1753857140625 0.3138740140625
5 0.25569809062500004 0.4406487421875 0.25606481406250003 0.4279730328125 0.2377286546875 0.42744487812500004 0.21537559218750002 0.427514790625 0.21572526406249998 0.44012058749999994 0.23736193125 0.44012058749999994 0.25569809062500004 0.4406487421875
5 0.31804103281249996 0.0903940984375 0.31840775625 0.077190234375 0.30593916718749997 0.07824654375 0.2901995359375 0.077768384375 0.289803346875 0.09092225312499999 0.30593916718749997 0.09092225312499999 0.31804103281249996 0.0903940984375
5 0.3389442546875 0.44119452968750006 0.3389442546875 0.4285188203125 0.3272091125 0.427990665625 0.31440728125 0.428043109375 0.31584069375 0.440666375 0.3231751578125 0.44119452968750006 0.3389442546875 0.44119452968750006
5 0.3613222796875 0.0608293625 0.3613222796875 0.047625498437500004 0.3521860375 0.0460693140625 0.35215420000000003 0.0613575171875 0.35215420000000003 0.0750895359375 0.3613222796875 0.07456138125 0.3613222796875 0.0608293625
5 0.48674160781250003 0.0967438734375 0.48674160781250003 0.0703361453125 0.4768926109375 0.06931529843749999 0.476473359375 0.09938464531249999 0.4768400828125 0.12843314687500001 0.48674160781250003 0.12948945625 0.48674160781250003 0.0967438734375
5 0.48710833124999997 0.164365290625 0.48674160781250003 0.139013871875 0.4768926109375 0.138524934375 0.4768400828125 0.16330898124999998 0.4768400828125 0.19552640937500002 0.48674160781250003 0.1944701 0.48710833124999997 0.164365290625
5 0.48674160781250003 0.31018884999999996 0.48710833124999997 0.27902773125 0.4768926109375 0.276415890625 0.476473359375 0.30649176875 0.47610663593749997 0.34715966875 0.4863748859375 0.34715966875 0.48674160781250003 0.31018884999999996
5 0.4420013796875 0.44064302812499995 0.442368103125 0.42743916249999997 0.42146488125000003 0.428495471875 0.3943662015625 0.428043109375 0.39469408906250003 0.44117118125 0.4262322828125 0.44117118125 0.4420013796875 0.44064302812499995
0 0.2720095796875 0.1604109921875 0.2694981984375 0.1730618578125 0.26887035312499996 0.18616455468749998 0.2920826890625 0.1850355546875 0.2930424640625 0.147760109375 0.28488045624999997 0.1495673875 0.2760905828125 0.154085559375 0.2720095796875 0.1604109921875
0 0.24124508281249998 0.2205026453125 0.2713817328125 0.2205026453125 0.2727510125 0.180560390625 0.2610222578125 0.18074275312500002 0.24909315781250002 0.18842363281250002 0.24407039687499998 0.20107451406250001 0.24124508281249998 0.2205026453125
0 0.40698371250000004 0.2179314578125 0.41178674531250004 0.21409102500000002 0.416856603125 0.203337775 0.41925810312499995 0.193352625 0.418724453125 0.1822153328125 0.390289065625 0.182639478125 0.3901731140625 0.2229240328125 0.4011133421875 0.22100382812500002 0.40698371250000004 0.2179314578125
3 0.2698305140625 0.2283006625 0.27036418125 0.07698716875 0.2071243015625 0.07698716875 0.16552380625000002 0.0761306015625 0.16576487812500001 0.22714852031250002 0.22446857812499998 0.22906875000000002 0.2698305140625 0.2283006625
0 0.2855696828125 0.411956065625 0.2997119390625 0.41349223906250004 0.299895696875 0.373256553125 0.268492259375 0.37393566875 0.2706269328125 0.391601709375 0.276497303125 0.404275175 0.2855696828125 0.411956065625
0 0.369622728125 0.41157200937500005 0.37575992187499996 0.40389111875 0.38216394375 0.3946740546875 0.38456547812499997 0.3846889046875 0.38403179062500004 0.3743197125 0.3544131171875 0.3747037546875 0.3546799421875 0.41464438125 0.36375235781250004 0.41349223906250004 0.369622728125 0.41157200937500005
3 0.211923234375 0.441143428125 0.2997119390625 0.44037534218749996 0.29944511406249996 0.315176871875 0.299178271875 0.21954981562500003 0.21859411562500003 0.2203179015625 0.1649191703125 0.21983305312499998 0.1657607875 0.2756408375 0.1660276203125 0.4415480265625 0.211923234375 0.441143428125
3 0.389586378125 0.44057249218749994 0.4867143234375 0.4401884625 0.4869811484375 0.377205178125 0.4864474625 0.2212831515625 0.41733720312499994 0.2197469734375 0.3547843703125 0.21898774531249998 0.3548978265625 0.32727940312500003 0.3546309828125 0.44057249218749994 0.389586378125 0.44057249218749994
3 0.4864474625 0.22851836875 0.48724797343750004 0.1328913109375 0.4867143234375 0.0326146328125 0.41520253125 0.0333827265625 0.35089530468749996 0.0333827265625 0.3511621296875 0.09098937968750001 0.35436415781249997 0.09098937968750001 0.3551646515625 0.17547915 0.3548978265625 0.183544096875 0.39058249218749996 0.1834847859375 0.39092055625 0.24388013593750002 0.4341478203125 0.24388013593750002 0.4344146453125 0.22890241093750002 0.4864474625 0.22851836875
0 0.379288375 0.49814847812499996 0.37975563125 0.49209573906250004 0.3489156015625 0.4927682671875 0.35072326249999997 0.5240647 0.36456927656250004 0.5233682281250001 0.3718119953125 0.5179880140625001 0.376952 0.5092451703124999 0.379288375 0.49814847812499996
5 0.3059264921875 0.521350646875 0.29009006406250004 0.521844284375 0.289338290625 0.5374912890625 0.2982164859375 0.5371550265625 0.3059264921875 0.5381638140625 0.3059264921875 0.521350646875
5 0.347513803125 0.5210143859375 0.332224996875 0.5214742140624999 0.332327415625 0.5374912890625 0.3393365078125 0.5374912890625 0.34774743125 0.5374912890625 0.347513803125 0.5210143859375
5 0.17602455781249998 0.6027263734375 0.17625819375000001 0.5613659859375 0.16471294218750002 0.5614417234375 0.165978184375 0.638706540625 0.1764918296875 0.6380340171875 0.17602455781249998 0.6027263734375
0 0.3426074265625 0.590957159375 0.33559833437500003 0.5970098921875 0.3309256015625 0.6064252703124999 0.3290565140625 0.617858221875 0.3296557953125 0.6310147921875 0.35499018125 0.6306362234375 0.35522380937500003 0.587594525 0.3426074265625 0.590957159375
0 0.38396109218749996 0.657555284375 0.38139108906249997 0.64713111875 0.3764847453125 0.636034428125 0.36690561875 0.6286366359375 0.35329246406250003 0.628794375 0.35499018125 0.6683157 0.3844283796875 0.6676431765624999 0.38396109218749996 0.657555284375
0 0.2827964703125 0.8533504609375001 0.289571934375 0.85738563125 0.300085571875 0.85738563125 0.30010995625 0.8167896921875 0.26854464375 0.8180428171875 0.27041373125 0.832838403125 0.2760210078125 0.8442713562499999 0.2827964703125 0.8533504609375001
0 0.3318601609375 0.8435988312499999 0.325318325 0.8449438796875001 0.3185428609375 0.8520054109374999 0.313169228125 0.8600757281250001 0.310599225 0.8721812046874999 0.3109006109375 0.8878430390625001 0.3386356234375 0.8869767921875 0.3381683359375 0.8429263062500001 0.3318601609375 0.8435988312499999
5 0.23303188281249998 0.8725174796875 0.2117293625 0.8726701890624999 0.211303675 0.887985590625 0.256862803125 0.8876493171875 0.256629175 0.8718449546875 0.23303188281249998 0.8725174796875
0 0.36456927656250004 0.854359259375 0.3739147421875 0.8442713562499999 0.37998929062500003 0.82880324375 0.37975563125 0.8166977671875 0.3486678984375 0.816419621875 0.34938288906250003 0.8567130953125 0.357560184375 0.8567130953125 0.36456927656250004 0.854359259375
5 0.1644744359375 0.7365220453125 0.17079092499999998 0.7271852812499999 0.1627809265625 0.71633975625 0.152865753125 0.7306251421875001 0.1602065453125 0.7416818375 0.1644744359375 0.7365220453125
5 0.1651572984375 0.8124446796875 0.1601527171875 0.8053033875000001 0.1532071828125 0.816867359375 0.163791575 0.8311182 0.17062021562500002 0.8203072109375 0.1651572984375 0.8124446796875
5 0.39214586875 0.8912244218750001 0.38800685625 0.8825734453124999 0.38008046093750003 0.8912244218750001 0.387906671875 0.9085896578125 0.395950278125 0.9004545937499999 0.39214586875 0.8912244218750001
5 0.4167114890625 0.9031141312500001 0.40354575156249994 0.9025453562499999 0.4034504015625 0.9167247328125001 0.4317117296875 0.91703761875 0.43116824062500003 0.90295769375 0.4167114890625 0.9031141312500001
5 0.442472771875 0.8913808640625 0.4385680328125 0.900134953125 0.4472554515625 0.9079638843750001 0.45453818906250004 0.8910679781249999 0.44595108593750005 0.8835586875000001 0.442472771875 0.8913808640625
5 0.47671245000000007 0.8232860484375 0.486386515625 0.8225038281250001 0.4864952234375 0.7395887171875 0.47621997499999996 0.7400153109375001 0.47660375781250003 0.7597699453125 0.47671245000000007 0.7932488765625 0.47671245000000007 0.8232860484375
5 0.5139332796875 0.653438471875 0.49748259531250005 0.66102415625 0.5005385421875 0.6753006671875 0.509514396875 0.671126975 0.517385534375 0.6675495296875 0.5139332796875 0.653438471875
0 0.5066145046874999 0.635352475 0.512966646875 0.64091739375 0.5189045250000001 0.64389860625 0.528570828125 0.644494846875 0.5284603703124999 0.606342090625 0.498743371875 0.605540390625 0.4992957359375 0.61686898125 0.5016432640625 0.6270050890625 0.5066145046874999 0.635352475
5 0.5763499828125 0.6514509984375 0.552301109375 0.65008774375 0.5520461328125 0.664170821875 0.5905732593749999 0.6643695703125 0.5905732593749999 0.6512522515625 0.5763499828125 0.6514509984375
5 0.6148771109375 0.6508547578125 0.5985824859375 0.6508547578125 0.5983122171875 0.650306471875 0.5981682125 0.6647670625 0.6366953390625001 0.6647670625 0.6366953390625001 0.6506560125 0.6148771109375 0.6508547578125
0 0.6607606546875 0.644881709375 0.6665604375 0.6375280640625001 0.671531675 0.629975665625 0.6736030328125 0.62003830625 0.6736030328125 0.6110946828125 0.6441714734375 0.6107166562499999 0.6439136624999999 0.6484591609375 0.6549608703125 0.64766416875 0.6607606546875 0.644881709375
0 0.682164609375 0.692581040625 0.6926594500000001 0.6937735328125 0.6926594500000001 0.6504466343749999 0.665734434375 0.649869015625 0.6653176265625 0.6663464109375 0.668079428125 0.6764825171875 0.6737411171875001 0.686618628125 0.682164609375 0.692581040625
0 0.49964990625 0.6164686328125 0.50267895625 0.6289245953125 0.510035228125 0.641069159375 0.5217187203125 0.6444945515625 0.5215023515625 0.650099740625 0.522800528125 0.6631785109375 0.65153526875 0.664112715625 0.651318915625 0.6485427390625 0.660189709375 0.64667435 0.6688441484375 0.6376437687500001 0.6740368250000001 0.6239422125 0.6742531781250001 0.610240646875 0.651318915625 0.611174840625 0.65218435625 0.47945297187499997 0.5217902375000001 0.479145425 0.5215023515625 0.6061924578125 0.4987844578125 0.6061924578125 0.49964990625 0.6164686328125
3 0.3563410234375 0.536581115625 0.3555768203125 0.6795683125 0.4760679328125 0.67993495625 0.48702168125 0.680301603125 0.5247229109375 0.6656362421875001 0.528034521875 0.665269596875 0.5275250296875 0.47828632656250003 0.357188575 0.47899707812500003 0.354557853125 0.478652959375 0.353284175 0.5373143796875001 0.3563410234375 0.536581115625
3 0.3914948796875 0.91728435625 0.44320672187500004 0.9169177109375 0.4564530984375 0.8861204718750001 0.48651220625 0.8860812640625 0.48651220625 0.6800330156250001 0.4760679328125 0.670500534375 0.3497178359375 0.6697672671875 0.34878483125000004 0.8042127390625 0.3497178359375 0.8872203828125 0.37824850312499997 0.8872203828125 0.3914948796875 0.91728435625
3 0.132103615625 0.7423208406249999 0.132103615625 0.8053241609375 0.14523609843750002 0.8044241156249999 0.164622115625 0.8341256859374999 0.164622115625 0.8863284390624999 0.29969881875 0.8872285140624999 0.29969881875 0.6163141999999999 0.27781138906249997 0.6163141999999999 0.27718605625000003 0.52090914375 0.1651147546875 0.522135115625 0.1621206609375 0.7126192703124999 0.1421093109375 0.7441209296875 0.132103615625 0.7423208406249999
1 0.13328772656250001 0.7894724265625 0.13227072812500001 0.801191546875 0.1551531875 0.8008253249999999 0.1543904390625 0.7583435140625 0.15413618906249998 0.746258171875 0.1317622296875 0.746258171875 0.1335419765625 0.766400409375 0.142949209375 0.7722599703124999 0.13328772656250001 0.7894724265625