3 0.7788530390624999 0.37812467656250004 0.776264771875 0.180250540625 0.62485108125 0.1786174671875 0.6246353921875001 0.179161825 0.624419703125 0.17942926718750002 0.623988325 0.179701446875 0.6237726359375 0.41133050937500004 0.754911584375 0.4096974359375 0.7788530390624999 0.37812467656250004
5 0.7320485234375 0.1788896453125 0.69581276875 0.1775287515625 0.666047684375 0.1788896453125 0.66561630625 0.1957647484375 0.6999108859375001 0.19549256406249998 0.7329112796875 0.1952203984375 0.7320485234375 0.1788896453125
3 0.6536484765624999 0.6501971265625001 0.7223066859375 0.649492734375 0.73863394375 0.634348325 0.7513329375 0.6348766234375 0.7537052578125001 0.4036602 0.6232267546875 0.40348410156250003 0.6235058484375 0.634524421875 0.642624090625 0.6347005203125 0.6536484765624999 0.6501971265625001
0 0.733051975 0.425496325 0.7350056640625 0.431835846875 0.7383548453125 0.4441626921875 0.7418435750000001 0.4529675828125 0.7460300515625 0.461420278125 0.7525888640625 0.46159638750000004 0.7527284296875 0.4163392390625 0.7439368140625 0.41651534218749997 0.7340288203124999 0.4198611953125 0.733051975 0.425496325
0 0.7444950109375 0.38587431875 0.74309951875 0.3923899375 0.7477046421875 0.40084263125 0.7534261765625 0.4063016640625 0.77798681875 0.3779499171875 0.7725444 0.3751323578125 0.7444950109375 0.38587431875
0 0.7772890734375 0.48607397656250007 0.7887321078125 0.49435056718750003 0.7918022078125 0.48836324218750005 0.7944536265625 0.477445178125 0.7947327234375 0.4665271140625 0.7606827171874999 0.4663510171875 0.760124521875 0.4758603 0.7657064890624999 0.477621278125 0.7772890734375 0.48607397656250007
3 0.8004412515625001 0.6662587734375001 0.8131894718750001 0.6356315234375 0.8520515203125001 0.6348581078125 0.8514386249999999 0.467026946875 0.74699678125 0.4677616859375 0.747487096875 0.6350127953125 0.77494480625 0.6345487359375 0.7869575546875 0.6662587734375001 0.8004412515625001 0.6662587734375001
5 0.7937038890625 0.652491975 0.793581309375 0.6478514828125 0.7838975640625 0.62681458125 0.7744589765625001 0.6345487359375 0.7742138187500001 0.6347034203125 0.78365240625 0.6599167640625 0.7937038890625 0.652491975
5 0.7258647890625001 0.651711315625 0.7403301890625 0.6352430578125 0.7342767296875 0.620659721875 0.72130503125 0.6367311531250001 0.6602201265625001 0.63603670625 0.6477987421875 0.620262896875 0.6396226421875 0.6337549640625 0.639465409375 0.6337549640625 0.654166671875 0.651413690625 0.7258647890625001 0.651711315625
3 0.48522229687499996 0.36923335625 0.43681497968749994 0.36887083125000003 0.40823025468749996 0.3469380828125 0.3986062375 0.34856945 0.37217613125 0.36796451874999997 0.3361220171875 0.36778325624999997 0.3362656640625 0.6333326578125 0.487664209375 0.6333326578125 0.48953155312499996 0.5863856890625 0.484216803125 0.5863856890625 0.48522229687499996 0.36923335625
0 0.46707128437499995 0.441414675 0.4726778828125 0.4519364375 0.47627184375000003 0.4628210078125 0.4792907546875 0.46808187187500006 0.4853286109375 0.4679004625 0.484897334375 0.46731088125 0.48504109375000004 0.42291090625 0.47857196249999995 0.42436218124999997 0.46318980625000006 0.4303486953125 0.46707128437499995 0.441414675
5 0.4302914765625 0.6362971453124999 0.4304232265625 0.628815696875 0.43055499062499997 0.6188404328125 0.36428534375 0.618341671875 0.3636266 0.6362971453124999 0.398144778125 0.6362971453124999 0.4302914765625 0.6362971453124999
3 0.5642362828125 0.32755893281250004 0.563279353125 0.1811723078125 0.4058959390625 0.1808704796875 0.3860436234375 0.170004678125 0.378150534375 0.16970284062500002 0.36021169531249997 0.1796631671875 0.3360542515625 0.180191365625 0.33557588125 0.378567875 0.48506620624999996 0.379775196875 0.48506620624999996 0.32574796093749997 0.5642362828125 0.32755893281250004
5 0.5283584125 0.194754571875 0.528597596875 0.186303384375 0.528597596875 0.1772485421875 0.475977003125 0.1772485421875 0.47573781875 0.194150925 0.5003738531249999 0.19324543125 0.5283584125 0.194754571875
0 0.8015566218749999 0.3142015171875 0.7887640796875 0.304819278125 0.7863586453125 0.302887640625 0.778048959375 0.3030256140625 0.7783769734375 0.32786095312499997 0.8103036593749999 0.3270331078125 0.8096476453125 0.31985845468749996 0.8015566218749999 0.3142015171875
5 0.8057114640625 0.1921218796875 0.822877525 0.1925358015625 0.82265885 0.1860510234375 0.82265885 0.1780485203125 0.7930282609375 0.1781520015625 0.792809584375 0.1777725765625 0.7929189234375 0.1933636453125 0.8057114640625 0.1921218796875
1 0.385581346875 0.1754805640625 0.3828899890625 0.175219196875 0.38061269375 0.1712986265625 0.3597029625 0.18175348281249998 0.36033869375 0.1921148234375 0.4075262140625 0.1922083390625 0.407319190625 0.1838444515625 0.3876516171875 0.17103724843749998 0.385581346875 0.1754805640625
1 0.403470484375 0.35656408906250003 0.4046029921875 0.364693175 0.400784996875 0.35795107812500004 0.39809951093749996 0.3507078953125 0.370634265625 0.3696634703125 0.370634265625 0.377831325 0.4332737984375 0.3773014171875 0.4334991515625 0.368122365625 0.4065221796875 0.350399671875 0.4046911625 0.35301955 0.403470484375 0.35656408906250003
1 0.546163375 0.5971193 0.546163375 0.5859697703125 0.5262017421875 0.5739943484375 0.5206386640625 0.577710859375 0.51965694375 0.5727555125 0.5055856296875 0.5789496953125 0.49282327343750004 0.590512171875 0.4924960328125 0.5909251171875 0.49282327343750004 0.5983581375 0.546163375 0.5971193