3 0.5774037546875 0.76021175625 0.606250425 0.7919593125 0.713145703125 0.7919593125 0.7434996 0.7589365453125 0.858653534375 0.7594136687499999 0.8590897656250001 0.6526375765625 0.80238513125 0.6526375765625 0.8019489578125001 0.6030164453125 0.7692347609375 0.6030164453125 0.7107854031249999 0.547192671875 0.5432887265625 0.547192671875 0.5428505859375 0.57391356875 0.5430275515625 0.76021175625 0.5774037546875 0.76021175625
0 0.738473815625 0.6040936296874999 0.7443985093750001 0.6004306109375 0.7499367984374999 0.5960631640625 0.7549599 0.5895824390625 0.7174805796875 0.5563314015625 0.713744696875 0.5614053671875 0.7310035640625 0.6069113374999999 0.738473815625 0.6040936296874999
5 0.5930924937500001 0.75442115 0.5820159109375 0.7658328625 0.606479925 0.7920375390625 0.7132295078124999 0.792178425 0.7393753984375 0.7637195828125 0.7281065515625 0.7517840171875 0.7068486125 0.7763992656250001 0.612540925 0.7762583796875 0.5930924937500001 0.75442115
3 0.704398540625 0.5559155484375 0.7111717718749999 0.5494327671875 0.7111717718749999 0.4874265203125 0.7111717718749999 0.347648534375 0.5429994796875001 0.3468663796875 0.5424058328125 0.40381101406250003 0.5426880578125 0.5559155484375 0.704398540625 0.5559155484375
5 0.6543802125 0.36353800625 0.6542743515625 0.3463996125 0.620186 0.3465154109375 0.5853041265625001 0.34639626875 0.5849331453125 0.36353800625 0.609176103125 0.36353800625 0.6543802125 0.36353800625
0 0.6793185203125 0.52855863125 0.6875048015624999 0.5325384468750001 0.696340790625 0.5358075734375001 0.7110241296875001 0.5370868 0.7109861890625 0.4847080078125 0.7015384328125001 0.4852070984375 0.6899736859375001 0.5070960671875 0.6793185203125 0.52855863125
0 0.75111555625 0.429117534375 0.7454123078125 0.434071646875 0.7668833734375 0.475906375 0.7727543796874999 0.475906375 0.7724206140625001 0.4238091328125 0.7635285281249999 0.42434690625 0.7573220359375 0.42599827812499996 0.75111555625 0.429117534375
3 0.7645612859375001 0.3617300859375 0.8589659749999999 0.361535246875 0.8586097328125 0.2439479046875 0.8584316046874999 0.153778325 0.8429354625000001 0.1533886484375 0.697362259375 0.1535985734375 0.697275046875 0.295915390625 0.6970969203124999 0.3619249234375 0.7645612859375001 0.3617300859375
5 0.8358647015624999 0.1703396484375 0.8358647015624999 0.1524144515625 0.810571375 0.152609290625 0.77677295625 0.15274182812499998 0.7769063078125 0.169755125 0.8000621765625 0.170144809375 0.8358647015624999 0.1703396484375
0 0.75321606875 0.3325178609375 0.7293477140625 0.346546275 0.71420734375 0.3555088703125 0.7142789953124999 0.361787959375 0.761765925 0.36213339843750003 0.7606971953125 0.3512224109375 0.7585597374999999 0.34128561875 0.75321606875 0.3325178609375
3 0.182790403125 0.7599952437499999 0.2114132203125 0.7921392625 0.317527428125 0.7925906 0.343478790625 0.7623251296875 0.35740855 0.7625338562499999 0.3570269140625 0.76044658125 0.35740855 0.7527236640625 0.40663979687499996 0.7531411234375 0.40663979687499996 0.692654003125 0.40606733593750005 0.595877540625 0.4062581609375 0.5462296359375001 0.3497201234375 0.47153445312500003 0.3497201234375 0.46384075312500006 0.35353650000000003 0.46321457187500004 0.3609784421875 0.4611272984375 0.36899281875 0.45674402187499996 0.3630774484375 0.44442910781249995 0.35563550781250003 0.42941534218750005 0.3489568515625 0.41626552187500004 0.3487660390625 0.40812514999999994 0.34933848749999996 0.35430270468749997 0.2667121796875 0.35451143125 0.24495884218750003 0.3428226984375 0.22759432968749999 0.33155141875 0.22282386718749997 0.34470124687500003 0.22091567343750002 0.3538852515625 0.206413453125 0.354093978125 0.14821439375 0.354764628125 0.1482522140625 0.596039521875 0.147870571875 0.760203971875 0.182790403125 0.7599952437499999
0 0.365383928125 0.46091705625 0.36984116562499997 0.457324540625 0.352950565625 0.42165595468749995 0.346616584375 0.41139161562500004 0.34091805937499997 0.4124504921875 0.3419247484375 0.46579262187500003 0.3501354578125 0.466049228125 0.3583461671875 0.46399635781250004 0.365383928125 0.46091705625
5 0.46471599531249996 0.42853233125 0.46459642187499994 0.4091751921875 0.46471599531249996 0.3894256765625 0.448790315625 0.3895155625 0.44869365625 0.40302799218749996 0.44893279374999995 0.42853233125 0.46471599531249996 0.42853233125
0 0.40155197343750004 0.5055185343749999 0.403990503125 0.498850065625 0.4065645015625 0.490106959375 0.40819019062499995 0.48003016406250004 0.408325659375 0.470842496875 0.3603548171875 0.470810865625 0.3599615234375 0.47928922500000004 0.3717477421875 0.4872913875 0.40155197343750004 0.5055185343749999
3 0.2869998078125 0.3620458796875 0.46357692031250003 0.3607472890625 0.46357692031250003 0.286003275 0.46381436249999997 0.15413965937500002 0.27317340625000003 0.15465909687499999 0.272935965625 0.1741378828125 0.1481173140625 0.1739095265625 0.14808618125 0.244466709375 0.14832361562500002 0.361526446875 0.2869998078125 0.3620458796875
0 0.23375400625 0.335319315625 0.22681001093750003 0.3324329546875 0.2231991421875 0.3421554390625 0.22083818437499997 0.3503587875 0.22000490312499998 0.3544604578125 0.2195469765625 0.3615735 0.26736291093750003 0.362056153125 0.26736291093750003 0.35537194375 0.245003265625 0.34261118125 0.23375400625 0.335319315625
5 0.34476989375 0.7626270390625 0.334304953125 0.7513458546875 0.3117067578125 0.7762308265625 0.2188942453125 0.776064928125 0.20005283281250003 0.756144034375 0.1888895203125 0.767935834375 0.21163938437500002 0.792323103125 0.318421378125 0.7921572046875001 0.34476989375 0.7626270390625