3 0.8320120171875001 0.7914125546874999 0.9720109359375 0.7911664046875 0.9722338562499999 0.6376546515625 0.9720109359375 0.5653208703125 0.9319451578125 0.5648285671875 0.8328103015625 0.5650325109375001 0.8322349515624999 0.5653553265625 0.8324578796875001 0.6932502015625001 0.8320120171875001 0.7914125546874999
0 0.8579101625 0.597869721875 0.8751813125 0.5879650046875 0.9007533375 0.5724426859375 0.9008872171875 0.5647554453125 0.8481771312499999 0.5644220171875001 0.8492076421875 0.57480799375 0.8520192249999999 0.5857475328125 0.8579101625 0.597869721875
5 0.9460064328125 0.7925772578125 0.9460064328125 0.77261999375 0.9279319671874999 0.7727678250000001 0.8799887156249999 0.7727614890625001 0.8800011718749999 0.7928729203125 0.907581459375 0.7927250890625 0.9460064328125 0.7925772578125
3 0.5553840343750001 0.7123268578124999 0.5472921015625001 0.7742867328124999 0.5475373109375 0.792156459375 0.6696454453125 0.7926979656250001 0.703968953125 0.83114495 0.7866047421875 0.8314157124999999 0.8098997046875 0.8056941312499999 0.8219150031250001 0.7911255828125 0.84079618125 0.7916670875 0.84079618125 0.673946196875 0.8415318171875 0.5789685875 0.8415318171875 0.43581581406250003 0.713305221875 0.43608657187500005 0.5907493234375 0.435483478125 0.5813762984374999 0.5129142203125 0.5698514265625 0.5994984750000001 0.5553840343750001 0.7123268578124999
0 0.805512865625 0.5191125375000001 0.8107814453125 0.52192740625 0.8172397078125 0.5251175921875 0.8286266296875 0.52793246875 0.8417131 0.5286830984375 0.8420545718750001 0.4697540921875 0.8315158578125 0.4691954671875 0.8221683796875 0.4851464109375 0.805512865625 0.5191125375000001
5 0.7960120093749999 0.8210175765625 0.8056719156250001 0.8105858218750001 0.818091803125 0.7954656390625 0.8059594984375 0.7816187765625 0.7962243140624999 0.7920665296875 0.7831675125 0.8070695000000001 0.7960120093749999 0.8210175765625
5 0.7769565671875001 0.8308042609375 0.7768504046875 0.81134728125 0.742987646875 0.81134728125 0.71242665 0.8113830734375 0.7122033156249999 0.8309214718750001 0.7361938625 0.8310386828125 0.7769565671875001 0.8308042609375
5 0.6855648546875 0.782865075 0.673144971875 0.7961098875 0.6807879765625 0.8045490609374999 0.6955373171875 0.8208413484375001 0.7079893859374999 0.80661563125 0.7072200375000001 0.8068932765625 0.6968170609375 0.79493778125 0.6855648546875 0.782865075
0 0.8572455 0.28184201249999996 0.8532918703125001 0.2922100234375 0.8509855921874999 0.3027599265625 0.8499971765625001 0.3103995125 0.8506561234375001 0.31985804375 0.9030417281249999 0.31949425468750003 0.9033711953125 0.30803487500000004 0.878496271875 0.29366517812500004 0.8572455 0.28184201249999996
5 0.8929929187500001 0.174769575 0.9277519218749999 0.17495146875 0.9279166515625 0.15512492656250002 0.896452340625 0.15476113593750002 0.8689262734375 0.15479177187499998 0.8689416609375 0.1744057859375 0.8697653359374999 0.1745876796875 0.8929929187500001 0.174769575
3 0.5904883265625 0.4446217640625 0.6319642796875 0.44560249062499996 0.8413554718749999 0.44486694531250004 0.8411334296874999 0.41423658906250005 0.8413554718749999 0.30175038125000003 0.8413554718749999 0.24098002968749999 0.841577528125 0.1559539953125 0.7962606828125 0.15570881718750001 0.6288354234375 0.1559539953125 0.6231295890624999 0.19392260156250002 0.60647588125 0.32281871406249996 0.5904883265625 0.4446217640625
5 0.776776721875 0.1743479453125 0.7765357796875 0.15506052343750001 0.7419615625 0.1551935390625 0.69890671875 0.155163284375 0.699195540625 0.1742149234375 0.7220843968749999 0.1742149234375 0.776776721875 0.1743479453125
0 0.8104481031249999 0.4019480140625 0.8190200078125001 0.40569822968749997 0.831958721875 0.40962702812499996 0.8418245046875 0.4114128453125 0.8415348125 0.3518208484375 0.835193403125 0.35230229999999996 0.8203138765625001 0.3819468625 0.8104481031249999 0.4019480140625
0 0.3772630015625 0.7644998109375 0.3740821109375 0.7764414656249999 0.3747848296875 0.7900126515625 0.42974784687499995 0.7901392406250001 0.43038402500000006 0.7767926890625 0.38330670312500004 0.7500995765625 0.3772630015625 0.7644998109375
3 0.041383146875 0.7919803812499999 0.16390963281249998 0.7922741875 0.1985897484375 0.8307628875 0.2806899203125 0.8304690765625 0.31514839375000003 0.7918540421875 0.35164511875 0.7917298109375001 0.3519730453125 0.59742215 0.35164511875 0.4602716921875 0.24056492031249999 0.45990960625 0.0822807203125 0.458977503125 0.04949885625 0.7125673156250001 0.041383146875 0.7726199734375 0.041383146875 0.7919803812499999
0 0.3199975203125 0.5416834484375 0.328108590625 0.54625671875 0.33932601875 0.5494961218750001 0.351406340625 0.5508299890624999 0.35216691718750004 0.4912448453125 0.34415815156249996 0.4917585703125 0.3370825328125 0.505478384375 0.3199975203125 0.5416834484375
5 0.313816490625 0.7945185796875001 0.30139101875 0.7811798703124999 0.2734337296875 0.8122400031250001 0.2057839859375 0.8122400031250001 0.1803647625 0.784090765625 0.168335346875 0.7968052140624999 0.198708703125 0.8307236437500001 0.28085482812499996 0.8309141953125 0.313816490625 0.7945185796875001
3 0.081381275 0.46845375625 0.40158783124999997 0.46845375625 0.4005322390625 0.4509706203125 0.46562653750000005 0.427271259375 0.465332621875 0.156111871875 0.2919500859375 0.155883346875 0.257179934375 0.1353161390625 0.25366153125 0.142628921875 0.251591871875 0.15176990625 0.24931525468750002 0.14285745 0.24517596406250003 0.1355446625 0.2116476 0.155883346875 0.18060283906250002 0.156111871875 0.18101676718749998 0.163881709375 0.119548303125 0.16332249375000002 0.12043783906250001 0.1787853609375 0.10249292031249999 0.3034168234375 0.081381275 0.46845375625
5 0.4148507 0.1727830421875 0.4149536078125 0.155171453125 0.37604788125 0.155285078125 0.3381283734375 0.15539860156250002 0.3382000515625 0.1730102875 0.3588710640625 0.17255579375000002 0.4148507 0.1727830421875
1 0.299150253125 0.1726533859375 0.299150253125 0.1594988421875 0.25854330625 0.1348340734375 0.25146503125 0.15333265000000001 0.24587692031250002 0.136478390625 0.2034072703125 0.1615542390625 0.2030347296875 0.16196531875 0.2030347296875 0.17224230625 0.299150253125 0.1726533859375