3 0.877683740625 0.7494890453124999 0.8774714796875 0.6276150546875 0.8405366781250001 0.627469025 0.8405366781250001 0.656800678125 0.7710410203125 0.6569134921875001 0.77091243125 0.6935900953125 0.77048789375 0.7490509546874999 0.877683740625 0.7494890453124999
0 0.8103031390625001 0.666235640625 0.8134051984375 0.6715707875 0.8211603515625001 0.676265715625 0.8292256984374999 0.6794668015625 0.8391522859375 0.68053383125 0.83927826875 0.6565345453125 0.808907221875 0.6565256765624999 0.8092174265625 0.66175411875 0.8103031390625001 0.666235640625
5 0.8585401484374999 0.749632515625 0.8590054609375001 0.74013595625 0.8380665640625 0.74013595625 0.8159038703125001 0.7401683984375 0.8166623640624999 0.74973921875 0.8338787828124999 0.7498459203125 0.8585401484374999 0.749632515625
3 0.6675825640624999 0.7492470140624999 0.6876628609375001 0.7631813609375 0.74999909375 0.7634216109375 0.7702540015625 0.7490067671875 0.7791591796875 0.7492470140624999 0.7796830046875 0.67529285625 0.7803814484375 0.6281094656249999 0.71179815625 0.6279893421875 0.622729353125 0.6279237125 0.6227122796875 0.7017032546874999 0.6227122796875 0.7494872609375001 0.6675825640624999 0.7492470140624999
0 0.7477929859375 0.64190413125 0.7502641624999999 0.6458410812500001 0.7542960875 0.64995698125 0.7601488859375001 0.653357071875 0.7687329843749999 0.655415025 0.7792680125 0.6557729296875 0.7790349296875 0.6345397328125 0.746492359375 0.634477615625 0.74584205625 0.6369829453125 0.7477929859375 0.64190413125
5 0.7559868953125 0.7585120921875 0.7611893796875 0.7548435734375001 0.7687329843749999 0.7492960531249999 0.7588619624999999 0.742638578125 0.753125528125 0.7470591515625 0.747012615625 0.7514434796875 0.7559868953125 0.7585120921875
5 0.7153674999999999 0.7630696203125 0.74124985 0.7630696203125 0.74124985 0.7536746296875 0.7162779265625 0.7533167234375 0.6961970015625 0.7532615765624999 0.695858184375 0.753495675 0.6961183078125 0.76298014375 0.7153674999999999 0.7630696203125
5 0.691566134375 0.75179563125 0.684152596875 0.7466060156250001 0.6790285203125 0.7428353000000001 0.6682850203124999 0.7495587265625 0.6751783078125 0.75483781875 0.681031103125 0.7589537203125001 0.691566134375 0.75179563125
3 0.683492078125 0.6338436375 0.7917199562499999 0.6338436375 0.7917199562499999 0.6072529578125 0.7914465859375001 0.57408019375 0.7917199562499999 0.523424475 0.7285645765625001 0.5235185046875 0.7287012515625 0.5204155234375001 0.622623021875 0.52036205 0.6225470203125 0.5843162765625001 0.6226836953125 0.633279459375 0.683492078125 0.6338436375
5 0.698338834375 0.5292025703125 0.6985128203125 0.5202255671875 0.678069490625 0.5201058734374999 0.6576261609375 0.5201657203125001 0.657452175 0.5293222625 0.6740678171875001 0.5293222625 0.698338834375 0.5292025703125
0 0.7596127328125 0.614517325 0.7634061 0.6182752078125 0.769020278125 0.6222418625 0.7750896640625 0.62474711875 0.7825246515625001 0.6264172921875 0.7917804687500001 0.6262085203125001 0.7918425359375 0.60498265625 0.7580953906250001 0.6049138390625 0.7580953906250001 0.61044628125 0.7596127328125 0.614517325
5 0.8784006968750001 0.5862266484374999 0.878168415625 0.5719247171874999 0.8779361343750001 0.5575428890625 0.8632684859375 0.557575115625 0.8637669375 0.5691282515625 0.8637669375 0.5862266484374999 0.8784006968750001 0.5862266484374999
0 0.7916311203124999 0.483026775 0.7900236281249999 0.48936040781249995 0.7914849796875 0.49428656562500006 0.795869053125 0.5000169984375 0.802152878125 0.50564689375 0.82370920625 0.4900456328125 0.799960846875 0.4739787296875 0.7949922328125 0.478502753125 0.7916311203124999 0.483026775
5 0.729103809375 0.48371984062499995 0.7292908046875 0.4776737921875 0.7291973078125 0.4637807484375 0.7162300687500001 0.46370269999999997 0.716201534375 0.47272117968750005 0.7161080421875 0.4838484796875 0.729103809375 0.48371984062499995
5 0.8778561078125 0.48687340468749996 0.8780910109375 0.4754860609375 0.8779735546874999 0.4582753609375 0.8634571171875001 0.45817041875 0.8635268875 0.47006671093749997 0.8636443437500001 0.48679260312499995 0.8778561078125 0.48687340468749996
3 0.8307337078125 0.44856178281250003 0.8392462953125 0.44723584375 0.8455102890624999 0.444583965625 0.85145304375 0.44027465781249997 0.8538622671875 0.4357443671875 0.85466534375 0.42834120468750003 0.8302492499999999 0.4282307046875 0.8308917093750001 0.3917828296875 0.7762826125 0.391561840625 0.7162771984375 0.39150379062499996 0.716545490625 0.45639146249999996 0.8307337078125 0.45639146249999996 0.8307337078125 0.44856178281250003
5 0.7295545359375 0.44086884218750005 0.7295545359375 0.43694218906250004 0.72946535 0.41572660937499994 0.7158740734375 0.41574800156249997 0.71599859375 0.4265120203125 0.716266146875 0.44093019531250005 0.7295545359375 0.44086884218750005
0 0.8366717859374999 0.448106171875 0.841174846875 0.4468670203125 0.8456779078125001 0.44486424375 0.8497306625000001 0.4414565796875 0.8528828015625001 0.43735189375 0.8546840281250001 0.43332465468750003 0.8549091796875 0.42844550000000003 0.8216661046875 0.4285070609375 0.8214739671875 0.44872574531250004 0.8300297765625 0.4486482984375 0.8366717859374999 0.448106171875
3 0.821500921875 0.3980104203125 0.8216553671875 0.42202234218749995 0.8772540640625 0.42170359687500003 0.8774084999999999 0.342806365625 0.8774084999999999 0.29788600781249996 0.8117547437500001 0.297673509375 0.7169280812500001 0.29777975625 0.7165277984375 0.353522484375 0.7163733546875 0.3979041703125 0.821500921875 0.3980104203125
5 0.8195398265625 0.30701585 0.8196942625 0.2974535796875 0.8076478828125 0.297559828125 0.7732400609375001 0.2974986625 0.77382534375 0.30722834374999997 0.790968271875 0.30712209687500003 0.8195398265625 0.30701585
0 0.847757215625 0.4015712953125 0.8394077203125001 0.4058793140625 0.8358293671875 0.40936675781250004 0.833741990625 0.4127516296875 0.8332947031250001 0.41562364374999994 0.8321019125 0.42208567343750003 0.8623688218750001 0.42208567343750003 0.8623688218750001 0.3990069984375 0.8538702328125 0.399725 0.847757215625 0.4015712953125
3 0.1190149046875 0.738723103125 0.158326425 0.73885765 0.157935265625 0.742221375 0.184524925 0.760654571875 0.246914853125 0.7610582171875 0.273513690625 0.742221375 0.2731225328125 0.7380503578125001 0.306371075 0.7380503578125001 0.30734898906249997 0.6280552765625 0.28837775625 0.6280552765625 0.28798658593750004 0.5746770296875 0.288182171875 0.523711246875 0.226270478125 0.5238457984375 0.2260749046875 0.520347525 0.1192108796875 0.5203645375 0.1186237453125 0.5532931703124999 0.1190149046875 0.671217221875 0.1190149046875 0.738723103125
5 0.2074682765625 0.5292959203125001 0.20759531718750002 0.5201188796875 0.1833297515625 0.5201188796875 0.15821357656249999 0.5200890953124999 0.1583019203125 0.5292959203125001 0.1774856890625 0.5291211203125 0.2074682765625 0.5292959203125001
0 0.25916523593749996 0.6170653703125 0.26457736875000004 0.62180408125 0.2754016359375 0.6255273546875 0.2885219546875 0.6263171375 0.2884905078125 0.6052825578125 0.25457312499999996 0.6048801125 0.25490113281250004 0.6111983921874999 0.25916523593749996 0.6170653703125
0 0.2834378375 0.640178996875 0.2793377328125 0.6439022703124999 0.2763856578125 0.6480768515625 0.27392559843750003 0.65247708125 0.27425360625 0.6562003546875 0.3076136984375 0.655762821875 0.30787444062499997 0.6351018078124999 0.2973781796875 0.6354402890624999 0.289997990625 0.637132684375 0.2834378375 0.640178996875
5 0.23925709374999998 0.7604566078125 0.238733371875 0.7503684484375001 0.2195303765625 0.7502483515625 0.193013496875 0.750434015625 0.19247161875000002 0.7605767046875 0.20905601406250002 0.7605767046875 0.23925709374999998 0.7604566078125
5 0.25479405625 0.756253209375 0.2610786765625 0.7512091296875 0.268934440625 0.7448439812500001 0.2579207 0.7374957828125 0.2516517453125 0.7424420390625001 0.2425739703125 0.7488071859375001 0.25479405625 0.756253209375
5 0.18880558593750002 0.7490473796875 0.1785058 0.74220184375 0.17304205 0.7378918515625 0.1626196890625 0.7449640796875 0.17065003125 0.7507287421875 0.1785058 0.7566135 0.18880558593750002 0.7490473796875
0 0.329829603125 0.7165322093750001 0.3215698359375 0.7134542984375 0.3086639453125 0.712507246875 0.30894043125000004 0.7381508296875 0.3444562859375 0.7380776015625 0.3448004421875 0.7294357703125 0.3392939234375 0.7223328921875 0.329829603125 0.7165322093750001
0 0.3621803734375 0.6059119921875 0.3546089171875 0.6068590421875 0.3482420140625 0.6085163796875 0.34307965 0.6117126734375 0.33946600625 0.615856021875 0.33705690312500003 0.6204728890625 0.33688483125 0.62639195625 0.3700809515625 0.626363525 0.3706122140625 0.6262735703125 0.37095638124999997 0.605556846875 0.3621803734375 0.6059119921875
3 0.1938631609375 0.49331597968749996 0.21306824375 0.5062005265625 0.21306824375 0.5293413921875 0.288463890625 0.5293413921875 0.2883051765625 0.526393234375 0.31957295 0.526393234375 0.374331240625 0.5260656578125 0.374216409375 0.505130715625 0.374216409375 0.4625918609375 0.37408364375000003 0.41557734531249996 0.2609670375 0.4156686859375 0.21310371875 0.41560971249999995 0.212750803125 0.43962453906250004 0.1937044359375 0.4525090859375 0.1938631609375 0.49331597968749996
0 0.2619147234375 0.427871321875 0.265916396875 0.4316912609375 0.272266878125 0.435461603125 0.28000924843749997 0.4381547046875 0.28975245312500003 0.438693325 0.2895784625 0.43038301093750003 0.289230490625 0.41560925624999995 0.259244509375 0.41546874999999994 0.2594789234375 0.42182680625 0.2605228359375 0.4248789890625 0.2619147234375 0.427871321875
5 0.20791839687499997 0.4563728796875 0.21162046562499998 0.45356483125 0.21921445624999997 0.448340553125 0.209057984375 0.4417212765625 0.20450110000000002 0.44553250312500003 0.1980462140625 0.44951601406249997 0.20791839687499997 0.4563728796875
5 0.20725392187499997 0.4869120546875 0.2070640734375 0.47353398281250003 0.2070640734375 0.45857948750000005 0.19276860625 0.45859148593750004 0.19311012031250002 0.46446137031249995 0.19339489375000002 0.48678144687499997 0.20725392187499997 0.4869120546875
5 0.21911952812500002 0.496898915625 0.21057629218749999 0.490890996875 0.20801379375 0.488886071875 0.1982360625 0.4955928453125 0.20459602812500002 0.5000987875 0.2091524203125 0.50349456875 0.21911952812500002 0.496898915625
0 0.3514156203125 0.5060833484375 0.345213784375 0.5093340578125 0.3416698625 0.51248318125 0.3373876453125 0.5178671671874999 0.337239978125 0.5244701640625 0.374747646875 0.525095628125 0.37518935937500003 0.5043564109374999 0.359980075 0.5043564109374999 0.3514156203125 0.5060833484375
5 0.3746416453125 0.5723531859375 0.37455465 0.5641541906249999 0.37455465 0.5500303718749999 0.3611583859375 0.5500740125 0.361331734375 0.560204309375 0.361331734375 0.5723531859375 0.3746416453125 0.5723531859375
3 0.2599515515625 0.4219708171875 0.2609118140625 0.42470763125 0.26283232968750003 0.42848255156250004 0.26845672187499997 0.4337674359375 0.2816260109375 0.43801421874999996 0.289445278125 0.43895795 0.28929535156249997 0.42188965312500004 0.3740726703125 0.4215121625 0.3746213890625 0.38265031718750003 0.3740726703125 0.34605342499999997 0.354867125 0.34605342499999997 0.2728290484375 0.3461477984375 0.2129366921875 0.346207371875 0.212903265625 0.36151738125 0.213040440625 0.42225393593750005 0.2599515515625 0.4219708171875
5 0.226484096875 0.40614257968749995 0.2266212734375 0.38934419375 0.22607255468749998 0.36151738125 0.2117518203125 0.36156151406250003 0.2127660796875 0.37726445468750003 0.212903265625 0.406331325 0.226484096875 0.40614257968749995
0 0.276108709375 0.360915515625 0.28310489687499996 0.3654454171875 0.2918844265625 0.3680878609375 0.300938315625 0.36922033593750003 0.300938315625 0.3460045890625 0.27118434687500004 0.3457923953125 0.27034714375 0.3519500828125 0.273090746875 0.3566687328125 0.276108709375 0.360915515625
5 0.37441460625 0.3956183421875 0.37455178125 0.38599890625 0.37441460625 0.36759617968749997 0.3611211390625 0.3674749328125 0.3612453078125 0.378442465625 0.3611081328125 0.39552396875 0.37441460625 0.3956183421875
5 0.33589698125 0.3068524140625 0.3357090921875 0.29767504218749996 0.3260327609375 0.2976104140625 0.315041196875 0.297739671875 0.31447752812499996 0.30691704375 0.32321440625000003 0.30691704375 0.33589698125 0.3068524140625
5 0.2534968359375 0.30673644218749996 0.253590784375 0.2975590734375 0.24297499843749998 0.2976237015625 0.23263191249999998 0.29769613437500003 0.23264105000000002 0.30673644218749996 0.2398748140625 0.30673644218749996 0.2534968359375 0.30673644218749996
0 0.293235559375 0.28793381875 0.288914096875 0.28470235 0.28280766874999996 0.2821818046875 0.275667853125 0.2814062515625 0.27068876875000003 0.2812123640625 0.27097150000000003 0.306363878125 0.30075115937499997 0.30653803125 0.29990566093750004 0.29690825468750004 0.2974630921875 0.29193179375 0.293235559375 0.28793381875