3 0.7964835015625 0.6336689625 0.8521657218750001 0.6330272359375 0.8519320234375 0.6349524140625 0.936999071875 0.6349524140625 0.936999071875 0.6333481 0.9970601515625 0.6336689625 0.9965927515624999 0.41274011875000005 0.9357767406249999 0.41306098437500005 0.9357767406249999 0.41129623593750003 0.8612261999999999 0.41129623593750003 0.8612261999999999 0.41274011875000005 0.8018441421875 0.4127103640625 0.8016249171875 0.5979376203125 0.7964835015625 0.5982584828124999 0.7964835015625 0.6336689625
5 0.936032496875 0.4214156703125 0.9358975453125 0.41168791562499996 0.901618640625 0.41187320781250003 0.8598637359374999 0.411670084375 0.8601870500000001 0.42187889843750004 0.8925765625000001 0.42169360468750006 0.936032496875 0.4214156703125
0 0.8336154609375 0.5223846515624999 0.825352421875 0.5176806734375 0.81487245625 0.51422186875 0.8060048 0.512838346875 0.8003617500000001 0.512838346875 0.8016727640625 0.543438825 0.8432892640625 0.5435525421875 0.8426846609374999 0.534559646875 0.8390569796875 0.5284721484375 0.8336154609375 0.5223846515624999
5 0.9362263687500001 0.634576221875 0.9363258562500001 0.6242637453125 0.899416390625 0.6240588609375 0.8522907578125001 0.6240428484375 0.8520671875 0.6346445171874999 0.8788237328124999 0.634576221875 0.9362263687500001 0.634576221875
5 0.5913498578125 0.5549452890625 0.5912653625 0.543227878125 0.591096365625 0.5227055875 0.57667261875 0.522770521875 0.5768160765625 0.5340753890625 0.5766470796875 0.554829275 0.5913498578125 0.5549452890625
0 0.686946971875 0.5379918078125 0.6928973625 0.5402118312499999 0.7006587390625 0.5418990499999999 0.7102311125 0.5430534625 0.7104904859375 0.51339001875 0.70583299375 0.51348274375 0.6963899812500001 0.525648475 0.686946971875 0.5379918078125
3 0.7093314296875 0.5107185171874999 0.8073014765625001 0.5107185171874999 0.8074369765625 0.45680489687500003 0.8077079953125 0.412924615625 0.7233377171875001 0.412924615625 0.7230667078125 0.41162230937500005 0.6436734562499999 0.411436265625 0.6436734562499999 0.41264554999999997 0.578509328125 0.41272990624999994 0.578311371875 0.4794827 0.578311371875 0.5107185171874999 0.7093314296875 0.5107185171874999
5 0.7233869484375 0.42121536718749997 0.723188925 0.41210736406250004 0.6784329921875 0.41197142343750004 0.64391774375 0.4118638484375 0.6438110609375001 0.42148724687500005 0.6722966984375 0.42135130624999995 0.7233869484375 0.42121536718749997
0 0.727831296875 0.48949844843749996 0.7204053874999999 0.49534388281249997 0.71684095 0.501189315625 0.713672565625 0.506830840625 0.71357355 0.5107520890624999 0.7580608078125 0.5103443000000001 0.757633940625 0.4822936109375 0.7459505140625 0.482905340625 0.7360493 0.48508038593749997 0.727831296875 0.48949844843749996
3 0.406784153125 0.6375976765625 0.42361656875 0.6474598546875 0.42950671875 0.647657096875 0.429650384375 0.649136425 0.5079463265624999 0.6496295328125 0.50780266875 0.648051584375 0.529208346875 0.6483474484375 0.529208346875 0.5835943593749999 0.529208346875 0.5347055703125 0.39433162187500004 0.5346069484375 0.3336203765625 0.5344991375 0.3337958671875 0.57117768125 0.33350854375 0.598966771875 0.406784153125 0.6375976765625
0 0.3395423609375 0.5702121671875 0.351035346875 0.568831459375 0.3602297359375 0.5654783234375 0.3717227125 0.5577858250000001 0.3760325875 0.5510795453124999 0.376607234375 0.541809096875 0.339686028125 0.541809096875 0.3395423609375 0.5407242578125 0.3332361703125 0.5406787890625 0.3336522109375 0.572473565625 0.339829684375 0.572473565625 0.3395423609375 0.5702121671875
5 0.5086460578125 0.6493196671875 0.5085410890625 0.6393030546875 0.4751775375 0.6393030546875 0.42945181874999994 0.639296940625 0.4294998921875 0.6492476046875 0.457419415625 0.6493196671875 0.5086460578125 0.6493196671875
0 0.39890396093749997 0.6452373109375 0.38941207499999997 0.64336395625 0.3763607375 0.64320105625 0.36686885937499997 0.6454816625 0.359631296875 0.648658221875 0.35381752031249997 0.652975084375 0.378140471875 0.6690207828125 0.3709029046875 0.6745593984375 0.37955297187500003 0.680412453125 0.4245320453125 0.648495321875 0.415040159375 0.642549453125 0.4072093578125 0.6482509703125 0.39890396093749997 0.6452373109375
3 0.1722048421875 0.833818328125 0.176684940625 0.83707475 0.1868278765625 0.841868928125 0.2003999296875 0.8465726484375 0.221482725 0.8503718078125001 0.2430046328125 0.8522713875000001 0.262110921875 0.8520000203125001 0.2779172265625 0.849467246875 0.290566903125 0.8466631031249999 0.3025577453125 0.842592575 0.31349444531250004 0.8379919734374999 0.32087342812499997 0.8338309875000001 0.3795349953125 0.8337431203125 0.38021950625 0.7033380375 0.324543934375 0.7034946765625001 0.32477211875 0.677492303125 0.2732034234375 0.67733565625 0.1118811171875 0.6778055828125 0.1101433484375 0.6775082171875 0.11067041562499999 0.833818328125 0.1722048421875 0.833818328125
5 0.21668390468749998 0.8502695515625 0.23920804843750001 0.852603503125 0.2676819625 0.8521658875 0.28531878593750004 0.8485190828125001 0.30083069687499997 0.84414291875 0.3131552328125 0.8390373921875 0.3220798796875 0.833494253125 0.3222923921875 0.8243043046875 0.316980075 0.824450178125 0.303593090625 0.8314520406250001 0.29126855625000003 0.83611995 0.27511917812500003 0.8400584984374999 0.259182284375 0.84283006875 0.235808175 0.8429759406249999 0.21307154687500002 0.8393291375 0.197134653125 0.834661228125 0.18417265 0.8289722140625001 0.1720608828125 0.8231339468750001 0.17099815000000002 0.8269300046874999 0.17099815000000002 0.8343694859375 0.18587258125 0.841371346875 0.21668390468749998 0.8502695515625
0 0.2751333625 0.6865289203125 0.27916524531250003 0.6926372109375001 0.28736803593750004 0.6988409421874999 0.2972391953125 0.70332671875 0.3078055 0.7052355593749999 0.316425384375 0.7054264421875 0.316147325 0.681483853125 0.317676659375 0.68157929375 0.317676659375 0.677093515625 0.2719362265625 0.676953403125 0.27165760781250003 0.6811841656250001 0.2751333625 0.6811841656250001 0.2751333625 0.6865289203125
5 0.12360900625 0.662731753125 0.12374387812500001 0.6512513390625 0.12320440156250001 0.6331048781249999 0.108908503125 0.6331048781249999 0.10809929375 0.644955628125 0.1083690265625 0.662731753125 0.12360900625 0.662731753125
0 0.087047665625 0.6022561984375 0.0796018984375 0.594506671875 0.070715028125 0.589065515625 0.0575048125 0.5852731953125 0.0469366390625 0.584943428125 0.0446790515625 0.6175634640625 0.091370996875 0.61775525 0.0918513671875 0.6100057234375 0.0892093234375 0.6100057234375 0.087047665625 0.6022561984375
3 0.1157646515625 0.6133456640625 0.2426960453125 0.6139343578124999 0.24248165 0.5707065375 0.2429104234375 0.5106700375 0.3340236390625 0.510522865625 0.33359486562499996 0.5380443140625 0.41887460625 0.538338665625 0.5290698515625001 0.5384858390625 0.5290698515625001 0.339062728125 0.5290698515625001 0.21698080000000003 0.4594068375 0.2168336265625 0.43946879843750003 0.2031670875 0.42296093749999997 0.1925705953125 0.40324180781249996 0.19227624375000002 0.40302742968749994 0.1731436875 0.3953094703125 0.172996515625 0.38673399062499997 0.1740267265625 0.37901603125 0.1769701984375 0.37237 0.18138540625 0.367852428125 0.1859477859375 0.36506540625 0.1908045125 0.36313590156250003 0.1866836515625 0.3569186859375 0.179766496875 0.3481287703125 0.1757928078125 0.338695715625 0.17329086093749999 0.32711879062500004 0.1731436875 0.32711879062500004 0.192098171875 0.3080383 0.19239251875000002 0.2923880015625 0.20195879843750003 0.27266434375 0.2154987640625 0.2724499484375 0.2172442453125 0.2080271265625 0.21665420000000002 0.2079513203125 0.3318409265625 0.11555025781249999 0.3319881 0.1157646515625 0.6133456640625
5 0.2950606234375 0.2155662109375 0.3125068109375 0.2029715484375 0.302376765625 0.1959401734375 0.288870040625 0.2049032453125 0.2725270578125 0.21601450781249998 0.27254940625 0.21633889062499997 0.28312967968749997 0.22360206875 0.2950606234375 0.2155662109375
5 0.3262087640625 0.20247334062500003 0.326455490625 0.19180261406250002 0.3206161984375 0.19180261406250002 0.31167689374999996 0.19185144062499998 0.312227346875 0.2024168828125 0.31633952656250003 0.2024168828125 0.3262087640625 0.20247334062500003
5 0.446961084375 0.22275358281250002 0.45719205 0.2151793390625 0.44214650468750005 0.20512625 0.4267906265625 0.1946951109375 0.41686999062499996 0.20278511875 0.42599762343750003 0.2085690875 0.446961084375 0.22275358281250002
5 0.41827424375 0.20264740625000002 0.41847485000000006 0.19197460625 0.4111526828125 0.191905746875 0.40362010000000004 0.19197011718749998 0.4036299109375 0.20264740625000002 0.40894600312499996 0.20264740625000002 0.41827424375 0.20264740625000002
0 0.127464940625 0.5755329812500001 0.134092328125 0.57428184375 0.1398912875 0.5714383515625 0.12150028906250002 0.5478942234375 0.11503859218750001 0.5480079625000001 0.11470722343749999 0.576670378125 0.12150028906250002 0.5764429 0.127464940625 0.5755329812500001
0 0.1005908015625 0.43710873906250003 0.09051355 0.4373911 0.08043628593749999 0.439508815625 0.06830244375 0.4457207828125 0.061927032812500005 0.452497471875 0.0590478109375 0.4585682578125 0.05678556875 0.46223896875000003 0.056128325 0.46655166093749995 0.1018247609375 0.46675675937500005 0.1020304125 0.46223896875000003 0.10017948593749999 0.46223896875000003 0.1005908015625 0.43710873906250003
0 0.13126232499999999 0.26706934375 0.12042040937500001 0.29135634375 0.123202621875 0.2938068625 0.15251817343750002 0.274512134375 0.147953153125 0.2715741921875 0.1405350078125 0.268734178125 0.13126232499999999 0.26706934375
0 0.164216015625 0.2322331609375 0.1702076 0.23908836249999998 0.179765603125 0.2450621828125 0.192462046875 0.2482939171875 0.20316130000000002 0.24897943906250003 0.20330396093749997 0.2247903703125 0.20487318437500002 0.2247903703125 0.20515849687499998 0.21724964687499998 0.158510746875 0.216832775 0.1589377203125 0.22420278124999998 0.16179085625 0.22684693125000002 0.164216015625 0.2322331609375
3 0 0.2244755578125 0.15753294843750001 0.224627528125 0.157422265625 0.2013106859375 0.1590825796875 0.201386671875 0.1590825796875 0.150356478125 0.15753294843750001 0.1504324625 0.15731157499999998 0.0306181125 0.0998658609375 0.03084606875 0.099091059375 0.008893696874999999 0.093888728125 0.008893696874999999 0.0859173890625 0.0091844171875 0.0776158171875 0.011995871875 0.06909285625 0.0166309734375 0.0623409078125 0.022633809375 0.0584668390625 0.030460292187499998 0 0.0304155859375 0 0.13516474218750002 0 0.2244755578125
0 0.07153569062500001 0.0150748234375 0.06396275312500001 0.020203265625 0.05874356562500001 0.0278608046875 0.055468784375 0.03088166875 0.055059437499999996 0.0383987046875 0.1001900546875 0.038258196875 0.099576034375 0.008611578125 0.08780727656250001 0.009243851562499999 0.07941564062499999 0.0111406734375 0.07153569062500001 0.0150748234375
5 0.1590945734375 0.2017168890625 0.1592562015625 0.172436234375 0.159175390625 0.1500903078125 0.1440232890625 0.1500351703125 0.1443055078125 0.1750436921875 0.14438632499999998 0.20177236718749997 0.1590945734375 0.2017168890625
5 0.10043008906249999 0.2206019296875 0.0998643859375 0.21627465781250002 0.096712615625 0.21105973906250003 0.0932375921875 0.2068511875 0.08620672812499999 0.2020246140625 0.0789334171875 0.1990288109375 0.07246825 0.1974199546875 0.06616471874999999 0.1966432640625 0.0600228078125 0.1966987421875 0.0600228078125 0.220653525 0.0578408140625 0.220653525 0.0579705140625 0.22450006249999999 0.10317778124999999 0.224755003125 0.10309697031250001 0.2206019296875 0.10043008906249999 0.2206019296875
1 0.401864609375 0.1698202671875 0.391987753125 0.169396775 0.37346864687500003 0.17617264531250001 0.36451774531250003 0.18548946718749998 0.34908515625000003 0.1723612171875 0.3265535765625 0.17087899687500002 0.326862228125 0.197135496875 0.3280968359375 0.1979824796875 0.40402517187500003 0.20031168593749998 0.401864609375 0.1698202671875