3 0.823298053125 0.604367571875 0.82899489375 0.6039628078125 0.8292140015625 0.6077011125 0.832938853125 0.6207207328125001 0.8372114859374999 0.6280684375 0.843998434375 0.635029421875 0.8526532437500001 0.6395411703125 0.861527165625 0.640701334375 0.8611984984375001 0.6041007359375 0.8630609234375 0.6039718296875 0.8630609234375 0.6364293546875001 0.8626227078125 0.68886748125 0.997038290625 0.6887723546875 0.996658865625 0.47592468437499996 0.8855207437500001 0.476147909375 0.8855207437500001 0.48016596875 0.8629460812499999 0.48001685937499994 0.8632854640625001 0.5125109359375 0.8236267187499999 0.512124215625 0.823298053125 0.604367571875
0 0.8343535781250001 0.5585355171875 0.8396953703125 0.556135634375 0.8448914750000001 0.5528215109375 0.8491163453125001 0.5484868656249999 0.8530498484375 0.5430014203125 0.8556236171875 0.536601734375 0.8575175265625001 0.529752925 0.8577117734374999 0.5223247171875001 0.8233300625 0.5224389984375 0.8231843781249999 0.5593926171875 0.8288660999999999 0.5592211984375 0.8343535781250001 0.5585355171875
5 0.9970339390625 0.643413465625 0.9969690531250001 0.603118903125 0.9969690531250001 0.5676341296875 0.9894622937499999 0.5676085484375 0.9895722578124999 0.6142493640625 0.9895722578124999 0.643413465625 0.9970339390625 0.643413465625
0 0.8319683234375 0.6191310156250001 0.8375523515625 0.6285335421875 0.8446768125 0.6356703953125 0.8537267953125 0.6398618843749999 0.861236353125 0.6408814359375 0.8613326328124999 0.5998886890625 0.8299465140625 0.599322271875 0.8294651375000001 0.60668569375 0.830331625 0.61370926875 0.8319683234375 0.6191310156250001
3 0.7608919375000001 0.6886070890625 0.7608919375000001 0.5801944031249999 0.7607784046875 0.5214411984375 0.6615614828124999 0.5217083859375 0.6114914828125 0.5216637984375 0.6112613796875 0.631323415625 0.6112613796875 0.6886070890625 0.7608919375000001 0.6886070890625
0 0.7277115953125 0.5450707546875 0.7311488828125 0.5534485984375 0.7363048140624999 0.560670875 0.7437522703125 0.5672190765625 0.7535730875 0.5706857656250001 0.760938703125 0.571263553125 0.760996634375 0.5331209484375 0.7268931921874999 0.5327447328125 0.726811353125 0.53688550625 0.7277115953125 0.5450707546875
5 0.7163071796875 0.689601621875 0.7161123625 0.679744596875 0.6930603578125 0.6798210078125 0.6610648515624999 0.6797277515625 0.66117349375 0.6891431578125 0.6757848609375 0.6889903359375 0.7163071796875 0.689601621875
5 0.61909453125 0.5173832468749999 0.61909453125 0.5081941671875 0.6189367625 0.49018729062500005 0.6111592015625 0.4901931796875 0.6111272234375 0.4964989796875 0.6112061046874999 0.517290425 0.61909453125 0.5173832468749999
0 0.8335837187499999 0.44143111093750004 0.8375623203125 0.43868332656250003 0.8404165359375 0.4356302296875 0.82623195625 0.41626409531249997 0.8192261578125001 0.4071048078125 0.8155678999999999 0.40724120468749997 0.8155935187500001 0.444789515625 0.822080371875 0.44489128593749994 0.8273563421875 0.4440771296875 0.8335837187499999 0.44143111093750004
5 0.892793625 0.44234490937500004 0.8928907484374999 0.43149229843750003 0.8927450609375001 0.4069912109375 0.8853688640625 0.40704302812500004 0.8854608 0.42589875 0.8854122406249999 0.44240205 0.892793625 0.44234490937500004
3 0.8196191328125 0.40028989687500005 0.8191418875 0.351464809375 0.8926372859375 0.351464809375 0.8927566 0.31161464687499996 0.8928759062499999 0.24833955937500002 0.8925179796875 0.1881431515625 0.8320156515624999 0.1881431515625 0.762410059375 0.18798968437500002 0.7622293421874999 0.22519540937500002 0.7622293421874999 0.40000912499999997 0.8196191328125 0.40028989687500005
5 0.8928367250000001 0.3053324484375 0.8930065390624999 0.27588131250000003 0.8930065390624999 0.23164416718749997 0.8848730093749999 0.23152712968750003 0.8854498296875001 0.2699868890625 0.8853649203125 0.3053324484375 0.8928367250000001 0.3053324484375
0 0.795627840625 0.37255823125 0.7897977140625 0.3664777703125 0.78224505 0.36164458593750004 0.775354903125 0.35961776562500003 0.769259771875 0.35946185625 0.768876121875 0.399362475 0.8019879781249999 0.39999825 0.8018554796874999 0.38939642343749997 0.799205421875 0.3801977796875 0.795627840625 0.37255823125
3 0.611540603125 0.4041262546875 0.6112417890625 0.4847816671875 0.7427568390625 0.4849574671875 0.743055653125 0.396227546875 0.668788059375 0.3958759421875 0.668788059375 0.31452962812499996 0.6994166500000001 0.31452962812499996 0.6994166500000001 0.3067944171875 0.6970699359375 0.2988834046875 0.6924383046875 0.2886869890625 0.68481850625 0.2809517765625 0.6760034515625 0.2772599734375 0.6685330656249999 0.276556771875 0.6686824687499999 0.25161774062500003 0.6685330656249999 0.1881784484375 0.5844488921875 0.1880026453125 0.5131219296875 0.188063478125 0.5130856984375 0.31803333125 0.5132351015625 0.40430205468749997 0.611540603125 0.4041262546875
5 0.520472728125 0.33719591250000003 0.5205409125 0.275461459375 0.5205409125 0.2504287796875 0.5128360234375 0.2503228921875 0.5130402593750001 0.3094353109375 0.51310845 0.3371156796875 0.520472728125 0.33719591250000003
0 0.6864357421875 0.28043 0.6753797015624999 0.2761821375 0.663872378125 0.2748546796875 0.6644607875 0.316406990625 0.700876303125 0.3162713359375 0.7004250359374999 0.302465790625 0.6954610953125 0.2905186734375 0.6864357421875 0.28043
5 0.618957275 0.4401500953125 0.618879025 0.42690392343749994 0.618879025 0.4084885625 0.611179175 0.408637996875 0.611444940625 0.4182487046875 0.611288434375 0.43996594218749996 0.618957275 0.4401500953125
0 0.710116303125 0.417577609375 0.7144000265625 0.42573125312500004 0.7212035875 0.43314365156249995 0.7320388906249999 0.438925328125 0.742748196875 0.44011130937500004 0.74287506875 0.400924346875 0.70734448125 0.4008255796875 0.7074704734374999 0.40897921875 0.710116303125 0.417577609375
5 0.3072744890625 0.7100556453125 0.30735988125 0.7009124703125 0.2975399796875 0.700811996875 0.28216969999999997 0.700811996875 0.28191353124999996 0.7100556453125 0.28934249843750004 0.7101561203125 0.3072744890625 0.7100556453125
0 0.2874639078125 0.595262553125 0.2799495484375 0.5887317125 0.2762777625 0.5947601812500001 0.2737160453125 0.6013914953125 0.2726913625 0.6086256578125 0.272503875 0.6168859703125 0.30411504375 0.6171659859374999 0.3042004359375 0.612041790625 0.295234440625 0.6027981390625 0.2874639078125 0.595262553125
5 0.24659474375 0.6778352515625 0.24659474375 0.6684911265625 0.22704033125 0.6685916015625 0.19745295937500001 0.6685773171875 0.1976660203125 0.677634303125 0.21645191874999997 0.677935725 0.24659474375 0.6778352515625
0 0.33705631875000003 0.4305169703125 0.3416067640625 0.43973822343749996 0.348685246875 0.44762091093749995 0.3610725828125 0.453272646875 0.3724487109375 0.45401629843749997 0.3722350890625 0.414980484375 0.3342754859375 0.415197784375 0.33465468593750003 0.4212957125 0.33705631875000003 0.4305169703125
3 0.2226105109375 0.40092388906250004 0.36585240625000004 0.40077190781249994 0.36546490781249996 0.4045714484375 0.3725689828125 0.4044194671875 0.41919755312499996 0.4045714484375 0.4189392234375 0.3447332046875 0.4190683828125 0.261337803125 0.4190683828125 0.1881251703125 0.2719486140625 0.18827715 0.1793247890625 0.18797857499999998 0.17921829843749998 0.40487541718750003 0.22273967031250003 0.4045714484375 0.2226105109375 0.40092388906250004
5 0.2591714328125 0.1975480328125 0.2591714328125 0.1875172453125 0.24354246562499998 0.1873652578125 0.203773559375 0.18764442812499998 0.2032429859375 0.1970920890625 0.22494270156249999 0.1972440703125 0.2591714328125 0.1975480328125
0 0.386827615625 0.36084876875 0.392060065625 0.369847096875 0.40071374375 0.37695104375 0.4105748953125 0.3814502125 0.4194298140625 0.3814502125 0.41931070937500003 0.3423431875 0.3840101359375 0.34214171250000003 0.3848151390625 0.352324028125 0.386827615625 0.36084876875
0 0.463100678125 0.3632001734375 0.45666072812499997 0.3691201296875 0.450422034375 0.3781184578125 0.44639706874999996 0.3890111734375 0.4465983234375 0.40392946093750004 0.4804106734375 0.40403719843749997 0.48040802187500004 0.3601217984375 0.47235809218749997 0.3601217984375 0.463100678125 0.3632001734375
5 0.22356473437500002 0.48533512187500005 0.2233287390625 0.44981084375 0.22309274218750003 0.41260101718750003 0.2152228546875 0.4125772109375 0.21530484218749998 0.44479307500000004 0.21530484218749998 0.48533512187500005 0.22356473437500002 0.48533512187500005
5 0.0091459328125 0.589640621875 0.0093819296875 0.5674452343749999 0.0090279390625 0.516925953125 0.00092225 0.516823309375 0.0010040421875 0.5385756859375 0.0010040421875 0.589640621875 0.0091459328125 0.589640621875
5 0.009263934375000001 0.87659226875 0.0091459328125 0.8598117453125 0.0090279390625 0.8345521031249999 0.00092225 0.8345983859375 0.0012400390625 0.8491014281249999 0.0011220375 0.8767311109374999 0.009263934375000001 0.87659226875
5 0.13409476250000002 0.9490524812500001 0.13409476250000002 0.9391736265624999 0.09211594375 0.9390168203125 0.056894323437500005 0.9387932031249999 0.05720022968750001 0.9490524812500001 0.08598570625 0.9488956734375 0.13409476250000002 0.9490524812500001
5 0.18988850468750001 0.8755093609375001 0.18988850468750001 0.8666604140624999 0.18988850468750001 0.8347736703124999 0.1823475765625 0.8347695749999999 0.1824818875 0.8575853109375 0.1823594640625 0.8754373359375001 0.18988850468750001 0.8755093609375001
4 0.190545903125 0.2916395515625 0.190931625 0.2426549921875 0.190931625 0.2281410484375 0.17665996718750002 0.22768748749999998 0.17550280625 0.22768748749999998 0.17434564531250002 0.3252030453125 0.174731365625 0.3660235125 0.189003021875 0.3655699515625 0.190545903125 0.2916395515625
4 0.14218420781250002 0.4952354296875 0.10377425625 0.49285829999999997 0.081536915625 0.49365067656250006 0.0424531046875 0.49602780625 0.0411053875 0.51346009375 0.16307383125 0.5126677171875 0.16239997343749998 0.49602780625 0.14218420781250002 0.4952354296875
5 0.7390290187499999 0.1838549515625 0.723239446875 0.1852134859375 0.70937543125 0.184760640625 0.6943560828125 0.1838549515625 0.69474119375 0.1983459828125 0.7240096703125001 0.1987988265625 0.7390290187499999 0.1983459828125 0.7390290187499999 0.1838549515625