5 0.4772412140625 0.8397866140625 0.4886434546875 0.831891125 0.5054989421875 0.8138442937500001 0.4936009515625 0.79974520625 0.47030071875 0.8211758187499999 0.4088277640625 0.8206118546875001 0.38701478125 0.7986172796875 0.3790827859375 0.8110244765625 0.4004000203125 0.837530759375 0.440059990625 0.840350578125 0.4772412140625 0.8397866140625
0 0.6060547984375 0.7735881453125 0.5873052109375 0.76185693125 0.56714940625 0.7533251390625 0.5615245296875 0.76932225 0.561285571875 0.78622624375 0.5624620078125 0.786385834375 0.6060547984375 0.7858525968750001 0.6060547984375 0.7735881453125
0 0.609335975 0.7005346734375 0.6102734546875 0.6936025921875 0.6027736203125 0.6898699328125 0.588242690625 0.6813381406250001 0.5718368015624999 0.6733395843750001 0.5656595171875 0.700015434375 0.5779304171875 0.7016011468750001 0.5840240328124999 0.7010679093750001 0.609335975 0.7005346734375
5 0.6280855625 0.6397456515625 0.6280855625 0.614150275 0.6196482484375 0.6146835109375 0.6130858921875 0.6146835109375 0.612617153125 0.6461444968750001 0.612617153125 0.67707224375 0.6271480828125 0.67653900625 0.6280855625 0.6397456515625
0 0.45379587499999996 0.376434990625 0.4370903359375 0.36579265 0.419716575 0.35667064375 0.41537313437499995 0.36769306875 0.4138830484375 0.38353655781249996 0.41336846875 0.3840366625 0.4541299859375 0.38289641093750004 0.45379587499999996 0.376434990625
0 0.46983319218749997 0.436108109375 0.48152707031249997 0.438008528125 0.48152707031249997 0.40494125781249996 0.4811929609375 0.3901179984375 0.476515409375 0.390878165625 0.4757913546875 0.39113859375 0.4651556421875 0.40988234375 0.45646876093750005 0.4285064390625 0.46248275625 0.4330674421875 0.46983319218749997 0.436108109375
0 0.49890083281250003 0.3331054640625 0.48820928593749996 0.32550379218750003 0.476505859375 0.323318890625 0.47484485468750004 0.3399469671875 0.4758471875 0.3718739875 0.48152707031249997 0.36959348593749997 0.4855364 0.36085156406249996 0.4918845046875 0.34716855625 0.49890083281250003 0.3331054640625
0 0.56739354375 0.3840366625 0.56739354375 0.3768150734375 0.546010453125 0.364272315625 0.532646021875 0.35667064375 0.5279684703124999 0.3707337359375 0.5262979171875 0.38289641093750004 0.526632028125 0.38327649375 0.5493515625 0.3840366625 0.56739354375 0.3840366625
0 0.5670594343750001 0.431927190625 0.5764145359375 0.4323072734375 0.5770827578125 0.4003802546875 0.577750978125 0.3874574140625 0.5734075390625 0.38669724687499996 0.5727393171874999 0.38669724687499996 0.560711328125 0.405321340625 0.5540291125000001 0.42090476718750003 0.5563678875 0.4266060203125 0.5670594343750001 0.431927190625
5 0.62853581875 0.3133411171875 0.6288699296875 0.2810340140625 0.6288699296875 0.27001159218750004 0.6124985015625 0.270391675 0.6124985015625 0.270771759375 0.61149616875 0.302698778125 0.612164390625 0.347928721875 0.626865265625 0.34830880625 0.62853581875 0.3133411171875
5 0.629204040625 0.13152112031250002 0.6288699296875 0.1045351859375 0.6288699296875 0.0912322609375 0.61884660625 0.090852178125 0.6123015406250001 0.0914916328125 0.6124985015625 0.128860534375 0.6118302796874999 0.162687971875 0.62853581875 0.162687971875 0.629204040625 0.13152112031250002
3 0.6251703078124999 0.3826917109375 0.6266821140625 0.1582544609375 0.6259262109375 0.039586490625 0.6251703078124999 0.009489540624999999 0.5563831703125001 0.009489540624999999 0.5027140859375 0.008629628125 0.48986374218749995 0.0069098015625 0.4698401546875 0.0077709390625 0.46794256562500003 0.2846616484375 0.47398978593749996 0.2846616484375 0.47474568906250003 0.3844115375 0.6251703078124999 0.3826917109375
3 0.47634790625 0.440509234375 0.474472878125 0.55675918125 0.5288486796874999 0.5556926671875 0.5288486796874999 0.7871260453125 0.6244750875 0.7871260453125 0.626350115625 0.3765184390625 0.5738493421875 0.3765184390625 0.558849121875 0.36478679375 0.5410363593749999 0.355188175 0.525098625 0.34558955468749997 0.5204110562500001 0.377584953125 0.47541039218750003 0.3733189 0.47524469218750004 0.372980896875 0.47541039218750003 0.3903831125 0.4575976296875 0.421311996875 0.4547850890625 0.43624318281249996 0.47634790625 0.440509234375
3 0.47798089218750006 0.8363389515625 0.501373590625 0.80972748125 0.5338634484375 0.80972748125 0.5344252640625 0.5478421953125 0.48014311562499995 0.5485439140625 0.48058008125 0.37359501875 0.45588778906250005 0.37359501875 0.41819955468750003 0.3499403765625 0.40910239375 0.3721166046875 0.36047565000000004 0.37521943593749996 0.34282308281249996 0.375073434375 0.34282308281249996 0.80677065 0.3779121296875 0.80972748125 0.4000052328125 0.8333821218749999 0.47798089218750006 0.8363389515625
5 0.874834046875 0.7902276890625 0.8728532187500001 0.76694271875 0.8484230125 0.76694271875 0.8088064640624999 0.768444975 0.7652282593749999 0.76994723125 0.765112715625 0.768968996875 0.7645679828125 0.7902276890625 0.7969214984375 0.7902276890625 0.84248053125 0.7909788171875001 0.874834046875 0.7902276890625
0 0.9113200593749999 0.5870554234375 0.9120826453124999 0.5801153 0.8659462124999999 0.579247784375 0.8657383062499999 0.5799777078125 0.8792914609375 0.593561790625 0.9025503234375 0.6070082796875 0.9097948875 0.597465609375 0.9113200593749999 0.5870554234375
0 0.8495506203125001 0.44738127343749995 0.856413890625 0.44738127343749995 0.8571764765625 0.42178956875000007 0.856032596875 0.4027042265625 0.8555727234375 0.40270688281250006 0.8445938125 0.4018367125 0.835824078125 0.40487301562500005 0.830485978125 0.4079093203125 0.8495506203125001 0.44738127343749995
5 0.8103978218749999 0.2864696125 0.8114989749999999 0.26955858906249996 0.8004874484375 0.26767958593749996 0.7935909328124999 0.267480365625 0.79332995625 0.30525963906250003 0.79332995625 0.3315656765625 0.8109483984375 0.3321920109375 0.8103978218749999 0.2864696125
0 0.8478370140625 0.2200781859375 0.8456347093750001 0.19878282187500002 0.8390277921875 0.19189314531249999 0.8092966703125001 0.21381484374999998 0.80379090625 0.2219571875 0.8478370140625 0.2200781859375
5 0.986582253125 0.2802062703125 0.9871328296874999 0.263295246875 0.9700649640625001 0.264547915625 0.9700649640625001 0.265800584375 0.9678626578125 0.3328183453125 0.984930525 0.3334446796875 0.986031678125 0.30338063593750003 0.986582253125 0.2802062703125
5 0.9257222734375 0.024382715625000002 0.9264133625 0.0059074703125000004 0.8956599171875 0.00551438125 0.8742361703125001 0.00551438125 0.8624876625000001 0.0059074703125000004 0.8534335078125 0.0053868234374999996 0.8535035109375 0.024775806249999997 0.8780371562499999 0.024775806249999997 0.9108638687499999 0.024775806249999997 0.9257222734375 0.024382715625000002
3 0.9817004546874999 0.09447831875 0.9823915421875 0.0083915375 0.9226123749999999 0.008656651562500001 0.8711262703125 0.008656651562500001 0.837954015625 0.008656651562500001 0.7956089234375 0.00889699375 0.7959994859374999 0.02044885625 0.796143153125 0.0432486 0.7954520640625 0.2218395828125 0.92226683125 0.2210534015625 0.9820459984375001 0.21987413125000002 0.9817004546874999 0.09447831875
0 0.910997578125 0.3250911890625 0.910658878125 0.314687965625 0.9086266765625 0.3065965703125 0.902191371875 0.297734565625 0.8699410359374999 0.3184193046875 0.8696761453124999 0.318926315625 0.8683213437499999 0.323935275 0.910997578125 0.3250911890625
3 0.8562836359375 0.37784675 0.8079918375 0.3766393515625 0.8079918375 0.369998659375 0.7793351656249999 0.371206059375 0.7331660828125 0.37060235937499997 0.70079465625 0.37180975781250003 0.6994753171875 0.37171728125 0.6992026203124999 0.5867266625 0.8557529562499999 0.5879340609375 0.8562836359375 0.43399077343750003 0.8562836359375 0.37784675
3 0.9834945015625 0.5795459609375 0.9185232578125 0.5795459609375 0.8330719468750001 0.5811527234375 0.7589199828125001 0.5795459609375 0.7299654062500001 0.5787425796875 0.7003046203125 0.5795459609375 0.7003046203125 0.7860150640625 0.9834945015625 0.7860150640625 0.9827882921875 0.65667060625 0.9834945015625 0.5795459609375
4 0.57977853125 0.0071279421875 0.55147401875 0.0071279421875 0.526185559375 0.006599946875 0.5120333015625 0.0068639437499999996 0.5124973109375001 0.021119828125 0.5447458953125001 0.023231812499999997 0.578850515625 0.023495809375000003 0.57977853125 0.0071279421875