3 0.70804699375 0.567905484375 0.8849782812500001 0.5683051671875 0.9996633515625 0.5676390328124999 0.9997674921874999 0.416662703125 0.9996633515625 0.34981095156249997 0.9582138296875 0.349944178125 0.9582138296875 0.3475461015625 0.9024602359375 0.347412875 0.9024602359375 0.349944178125 0.8063337796875001 0.35007740468750004 0.806437928125 0.3471464203125 0.7507237671875 0.34701319375 0.7505154765625 0.3502106296875 0.708347259375 0.350048034375 0.7082552828125 0.4312896484375 0.7082552828125 0.49333592031249995 0.70804699375 0.567905484375
5 0.8064754640625 0.3654277 0.8065405109375 0.34728728750000004 0.788105953125 0.346954434375 0.75040399375 0.34661383125 0.7502753578125 0.3653444875 0.7638034234375 0.36517806249999996 0.8064754640625 0.3654277
5 0.958711946875 0.3655401 0.958513571875 0.34701557968749996 0.9369905765625001 0.3468887 0.9019789843750001 0.34662400625 0.9018793265625 0.3656669796875 0.9261794875 0.3654132203125 0.958711946875 0.3655401
0 0.9260803015624999 0.5519209093749999 0.9241958 0.5467188171874999 0.9206251625 0.5397581609375 0.9156659484375 0.5334141484375 0.9101116234375001 0.52910021875 0.905053228125 0.526308853125 0.8997964578125 0.52491316875 0.8930519218749999 0.5242787671875 0.8927543703125 0.5596783640624999 0.8872992312499999 0.5596783640624999 0.88757718125 0.56797798125 0.9333207578125 0.5685422265625 0.9332215703125 0.55966060625 0.9279648 0.5592799640624999 0.9260803015624999 0.5519209093749999
5 0.8920109828125 0.7311386 0.90073986875 0.7306423125 0.9065591203125001 0.7287812609375 0.9141241593749999 0.723198103125 0.9195554625 0.716002034375 0.9242108734375 0.7070689828125001 0.9268295343749999 0.6959026671874999 0.9326488 0.6960267359375 0.9326488 0.6882103140625 0.887443378125 0.6875608734374999 0.8872585875000001 0.6960267359375 0.8922049578125 0.695778596875 0.8920109828125 0.7311386
5 0.9537367031249999 0.9020600156249999 0.9538124984374999 0.8840247890624999 0.9301630390625 0.8838308625 0.8977521390625001 0.8837682578124999 0.8976745749999999 0.901963053125 0.9162167078125 0.9020600156249999 0.9537367031249999 0.9020600156249999
5 0.820435828125 0.9020909375 0.820435828125 0.8837648203124999 0.7961804859375 0.88357089375 0.76417873125 0.8836616656249999 0.764193740625 0.9019939750000001 0.7886006859375 0.9018970109375 0.820435828125 0.9020909375
0 0.800168590625 0.7317372484375 0.809990278125 0.730801609375 0.8186626265625 0.7262570875 0.8267080531250001 0.7179700171875 0.8319323546874999 0.7072770171875 0.834648990625 0.6962017453125 0.8402912406249999 0.696068084375 0.8403957234374999 0.6876473484375001 0.7947985390625 0.687527953125 0.7947353171875 0.695782046875 0.8000641078124999 0.695648384375 0.800168590625 0.7317372484375
0 0.829006746875 0.5492572359375 0.8247228140624999 0.539633540625 0.8179312218750001 0.532014778125 0.8106172 0.52706926875 0.8034076593749999 0.5245296828125 0.796825040625 0.52399503125 0.7967205515625 0.56008389375 0.7918097109375 0.5599502328125 0.7915803140625 0.56762886875 0.8377835703125 0.567568990625 0.8378880593750001 0.5599502328125 0.8317233828124999 0.56021755625 0.829006746875 0.5492572359375
3 0.42430230468749996 0.9383520375 0.42442572500000003 0.9416674984375 0.488844671875 0.9413517421875 0.4887212609375 0.9383520375 0.53771764375 0.93866779375 0.537964484375 0.792571196875 0.5378410546875 0.688888828125 0.41427978125 0.6885730718749999 0.35380617187499996 0.6881732640625 0.3535948515625 0.882169178125 0.3535948515625 0.93898355625 0.42430230468749996 0.9383520375
0 0.5249727562500001 0.73444860625 0.5193527421875 0.73838561875 0.513331296875 0.7433496828124999 0.5085141484375 0.7510525343750001 0.50583795 0.7578995125 0.50356318125 0.768512334375 0.503161753125 0.7782692796874999 0.5308603890625 0.777584584375 0.53099419375 0.78426039375 0.537684690625 0.78426039375 0.5377124625 0.7252390296875 0.5311280078125 0.724862834375 0.5311280078125 0.7327368609375 0.5249727562500001 0.73444860625
5 0.48894216406249996 0.9420538109375001 0.4888389234375 0.9229031015625001 0.4631311125 0.9230351750000001 0.42419797187499997 0.922983525 0.42410478749999997 0.9420538109375001 0.44836718593749997 0.9420538109375001 0.48894216406249996 0.9420538109375001
5 0.6233666546875 0.9414432250000001 0.6232667468749999 0.9232941859375 0.5965904515625 0.9230385671875 0.5592039171875001 0.922973209375 0.5592236640625 0.9419544671875 0.5798053734375 0.9419544671875 0.6233666546875 0.9414432250000001
0 0.5025109375000001 0.5730696125 0.496377384375 0.5770799249999999 0.49065273749999994 0.5838800234375 0.48642741093749997 0.5925980921875 0.4830198796875 0.6020136093749999 0.4820657703125 0.6147419968750001 0.5102800984375 0.61439326875 0.51014379375 0.6215420890625001 0.5169588546874999 0.621367728125 0.5169871671874999 0.5625916828124999 0.51014379375 0.562607928125 0.51014379375 0.5704541921875 0.5025109375000001 0.5730696125
3 0.3538857578125 0.5644427390625 0.568377315625 0.5645453015624999 0.6451989234375 0.5641350515625 0.6453592718750001 0.388144071875 0.645038575 0.306855615625 0.5984672921875 0.3071633 0.5985474671875 0.30429156874999996 0.542987659375 0.30429156874999996 0.542987659375 0.306855615625 0.45191590625 0.306753053125 0.4518357296875 0.30429156874999996 0.3965165125 0.30429156874999996 0.3964363359375 0.30706073906250003 0.3539281515625 0.3067965734375 0.3538857578125 0.41498655781249993 0.35380558125 0.5129782359374999 0.3538857578125 0.5644427390625
5 0.4520249515625 0.3224982265625 0.45207855625000004 0.30425849843749997 0.42463082031250005 0.3041213578125 0.39630196406249996 0.3039393734375 0.396330059375 0.322361084375 0.41584139374999995 0.32242965468749996 0.4520249515625 0.3224982265625
5 0.5985534515625 0.32249256875 0.598718040625 0.30417509531250003 0.5710219890625 0.30431545937500004 0.5426089484375 0.3039844140625 0.5430880046875 0.3222820234375 0.5663492890625 0.32249256875 0.5985534515625 0.32249256875
0 0.5662870859375 0.54425335 0.5600253328125 0.5322379515625 0.5509622734375 0.524438484375 0.5412400828124999 0.5208549453125 0.5341544125000001 0.5206441484375001 0.5336600703125 0.556479540625 0.5292109296875 0.55605795 0.5287667796875 0.5642879562500001 0.5753501453125 0.56448980625 0.5755149234375 0.556479540625 0.569747521875 0.55605795 0.5662870859375 0.54425335
0 0.2365317515625 0.9272163515624999 0.232545546875 0.9146998828124999 0.22783457343750002 0.9054284296875 0.2210701109375 0.8989612234375001 0.214668025 0.8941709703124999 0.20585005625 0.8915440609375 0.200776709375 0.891080484375 0.200897503125 0.9269301125 0.19600559687500002 0.92682395625 0.1954617703125 0.9456047328125001 0.24172589218749999 0.9457592578125 0.241846690625 0.927061821875 0.2365317515625 0.9272163515624999
5 0.13051001874999998 0.9420144687500001 0.13077019375 0.9233764921875001 0.0842194671875 0.9233764921875001 0.042505309375 0.9233764921875001 0.042233559375 0.9419035296875 0.07544039375 0.9420144687500001 0.13051001874999998 0.9420144687500001
0 0.1589976546875 0.6871494593749999 0.1539999453125 0.6901329781250001 0.1494464765625 0.6938268640625 0.1445598234375 0.6993676890625 0.141450134375 0.7066133859375 0.1378962046875 0.7182633265625 0.1365634796875 0.7296291218750001 0.16466173125 0.7300553390625 0.16466173125 0.736732746875 0.171658534375 0.736732746875 0.17153721875 0.6779980906249999 0.164550675 0.6780568203125 0.164550675 0.68587080625 0.1589976546875 0.6871494593749999
0 0.1368966609375 0.58067890625 0.1368966609375 0.586503878125 0.13778514375 0.5930150765625 0.1397842265625 0.6002607703125 0.1418943734375 0.6062278156249999 0.1475584453125 0.6141838703125 0.1556658484375 0.6219978562499999 0.16466173125 0.625833815625 0.16466173125 0.63336365625 0.171658534375 0.6332215796875 0.17153721875 0.5741382078124999 0.16466173125 0.574143575 0.1647727953125 0.58096305 0.1368966609375 0.58067890625
3 0.00022661875 0.5638091921874999 0.2905151171875 0.5638091921874999 0.2908142921875 0.40603804375 0.2905151171875 0.10561250312499999 0.22282812343749997 0.10561250312499999 0.2226785359375 0.10790871875000001 0.2189389828125 0.10829142031250001 0.17734986875 0.0690643875 0.1356130921875 0.1090568234375 0.095076821875 0.071169253125 0.058728301562499995 0.105803853125 0.0000172984375 0.1056233015625 0.00007703124999999999 0.2025416921875 0.00007703124999999999 0.4528789546875 0.00022661875 0.5638091921874999
0 0.21822501875000003 0.52020161875 0.21050837968749997 0.5211646859375 0.2020388953125 0.5242946453124999 0.196768990625 0.5289895890625 0.1909344546875 0.5345272125 0.1878289765625 0.54090751875 0.18519402812500002 0.5483712703125 0.183782446875 0.5564369390625 0.178136121875 0.5563165609375 0.178164775 0.563772940625 0.22368313281250002 0.5639958 0.22368313281250002 0.5556893656249999 0.21813091562500003 0.5556893656249999 0.21822501875000003 0.52020161875
3 0.17189835625 0.6416902328125 0.0015765343750000001 0.642552465625 0.0000837046875 0.9410765328125 0.171504290625 0.9395645046875 0.17189835625 0.6416902328125