3 0.9512907203125 0.7672235374999999 0.9504186203125 0.504350409375 0.86966125 0.503754359375 0.8702859328124999 0.3855144484375 0.8395965750000001 0.3853563 0.8391799734375001 0.35736358749999997 0.8248767984375001 0.3591032515625 0.8157116562500001 0.36574558281249997 0.8097404218750001 0.3752346390625 0.8066853765625 0.3869378078125 0.7588555265625 0.386831871875 0.7581990734375 0.6542295593749999 0.758547915625 0.76702485625 0.9512907203125 0.7672235374999999
0 0.842194296875 0.414681534375 0.8522281921875001 0.4266552375 0.8653678140625001 0.433730603125 0.8648900125000001 0.43944532656249996 0.8718181625 0.439989584375 0.8717247390624999 0.394020753125 0.8393274625 0.3959045875 0.83908856875 0.40570125468749996 0.842194296875 0.414681534375
5 0.8863912125000001 0.7706706640625 0.8863912125000001 0.753798625 0.8589174500000001 0.7535264953125 0.8236329187500001 0.7530033109375001 0.8233210203124999 0.7703985359375001 0.8539004953125 0.77094279375 0.8863912125000001 0.7706706640625
3 0.422377678125 0.8455013750000001 0.452445984375 0.8799846796875 0.5224008078125 0.8799846796875 0.5504236375 0.84643335625 0.58315105 0.84643335625 0.5837646921874999 0.776567378125 0.5836448187500001 0.640769553125 0.40226988906249994 0.6405693593749999 0.4021962484375 0.7055527265625 0.40178715625 0.84526838125 0.422377678125 0.8455013750000001
0 0.420660884375 0.6747852703125 0.43170867812499997 0.67460549375 0.43802170625 0.6724481765625 0.4441769046875 0.6677739859375 0.4497008 0.6587851515625001 0.452541665625 0.6479985578125 0.4577499109375 0.648178334375 0.4575920921875 0.639908609375 0.41703214062500005 0.6395503953125 0.4165574203125 0.6492569953125 0.420976534375 0.6492569953125 0.420660884375 0.6747852703125
5 0.552916675 0.8445231921874999 0.5429736625 0.8340961484375 0.516774609375 0.8630401843750001 0.515669828125 0.864298621875 0.45853694687499996 0.8644783984375 0.430400196875 0.833226284375 0.4205030640625 0.8447029703125001 0.4515947140625 0.8808380687499999 0.5222985062500001 0.880298740625 0.552916675 0.8445231921874999
5 0.6190502796875 0.8474222640625 0.6187346203125 0.8333996890625001 0.604056840625 0.8332199125 0.5809210296875 0.8336215421875 0.580698640625 0.8468829375 0.593640346875 0.8474222640625 0.6190502796875 0.8474222640625
5 0.6439670171875 0.6546367265625 0.6436358328125 0.6367174828125 0.6436358328125 0.6167233828125 0.6322780625 0.6166965671875 0.631547584375 0.6367174828125 0.6317131828125 0.6544481046875 0.6439670171875 0.6546367265625
0 0.48125441249999995 0.622859340625 0.4839038953125 0.622859340625 0.49218351250000003 0.6200299874999999 0.49980076249999994 0.6100329375 0.505099725 0.6002245078125 0.506093278125 0.5858891125000001 0.48142001093750003 0.58532324375 0.48142001093750003 0.580796278125 0.4747142609375 0.580824334375 0.4747963125 0.6281408046875 0.48125441249999995 0.6279521734375 0.48125441249999995 0.622859340625
3 0.47484032656249997 0.5735660609375001 0.6432336578125 0.5744275 0.64298158125 0.5380000390624999 0.650796228125 0.5371386015625 0.6568463015625 0.5322571109374999 0.6626442671875 0.521058378125 0.6669297390625 0.502680978125 0.6437378453125 0.5021066859375 0.643485734375 0.420310028125 0.6437378453125 0.324176128125 0.5027723078124999 0.32390719687499997 0.50256976875 0.47800645468749997 0.475344496875 0.47714500624999995 0.47484032656249997 0.5735660609375001
0 0.5089348890625 0.425880528125 0.514458796875 0.42552097499999997 0.5188779125 0.4221052171875 0.524875290625 0.4167119171875 0.5330822203125 0.40394778125 0.5341870015625 0.3883072140625 0.5089348890625 0.3883072140625 0.50925055 0.38309368906249996 0.5027960296875 0.38302865625 0.502621871875 0.4296558359375 0.5086192390625001 0.43001538906250003 0.5089348890625 0.425880528125
5 0.6442878734375 0.45600703593749997 0.6442878734375 0.42996458437499996 0.6444456921875 0.3967059109375 0.6316154734375 0.3968626484375 0.6316618171874999 0.4191528265625 0.6316618171874999 0.4561868109375 0.6442878734375 0.45600703593749997
3 0.34655046718750004 0.20768509218750003 0.352538659375 0.22052470937500002 0.36381053125 0.23055565625000002 0.3518341578125 0.23898165625 0.3483117046875 0.25021632656250004 0.34725495781250004 0.2650621265625 0.37155995 0.26546336406250004 0.37155995 0.2702782171875 0.37155995 0.33078091249999997 0.63129295 0.3299784390625 0.63164520625 0.337200721875 0.6760282359375 0.336799484375 0.6760282359375 0.11746270781249998 0.42975141875 0.11786395000000001 0.42587670937500005 0.10622804374999999 0.41847952499999996 0.0974008078125 0.40791214374999996 0.091783478125 0.39452677812500003 0.09057976250000001 0.39452677812500003 0.1182651875 0.37124407187499997 0.11782375625 0.37120770468750003 0.194845475 0.346198221875 0.1944442390625 0.34655046718750004 0.20768509218750003
5 0.626517721875 0.132461746875 0.626165465625 0.1144060375 0.606087428125 0.1140047859375 0.5638203296875 0.11473618906250001 0.5624088781250001 0.1320604953125 0.5930543187499999 0.1308567859375 0.626517721875 0.132461746875
0 0.42793449843750003 0.3013534578125 0.41944086093750005 0.2951966640625 0.40296837031250005 0.293437575 0.3996223765625 0.32949880625 0.439774128125 0.33067152499999997 0.4402888921875 0.3245147296875 0.4359133703125 0.3124943203125 0.42793449843750003 0.3013534578125
0 0.1956348328125 0.846448796875 0.2200940625 0.8461321937499999 0.24926592812499998 0.880325375 0.3195862375 0.8809585906249999 0.34932644062499996 0.8458155906249999 0.40825095781250004 0.8461321937499999 0.4085289109375 0.7743074859375 0.4085289109375 0.6410838437499999 0.36039105 0.6401340296875 0.2009069828125 0.6404415 0.20063786249999999 0.743008046875 0.19702455937500002 0.743008046875 0.1956348328125 0.846448796875
0 0.3649205140625 0.6590225281250001 0.370751928125 0.6654095250000001 0.37815334218749996 0.67281843125 0.3873490328125 0.6766506328124999 0.395871878125 0.6761396656249999 0.3951990171875 0.6498252609375 0.3994604484375 0.64956978125 0.39923615468749996 0.6393505953124999 0.3575202046875 0.6389662609375 0.35707052968749997 0.64880334375 0.3633505140625 0.64880334375 0.3649205140625 0.6590225281250001
5 0.35122557187500003 0.844614965625 0.3428608109375 0.8341879234375 0.3150834953125 0.8669072671875 0.25526756875 0.8652892812499999 0.22779602968749998 0.8322381421875 0.2189571546875 0.84571879375 0.24989098437499999 0.8805954484375 0.320439053125 0.8807500656249999 0.35122557187500003 0.844614965625
0 0.20651658281250002 0.6333164499999999 0.231696646875 0.6337148203125 0.230997203125 0.6265442671875 0.22977317031250002 0.6189753578125 0.22697538437500003 0.6122031734375 0.22225411875 0.605032628125 0.21456021249999999 0.59925635 0.20686630625000002 0.5974637109375001 0.20704117187499999 0.5912890796875 0.20006513125 0.591221203125 0.199347265625 0.637698453125 0.20669145000000003 0.6380968218749999 0.20651658281250002 0.6333164499999999
0 0.19122670625 0.4076577375 0.17308716875000002 0.40972398749999994 0.16159881250000002 0.42039957499999997 0.1588778796875 0.434518915625 0.15222671875 0.4341745421875 0.15234910937499999 0.44221762656249997 0.194854621875 0.44209514375000003 0.1945522859375 0.435552034375 0.19122670625 0.435552034375 0.19122670625 0.4076577375
0 0.190305009375 0.311375684375 0.181366453125 0.3014549921875 0.171052721875 0.2967557109375 0.1584470765625 0.2949282109375 0.158217875 0.3236460171875 0.15409238125 0.32390708749999997 0.1545744953125 0.330367515625 0.1955764734375 0.3304338671875 0.19626404687500001 0.3241681578125 0.194201315625 0.32286280624999997 0.190305009375 0.311375684375
5 0.151157075 0.1317147703125 0.15138626093750002 0.11474515781250001 0.0908790828125 0.11343980625000001 0.04540764375 0.1145470171875 0.044352740625 0.1317147703125 0.097067321875 0.1317147703125 0.151157075 0.1317147703125
1 0.3235702671875 0.3436425015625 0.3168144046875 0.34445202343750003 0.300635890625 0.35254725468750003 0.2912132390625 0.363071053125 0.281968375 0.3509282078125 0.27201236875 0.346071071875 0.26170078750000003 0.3456663078125 0.262056359375 0.38411865 0.2627675015625 0.385130553125 0.324281409375 0.385332934375 0.3235702671875 0.3436425015625
1 0.3537873125 0.2225437453125 0.36619054218749997 0.23061179687500002 0.3567404625 0.236662834375 0.3493575890625 0.2450670546875 0.34640443906249996 0.258681890625 0.349062275 0.26759036406250003 0.3797750296875 0.267926534375 0.37947971406250003 0.192960890625 0.375345303125 0.192624721875 0.37386872968749996 0.192960890625 0.3446325484375 0.1946417359375 0.34699506874999997 0.2040544609375 0.34994821875 0.21380335625 0.3537873125 0.2225437453125
1 0.3290439265625 0.084338878125 0.3143350109375 0.087439571875 0.305073840625 0.0930208203125 0.2925440203125 0.10604373593750001 0.2892753734375 0.09922220937500001 0.27402168125 0.08867985 0.25931276406250003 0.084959015625 0.25931276406250003 0.1277485921875 0.2614918625 0.1283687328125 0.3290439265625 0.129609009375 0.3290439265625 0.084338878125