3 0.9872894578125001 0.9040203874999999 0.9872894578125001 0.806162253125 0.9872894578125001 0.7143449203125 0.8757077093750001 0.7143449203125 0.8137743921875 0.7138016984375 0.8137534109375 0.8234193984375 0.8137534109375 0.9038423515625 0.9872894578125001 0.9040203874999999
0 0.8312934437499999 0.743199403125 0.8375930374999999 0.750676959375 0.8461160156249999 0.75494985 0.8525391250000001 0.7558400390625 0.8527861671875 0.7143573812499999 0.8251057265625 0.713997415625 0.8256114609375 0.7245054984375 0.827093721875 0.734831653125 0.8312934437499999 0.743199403125
5 0.9507508546875 0.9047574562499999 0.9506273375 0.8903364484375 0.9128219484375 0.8901584109374999 0.8704882406250001 0.889946340625 0.8703384312500001 0.905291565625 0.897883696875 0.9049354921875 0.9507508546875 0.9047574562499999
5 0.7688731453125001 0.7496487968750001 0.7938992296875 0.7496487968750001 0.7940026390625 0.7354885859375 0.77973156875 0.7356376421874999 0.75296835 0.7355699640625 0.7526372125 0.736084809375 0.7525337999999999 0.7497978515625 0.7688731453125001 0.7496487968750001
0 0.8698988859375 0.6786156984375 0.87436509375 0.673980803125 0.8675764578124999 0.6622648156250001 0.8592693062500001 0.6473301453125 0.8548570625 0.6478084703125 0.8548924203125001 0.6833793421875 0.8606091671874999 0.6828643546875 0.8660579484375001 0.6811906421875 0.8698988859375 0.6786156984375
5 0.9875230078125 0.6882338671875 0.9875230078125 0.6757404124999999 0.9875230078125 0.6519904796875 0.97785149375 0.6519087171875 0.9777394359375 0.6653498156250001 0.977825253125 0.6879864671875 0.9875230078125 0.6882338671875
3 0.8191842875 0.3255597234375 0.8221247390625 0.3255597234375 0.8220298890625 0.4420927296875 0.8220298890625 0.534601921875 0.9869767296875 0.5339183359375 0.987450990625 0.34986654375000004 0.987450990625 0.26883196875 0.8767246390625001 0.268968684375 0.8184564671875 0.2684410171875 0.8186151703125001 0.3256964390625 0.8188997312499999 0.32583315625 0.8191842875 0.3255597234375
5 0.9295397828124999 0.2820818 0.9295397828124999 0.268556440625 0.904213959375 0.268556440625 0.8713947328125 0.268419725 0.87092046875 0.282218515625 0.8934955453125 0.282218515625 0.9295397828124999 0.2820818
0 0.8304642812499999 0.5220431859375 0.8348602656249999 0.5200484796875 0.8394190578125 0.5166457359375001 0.84340800625 0.5113656234375 0.8471527296874999 0.5046774828125 0.84967635 0.49540795312499997 0.8504904171875 0.48437838749999995 0.821713478125 0.4844923375 0.8217537265624999 0.5220431859375 0.8276150328125 0.5222778578125 0.8304642812499999 0.5220431859375
0 0.9280389359375001 0.5064375703125 0.9253283171875 0.511964459375 0.9234110546875 0.5170148921875 0.9224854765625 0.5216841624999999 0.9220226874999999 0.5258769765625 0.9222345046875 0.5341518890625 0.946418240625 0.534262603125 0.9462860171875 0.52864041875 0.9370302515625 0.5173007671875001 0.9280389359375001 0.5064375703125
5 0.98720371875 0.5902747421875 0.98733594375 0.5788531359375 0.9872698328125 0.5525527625 0.9780146484375001 0.5525885296874999 0.9778818390625 0.563885746875 0.978080178125 0.5902747421875 0.98720371875 0.5902747421875
3 0.8275914609375 0.4808049953125 0.8274553687499999 0.38101308437500003 0.82786364375 0.31259348125 0.7966974796875 0.31239731875 0.7181698375 0.31227615468750003 0.71789741875 0.3800322703125 0.71789741875 0.4813934890625 0.8275914609375 0.4808049953125
5 0.7953365156250001 0.326142434375 0.7952004140625 0.311234071875 0.7757385671875 0.311234071875 0.7509561109375 0.3111979453125 0.75083285625 0.3265347640625 0.7694781140625 0.3265347640625 0.7953365156250001 0.326142434375
0 0.7521938203125 0.4409839640625 0.7467499453124999 0.44412256875 0.7415782625 0.4492228 0.738039746875 0.4553038421875 0.73450123125 0.4643273265625 0.733684653125 0.47295849062500006 0.7338207437500001 0.4813934890625 0.7609866125 0.48069233125000005 0.761040109375 0.43882617343749997 0.757093309375 0.43882617343749997 0.7521938203125 0.4409839640625
3 0.6813744046875 0.53605313125 0.681511921875 0.48116082968749996 0.7240062875 0.48116082968749996 0.7242813406249999 0.40647455 0.7244188578124999 0.3127732875 0.7032320125 0.312575071875 0.6048212671875 0.3120603671875 0.6046397859375 0.4538345953125 0.6046397859375 0.5364495640625 0.6813744046875 0.53605313125
5 0.6883314781250001 0.3259412109375 0.6883314781250001 0.3120443453125 0.6674278296875 0.31191558750000004 0.6439516296875001 0.3116972171875 0.644201559375 0.326198728125 0.65679734375 0.326198728125 0.6883314781250001 0.3259412109375
0 0.6995030953125 0.44613822968749994 0.694500509375 0.45296241249999997 0.69164189375 0.4589960203125 0.68949793125 0.466463990625 0.6887832734375 0.4729019 0.6887612171875 0.48098364374999997 0.715582821875 0.48100465156250005 0.715761490625 0.439829084375 0.707096296875 0.44085914531250003 0.6995030953125 0.44613822968749994
3 0.7267377390624999 0.670061465625 0.72657763125 0.5997059328125001 0.7267377390624999 0.528196503125 0.6822260578125 0.5277349453125 0.6043147859375 0.5277199031250001 0.6045707796875 0.5794134625 0.6047308921875 0.6695999078125 0.7267377390624999 0.670061465625
0 0.68984225 0.5466871515625 0.69252364375 0.55308409375 0.6970542765625 0.5604139203125 0.7027869109375 0.56561143125 0.710091396875 0.5688099015625 0.71554664375 0.5690764390624999 0.715640259375 0.5277230578125 0.688362865625 0.527496334375 0.6887327109375 0.539357325 0.68984225 0.5466871515625
5 0.6141611796875 0.6267107328125 0.614235253125 0.607392946875 0.6141611796875 0.5819818328124999 0.6042205546875 0.58194306875 0.6048275875 0.594466378125 0.6048275875 0.6267107328125 0.6141611796875 0.6267107328125
0 0.6952613203125 0.641583909375 0.69207605 0.6483103796874999 0.6897056109374999 0.65514361875 0.6894833828125 0.6610159359375001 0.6893724796875 0.6684459390625 0.7137062765625 0.668916871875 0.7137803500000001 0.6638987109375 0.704298609375 0.6519405390624999 0.6952613203125 0.641583909375
3 0.319442059375 0.493458540625 0.3197208859375 0.5854347843750001 0.48506229687499997 0.5862385625 0.48506229687499997 0.3665461125 0.4847834609375 0.2685415375 0.375338225 0.2685415375 0.316240853125 0.2684188265625 0.31609611718749997 0.324978765625 0.3195814671875 0.32558159531249997 0.319442059375 0.493458540625
5 0.3720228953125 0.2818676375 0.37221313437500003 0.26852330625 0.3629549015625 0.26843190625 0.3473174546875 0.268081184375 0.34735540625 0.2820504359375 0.356867290625 0.2820504359375 0.3720228953125 0.2818676375
5 0.45449213281249995 0.2819862625 0.4544287171875 0.26845913593750004 0.4430144546875 0.26845913593750004 0.42969810468749997 0.268181659375 0.42963440156250005 0.2819862625 0.4395267625 0.2818034640625 0.45449213281249995 0.2819862625
0 0.3421985828125 0.5356442625 0.3378947171875 0.5288079046874999 0.3316585046875 0.5238705375 0.3250709578125 0.5223513468750001 0.3194495890625 0.5223513468750001 0.3194324515625 0.5599003609375 0.34817129062499996 0.56033110625 0.3479956234375 0.55311495 0.3461511078125 0.5441264078125 0.3421985828125 0.5356442625
0 0.403165590625 0.6260064546875 0.4075216390625 0.6230368546875 0.41123017187500005 0.61887941875 0.41470323750000004 0.613194759375 0.41752878281249994 0.6064189796874999 0.4192358859375 0.597425340625 0.4195302140625 0.589958921875 0.3912455375 0.5900430984375 0.3910392875 0.62804275 0.39863294374999997 0.6273639859375 0.403165590625 0.6260064546875
5 0.48521187499999996 0.7504685265625 0.48521187499999996 0.7393904375 0.485115796875 0.7177881625 0.47548023125 0.7177684765625 0.4753162421875 0.731635775 0.47541231249999993 0.7504685265625 0.48521187499999996 0.7504685265625
5 0.2442414015625 0.224322509375 0.2442414015625 0.2110465359375 0.23912428593750001 0.21095976562500002 0.2328457078125 0.2110089578125 0.23286334062499997 0.2242357375 0.2379202578125 0.2242357375 0.2442414015625 0.224322509375
5 0.3004858625 0.2242021671875 0.300432515625 0.21105309375 0.2955243609375 0.210899303125 0.2892667328125 0.21091504687499998 0.28922911562500003 0.2242790609375 0.29413727343749996 0.2242790609375 0.3004858625 0.2242021671875
3 0.22165378906250002 0.48128832031249996 0.22193215624999998 0.3128720546875 0.2220713453125 0.21101704062499999 0.208167425 0.21101704062499999 0.10259648437499999 0.211078034375 0.10251554062499998 0.3744179875 0.10251554062499998 0.4790815828125 0.22165378906250002 0.48128832031249996
5 0.18739557499999998 0.2248873875 0.187534753125 0.210242675 0.1733602484375 0.210242675 0.1436180453125 0.210416434375 0.143413403125 0.2248873875 0.158584465625 0.2248873875 0.18739557499999998 0.2248873875
5 0.111852421875 0.460433609375 0.111852421875 0.4446780546875 0.1120331 0.41902645156249996 0.10196980468750001 0.41884896562499996 0.10227638593749999 0.4392091890625 0.102366728125 0.4603033984375 0.111852421875 0.460433609375
0 0.13831895 0.48803722499999996 0.1306850765625 0.4849666078125 0.12145342968749999 0.48445483593749994 0.121099209375 0.5238050265624999 0.1526990203125 0.5236052124999999 0.1511012328125 0.507228590625 0.146130334375 0.4957137734375 0.13831895 0.48803722499999996
5 0.1125768328125 0.6018522500000001 0.1125768328125 0.5808696953125 0.1122217703125 0.552978246875 0.1019609671875 0.5527783328125 0.10174740468750001 0.575751996875 0.10156986718750001 0.6015963656250001 0.1125768328125 0.6018522500000001
0 0.1942414453125 0.514631340625 0.19832468125 0.5074665640625 0.2008101171875 0.5008135578124999 0.20240790468749997 0.4928811296875 0.2029405046875 0.484692815625 0.17363173437499999 0.4838612453125 0.1734702265625 0.5240990796875 0.1818142234375 0.5238431968749999 0.188560434375 0.5205166953125 0.1942414453125 0.514631340625
3 0.12157583281249999 0.7803007421875 0.12170247187500001 0.78979276875 0.1429847109375 0.8106022156250001 0.1779386671875 0.8106022156250001 0.1993416296875 0.7894532437499999 0.19921498124999998 0.7805088296875 0.2242906421875 0.78087390625 0.224037353125 0.7365297078124999 0.22416399375 0.6358192703125 0.174519753125 0.63545419375 0.1026872609375 0.6355316484375 0.10232582812499999 0.6912728031250001 0.102199184375 0.78048328125 0.12157583281249999 0.7803007421875
0 0.21025257968750002 0.69548153125 0.20642648281249998 0.6981747703125001 0.20295630625 0.702150503125 0.1996640875 0.7061262359375 0.1970836984375 0.7129234609374999 0.19459228906249998 0.7233116671875 0.193791478125 0.7321608859375 0.2243476953125 0.7320100843749999 0.22466716406249998 0.6938142875 0.21541335468749997 0.6940707859375 0.21025257968750002 0.69548153125
5 0.1728279578125 0.8101054984375 0.172767503125 0.7966005609375 0.1603149203125 0.7965134328125 0.1483584734375 0.796522734375 0.14846682656250001 0.810366884375 0.1586223328125 0.810366884375 0.1728279578125 0.8101054984375
5 0.1448398578125 0.7951193734374999 0.1375254734375 0.7878876984375001 0.13306450625 0.7833050218750001 0.127369965625 0.7946837312499999 0.13395895625 0.80191540625 0.13952030625 0.807230253125 0.1448398578125 0.7951193734374999
5 0.1811766125 0.8074656828125001 0.1874633578125 0.8013666796875001 0.19375010312500002 0.7945706453125 0.187723815625 0.7828261203125 0.181902009375 0.7886459 0.175010771875 0.7954419328125 0.1811766125 0.8074656828125001
5 0.2747777375 0.749601265625 0.27491308281250004 0.7358480890625 0.26144615937500004 0.7357505484375 0.24678152187500002 0.7357983390625 0.247031809375 0.74969880625 0.259145275 0.749601265625 0.2747777375 0.749601265625
0 0.289318290625 0.7094146796875 0.2853932609375 0.71390153125 0.2816712453125 0.7189736250000001 0.2784229421875 0.7276547078125 0.2765280953125 0.7361407125 0.2767070203125 0.7489871390625 0.3029882359375 0.7488209421875001 0.30312358125 0.70502536875 0.2972360328125 0.70570815 0.289318290625 0.7094146796875
1 0.3027904171875 0.4409602953125 0.288738265625 0.45011684843750005 0.2807084640625 0.46361071562499995 0.2803738890625 0.45686378124999993 0.2723440875 0.44674338281250003 0.26096853750000004 0.4414422203125 0.26029938750000003 0.4799961265625 0.2716749390625 0.4819238203125 0.3027904171875 0.4795142015625 0.3027904171875 0.4409602953125
1 0.289333528125 0.1801008140625 0.27751621718749997 0.18723895625 0.2660801078125 0.20151524062499998 0.2576936296875 0.18668986875 0.24473270781249998 0.182846253125 0.24473270781249998 0.22347875468749998 0.26264927656250003 0.2240278421875 0.289333528125 0.22347875468749998 0.289333528125 0.1801008140625