5 0.12393257656250001 0.24186398125 0.10160699375 0.24158558281250003 0.100986840625 0.260516671875 0.1090488546875 0.2610734765625 0.123622490625 0.2610734765625 0.12393257656250001 0.24186398125
5 0.2364907484375 0.24325597499999999 0.2158757546875 0.24269696875000002 0.215095384375 0.26023827499999996 0.22315739843750002 0.26023827499999996 0.23618066093749998 0.2599598765625 0.2364907484375 0.24325597499999999
5 0.3763357484375 0.24325597499999999 0.32123836093749997 0.24085864687499997 0.3214520234375 0.260516671875 0.3474985046875 0.26023827499999996 0.37602568125 0.26023827499999996 0.3763357484375 0.24325597499999999
0 0.259436484375 0.5396059421875 0.266568278125 0.547401103125 0.2702892171875 0.5524122796875 0.28052177968750003 0.552969075 0.29805176875 0.5261051375 0.259436484375 0.505919734375 0.256335715625 0.5195612578125 0.256335715625 0.530418803125 0.259436484375 0.5396059421875
0 0.2371109015625 0.626496046875 0.23432020156250002 0.63596159375 0.23432020156250002 0.6476543312499999 0.28021167187499996 0.647932728125 0.279979865625 0.6094424578125001 0.2650178828125 0.6097921359375 0.25416516875 0.6128545187500001 0.24362252187500003 0.6175872953125 0.2371109015625 0.626496046875
0 0.36641325468749997 0.771894490625 0.36114191875 0.7643777375 0.352459771875 0.756860975 0.340676796875 0.751571409375 0.3261031828125 0.7512930124999999 0.327375990625 0.7981769796875 0.36982410625 0.798620746875 0.3688938671875 0.7805248437500001 0.36641325468749997 0.771894490625
5 0.1019170609375 0.8080862921874999 0.07505129687499999 0.7843895562500001 0.061296903125 0.797785553125 0.0721496171875 0.8075294968750001 0.0892038875 0.8225630140625 0.1019170609375 0.8080862921874999
5 0.132304678125 0.8066942953125 0.099260828125 0.806143046875 0.099436446875 0.825346990625 0.1670333671875 0.825346990625 0.16610312656249998 0.8066942953125 0.132304678125 0.8066942953125
5 0.19121940937499998 0.7841440234375 0.1650698359375 0.806449434375 0.1778860828125 0.82200621875 0.1918395625 0.8108702765625001 0.20672330468750003 0.797785553125 0.19121940937499998 0.7841440234375
0 0.4619017 0.3843944765625 0.46221176562500005 0.3693609640625 0.45539005781249997 0.3593386203125 0.44732804374999996 0.3523786578125 0.43647534062500004 0.349316275 0.41330277656250003 0.3493197171875 0.41321951874999996 0.349037875 0.41352959531250005 0.3843944765625 0.4619017 0.3843944765625
5 0.434924946875 0.4910210765625 0.434924946875 0.46039725468750003 0.4352350234375 0.43561979375000004 0.41534865312499997 0.43541452343750003 0.41476990156250004 0.4364549875 0.41476990156250004 0.4910210765625 0.434924946875 0.4910210765625
5 0.711514171875 0.3562762359375 0.622664075 0.35544746250000003 0.6231420421875 0.37465053125000003 0.6538397265625 0.374372134375 0.7121343046875 0.374372134375 0.711514171875 0.3562762359375
5 0.6476381921875001 0.7829464640625 0.6083429437500001 0.7816320703125 0.6082583203125 0.8004855687499999 0.6925994234374999 0.7996503671874999 0.6925994234374999 0.7821112718750001 0.6476381921875001 0.7829464640625
0 0.8022820703125 0.493061896875 0.7957704296875 0.50085705 0.7932898171875 0.5111577953124999 0.7935998828125 0.5250777171875 0.836117125 0.523654040625 0.836390609375 0.48081236406250005 0.821816953125 0.4813691609375 0.8106541515625001 0.4844315453125 0.8022820703125 0.493061896875
0 0.7498789593749999 0.566280684375 0.7594913671875 0.5729622453125 0.771894453125 0.5754678328125 0.7870882625 0.575189434375 0.786675125 0.5334584312499999 0.7340649984375001 0.5320376812500001 0.7349952171874999 0.5456792046875 0.7405766171875 0.5576503390625 0.7498789593749999 0.566280684375
0 0.8875534140625 0.6228104671875 0.88569293125 0.6141801124999999 0.8794913796875001 0.605549759375 0.8695689046874999 0.5985898 0.8599564953125001 0.594692225 0.8408908359374999 0.5944294859375 0.84073168125 0.629770425 0.8869332406250001 0.629770425 0.8875534140625 0.6228104671875
0 0.7380960046875 0.633389603125 0.73623554375 0.64285515 0.7359254578125001 0.6537126843750001 0.786778175 0.6537126843750001 0.7870161046875 0.6131191046875 0.769413840625 0.611952921875 0.756390578125 0.6155721015625 0.7458479515625001 0.6230888640625001 0.7380960046875 0.633389603125
5 0.9886387171875001 0.6069417546875 0.9889487828125001 0.55710843125 0.96807611875 0.5576630203125 0.9687937281250001 0.5804939 0.9681735953124999 0.6074985500000001 0.9886387171875001 0.6069417546875
5 0.9877084765624999 0.7205729984375 0.9889487828125001 0.6707396671875 0.9677351406250001 0.671332675 0.9681735953124999 0.694125140625 0.9684836609374999 0.7211297937500001 0.9877084765624999 0.7205729984375
5 0.9238324953125 0.300584328125 0.9232123218750001 0.2816532296875 0.8299794984375 0.2803825953125 0.8301890546875 0.2997491296875 0.8615068906250001 0.300584328125 0.8971658 0.300584328125 0.9238324953125 0.300584328125
5 0.9877084765624999 0.47572673749999994 0.987398409375 0.41447907656250005 0.9670531812500001 0.4158057421875 0.9687937281250001 0.442318921875 0.9687937281250001 0.47600512500000003 0.9877084765624999 0.47572673749999994
3 0.8425921609374999 0.5230842609375 0.842282075 0.5420153546875001 0.9870883031250001 0.5409017453125 0.9867782359374999 0.38772304218750003 0.987398409375 0.2819316328125 0.76724329375 0.28221003125 0.7678634468750001 0.37326120937499996 0.77251460625 0.37326120937499996 0.77235399375 0.43020594218749997 0.7728246953125 0.5230842609375 0.785227803125 0.5230842609375 0.8425921609374999 0.5230842609375
3 0.6633746953124999 0.5965172078125 0.786023778125 0.593679109375 0.7872882 0.358116040625 0.5495765328125 0.35357506875 0.548944321875 0.4773166390625 0.5514731640625 0.594246728125 0.6633746953124999 0.5965172078125
3 0.8125766859375 0.798114046875 0.8113122640625001 0.6647229343750001 0.785391590625 0.6675610359374999 0.7872882 0.582417759375 0.5499896640624999 0.583536359375 0.5514731640625 0.677210615625 0.5514731640625 0.798114046875 0.8125766859375 0.798114046875
0 0.35305584843750004 0.5135296031250001 0.337113109375 0.5117403609375 0.3251560671875 0.5135296031250001 0.3163875609375 0.5203287234375 0.306410034375 0.5301374453125 0.34109880625 0.55325079375 0.36620860624999996 0.5217601203125 0.35305584843750004 0.5135296031250001
0 0.3120033078125 0.5765109515625 0.311604728125 0.595476915625 0.353852984375 0.5951190671875 0.3541835265625 0.560068134375 0.335120259375 0.559692059375 0.32396035156249997 0.5629127 0.31718469531250004 0.569711825 0.3120033078125 0.5765109515625
3 0.27943541875 0.5629495359375001 0.307973334375 0.5181104390625 0.30287725781249997 0.2426701921875 0.22541718125000001 0.2408400140625 0.22439793749999998 0.20515175000000002 0.1173807015625 0.20515175000000002 0.1173807015625 0.244500353125 0.0185171375 0.243585271875 0.01944954375 0.4088744734375 0.020555554687499998 0.5949774671875 0.2824930125 0.5949774671875 0.27943541875 0.5629495359375001
3 0.0599364234375 0.7984665875 0.09202113281249999 0.8252157546875001 0.1722330609375 0.8259016515625 0.20890134531250001 0.7984665875 0.27689044375 0.7970948390625 0.2791822296875 0.5789861468749999 0.0160493390625 0.578294840625 0.0171567265625 0.6736370921875 0.0179206453125 0.7970948390625 0.0599364234375 0.7984665875
3 0.34335175156250003 0.5562054921875 0.352518796875 0.55826309375 0.4342585671875 0.5562054921875 0.4357864078125 0.38679400468749997 0.4632875921875 0.3854222578125 0.46252370000000004 0.3723906 0.45412054843750005 0.352500196875 0.435022459375 0.34564143125 0.435022459375 0.242759959375 0.2882267578125 0.2401305890625 0.28758538125 0.3806211140625 0.2883493265625 0.5171105421875 0.34335175156250003 0.5562054921875
1 0.2174033953125 0.2597599234375 0.2174033953125 0.203133340625 0.169524459375 0.203133340625 0.11870558906249999 0.2053984046875 0.1218790125 0.259550034375 0.12290549375 0.2605149453125 0.174564346875 0.2593824125 0.2174033953125 0.2597599234375