5 0.249162725 0.21824312343750002 0.23225431875 0.21731791875 0.23222198437500002 0.2338905625 0.2669797390625 0.2338905625 0.2666876484375 0.2179102 0.249162725 0.21824312343750002
5 0.3931591109375 0.21857604687499999 0.3729356484375 0.218050709375 0.372713378125 0.23455640781249998 0.41156030625 0.2338905625 0.410976125 0.21857604687499999 0.3931591109375 0.21857604687499999
0 0.4080552953125 0.1609801390625 0.40834740468749997 0.1516582640625 0.3642635109375 0.14953488125 0.3642430171875 0.1656410875 0.36774800937499996 0.17596173125 0.3759262796875 0.18961163125 0.4080552953125 0.1609801390625
3 0.28421257031249997 0.23255886874999998 0.311376178125 0.2581940390625 0.3332823265625 0.2585269515625 0.361030115625 0.232225934375 0.42704063281250004 0.2318930109375 0.4267485609375 0.1519911875 0.362198440625 0.15032656093750002 0.36278260156250003 0.08340878125 0.2088074296875 0.083583815625 0.20827125937500002 0.1543216515625 0.208855421875 0.23255886874999998 0.28421257031249997 0.23255886874999998
5 0.373297559375 0.318227259375 0.318012115625 0.3177100953125 0.318094071875 0.3345405515625 0.3470101859375 0.33487347343749996 0.373881740625 0.3338746984375 0.373297559375 0.318227259375
5 0.22900908437499998 0.48108066406249994 0.16512555625 0.4807557828125 0.164751053125 0.4950634765625 0.19162258906250002 0.4960622578125 0.22930115468749998 0.49639518125000004 0.22900908437499998 0.48108066406249994
5 0.42879313750000003 0.7438825812500001 0.42879313750000003 0.698937803125 0.414369190625 0.69949348125 0.4141890265625 0.720577884375 0.4141890265625 0.7442155046875001 0.42879313750000003 0.7438825812500001
0 0.36804008125 0.785165203125 0.363950946875 0.7768420875000001 0.3578172140625 0.7698506765625 0.32481194687500003 0.803476028125 0.3244359203125 0.8105111078125 0.3709609109375 0.8117991437500001 0.37066882031250004 0.8008126421874999 0.36804008125 0.785165203125
0 0.371545053125 0.75054106875 0.37797085625000004 0.7512069171875 0.3783958828125 0.6991270875 0.36687175625 0.7012682781249999 0.35489640312500004 0.705929215625 0.3452576984375 0.7145852484375 0.371545053125 0.75054106875
0 0.36073804531250003 0.6706036203125 0.375050065625 0.6729340953125 0.37767878593750004 0.6223296046875 0.3712529828125 0.6229954515625 0.344381446875 0.6599500421875 0.35285182656249997 0.6659426828125 0.36073804531250003 0.6706036203125
0 0.19775631093749999 0.6642780671875 0.1919146703125 0.6529586421875 0.15920149374999998 0.6829218265625 0.15773817968749998 0.6925319812499999 0.20301379062499997 0.692576625 0.20184545625 0.6769291859375001 0.19775631093749999 0.6642780671875
5 0.07640347812500001 0.7463643765625 0.0379342171875 0.7452928328125 0.037264496875000004 0.761678903125 0.1210920078125 0.76101304375 0.1205078453125 0.74536560625 0.07640347812500001 0.7463643765625
5 0.707499028125 0.082718634375 0.61736971875 0.08316144375 0.6165008249999999 0.08144493281250001 0.61581576875 0.0973314078125 0.665153803125 0.0977742265625 0.708276003125 0.0982170359375 0.707499028125 0.082718634375