5 0.134243625 0.864528471875 0.1705367578125 0.8198140453124999 0.1523901921875 0.795737046875 0.1251703421875 0.8347188546875 0.07403001718749999 0.8324258062500001 0.06578157812499999 0.82096056875 0.04845985625 0.795737046875 0.030263243750000002 0.8175524140625001 0.0451604796875 0.840451471875 0.064131890625 0.864528471875 0.134243625 0.864528471875
0 0.23811201406250002 0.74089715625 0.21942814687499998 0.74676143125 0.19953886875 0.7685430265625001 0.197730753125 0.7920001296875 0.1989361640625 0.819646 0.239317425 0.8179704937500001 0.23811201406250002 0.74089715625
0 0.1923064046875 0.611883090625 0.1923064046875 0.5758596828125 0.1922397421875 0.5549293203125 0.16880089375000001 0.5574291015624999 0.15433596562500002 0.5766974359375 0.14770620625 0.6110453375 0.1923064046875 0.611883090625
0 0.2206335578125 0.49543533125000006 0.20556592343750002 0.505488375 0.1989361640625 0.5180546796875001 0.19592263593749998 0.540674028125 0.2375093078125 0.5415117828125 0.23811201406250002 0.5188924328125 0.23811201406250002 0.49375982343749997 0.2206335578125 0.49543533125000006
0 0.2242497890625 0.4200375 0.2049632171875 0.42506402187500003 0.19110099375 0.433441559375 0.183868528125 0.4568986609375 0.1825985671875 0.48176199375 0.183868528125 0.48203127187500006 0.2248524953125 0.4845445328125 0.2242497890625 0.4200375
3 0.13384398125000002 0.8598581765625 0.1633765453125 0.8179704937500001 0.18989558281250002 0.8204837546875 0.193511815625 0.5373230140625 0.07297073750000001 0.5381607671874999 0.02475430625 0.5381607671874999 0.000646090625 0.5373230140625 0.0000433859375 0.8179704937500001 0.0368084140625 0.818808246875 0.06573827343750001 0.8598581765625 0.13384398125000002 0.8598581765625
5 0.0199326640625 0.18293715 0.0199326640625 0.12178113125000001 0.0199326640625 0.08743323125 0.020535368749999998 0.08743323125 0 0.08575772499999999 0.000646090625 0.2817920828125 0.018124546875 0.2817920828125 0.0199326640625 0.18293715
5 0.10792765 0.050572070312499995 0.061519335937499996 0.049734315625 0.02475430625 0.048058809375 0.0247243390625 0.0494603796875 0.023548895312500002 0.08156895625 0.0699572109375 0.08156895625 0.10792765 0.08156895625 0.10792765 0.050572070312499995
5 0.267041871875 0.052247576562499995 0.23449578125 0.052247576562499995 0.2007442796875 0.0514098234375 0.1808550015625 0.049734315625 0.18058998906249998 0.05113596875 0.180252296875 0.07905569375 0.2176200296875 0.0798934484375 0.2658364609375 0.0807312015625 0.267041871875 0.052247576562499995
5 0.49959820625000007 0.794563890625 0.46478847500000003 0.7939878765625 0.43536596406249994 0.7934118625 0.404285846875 0.7934118625 0.403689775 0.7939976421875 0.4038714453125 0.8222125374999999 0.454014034375 0.82278855 0.4991838046875 0.8216365234375 0.49959820625000007 0.794563890625
5 0.5779201015625001 0.795139903125 0.568388865625 0.7957159171875 0.56112788125 0.7966858328125 0.5613440390625 0.82278855 0.597396975 0.82278855 0.5969825734375 0.795139903125 0.5779201015625001 0.795139903125
0 0.5356511421875 0.609272190625 0.5476687874999999 0.6081201625 0.5605152359375001 0.5983279328125 0.5721184796875 0.58219955625 0.57584809375 0.5585830031250001 0.555128015625 0.5574309765625001 0.536894346875 0.5568549625 0.5348223390625 0.5574309765625001 0.5356511421875 0.609272190625
0 0.5053998281250001 0.5297823296875 0.5306783234375 0.5326623968749999 0.5306783234375 0.4767890875 0.530192675 0.477175040625 0.48343654531249997 0.476213075 0.4850941515625 0.4934934796875 0.4908957734375 0.514805978125 0.5053998281250001 0.5297823296875
0 0.573361684375 0.4128460703125 0.5638304484375001 0.41169404218750005 0.545182378125 0.4243663390625 0.538551953125 0.44510282500000004 0.538551953125 0.46929539218749994 0.5389663546875 0.4698714046875 0.5741904875 0.4698714046875 0.573361684375 0.4128460703125
5 0.5920097546875 0.2671091359375 0.5754336921875 0.2665331234375 0.55927203125 0.265957109375 0.54994040625 0.26619778125 0.5378769765625 0.266996259375 0.5389663546875 0.294757784375 0.5576144249999999 0.294757784375 0.591595353125 0.294757784375 0.5920097546875 0.2671091359375
5 0.478049325 0.2671091359375 0.45774364843750004 0.2671091359375 0.43660916875 0.265957109375 0.424177121875 0.265957109375 0.41363323437500005 0.2659599734375 0.414231484375 0.294757784375 0.454014034375 0.294757784375 0.47722052187499997 0.294757784375 0.478049325 0.2671091359375
3 0.5309838390625 0.37585543593750004 0.5309838390625 0.2704563796875 0.49134685468750006 0.268859425 0.4287319078125 0.26965790156249997 0.351755734375 0.2704563796875 0.35060683593749997 0.27125485781249997 0.35060683593749997 0.5483266171875 0.4407953375 0.55072205 0.529834940625 0.5475281390625 0.5309838390625 0.37585543593750004
3 0.5424725687499999 0.6134918515625001 0.5706205718749999 0.5967238203125 0.58038620625 0.561590803125 0.5792373078125 0.5520090703125 0.5430470171875 0.5512105921875 0.5430470171875 0.5400319046875001 0.38335017968749996 0.5384349484375 0.36726560625000004 0.537636471875 0.35060658437500003 0.537636471875 0.35060658437500003 0.8202975734375 0.5413236703125001 0.819499096875 0.5418981203125 0.732465028125 0.5424725687499999 0.6134918515625001
5 0.9133998046875 0.5207714921875 0.854066940625 0.5201738687499999 0.8110721125 0.518978621875 0.7771061984375 0.5207714921875 0.7764732640625 0.5217718953125 0.7762463015625001 0.5482621609375 0.8304197859375 0.5482621609375 0.9133998046875 0.5476645390625 0.9133998046875 0.5207714921875
3 0.98214959375 0.8194285000000001 0.98214959375 0.524771896875 0.8650217546875 0.5259184203125 0.7544926671875001 0.5236253734375 0.7553175109375 0.5683398000000001 0.723148596875 0.5683398000000001 0.69466715 0.56836264375 0.694279059375 0.7609557890625 0.7561423546875 0.7621023124999999 0.7577920421875 0.8171354531249999 0.98214959375 0.8194285000000001
0 0.78582504375 0.671686946875 0.7983020609375 0.660650546875 0.8028391578124999 0.6440959484375 0.80680911875 0.6180815796875 0.764540175 0.6194106390624999 0.76484096875 0.620446521875 0.7642738312499999 0.6764168328125 0.78582504375 0.671686946875
1 0.182510209375 0.00121560625 0.1541197328125 0.0132991703125 0.143690578125 0.033438445312499995 0.1280468453125 0.0060490328125 0.1071885359375 0.002021178125 0.106029740625 0.0801615625 0.1077679328125 0.0801615625 0.1819308125 0.07855042031250001 0.182510209375 0.00121560625