3 0.555654615625 0.8989556078125001 0.5553901484375 0.90360406875 0.5654396171875 0.9129009890625 0.5786412015625 0.9218001031249999 0.5900129734374999 0.9272786468750001 0.612492034375 0.9337532875000001 0.625982540625 0.9365755671875 0.6468748484375 0.9379037 0.6656514765625 0.9370736171875 0.68680824375 0.9327571890625 0.71034515625 0.9246223828125 0.721981378125 0.9174836765625001 0.730268240625 0.91021380625 0.7384664890625 0.901414940625 0.7387309484375 0.8984266421875 0.8323496484374999 0.899588759375 0.8323496484374999 0.8353636296875001 0.8871669203125 0.8355087171875001 0.8877695796875 0.6842629609374999 0.8347370734374999 0.685019584375 0.8160551640625 0.7258773859375001 0.7978731921875 0.725633334375 0.6276325765624999 0.725401728125 0.5166560125 0.7249975359375 0.516779046875 0.788565365625 0.5165145890625 0.8989556078125001 0.555654615625 0.8989556078125001
0 0.55367689375 0.7435560453125001 0.5610199421875001 0.7503492140625 0.571261546875 0.75617193125 0.5834355515625 0.7605389671875 0.59715544375 0.7622372609375 0.6054646859374999 0.762479871875 0.6054646859374999 0.725013115625 0.5484410578125 0.724519984375 0.5494256562500001 0.7327767390625 0.55039185 0.7385994546875 0.55367689375 0.7435560453125001
5 0.8877288359375 0.8080962265625 0.8880610671875001 0.781013328125 0.8880610671875001 0.747860453125 0.870338115625 0.7477590046875 0.87095164375 0.7806858984375 0.8706194234375 0.8079919500000001 0.8877288359375 0.8080962265625
5 0.5835615625 0.924097821875 0.5950839796875 0.9157343390625 0.5851218890625 0.9101586812500001 0.5763245390625 0.9027596765625001 0.562077046875 0.909103828125 0.5695186109375 0.915809684375 0.577800353125 0.9208579140625 0.5835615625 0.924097821875
5 0.6187289421875 0.9350878937499999 0.62437013125 0.9248407421874999 0.6126076640625 0.9222789546874999 0.6052861203125001 0.9197925140625 0.5989016578124999 0.9173375171875 0.5902829703125 0.9262828781250001 0.5992848609375 0.9303516000000001 0.6081667234375 0.932838040625 0.6187289421875 0.9350878937499999
5 0.6648096906250001 0.9368208703124999 0.6625292140625 0.9259709453125 0.6543674937499999 0.9266490624999999 0.6427250453125 0.9268751046875 0.6319091421875 0.9257860390625 0.6288110625 0.9362934421875 0.641293678125 0.9373482953125001 0.658688403125 0.937046909375 0.6648096906250001 0.9368208703124999
5 0.704896565625 0.9265293531250001 0.6942143187500001 0.9176384421874999 0.6864126828125 0.9208030031250001 0.679331196875 0.922988059375 0.669009553125 0.9248749234375 0.6742901359375 0.9354202624999999 0.68713283125 0.9326324359375 0.6984152 0.929091140625 0.704896565625 0.9265293531250001
5 0.6991353484375 0.9157653218749999 0.7113779234375001 0.9245055375 0.717979309375 0.9199847374999999 0.7236204984375 0.9162927468750001 0.732262303125 0.9088334234375001 0.71759656875 0.9026768484375 0.71437855625 0.9061962890625 0.70825726875 0.9105664000000001 0.6991353484375 0.9157653218749999
3 0.5170051578125 0.6901914421875001 0.8868720984375 0.6903038734375 0.8868720984375 0.5775023609375001 0.8197300203125 0.57738993125 0.8193718359375 0.5308594515625 0.637369315625 0.5308594515625 0.51717665625 0.5306080828125 0.5170051578125 0.5806346796875 0.5170051578125 0.650751953125 0.5170051578125 0.6901914421875001
5 0.7102263062499999 0.5408748375 0.710122884375 0.5307464125 0.662976084375 0.5308113390625 0.61197755625 0.5304526 0.6120080171875 0.5410046890625 0.6448631578125 0.5409397640625 0.7102263062499999 0.5408748375
0 0.59590406875 0.6690084781250001 0.58752664375 0.6625808234375 0.57749441875 0.6580474203125 0.568082746875 0.6555153140625001 0.560325871875 0.654151871875 0.54874226875 0.6535026140625 0.5488355390625 0.690256609375 0.604902046875 0.690472971875 0.6040746421875001 0.6817079890625 0.6009718953125 0.6747219484375 0.59590406875 0.6690084781250001
5 0.8872887421875 0.665504628125 0.8872887421875 0.6299917734375 0.8873845156250001 0.606255009375 0.8711029375000001 0.606235784375 0.8714854515624999 0.6349779437499999 0.8711981171875 0.665624878125 0.8872887421875 0.665504628125
3 0.436075953125 0.8994407359375 0.436075953125 0.8610590890625 0.44869820000000005 0.8610590890625 0.48057472656250005 0.8411826625 0.4810025984375 0.8109651281250001 0.45012024687499996 0.7908483015625001 0.4364283140625 0.7911169015625 0.4364283140625 0.7672114765625 0.36902621406249997 0.7672114765625 0.2723061828125 0.7671360421875 0.27177661875000003 0.8186296375 0.27177661875000003 0.89917213125 0.436075953125 0.8994407359375
0 0.295574109375 0.78255048125 0.298429975 0.7867965703124999 0.3044423328125 0.7920805890625 0.31090562187500004 0.7958548890625 0.3211266265625 0.8007614796875 0.3296942328125 0.8028373453125001 0.341418321875 0.8040639921875 0.347881609375 0.8044414218749999 0.34807847812500003 0.7670757671875 0.292117 0.7666984203125 0.29256793124999997 0.775568025 0.295574109375 0.78255048125
5 0.400166471875 0.8995021812499999 0.4003606515625 0.889384325 0.376669928125 0.889384325 0.3312112109375 0.8891431093750001 0.3311332359375 0.8995631312500001 0.3595815328125 0.8994412296875 0.400166471875 0.8995021812499999
5 0.48077805781249994 0.8350253421874999 0.4806807328125 0.827571365625 0.48077805781249994 0.8171235812500001 0.46423312031249997 0.817006115625 0.4643296796875 0.8240276718749999 0.46452433437499996 0.835147540625 0.48077805781249994 0.8350253421874999
5 0.45488889375 0.8579854250000001 0.46491364375 0.8517534109374999 0.47620366093750005 0.844116140625 0.463483684375 0.83681985625 0.45479156875 0.8425886859375 0.44272293281249997 0.850592546875 0.45488889375 0.8579854250000001
5 0.475911675 0.8073607031250001 0.463259075 0.79892915625 0.45491870624999997 0.7933639593749999 0.44272293281249997 0.8007621015625 0.45401294375 0.8083382734375 0.46394036875 0.8144480906249999 0.475911675 0.8073607031250001
5 0.43660824062500003 0.75687830625 0.43660824062500003 0.7469994390625 0.4362954421875 0.7314215546875 0.42013522031250006 0.7313374625 0.4203428546875 0.7416931421874999 0.4202385859375 0.756943759375 0.43660824062500003 0.75687830625
5 0.4363997109375 0.6847291249999999 0.4363997109375 0.6718348265625 0.4363997109375 0.6584169 0.42013522031250006 0.6584492546875 0.42044711562500003 0.666533109375 0.4202385859375 0.6847945796875 0.4363997109375 0.6847291249999999
0 0.385831040625 0.7126547796875 0.39719595937499996 0.719461925 0.40991632187500004 0.7231927625 0.42128124375000003 0.7252872671875 0.4361911734375 0.7255490796874999 0.4363070390625 0.690468259375 0.3738405296875 0.690087134375 0.3744661234375 0.698268796875 0.37842820312500003 0.7053240125 0.385831040625 0.7126547796875
5 0.125169928125 0.9270921578125 0.1250123453125 0.9379741265625 0.2878248375 0.9375784171875001 0.2881400125 0.907603540625 0.2709637078125 0.9077535781250001 0.27125711875 0.9272900125 0.204909421875 0.9270921578125 0.125169928125 0.9270921578125
0 0.2493523921875 0.7349878046875 0.242576103125 0.73755990625 0.23737570156249999 0.7405277156250001 0.231229775 0.7454740640625 0.2252414296875 0.751706465625 0.22161691249999999 0.759917403125 0.22114414375 0.766743365625 0.28023963125 0.7666444390625 0.28082463281250003 0.7311428515625 0.27125711875 0.7313275046875 0.25754696093749996 0.73261355625 0.2493523921875 0.7349878046875
5 0.46180200468750005 0.5835710484375001 0.467979678125 0.573720721875 0.4552536671875 0.5703855718749999 0.43887134375 0.5660750328125 0.4320256109375 0.575970009375 0.444504515625 0.5789949109375 0.46180200468750005 0.5835710484375001
5 0.480087928125 0.6172886390625 0.47996437031249994 0.6034880984375001 0.47996437031249994 0.58526111875 0.46279170468749997 0.5852593203125 0.46316109375 0.596734809375 0.46316109375 0.6173662 0.480087928125 0.6172886390625
5 0.439191709375 0.6358204390625 0.451299959375 0.6326404109375 0.46773257187499995 0.6281418375000001 0.46075303749999996 0.618426821875 0.44919955156249997 0.6213939765625 0.43251982343749995 0.6258149890625 0.439191709375 0.6358204390625
0 0.313672778125 0.6237580140625 0.30873364531249997 0.6273430578125 0.3051836375 0.6320908171874999 0.303022771875 0.6370323640625 0.30178798125 0.6411987671875 0.3008779875 0.6481545140625 0.3524141265625 0.648756428125 0.35318586875 0.648756428125 0.353031515625 0.644202453125 0.313672778125 0.6237580140625
3 0.19603356249999998 0.47420018124999996 0.19549358125 0.5406073625000001 0.2152926828125 0.540494371875 0.27182991875 0.557984284375 0.4358028515625 0.5583232578125 0.436162821875 0.42203779687500004 0.436162821875 0.35804634218750003 0.2923485828125 0.3584983046875 0.290368671875 0.3503629375 0.2855088890625 0.34358346875 0.2763293046875 0.33702998125 0.26696973281249997 0.3330752890625 0.2576101625 0.3305894828125 0.24681065000000002 0.329459571875 0.2374510796875 0.32900760625 0.23691109843749997 0.35857090625 0.20652888125 0.3582406828125 0.2062930953125 0.431182171875 0.1958535765625 0.431182171875 0.19603356249999998 0.47420018124999996
0 0.279369771875 0.338576853125 0.2673103265625 0.3329272953125 0.2523710078125 0.32953756093750003 0.2365317265625 0.32874662187500003 0.23680328125 0.3681775796875 0.294309090625 0.3685195171875 0.29268917499999997 0.353943653125 0.288909340625 0.34671222031250004 0.279369771875 0.338576853125
0 0.26461045156249996 0.518784253125 0.249131153125 0.5202531375 0.2365317265625 0.523642871875 0.22753212656250002 0.5280495296875001 0.2205124484375 0.533812078125 0.2146279171875 0.5403343296875 0.2658703953125 0.5564103140625 0.29268917499999997 0.522851934375 0.2815296796875 0.52047911875 0.26461045156249996 0.518784253125
5 0.355243003125 0.369236428125 0.35532805 0.3581324796875 0.3349184859375 0.35823924687500003 0.3070257375 0.3581646125 0.30711046406250003 0.369076275 0.32326803437499996 0.36902289062500004 0.355243003125 0.369236428125
3 0.0124526125 0.5931475875000001 0.0128924390625 0.7297471296875 0.1751946046875 0.7308515859375 0.174754778125 0.6900252453125 0.2807569984375 0.6905774734375 0.2816367109375 0.557548096875 0.2728398125 0.5583764437500001 0.21346098750000003 0.540428978125 0.21489511249999999 0.48215875625000004 0.21545502187499999 0.40312381718749996 0.215081753125 0.3583926515625 0.028353299999999998 0.3580685875 0.0274072671875 0.5302513796875 0.0124526125 0.53052749375 0.0124526125 0.5931475875000001
5 0.0868738796875 0.36896282187499996 0.0871057296875 0.3583383078125 0.066123915625 0.3581199953125 0.0483419328125 0.3580755578125 0.0482719859375 0.36903559218750004 0.0628781109375 0.36896282187499996 0.0868738796875 0.36896282187499996
5 0.20363177968750001 0.3689566140625 0.203747696875 0.3581137890625 0.18589576875 0.35804101875 0.174072615625 0.35799556093749996 0.174419528125 0.3691021546875 0.1842728703125 0.369029384375 0.20363177968750001 0.3689566140625
0 0.2533539296875 0.6507475703125001 0.244506603125 0.65407995625 0.23349658125 0.6600042 0.22779497656249997 0.6666689734375 0.22170014531249999 0.6756787625 0.2205204921875 0.6840714390625 0.281468790625 0.684811971875 0.280959759375 0.6493696328125 0.27222825 0.6488962453125 0.2639707375 0.6493899296875 0.2533539296875 0.6507475703125001