3 0.995990646875 0.716218921875 0.995990646875 0.5752439875 0.995990646875 0.427323028125 0.9238095656249999 0.427654896875 0.8182033046875 0.42689011718750003 0.81717715 0.590841859375 0.8183278109375 0.716550790625 0.995990646875 0.716218921875
0 0.850316059375 0.64621765 0.8427217390624999 0.634270334375 0.8342068656249999 0.6263054640625 0.824771484375 0.6243142515625 0.81761549375 0.62498975 0.8176374109375001 0.6750903015625 0.8544584265624999 0.6747584328125 0.8544584265624999 0.662811128125 0.850316059375 0.64621765
5 0.9024316406249999 0.7164501999999999 0.9524153406250001 0.7164501999999999 0.9521881359375 0.7005596390625 0.9165461265625 0.700232 0.8693691187500001 0.699482628125 0.8691487765625 0.70006818125 0.8696031734374999 0.7169416609375 0.9024316406249999 0.7164501999999999
5 0.8021651078125001 0.787244984375 0.8022691312499999 0.7711932781249999 0.7811516703125 0.7710432578125 0.732144909375 0.771151803125 0.7320509625 0.7878450499999999 0.7606583625 0.7876950296875 0.8021651078125001 0.787244984375
3 0.7174414437500001 0.7867981828125 0.7174414437500001 0.6520077109375 0.7175766 0.550323325 0.6252548484375 0.5509080375 0.5466771890625 0.5508789640625 0.5466798109375001 0.7162708703125 0.5469501250000001 0.7862134703125 0.7174414437500001 0.7867981828125
0 0.5993893984375 0.5980743609375 0.6074985671875 0.5893037640625 0.6134452890625 0.5766351265625 0.6158780312500001 0.5631868703125 0.61628349375 0.5505182343749999 0.582158571875 0.5504504531250001 0.5818195359375 0.6027520187500001 0.5910099234375 0.6023622093750001 0.5993893984375 0.5980743609375
5 0.621554459375 0.7879812328125 0.6214192921875 0.7710247421875 0.598578484375 0.770829840625 0.568778225 0.7704913671875 0.5685745671875 0.7875914296875 0.5903341656250001 0.7879812328125 0.621554459375 0.7879812328125
5 0.6900751281249999 0.787317746875 0.6898048234374999 0.77055615625 0.6615578921874999 0.7703612546875 0.6376635578125 0.7702771109375 0.6372303921875 0.787317746875 0.66236880625 0.787317746875 0.6900751281249999 0.787317746875
0 0.68110718125 0.581588571875 0.68375885 0.5909572187500001 0.6874711875 0.599561078125 0.6958239374999999 0.6100769078125 0.7076238625 0.6169600015625 0.717832784375 0.6177247875 0.71771445625 0.56857070625 0.679913934375 0.567248803125 0.679913934375 0.5706903484375 0.68110718125 0.581588571875
5 0.557748434375 0.5320929984375 0.5576448140625 0.5126678 0.5575412015625 0.48263345468749996 0.54632019375 0.482459453125 0.5466614328125 0.5056448437500001 0.5466614328125 0.5320929984375 0.557748434375 0.5320929984375
3 0.6713499078125 0.346022884375 0.77416224375 0.3457240359375 0.774576709375 0.25388019375000004 0.77478395 0.1371033578125 0.7739550171875 0.044847315625 0.725150478125 0.044847315625 0.6008530359375001 0.0447924203125 0.546662134375 0.044864190625 0.546598690625 0.216096684375 0.5467023109375 0.3455746109375 0.6713499078125 0.346022884375
5 0.7163241015625 0.0597537046875 0.7161168765625 0.0439146984375 0.6960152 0.044064123437500005 0.632807903125 0.044213546874999995 0.5976517140625 0.044042879687499994 0.597787296875 0.059903128125 0.644310396875 0.0600525515625 0.7163241015625 0.0597537046875
0 0.733087875 0.310793159375 0.7281387296874999 0.32275261093749996 0.726801128125 0.3352907484375 0.7259985671875 0.346478621875 0.759841296875 0.3456661234375 0.760375015625 0.29381845 0.7502092125 0.29516871093749997 0.74044469375 0.3017271203125 0.733087875 0.310793159375
0 0.6637850265624999 0.3070609953125 0.656829484375 0.2987665359375 0.645058559375 0.29336549375 0.6379692515625 0.2924010203125 0.6381573390625 0.345242025 0.6724794640625 0.34583277031250004 0.6719444234374999 0.3311727953125 0.668867928125 0.3174772953125 0.6637850265624999 0.3070609953125
5 0.5577461828125 0.4233575171875 0.5575747546875001 0.40580518593750003 0.5575747546875001 0.3743024640625 0.5463122765625 0.37450842500000003 0.5460890015625 0.3906014109375 0.5463461421875 0.42360473125000003 0.5577461828125 0.4233575171875
0 0.8520869328125 0.40138000937499996 0.848022228125 0.3918746125 0.8418702437500001 0.38316132812500003 0.835168975 0.3771412421875 0.8283578437499999 0.3746064671875 0.8178890984375 0.37340963125000004 0.8181411484375 0.4224503125 0.8538446453124999 0.423084009375 0.8537347921875 0.41294491562499996 0.8520869328125 0.40138000937499996
5 0.9962655359375001 0.39044526562500004 0.9961556765624999 0.36448601406250003 0.9960458234375 0.33375188906250003 0.9851380531249999 0.3342248046875 0.9851699890625 0.35701794375 0.9851699890625 0.39044526562500004 0.9962655359375001 0.39044526562500004
3 0.8250185984374999 0.345994246875 0.8248585687500001 0.30191431875 0.9956242812499999 0.300991178125 0.9954642421875001 0.144401246875 0.9956242812499999 0.0447505921875 0.8668460250000001 0.0445198078125 0.767912690625 0.0451906609375 0.767565928125 0.25765205625 0.76740589375 0.345994246875 0.8250185984374999 0.345994246875
5 0.942900121875 0.05967572812500001 0.942900121875 0.0446139296875 0.8889314140625 0.044824584375 0.8607247625 0.04470796875 0.8606627187500001 0.0597810546875 0.89608275 0.059991707812499996 0.942900121875 0.05967572812500001
0 0.7959662 0.29901018281249997 0.7897473500000001 0.30535349218749996 0.7861070484375 0.31080655468749996 0.782315065625 0.31977468125 0.7805707546875 0.32786787031250003 0.7795848390625 0.335844034375 0.779615221875 0.3454289484375 0.8130301125000001 0.3457964734375 0.8129542765625001 0.2936511765625 0.804536075 0.2946354859375 0.7959662 0.29901018281249997
3 0.4796684390625 0.716307221875 0.4798599171875 0.5281490390625 0.4798599171875 0.37910305 0.4119004125 0.37910305 0.30479209375 0.379155715625 0.304279534375 0.47375370156249996 0.3044709984375 0.7168594625 0.4796684390625 0.716307221875
0 0.31806546406249997 0.4459237171875 0.3276390265625 0.43957299218749996 0.335680821875 0.42852825 0.3412334921875 0.4094760796875 0.3416164328125 0.395394034375 0.30393587499999997 0.3946361046875 0.303705115625 0.44730430468750004 0.310981028125 0.44730430468750004 0.31806546406249997 0.4459237171875
5 0.394079578125 0.7174116984375 0.394079578125 0.7000162375000001 0.3659332859375 0.7000162375000001 0.34184782343750003 0.6996908375 0.341999375 0.7174116984375 0.3624868 0.7171355796875 0.394079578125 0.7174116984375
5 0.45986543593749996 0.7174035984375 0.4596739578125 0.7002842609375 0.4319106203125 0.7002842609375 0.40715435937500005 0.6996908375 0.40759376875 0.71795584375 0.4298044359375 0.7174035984375 0.45986543593749996 0.7174035984375
3 0.20527798593750002 0.7866106578125 0.206159746875 0.652865834375 0.206159746875 0.5508660109375 0.145318084375 0.5505481171875 0.0313065703125 0.5507959296875 0.0309092984375 0.640127778125 0.0309092984375 0.786928553125 0.20527798593750002 0.7866106578125
0 0.17022931875 0.5841751828125 0.17574034375 0.5997520468750001 0.1836762046875 0.610242584375 0.19271428906250002 0.61691838125 0.2054998484375 0.618507853125 0.2056561328125 0.5665217218749999 0.1682453484375 0.567008853125 0.1686862296875 0.5736846453125 0.17022931875 0.5841751828125
0 0.225339521875 0.5111038140625 0.21586057187500002 0.5025206515625 0.2052794140625 0.49965959375 0.1984457484375 0.49902380625 0.1983814625 0.5500970046875 0.23525936718749998 0.5502049062500001 0.23503891875 0.5346280515624999 0.23151187499999998 0.5215943515625 0.225339521875 0.5111038140625
3 0.193924653125 0.38880309999999996 0.48024915625000003 0.39148431562499997 0.48071395156249996 0.0451265625 0.4560789140625 0.045796871875 0.42493649062500005 0.00289763125 0.39472365625 0.0464671703125 0.36358281875 0.00289763125 0.34917359531250003 0.043785965625 0.21670203125 0.0451265625 0.189278096875 0.0049085375 0.1599949171875 0.0451265625 0.1288524609375 0.0022273328125 0.0981748328125 0.0444562640625 0.03073189375 0.0435669390625 0.0307520640625 0.10679421874999999 0.030287268750000002 0.38880309999999996 0.193924653125 0.38880309999999996
0 0.1648659671875 0.40930412968749996 0.17161809374999998 0.4204323078125 0.1791970078125 0.42738741874999997 0.18870510468749999 0.43215664374999996 0.19504383281249998 0.4319579203125 0.19476823593749998 0.379695228125 0.1597821203125 0.3794752140625 0.16073201718750002 0.38943238125 0.1618344015625 0.3987721015625 0.1648659671875 0.40930412968749996
0 0.011922353125 0.42766142812499996 0.006497075 0.4370498890625 0.003241915625 0.4518031921875 0.0024668734375000003 0.46387407812500003 0.041281696875 0.46348118749999995 0.041063818749999995 0.413802259375 0.028508187499999997 0.4144728671875 0.0188977046875 0.4189435625 0.011922353125 0.42766142812499996
5 0.171296159375 0.7868307796875 0.1711242859375 0.771464075 0.1452580125 0.771464075 0.1196842703125 0.7713559812499999 0.1201651484375 0.7869547046875 0.1402738171875 0.7868307796875 0.171296159375 0.7868307796875
5 0.10394846875 0.7865090984374999 0.1037766 0.771638090625 0.0765353734375 0.7713902421875 0.052946451562499997 0.77108351875 0.0526455953125 0.7865090984374999 0.07189491406250001 0.7867569484375 0.10394846875 0.7865090984374999
2 0.1302732328125 0.0201707140625 0.139604096875 0.03361785625 0.160777984375 0.06258093125 0.16867333125 0.054822965625 0.189129459375 0.021205109375 0.235579590625 0.0596485515625 0.24112894218749997 0.04044823125 0.189129459375 0.0025859890625 0.1579069484375 0.0413758234375 0.1284788359375 0.000517196875 0.09151425468749999 0.049650985937499996 0.0925908921875 0.0506853828125 0.09976848125 0.060512140625 0.1302732328125 0.0201707140625
2 0.36656391093749996 0.02294713125 0.386552146875 0.057123709375 0.3987483578125 0.0561472359375 0.42585105 0.0200177109375 0.44007996406250005 0.0400354203125 0.45668036250000005 0.059076656250000005 0.45668036250000005 0.046870735937500005 0.4248346984375 0.0024411843749999997 0.3933278203125 0.043453078125 0.36317607500000004 0.0014647109375 0.3365777953125 0.0260479921875 0.312160646875 0.054848471875000006 0.3509798625 0.05419428750000001 0.36656391093749996 0.02294713125
1 0.29077285937499997 0.33099349375 0.2645174203125 0.34089500781250004 0.2551930578125 0.3684778 0.250040121875 0.350089271875 0.236544334375 0.3341761234375 0.21961325625 0.33170074375 0.21814098906249998 0.387927203125 0.2188771234375 0.3889880796875 0.290036725 0.3907562078125 0.29077285937499997 0.33099349375