5 0.39300126562500004 0.19879036875 0.39206596718750003 0.186587109375 0.331271565625 0.1860989796875 0.2939195625 0.1861328109375 0.29479492343749997 0.1992784984375 0.3481069375 0.1992784984375 0.39300126562500004 0.19879036875
5 0.2386770125 0.3584415875 0.2377417140625 0.346238328125 0.198459178125 0.346238328125 0.160111940625 0.346726459375 0.12179608281250001 0.3462890609375 0.1227 0.3584415875 0.182559103125 0.3589297171875 0.2386770125 0.3584415875
5 0.16852962656249998 0.8125494874999999 0.155435446875 0.8057156624999999 0.1367633421875 0.8135742171875 0.1526295515625 0.821335834375 0.16852962656249998 0.8301221796875 0.1853649984375 0.8193833125 0.16852962656249998 0.8125494874999999
5 0.2835713421875 0.8223120953124999 0.25083589375000004 0.8218239640625 0.21903574531249997 0.8218239640625 0.1900414921875 0.821335834375 0.1863423875 0.8355468734375 0.22371223750000002 0.834515353125 0.25551238593750003 0.834515353125 0.284506640625 0.835003484375 0.2835713421875 0.8223120953124999
5 0.3041479078125 0.8149901390625001 0.287312534375 0.824264615625 0.29859683124999997 0.8316406234375 0.3163067890625 0.8252408765625001 0.3331421625 0.8149901390625001 0.3172420875 0.8057156624999999 0.3041479078125 0.8149901390625001
5 0.439766190625 0.331089990625 0.439766190625 0.3183986015625 0.41451313125 0.3183986015625 0.393077653125 0.3184570296875 0.39300126562500004 0.3306018609375 0.41731902656250003 0.331089990625 0.439766190625 0.331089990625
0 0.3434304453125 0.32624128125 0.32846566875 0.320871846875 0.299471415625 0.3189193265625 0.29672592343750004 0.3584960921875 0.362136415625 0.3574816234375 0.362136415625 0.348207146875 0.3546540265625 0.3335632375 0.3434304453125 0.32624128125
0 0.1619825375 0.2217161984375 0.179753209375 0.2139061125 0.1872355953125 0.198774071875 0.1900414921875 0.1860826828125 0.12086062812500001 0.1875976546875 0.1292470890625 0.225621240625 0.14327656718749998 0.22610937187500002 0.1619825375 0.2217161984375
0 0.4257367125 0.39947713125 0.40983663750000004 0.3916670453125 0.389260071875 0.3882501328125 0.3743685796875 0.3877929671875 0.373359996875 0.4175379546875 0.4350896984375 0.418026084375 0.4350896984375 0.408263478125 0.4257367125 0.39947713125
0 0.33501275937499997 0.598699503125 0.3200479828125 0.6060214578124999 0.3163067890625 0.615784065625 0.31169318281249997 0.6255859359375 0.373359996875 0.6260348015625 0.373359996875 0.5908894171875 0.3509128328125 0.591865678125 0.33501275937499997 0.598699503125
0 0.24896529687500002 0.6470244078125 0.2592535796875 0.6533701015625 0.272347759375 0.6567870140625 0.2882478328125 0.659227665625 0.30508320625 0.659227665625 0.30608046093749997 0.6280273421875 0.241482909375 0.6284754546875 0.24335350625 0.638726190625 0.24896529687500002 0.6470244078125
0 0.2882478328125 0.7158507859375 0.2910537296875 0.72903030625 0.3004067140625 0.7368403921875 0.3509128328125 0.717315178125 0.3163704515625 0.6929687484375 0.30508320625 0.696813703125 0.29666552031250004 0.7036475281250001 0.2882478328125 0.7158507859375
0 0.39767775781250003 0.7915435859375 0.39019536875 0.7978892796875 0.3845835796875 0.802282453125 0.3827876625 0.8130859359375 0.44070148906249995 0.8130213203125001 0.439766190625 0.7808047171875 0.41451313125 0.7847097609375 0.39767775781250003 0.7915435859375
3 0.3060185046875 0.6860585375 0.3060185046875 0.6255140781249999 0.49214290624999996 0.625025946875 0.4893370109375 0.4204341421875 0.3827129828125 0.4218985328125 0.381777684375 0.4170172296875 0.439766190625 0.4170172296875 0.432283803125 0.4013970578125 0.41731902656250003 0.39358697187499997 0.3995483546875 0.3896819296875 0.38364828125 0.3877294078125 0.3827129828125 0.3457501984375 0.3583952203125 0.34477393749999996 0.3490422359375 0.3272012453125 0.3275303703125 0.3203674203125 0.299471415625 0.3174386375 0.2985361171875 0.346726459375 0.06473340625 0.3462890609375 0.06377619531249999 0.47953050937499997 0.062840896875 0.6865466687499999 0.1844297 0.6865466687499999 0.3060185046875 0.6860585375
3 0.18349440156250002 0.8340109265625 0.29666552031250004 0.8354753171875 0.33688335625 0.8135094515624999 0.3583952203125 0.8135094515624999 0.3612011171875 0.7236934671874999 0.32098328125000003 0.69538190625 0.3041479078125 0.6797617359375 0.062840896875 0.6807379953125 0.06377619531249999 0.7412661593750001 0.0619270453125 0.8135742171875 0.13485887968750002 0.8130213203125001 0.163853134375 0.8286414921875 0.18349440156250002 0.8340109265625
5 0.7390464328124999 0.178651184375 0.73855416875 0.172228415625 0.6893279328124999 0.1719715046875 0.6440844921875 0.172234784375 0.6440397953125 0.178651184375 0.6908047203125001 0.17916500468750002 0.7390464328124999 0.178651184375
0 0.8478743156249999 0.2315875765625 0.83704454375 0.22593554062500001 0.8252302468750001 0.222338790625 0.8025861781250001 0.2207973265625 0.80114224375 0.2542146375 0.8582118265625001 0.254709540625 0.8596886125 0.24725912968750002 0.8557505140625 0.23852416562499998 0.8478743156249999 0.2315875765625
0 0.7602516140625 0.258306290625 0.7504063671875 0.2629306828125 0.7405611203125 0.2688396296875 0.7356384968749999 0.2760331296875 0.7351462343749999 0.2832266296875 0.7986480796875 0.2837404515625 0.79917286875 0.254471628125 0.7873260453125 0.2544526296875 0.7745272234375 0.2554802734375 0.7602516140625 0.258306290625
0 0.7430224328125 0.30224660000000003 0.74843731875 0.3073848140625 0.7602516140625 0.312523028125 0.7730504359375 0.31560595625 0.7868337828125 0.3168905109375 0.7986480796875 0.31663359999999996 0.7981881796875 0.289936265625 0.737607546875 0.28914415312499997 0.7400688578125 0.297365296875 0.7430224328125 0.30224660000000003
3 0.6662174953125 0.2896394703125 0.799620596875 0.2886118265625 0.7986360718750001 0.2549565234375 0.7986360718750001 0.237229684375 0.796667021875 0.17248818593749998 0.58500320625 0.17249177499999999 0.5845019421875 0.200491453125 0.5845019421875 0.237229684375 0.5849942046875001 0.2898963796875 0.6662174953125 0.2896394703125
3 0.7115056328125 0.40684221875000004 0.7243044546874999 0.4065853078125 0.7651622312499999 0.39348286250000003 0.7833759375 0.39348286250000003 0.8222646656249999 0.40684221875000004 0.8522926703125 0.40761295000000003 0.8513081453125 0.438699146875 0.9684665890625 0.438699146875 0.9669898015625 0.36881085625 0.8596766046875001 0.368297034375 0.85918434375 0.316383915625 0.800112859375 0.3168977375 0.799128334375 0.283242434375 0.5835174171874999 0.2840131671875 0.5845108625 0.40738075625 0.6110841109375 0.40684221875000004 0.6544031984374999 0.39296904062500004 0.6721246437499999 0.39296904062500004 0.7115056328125 0.40684221875000004
5 0.7385800625 0.5117046765625 0.7395645875 0.5004006046875 0.682462153125 0.5004006046875 0.63669933125 0.4996402125 0.636681753125 0.5106770328125 0.6878770390625 0.5119615859375 0.7385800625 0.5117046765625
5 0.866568278125 0.5117046765625 0.866568278125 0.5004006046875 0.8335867 0.5004006046875 0.7888336421875 0.500411184375 0.7887908234375 0.511447765625 0.8316176499999999 0.5111908546875 0.866568278125 0.5117046765625
5 0.6430811640625 0.81237598125 0.6322513921875 0.8064670359375 0.61602088125 0.8144531234375 0.6312668671874999 0.822909321875 0.6440656890625001 0.829075178125 0.658833559375 0.8203402140625 0.6430811640625 0.81237598125
5 0.7597473453125 0.822909321875 0.7252889796875001 0.822909321875 0.695260975 0.8231662312499999 0.6672020203125 0.8231662312499999 0.6642705984374999 0.8339843734375 0.6996913359375 0.8342133921875 0.730211603125 0.8342133921875 0.7597473453125 0.8336995703125 0.7597473453125 0.822909321875
5 0.7814068890625 0.8139174468749999 0.7661467562500001 0.8221385890624999 0.7775097296875 0.8311574828125 0.7951902359374999 0.8231662312499999 0.8099581062500001 0.8149450890625 0.7937134484375 0.806210125 0.7814068890625 0.8139174468749999
5 0.9246552375 0.813403625 0.9246552375 0.8018426421875 0.889704609375 0.80158573125 0.8572694656250001 0.8018606078125 0.86016886875 0.8136605359375 0.8965962828125 0.8128898031249999 0.9246552375 0.813403625
0 0.8257105015624999 0.5805739015625 0.81192715625 0.5736373125 0.799620596875 0.5708112937500001 0.7809146265625 0.5702974734375 0.7794791062499999 0.602950246875 0.8380170609375 0.6034389546875001 0.8380170609375 0.5975300078125 0.834571225 0.5875104906249999 0.8257105015624999 0.5805739015625
0 0.7213508796875 0.648415484375 0.7282425531250001 0.6543244296874999 0.7395645875 0.659976465625 0.7553169828125 0.6643439484375 0.7705771171875 0.6656285015625001 0.7818991515625 0.6656285015625001 0.78144848125 0.636101971875 0.7169205187500001 0.6368545015625 0.71839730625 0.641221984375 0.7213508796875 0.648415484375
0 0.754824721875 0.6915764828125 0.7627009203124999 0.6974854296874999 0.772053903125 0.7028805546875 0.7853449875 0.70622039375 0.799128334375 0.707504946875 0.8153729921874999 0.7080187687499999 0.8144355328125 0.6785053453125001 0.750886621875 0.6792447687500001 0.751871146875 0.6866951796875 0.754824721875 0.6915764828125
0 0.8321099125 0.7475915953125 0.8394938484375001 0.74605013125 0.8493390953125 0.7439948453125 0.8586920796875 0.7403980953125 0.865091490625 0.7355167921875 0.8690295906250001 0.7296078453125 0.870998640625 0.7206159703125 0.870014115625 0.71547775625 0.813943190625 0.716025903125 0.8153729921874999 0.7481054171875 0.822756928125 0.749133059375 0.8321099125 0.7475915953125
3 0.7700848546875 0.6031648890625 0.9084105796875 0.6031648890625 0.9084105796875 0.59699903125 0.8956117578124999 0.5836396749999999 0.9084105796875 0.5820982109374999 0.9079183171875 0.5790152828124999 0.8985653328125001 0.5715648718749999 0.9000421203125001 0.5664266578125 0.9084105796875 0.557177871875 0.9674820640625 0.5579486046875 0.9655851578125001 0.5009251640625 0.8705063765625001 0.5004006046875 0.7705771171875 0.50014369375 0.7700848546875 0.6031648890625
3 0.6130531593749999 0.55694018125 0.6130531593749999 0.58957641875 0.6130531593749999 0.6096154546875 0.6130531593749999 0.644812221875 0.611576371875 0.6643374359374999 0.6130531593749999 0.67666915 0.7819408265625001 0.677477384375 0.7799301015625 0.500916490625 0.6120686359375 0.50040266875 0.6130531593749999 0.55694018125
3 0.6130531593749999 0.6774570359375 0.62486745625 0.6915871250000001 0.62683650625 0.6974960718750001 0.6135454218749999 0.710855428125 0.6258519812500001 0.727040803125 0.6258519812500001 0.73217901875 0.6130531593749999 0.7447676421875 0.62634424375 0.7617323265625 0.62634424375 0.7650721671875 0.6140376843750001 0.7776607906249999 0.6140376843750001 0.7835697374999999 0.6292978171875 0.785881934375 0.6140376843750001 0.801818975 0.610591846875 0.8128661359375 0.6544031984374999 0.8344552125 0.7607318703125 0.8344552125 0.7745152156249999 0.83368448125 0.7843604625 0.82828935625 0.8159125656249999 0.8134251640624999 0.8148807296875 0.7799901421875 0.8138962046874999 0.671548090625 0.6130531593749999 0.671548090625 0.6130531593749999 0.6774570359375