3 0.4038024734375 0.8275878171875 0.4038024734375 0.89343374375 0.488083271875 0.892935959375 0.4875727796875 0.9183230328124999 0.5817582703124999 0.9183230328124999 0.5812477875 0.8931018890625 0.6218317843750001 0.8931018890625 0.6218317843750001 0.7678812453125 0.6218317843750001 0.6925773875 0.4963925265625 0.6925773875 0.41187934843749996 0.692484703125 0.4124808171875 0.74051226875 0.4025262484375 0.7403463390625 0.4038024734375 0.8275878171875
0 0.564804209375 0.722992203125 0.58216089375 0.7286337765625001 0.5967098640625 0.7292974875 0.5954336390625 0.6924613468749999 0.5459588171875 0.692277384375 0.547702784375 0.7059015609375 0.5543391578125 0.715359490625 0.564804209375 0.722992203125
5 0.53621675 0.9191933234375 0.5571468515625 0.919027396875 0.5563811078125 0.9032641828125 0.5349405234375 0.9032641828125 0.5162697921875 0.90312013125 0.5165628546875001 0.9034301093750001 0.5168181046875 0.9191933234375 0.53621675 0.9191933234375
3 0.2606421390625 0.7544633453125 0.2604277625 0.7810816703125 0.35625553125 0.7810816703125 0.3560411546875 0.753921409375 0.42359738125 0.753503321875 0.4238117578125 0.7001583421875 0.5069911140625 0.7001583421875 0.5074198828125 0.6490354078125 0.45626325 0.6494534953125 0.45583448125 0.6079233312500001 0.25760231718750004 0.608202059375 0.1630743296875 0.60808324375 0.1633513171875 0.6784022000000001 0.1639944640625 0.7544633453125 0.2606421390625 0.7544633453125
5 0.3288107234375 0.7812437234375 0.32864924375000004 0.767282009375 0.31177439375 0.7671770343750001 0.290952659375 0.7671719140625 0.29110666875 0.7812962125 0.3032965984375 0.7812962125 0.3288107234375 0.7812437234375
0 0.4510713234375 0.6703828453125 0.4553892828125 0.6752950890625 0.46474485625 0.6809090796875 0.47643932187500004 0.6853534890625 0.49245174687500004 0.6881604859375 0.507564596875 0.6888622343749999 0.50724150625 0.6570413312500001 0.44675337031250006 0.6568156984375 0.44729311406249994 0.6639501437499999 0.4510713234375 0.6703828453125
0 0.5615277171875 0.6254186140625 0.5686818375 0.632394678125 0.581797709375 0.6382855765625 0.6003983875000001 0.6429362859375 0.621145321875 0.6429362859375 0.6210294828125 0.610366196875 0.5572352515625 0.61038131875 0.55771219375 0.6184425499999999 0.5615277171875 0.6254186140625
3 0.1642915875 0.5034931765625 0.1181947359375 0.5033093375 0.1179119265625 0.5644983484375 0.162877575 0.5643145015625 0.163443171875 0.6148406203125 0.457026071875 0.6153921546875 0.45589485781250005 0.5793589234375001 0.5067993468750001 0.5802781390625 0.5079305625 0.49428055625 0.46239932812499995 0.49428055625 0.46183371093750003 0.37061562656249997 0.46239932812499995 0.286630084375 0.38357996562499996 0.28699776875 0.3832971453125 0.24310023281249998 0.3530372625 0.2427325453125 0.35332006250000003 0.21570762656250003 0.3405939390625 0.21570762656250003 0.330130246875 0.21920064374999998 0.321646165625 0.22342903125000002 0.31231366718750003 0.2305989109375 0.3066576125 0.240710275 0.30382958437499996 0.2335403953125 0.2987391484375 0.22728973749999998 0.28686142187499997 0.2203037015625 0.2738525 0.2166268421875 0.2597123640625 0.21644299843749998 0.2597123640625 0.2427325453125 0.232099990625 0.242610615625 0.23301263749999998 0.2868343953125 0.16400876874999998 0.286466715625 0.1642915875 0.5034931765625
5 0.1409655546875 0.546381946875 0.1406623515625 0.5336689906250001 0.1403591609375 0.52125168125 0.11740311562500001 0.52136849375 0.11822585468749999 0.5318950874999999 0.11837745625 0.5462833984375 0.1409655546875 0.546381946875
0 0.48352499218749995 0.5258385578125 0.47179698906249995 0.5284376765625 0.46140171093750004 0.5336359140625 0.453405346875 0.53883415 0.44834097812499996 0.5476711515625 0.447541353125 0.55737453125 0.5081226953125 0.5570894187500001 0.508580271875 0.524452359375 0.4949864375 0.524625634375 0.48352499218749995 0.5258385578125
0 0.5619526125000001 0.5215829359375 0.573517990625 0.5295916265625 0.589608959375 0.5346583546875 0.6117340437500001 0.5361293359375 0.6110474609375001 0.50301605625 0.55516424375 0.5031139046875001 0.5564213515625 0.514064565625 0.5619526125000001 0.5215829359375
3 0.45070881875 0.299493984375 0.44976023749999994 0.5025029109375 0.6198603359375 0.5012355203125 0.621410775 0.4405935109375 0.637845434375 0.4385777078125 0.6493186718749999 0.4345461015625 0.6583112203125 0.4268860515625 0.6638927859375 0.419427578125 0.6651331421875 0.40955014375000004 0.6217208578125 0.40934856249999996 0.6217208578125 0.407534340625 0.755678775 0.4085422421875 0.755678775 0.32493130937500003 0.7559888578125 0.2423170515625 0.6483194453125 0.242921790625 0.6480093625000001 0.15809014999999998 0.6008760359374999 0.15788856874999999 0.6014962015624999 0.1302720640625 0.5056790859375 0.1300704828125 0.5059891921874999 0.15788856874999999 0.4402631046875 0.157968571875 0.4414922859375 0.241172575 0.4421506 0.299636640625 0.45070881875 0.299493984375
5 0.574486275 0.1446360953125 0.574661371875 0.13035071874999998 0.5542622984375 0.1304076328125 0.53590953125 0.13035999843749999 0.5364021703125 0.1445222671875 0.5517233640625 0.1446930078125 0.574486275 0.1446360953125
0 0.5565144953125001 0.46814789687499997 0.53576251875 0.4617733390625 0.5259566328124999 0.462218075 0.5259948359375 0.5008838171875001 0.574986034375 0.5012066546875 0.57407385625 0.4887540265625 0.568144721875 0.47748736718749996 0.5565144953125001 0.46814789687499997
0 0.6306866046875 0.4403107515625 0.6425448890625 0.4376423265625 0.6516666390625 0.4330467171875 0.6603322890625 0.42489321249999995 0.665577303125 0.41866689843750005 0.66648948125 0.40888269531250004 0.6104186890625 0.409012515625 0.6094785468749999 0.44090372968749997 0.62065269375 0.44090372968749997 0.6306866046875 0.4403107515625
1 0.354045059375 0.215325134375 0.3417837578125 0.21399801406250002 0.3187938203125 0.22395141093749998 0.30653251875 0.2375543859375 0.29733654375 0.22627387031250001 0.28252080468749996 0.2186429328125 0.260041753125 0.21565691406249998 0.259530865625 0.25480693906249996 0.261574415625 0.2561340578125 0.354045059375 0.25547049843749997 0.354045059375 0.215325134375