5 0.0630390890625 0.0154028859375 0.0637229703125 0.0007015484375 0.0432065390625 0.0007015484375 0.0233926203125 0.0013480375 0.02269010625 0.016015440625 0.04525818125 0.016015440625 0.0630390890625 0.0154028859375
5 0.25931295 0.014790329687500001 0.25931295 0.0007015484375 0.22101561093750002 0.0007015484375 0.18823530156249998 0.0013480375 0.1868215578125 0.0141777734375 0.227854421875 0.014790329687500001 0.25931295 0.014790329687500001
5 0.13142719375 0.6434565734375 0.13142719375 0.6299803484375001 0.06645849375 0.6293677921875 0.0288645765625 0.6300245078125 0.028161154687500002 0.6434565734375 0.08834268749999999 0.64284401875 0.13142719375 0.6434565734375
0 0.19297648750000002 0.1569237109375 0.1806666296875 0.1465102640625 0.1676728890625 0.1409972609375 0.145143646875 0.1386029390625 0.1451048140625 0.19061427656250002 0.1560469109375 0.18877660937500002 0.1786149859375 0.1691748265625 0.19297648750000002 0.1569237109375
0 0.12116897812500001 0.2758004265625 0.1047558328125 0.2641618671875 0.08834268749999999 0.2598739765625 0.0746922109375 0.258700978125 0.074665065625 0.310716103125 0.08560716406249999 0.310103546875 0.1061235953125 0.29233943125 0.12116897812500001 0.2758004265625
0 0.10749135781250001 0.3664791265625 0.122536740625 0.378730240625 0.132111075 0.3701544609375 0.1375821234375 0.36096612499999997 0.14031764687499998 0.348715009375 0.13963376562500002 0.340751784375 0.084952128125 0.3420343125 0.08423940156250001 0.3474898984375 0.096549259375 0.356065678125 0.10749135781250001 0.3664791265625
5 0.46246023281250004 0.015286398437500001 0.4631441140625 0.001197615625 0.43305334687499997 0.001197615625 0.4166402015625 0.000585059375 0.3948017640625 0 0.3947560078125 0.015898953125 0.435104990625 0.015898953125 0.46246023281250004 0.015286398437500001
5 0.604707490625 0.0160215 0.6053913718749999 0.0000950515625 0.5547841734375 0.0007076078125000001 0.5233926203125 0.000122546875 0.5240095265625 0.0154089453125 0.5582035796875 0.0160215 0.604707490625 0.0160215
5 0.5862427015625 0.64342173125 0.5876104640625 0.62933295 0.49802204687499996 0.62933295 0.447469228125 0.6287990171875 0.44536320625 0.6415840640625 0.5226417640625 0.6428091765625 0.5862427015625 0.64342173125
0 0.5424743140625 0.0901611953125 0.529480575 0.0797477484375 0.5144351921875 0.07607241406250001 0.4926128671875 0.0730392140625 0.4939187609375 0.125076871875 0.5048608578125 0.12446431718749999 0.5240095265625 0.10608764531249999 0.5424743140625 0.0901611953125
0 0.44125992031249994 0.3940297421875 0.4515181359375 0.38422885 0.455621421875 0.3725902921875 0.45835694531250004 0.3646270671875 0.45835694531250004 0.3529885078125 0.40027360625 0.35367646875 0.40911751093750004 0.3670772890625 0.42416289375 0.3793284046875 0.44125992031249994 0.3940297421875
0 0.5650423906250001 0.3321616140625 0.5554680546874999 0.3211356109375 0.5151190734375 0.354826175 0.5131327031249999 0.36348039062500004 0.5718812 0.36401451093750004 0.5725650812499999 0.35360106406249997 0.5684617953125 0.3382871703125 0.5650423906250001 0.3321616140625
5 0.922753484375 0.0148138109375 0.922069603125 0.000725028125 0.879668978125 0.001337584375 0.8276940187499999 0.001337584375 0.7716826343750001 0.0019607828125 0.7702480109375001 0.015426367187500001 0.859152546875 0.015426367187500001 0.922753484375 0.0148138109375
5 0.923437365625 0.642826596875 0.923437365625 0.6293503703125001 0.8783012156250001 0.628737815625 0.8235907328125001 0.628737815625 0.7716826343750001 0.6281862734375 0.772983534375 0.6422140421875 0.859152546875 0.642826596875 0.923437365625 0.642826596875
0 0.8352219296875001 0.2176013828125 0.8263314765625 0.2090256015625 0.8003439968749999 0.23169016406249998 0.7880341375000001 0.24210361093750002 0.788098503125 0.2507352921875 0.8447962640625001 0.24945428125000002 0.8454801468750001 0.24026594375000002 0.841376859375 0.229239940625 0.8352219296875001 0.2176013828125
0 0.8803580796875 0.34197064843749997 0.8871968906250001 0.3376827578125 0.8906162953125 0.33216975625 0.85095119375 0.2960289671875 0.8448700499999999 0.296691175 0.8427446218749999 0.34870876093750003 0.8530028375 0.349321315625 0.8666804578124999 0.34748365 0.8803580796875 0.34197064843749997
0 0.8324864062499999 0.3891374390625 0.8359058109375 0.38301188124999996 0.8400090984374999 0.3781114359375 0.8427446218749999 0.36953565625 0.8427446218749999 0.35483431875 0.787414509375 0.35428921406249997 0.8051311640625001 0.3744361015625 0.8270153578125001 0.394037884375 0.8324864062499999 0.3891374390625
3 0.7723048734375 0.352424996875 0.7716209921875 0.40142945625 0.6977618390625 0.40387967968750005 0.695710196875 0.642163859375 0.9986694999999999 0.6415513046875 0.99876881875 0.386151959375 0.8557383625 0.3855030078125 0.8557383625 0.352424996875 0.7723048734375 0.352424996875
3 0.9986694999999999 0.249413378125 0.9973017390625 0.00071575 0.6978112249999999 0.0019607828125 0.6970779578124999 0.11465111718750001 0.7723048734375 0.11587622812500001 0.7723048734375 0.250025934375 0.9986694999999999 0.249413378125
3 0.49460025781250005 0.2163387765625 0.6505251375000001 0.2138885546875 0.6518929 0.12320985468750001 0.65120901875 0.002536375 0.49391637812500006 0.0019442703125 0.493232496875 0.06319984375 0.49460025781250005 0.2163387765625
3 0.43783813125000004 0.5576345765624999 0.4385220125 0.5888749203125 0.43168320156249995 0.5986758109375 0.43715425 0.6060264796875 0.4125345328125 0.6305287093749999 0.4111667703125 0.6440049359375 0.6505251375000001 0.6427798234375001 0.64984125625 0.35181585000000004 0.575298221875 0.35181585000000004 0.5691432921875 0.33588940156249997 0.564356125 0.3242508421875 0.553414028125 0.32180061875 0.5158005718750001 0.3530409625 0.3496580109375 0.35367646875 0.3482497140625 0.5147556765625 0.41527005624999996 0.51536823125 0.43578648906249995 0.5349700140625 0.43783813125000004 0.5576345765624999
3 0.14645850625 0.18883985625 0.1444068625 0.34687923593750003 0.302383384375 0.34810434687499997 0.304435028125 0.1618465015625 0.3024623890625 0.0013480375 0.1471423859375 0.002561559375 0.1471423859375 0.1281763875 0.14645850625 0.18883985625
0 0.2305758734375 0.6691244546874999 0.2640860453125 0.6427845578125 0.2640860453125 0.631146 0.1601915265625 0.6300245078125 0.16218776875000002 0.642172003125 0.196381821875 0.670349565625 0.2305758734375 0.6691244546874999
3 0.195697940625 0.6703700171875 0.2312597546875 0.6703700171875 0.2634021640625 0.642805009375 0.303751146875 0.6415798984375 0.302383384375 0.337731803125 0.002188790625 0.337745096875 0.003527365625 0.46636850625 0.0014757234375000002 0.6415798984375 0.16218776875000002 0.6409673421875001 0.195697940625 0.6703700171875