3 0.733018471875 0.77229915 0.7296479687499999 0.7742985499999999 0.7296479687499999 0.8157146624999999 0.8613965921875 0.8151434156249999 0.8615948671875 0.7286298109375 0.861991390625 0.5621720578125 0.8349764953125 0.5621720578125 0.73255448125 0.5625087078125001 0.733018471875 0.6346898671875 0.7332167328125 0.7663009515625 0.733018471875 0.77229915
0 0.7578952640625001 0.6516278625 0.7539028140624999 0.64513400625 0.7483648921875 0.6404955375 0.7432133421875 0.6377124546874999 0.7385769484375 0.636042603125 0.7327711031249999 0.636160871875 0.7326526671875 0.6725937421875 0.7617589265625 0.672779284375 0.761501353125 0.6623891093750001 0.7578952640625001 0.6516278625
0 0.74025120625 0.7860608265625 0.7344557125 0.785318671875 0.7295495640625 0.7847575921875001 0.7294329484375 0.80665563125 0.7353572296875 0.8068411671875 0.7456603312500001 0.791626990625 0.74025120625 0.7860608265625
5 0.6847946281249999 0.7594610562499999 0.6847252593750001 0.7485678109375 0.6847946281249999 0.7317782234375 0.673723990625 0.7318697484375 0.6738341125 0.7426714671875 0.6738341125 0.7594610562499999 0.6847946281249999 0.7594610562499999
0 0.7156332421875 0.69417593125 0.7202116859375 0.701871159375 0.7323515015625001 0.68438200625 0.7322821328125 0.6753875859375 0.713113921875 0.6754299203125 0.7132746484375 0.6828829359374999 0.7136215 0.68817965 0.7156332421875 0.69417593125
3 0.4922827234375 0.8591149437500001 0.492065321875 0.8810374984375 0.51597805 0.90452595 0.582216175 0.9051462499999999 0.606128903125 0.8804050765625 0.6059115187499999 0.8587956968749999 0.6213460937499999 0.8587956968749999 0.621563478125 0.67064465625 0.5426141390625 0.67095783125 0.42936723125 0.6703748625 0.4297299234375 0.73200688125 0.4297299234375 0.8591149437500001 0.4922827234375 0.8591149437500001
0 0.47008530625 0.6889700390625 0.47321869687499996 0.695741190625 0.47817989843750003 0.7043932093749999 0.48627448281249996 0.711164359375 0.4944996328125 0.7128571406249999 0.49431008125 0.6702799359375 0.4691714046875 0.6694089546875001 0.4693019609375 0.6818227203125 0.47008530625 0.6889700390625
5 0.4841087875 0.858638584375 0.4841641421875 0.842450009375 0.471930715625 0.842290515625 0.4552187484375 0.8423674562500001 0.45515818750000003 0.858638584375 0.468388003125 0.858558834375 0.4841087875 0.858638584375
5 0.5180193937500001 0.8847860765625001 0.5113214546875 0.8783265968749999 0.5064509359375 0.873255525 0.5000844140625 0.8867797421875 0.5056199015625 0.8924417546875001 0.5114321625 0.8987417421874999 0.5180193937500001 0.8847860765625001
5 0.572854003125 0.9037671375 0.572728871875 0.886911684375 0.54715940625 0.8867314125 0.5244630031249999 0.8869046984375 0.5242709640625 0.9035868656250001 0.5404445359375 0.9036770031250001 0.572854003125 0.9037671375
5 0.5873806359375 0.8985243859375001 0.59232339375 0.8928458109375 0.5987677453125 0.886085603125 0.5919947953125 0.8726019640624999 0.5864421375 0.87851416875 0.5805608828125 0.884192746875 0.5873806359375 0.8985243859375001
3 0.5378750375 0.6790789078125 0.621315896875 0.67959705 0.6209562281250001 0.6127857953125 0.62113605625 0.4892525890625 0.5619486578124999 0.4892525890625 0.5249037875 0.48977073125 0.5249037875 0.49598841406250005 0.4953051140625 0.49596314374999995 0.4955772328125 0.5695354984375001 0.495757059375 0.6790789078125 0.5378750375 0.6790789078125
0 0.5186764625 0.52815089375 0.5138466578124999 0.5221637578125 0.508567578125 0.5187656578125 0.5028392125 0.5171475125 0.49452746249999996 0.5171475125 0.49522179062499994 0.553199415625 0.5244048265625 0.5533939546875 0.5239555421875 0.5446559718749999 0.522270728125 0.5364034359375001 0.5186764625 0.52815089375
5 0.5680787125 0.5050097984375 0.5679827000000001 0.48868807500000006 0.5539648921875 0.48868807500000006 0.5388378 0.4886040359375 0.5389869593750001 0.505286434375 0.5505084484375 0.5054247562499999 0.5680787125 0.5050097984375
5 0.60554090625 0.5050452234375 0.6053488828125 0.4884468609375 0.5916191078125 0.48872350156250005 0.576664040625 0.4884312125 0.5763531421875 0.5051835453125 0.5881626625 0.5051835453125 0.60554090625 0.5050452234375
5 0.5365209765625 0.48008458281250005 0.5367479687500001 0.46651331875 0.5368614640625 0.4511434484375 0.524682240625 0.45112531562499997 0.5244902546875 0.46438769999999996 0.5242632640625 0.4797575625 0.5365209765625 0.48008458281250005
0 0.4903435171875 0.4452545671875 0.48500914218749996 0.44738018906250004 0.4806962453125 0.45130440937499994 0.47649684375 0.4570272359375 0.47354591562500004 0.4637311109375 0.471616459375 0.4733781578125 0.47116246874999995 0.48139010625 0.5012601937500001 0.48156534375 0.5019202390624999 0.44476404062499997 0.49624537343749997 0.44476404062499997 0.4903435171875 0.4452545671875
5 0.44135732031249997 0.5406579265625 0.4414594375 0.5288885734375001 0.4414594375 0.512558596875 0.42971576875000006 0.512558596875 0.429409409375 0.5265347046875 0.429409409375 0.540805046875 0.44135732031249997 0.5406579265625
5 0.427469153125 0.49403824687500003 0.42757127187500005 0.4768255703125 0.423588634375 0.47711980625 0.41805533749999996 0.47740230937500006 0.41786998124999997 0.49447960156250004 0.4223632125 0.49433248281250003 0.427469153125 0.49403824687500003
0 0.44227638281250004 0.4199240921875 0.4476886859375 0.4278684015625 0.4545306453125 0.43360596406249996 0.46259803593750004 0.4369896515625 0.470359065625 0.436695415625 0.470293096875 0.4007517765625 0.43931494375 0.40079889218750003 0.44023400625000003 0.41403941250000004 0.44227638281250004 0.4199240921875
3 0.4071126703125 0.39376193125 0.46197768437500003 0.393611478125 0.535916953125 0.3928592171875 0.53612581875 0.2833802671875 0.535916953125 0.201718221875 0.46148609843750005 0.201718221875 0.407911459375 0.20156776875000001 0.4069038046875 0.20201912656249998 0.4071126703125 0.30924129375 0.4071126703125 0.39376193125
5 0.4979812859375 0.217929865625 0.4979812859375 0.2004774078125 0.484404865625 0.2004774078125 0.46828538750000004 0.20061385625 0.4680087234375 0.2180803203125 0.48325608593749997 0.2177794140625 0.4979812859375 0.217929865625
0 0.4901487359375 0.3631913140625 0.48586693593749997 0.35687231875 0.4794964640625 0.352358753125 0.47281268593750003 0.34995151875 0.46978410625 0.34965061406250003 0.4702446296875 0.39367085468749996 0.49547486875 0.39388356406249997 0.49505713125 0.3810951265625 0.49286401875 0.370112115625 0.4901487359375 0.3631913140625
3 0.22050525625 0.804122171875 0.2202276171875 0.8586305015625 0.230500284375 0.8584897546875 0.23024041562500003 0.8792812874999999 0.25420997343749996 0.9034134140625 0.3198099546875 0.9035467390624999 0.343409328125 0.8798145953125 0.343594425 0.8582305234375 0.3583844640625 0.8580923031250001 0.359296871875 0.67083819375 0.304324528125 0.6705095796875 0.2334220578125 0.670152571875 0.23364686875000001 0.674180646875 0.22013506875000002 0.6852467578125 0.22050525625 0.804122171875
0 0.24725121093750002 0.7268224046875 0.244937546875 0.7206893765625 0.24086550468749998 0.7142896984375 0.2352201578125 0.7097565921875 0.23077792656249999 0.7073567109375001 0.226428234375 0.7065567515625 0.219867965625 0.7066830125 0.2202276171875 0.743088253125 0.2491946953125 0.742821603125 0.248546865625 0.7337553875 0.24725121093750002 0.7268224046875
5 0.2553027671875 0.8838069703125001 0.24891705156250002 0.878073925 0.24371217031249998 0.872434178125 0.23660835625 0.8856735453125 0.24216115 0.8915399171875 0.24845432031249998 0.897806271875 0.2553027671875 0.8838069703125001
5 0.3113662734375 0.9036726406250001 0.311273728125 0.8868734843749999 0.291893203125 0.8868734843749999 0.26246343906249997 0.8869269937500001 0.2625016875 0.9036726406250001 0.2826768375 0.9036726406250001 0.3113662734375 0.9036726406250001
5 0.3238663828125 0.8999139609375 0.3292340859375 0.8940475859375001 0.3355272484375 0.8879145609375 0.32851758124999997 0.8736002656249999 0.3237738375 0.879115 0.3172030328125 0.8857813328124999 0.3238663828125 0.8999139609375
0 0.2032561984375 0.8144427437499999 0.1976948046875 0.818022565625 0.19296170937499998 0.824329865625 0.1894118890625 0.8326827828125 0.1872820015625 0.842569903125 0.1874003265625 0.857911990625 0.2121032734375 0.8575388609375001 0.2127223875 0.8135904046875 0.2086992546875 0.8135904046875 0.2032561984375 0.8144427437499999
5 0.1789990796875 0.8321713796875001 0.1789990796875 0.8193863046875001 0.1791174109375 0.802680478125 0.1669654703125 0.802800525 0.167402996875 0.817511159375 0.167284671875 0.832000909375 0.1789990796875 0.8321713796875001
3 0.2334388953125 0.59884331875 0.2333450046875 0.67415574375 0.23813349375 0.6792958078125 0.33705399062499997 0.6788900156250001 0.3585552515625 0.6787547515625 0.3588369234375 0.5090726171875 0.3588369234375 0.458381621875 0.3259487453125 0.458111090625 0.3261365328125 0.4270001625 0.3219113953125 0.4270001625 0.317029009375 0.42821754843750004 0.3119588484375 0.43214023125 0.3078276 0.43772715937499995 0.30454138125 0.44408460937500005 0.3020062953125 0.45138891406250004 0.30116127187499997 0.458152159375 0.2627172296875 0.45787054375 0.2628270828125 0.49000026406249997 0.2338144640625 0.4898650015625 0.2334388953125 0.59884331875
0 0.2450815 0.654542334375 0.25071501875 0.6511607109375 0.2551279453125 0.646155909375 0.2590714046875 0.6389868703125 0.261606484375 0.6285714734375001 0.26207594375 0.6205908453125 0.23301003125 0.6206231390625 0.23306333281249997 0.6561655140625 0.23897852187500002 0.6558949828125 0.2450815 0.654542334375
5 0.2990736953125 0.47448999062499997 0.2990736953125 0.45771714062499996 0.28949671875 0.45771714062499996 0.27939247031250003 0.45770153750000003 0.27954417187499997 0.47448999062499997 0.287806659375 0.474625253125 0.2990736953125 0.47448999062499997
5 0.345892771875 0.4744219078125 0.34579887343750004 0.45791958906249997 0.3355646546875 0.45791958906249997 0.3265998390625 0.45787054375 0.32664491875 0.4744219078125 0.3346257359375 0.4744219078125 0.345892771875 0.4744219078125
0 0.3191335609375 0.4272144546875 0.31481452499999996 0.42897290000000005 0.3101199265625 0.4331661109375 0.3071153875 0.43830617656250004 0.303735278125 0.44642207031250003 0.30195132812500003 0.45237372656249997 0.301012409375 0.45873117499999994 0.3011063 0.4744219078125 0.3258952515625 0.47426410781249995 0.3265510203125 0.42667339687499994 0.32467318125 0.42653813124999995 0.3191335609375 0.4272144546875
3 0.167562478125 0.493246065625 0.167562478125 0.5038629828125 0.20824963749999997 0.50362705 0.20874094687500003 0.5107049953125 0.21119746718750002 0.519906321875 0.21660181875 0.52745613125 0.22233370156249999 0.5314669703125 0.23215978593750003 0.5340622125000001 0.2323235515625 0.503640190625 0.2735931015625 0.5045839109375 0.2735931015625 0.3154456734375 0.2739206453125 0.21356267031249998 0.23462240781250002 0.213090809375 0.14464794375 0.21259750781250003 0.14414364375 0.400328465625 0.144634946875 0.49301013281249995 0.167562478125 0.493246065625
5 0.189606028125 0.2292508796875 0.189606028125 0.21326291875 0.1720345296875 0.21289955625 0.1611139875 0.21295679843749998 0.16102081875000002 0.2292508796875 0.17228675468750002 0.2291297578125 0.189606028125 0.2292508796875
0 0.1969188765625 0.2308252875 0.1977596171875 0.2362757296875 0.19918887968750001 0.24027271875 0.2025518453125 0.2475261109375 0.20608295625 0.2518864640625 0.2107911140625 0.255398971875 0.216255934375 0.257821390625 0.2206277875 0.25806363125 0.22088001249999997 0.21314125781249998 0.1957090171875 0.21280546406249998 0.1959940625 0.219439921875 0.19633035625 0.22731278281249997 0.1969188765625 0.2308252875
5 0.25723398125 0.2293718390625 0.2573180546875 0.21350499687500002 0.246186328125 0.21350499687500002 0.22830615625 0.213261190625 0.22856469218750003 0.2292507171875 0.24075544375 0.2293718390625 0.25723398125 0.2293718390625
5 0.27372325937499997 0.37844812499999997 0.2737730734375 0.364100225 0.27372325937499997 0.3513987984375 0.2626631140625 0.3513930765625 0.2626652875 0.36230224375 0.2627649078125 0.3783763671875 0.27372325937499997 0.37844812499999997
5 0.2737730734375 0.43253079687499996 0.27367345 0.42054696406250003 0.273623640625 0.4061312984375 0.2627254125 0.4061749640625 0.26261547812499997 0.41695899062499997 0.2627150984375 0.43260255625 0.2737730734375 0.43253079687499996
0 0.2098770875 0.5138492734375 0.211729934375 0.5201888515624999 0.21647786875000002 0.52719575625 0.22377345937499998 0.5322006859374999 0.2319954765625 0.5337021625 0.23277986718750002 0.48822201718749997 0.20721362031249999 0.4889914453125 0.20721362031249999 0.5035057468749999 0.2098770875 0.5138492734375
5 0.1786797 0.55553485 0.178770134375 0.543419146875 0.1786797 0.5281768062500001 0.16741130625 0.5282308312499999 0.1673760390625 0.5409438921875 0.1674664734375 0.5556651234375 0.1786797 0.55553485