5 0.13496935000000002 0.200802228125 0.1520563578125 0.21256637500000003 0.1581588609375 0.23086615625 0.16914336562500001 0.2275983390625 0.1660921140625 0.21648775625 0.155717859375 0.1994951015625 0.1343590984375 0.1870773921875 0.0898108265625 0.186423828125 0.0275878984375 0.1864539734375 0.026344795312500002 0.2001486640625 0.0751648203125 0.1994951015625 0.13496935000000002 0.200802228125
5 0.29119342656249997 0.2047236109375 0.3033984328125 0.2001486640625 0.3284186953125 0.1988415375 0.3638132125 0.2001486640625 0.40164873125 0.1994951015625 0.40164873125 0.1870773921875 0.346726203125 0.1870773921875 0.3125521875 0.1870773921875 0.3058394328125 0.1857702640625 0.2844806734375 0.1942665921875 0.27166541718750004 0.207337865625 0.266235359375 0.22502614843750002 0.2783781703125 0.22825190156250003 0.282649921875 0.214527065625 0.29119342656249997 0.2047236109375
0 0.1471743546875 0.35177543125 0.153887109375 0.35831106875 0.1605998625 0.3615788859375 0.1721946171875 0.36550026875 0.181348371875 0.36550026875 0.1813964921875 0.3211297046875 0.17463561875 0.324979321875 0.1624306125 0.3367434671875 0.1471743546875 0.35177543125
0 0.1465641046875 0.43808947500000006 0.155717859375 0.4498536203125 0.17341511874999999 0.4681534015625 0.180738121875 0.46619271093750003 0.180786140625 0.42377091875 0.1660921140625 0.4243646375 0.154497359375 0.43090027343750004 0.1465641046875 0.43808947500000006
0 0.2918036765625 0.289686884375 0.282039671875 0.2811905578125 0.2722756671875 0.2766156125 0.2595214921875 0.274712340625 0.2588501609375 0.3184436859375 0.2655629140625 0.3184436859375 0.27898842031250004 0.303411721875 0.2918036765625 0.289686884375
0 0.32597769374999996 0.46948235 0.3107214359375 0.4845143140625 0.30095743124999996 0.49627845937500004 0.2985839921875 0.5028765671875 0.33757245 0.5028140953125 0.3381827 0.49039638593749996 0.332690446875 0.47797867656250004 0.32597769374999996 0.46948235
5 0.7526195125 0.198198884375 0.7697065203125 0.20734877499999999 0.7782500234375 0.22695568437500002 0.7886242796875 0.2236878671875 0.7819115265625001 0.20669521249999998 0.773978271875 0.1975453203125 0.7568912640625001 0.187741865625 0.7349222531249999 0.1870883015625 0.69220473125 0.187741865625 0.6562500078125 0.1877615046875 0.6561999640625 0.198198884375 0.7062404890625 0.198198884375 0.7526195125 0.198198884375
5 0.8611719515624999 0.24113793437500003 0.8611719515624999 0.229730278125 0.8345428484375 0.229730278125 0.816850146875 0.2297451484375 0.815902475 0.24113793437500003 0.83986866875 0.24113793437500003 0.8611719515624999 0.24113793437500003
5 0.751992625 0.6619063515625 0.75243644375 0.6504986953125 0.7102736968750001 0.6504986953125 0.6796875046874999 0.6505325203125001 0.6783187703125 0.6614310328124999 0.717374790625 0.6619063515625 0.751992625 0.6619063515625
5 0.8620595890624999 0.6614310328124999 0.8611719515624999 0.6500233765625001 0.8380933953125 0.6504986953125 0.8150745796875001 0.6500570546875 0.8150148390625 0.6609557140625 0.8403124875 0.6614310328124999 0.8620595890624999 0.6614310328124999
5 0.9650520437500001 0.30055986562500003 0.9650520437500001 0.289627528125 0.9397543953125 0.289627528125 0.9109552609374999 0.289653859375 0.9104623796875 0.301035184375 0.9344285749999999 0.301035184375 0.9650520437500001 0.30055986562500003
5 0.9996698796875 0.40275345468749996 0.9996698796875 0.37993814062500003 0.9886363687499999 0.379992390625 0.9885744187500001 0.4037040921875 0.9881306000000001 0.42842068125 0.9987822421875 0.4298466375 0.9996698796875 0.40275345468749996
5 0.9486307625 0.662356984375 0.94818694375 0.651424646875 0.929990390625 0.6509493281250001 0.9113991531250001 0.651483453125 0.9109061984375 0.661406346875 0.9326533015624999 0.661406346875 0.9486307625 0.662356984375
0 0.8074965109375001 0.383265375 0.8145976062500001 0.389444521875 0.8394514359375 0.3642526140625 0.8398952546875 0.356647509375 0.8004261421875001 0.35574362656249997 0.8008392359375 0.36472793281250004 0.8030583281249999 0.3742343125 0.8074965109375001 0.383265375
0 0.9353162109375001 0.4850153828125 0.9397543953125 0.4802621921875 0.9326533015624999 0.4731324078125 0.9237769328125 0.4693298546875 0.9100674765625 0.46795359375 0.9104623796875 0.5073553765625001 0.9144567468749999 0.5073553765625001 0.9255522062500001 0.4959477203125 0.9353162109375001 0.4850153828125
0 0.8332379796874999 0.540643578125 0.83811998125 0.53636570625 0.841670528125 0.5292359203125 0.8434458015624999 0.5230567734375 0.8456648937500001 0.51497635 0.8452210750000001 0.5068959265624999 0.8066406296874999 0.5069418015625 0.8074965109375001 0.51450103125 0.819035790625 0.52638400625 0.8332379796874999 0.540643578125
0 0.7711034031249999 0.4631507078125 0.7648899453125 0.47028049375 0.771547221875 0.4788362359375 0.779092134375 0.486441340625 0.79151905 0.49879963437499997 0.7964010515625 0.49879963437499997 0.7968750046874999 0.45416508125000005 0.7835303171875 0.456020921875 0.778204496875 0.4579221984375 0.7711034031249999 0.4631507078125
0 0.77421013125 0.370415890625 0.7640023078125 0.378971634375 0.7697719484375 0.3889533328125 0.7888561390625 0.40844141250000005 0.7959572328125 0.40939205 0.797318896875 0.36477748125 0.7888561390625 0.3661380203125 0.7821988625 0.3670886578125 0.77421013125 0.370415890625
3 0.7604517609375 0.1878933890625 0.731159746875 0.1874180703125 0.6570420734375 0.1874180703125 0.6570420734375 0.19739976875 0.668137534375 0.21023338281249998 0.6685813515625 0.224492953125 0.667693715625 0.24825890312499999 0.667693715625 0.2606171984375 0.658817346875 0.27440145 0.6574858921875 0.2824818734375 0.6419522484375 0.2829571921875 0.6415084296875 0.3409461125 0.658373528125 0.34047079375 0.659261165625 0.3495018546875 0.6699128078125 0.36328610625 0.6685813515625 0.3832495046875 0.6690251703125 0.39562366875 0.658373528125 0.4079819640625 0.68766554375 0.40845728281250004 0.7009800953124999 0.39562366875 0.7098564640625 0.3870679265625 0.7169575578125 0.38564196875 0.722727196875 0.39514835000000004 0.7267215625000001 0.4103585578125 0.79773250625 0.4103585578125 0.7959572328125 0.23114741875 0.7915483015625 0.23069608125 0.7888561390625 0.2221163578125 0.7808674078125 0.20500487343749998 0.7653337640625 0.192171259375 0.7604517609375 0.1878933890625
3 0.8012830546874999 0.3647120640625 0.8035021453125 0.37849631562499997 0.8079403296875001 0.38562609999999997 0.8154852421875001 0.38990397187500003 0.8394514359375 0.36518738281249996 0.8873838234375 0.3628107875 0.8864961875 0.301969953125 0.890490553125 0.301019315625 0.888760659375 0.23069608125 0.78929995625 0.23019678125 0.7888561390625 0.36518738281249996 0.8012830546874999 0.3647120640625
3 0.9153443828125001 0.46078998281250005 0.9157882015625001 0.46696912968750004 0.9246645687499999 0.46887040625000004 0.9330971187499999 0.4726729578125 0.9401982140625 0.47790146718750004 0.9326533015624999 0.4902597609375 0.9131252906249999 0.507371246875 0.9140129281249999 0.5130750749999999 0.928658934375 0.5282852828125 0.9282151171875 0.541594215625 0.9149005640625001 0.5563291046875001 0.8802827296875 0.5577550625 0.87850745625 0.5915027125 0.9663834984375 0.59102739375 0.9663834984375 0.5834222890625 0.94818694375 0.564409528125 0.9504060359375 0.552526553125 0.9641644078124999 0.5396929390625 0.9983384234375 0.5392176203125 0.9988458859374999 0.289653859375 0.87850745625 0.290562296875 0.8789512734375 0.459364025 0.9153443828125001 0.46078998281250005
3 0.7848617734375 0.44748105000000005 0.7728786765625 0.45793806875 0.7613393984375 0.4717223203125 0.7555697593749999 0.465543171875 0.7502439375 0.45366019687500003 0.7484686640625 0.44653041250000003 0.658373528125 0.44462913593750003 0.6628117125 0.452234240625 0.6694689890625 0.45793806875 0.6739071734375 0.465543171875 0.674794809375 0.48740784687499994 0.6574858921875 0.5054699703125001 0.6574858921875 0.51497635 0.643283703125 0.5159269890625 0.6428398843750001 0.5820122015625 0.6579297109375 0.5834381578125 0.6574858921875 0.5929445390625 0.668137534375 0.6048275140625 0.6694689890625 0.618136446875 0.6694689890625 0.640476440625 0.6574858921875 0.651408778125 0.6570420734375 0.6613904765624999 0.79773250625 0.6609151578125 0.79773250625 0.5910432625 0.7968448703125001 0.43987594531249996 0.787080865625 0.4389253078125 0.7848617734375 0.44748105000000005
3 0.40885700468749997 0.18788618906250001 0.40086827343750003 0.1874108703125 0.3760144421875 0.18693555 0.33562696875000003 0.1874108703125 0.303228225 0.1859849125 0.284144034375 0.1954912921875 0.27082948125 0.20737426874999998 0.26683511718749997 0.224961071875 0.26417220625 0.23018958125000002 0.2570711125 0.23114021875000001 0.2575149296875 0.40418808124999994 0.426609740625 0.4046634 0.427497378125 0.36093405 0.427053559375 0.247776384375 0.42666903906250003 0.187428678125 0.41595809843750003 0.1859849125 0.41595809843750003 0.1893121453125 0.40885700468749997 0.18788618906250001
3 0.09194614375 0.6866078046874999 0.1003786921875 0.6856571671875 0.11990670156250001 0.6618912171875 0.1909176453125 0.6633171734375 0.2441758546875 0.6618912171875 0.37421464531250004 0.660940578125 0.37288319062499997 0.5107080296875 0.3444788125 0.51165866875 0.3435911765625 0.49597314062500003 0.3378215359375 0.4945471828125 0.3347148078125 0.48409016562499996 0.3316080796875 0.4769603796875 0.3271698953125 0.4712565515625 0.3125238875 0.483614846875 0.30142842812500004 0.496448459375 0.300984609375 0.46792931875 0.1798221859375 0.4665033625 0.1807098234375 0.26251215625 0.1833727328125 0.25253045625000003 0.18204127812499998 0.23019046250000003 0.1696143625 0.23019046250000003 0.1642885421875 0.211177703125 0.14831107968749999 0.1940662171875 0.142985259375 0.190263665625 0.13322125468749998 0.18646111406250002 0.11591233593750001 0.18646111406250002 0.0839574109375 0.18646111406250002 0.0413508453125 0.18646111406250002 0.0293677484375 0.1874117515625 0.0293677484375 0.1883623890625 0.001420459375 0.1888550765625 0.0014071890625 0.6623665359375 0.05067103125 0.661415896875 0.07330577031249999 0.6856571671875 0.09194614375 0.6866078046874999
5 0.245063490625 0.6509588796875 0.2153276578125 0.650483559375 0.190473828125 0.650483559375 0.19051847187499998 0.6643210328125 0.21355238437500002 0.6637924921875 0.23885003437500002 0.6637924921875 0.245063490625 0.6623665359375 0.245063490625 0.6509588796875
5 0.3276137140625 0.6519095171875 0.3040913390625 0.6514341984375001 0.2716925953125 0.6514341984375001 0.2721946078125 0.66241916875 0.29388351562500004 0.6623665359375 0.3142991609375 0.6618912171875 0.3276137140625 0.6618912171875 0.3276137140625 0.6519095171875