0 0.2665624125 0.5591105875 0.2603215 0.5339234359375 0.24900985000000003 0.5145487046875 0.23301751718750002 0.49775726875000004 0.2158550125 0.49581979687500005 0.2166351265625 0.5855893890625 0.26773258125 0.5875268625000001 0.2665624125 0.5591105875
0 0.162027159375 0.6682549109375 0.217805296875 0.6682549109375 0.217805296875 0.6385469890625 0.2181953546875 0.623693028125 0.21858541250000002 0.601734996875 0.21774626718749998 0.5879672031250001 0.19245159843749998 0.5875268625000001 0.172948753125 0.608839065625 0.1628072734375 0.637255340625 0.162027159375 0.6682549109375
0 0.41395632187500003 0.69785128125 0.40446331874999997 0.6575745734375 0.3825107484375 0.6281038109375 0.355811678125 0.6261390921875 0.354544096875 0.741097275 0.3783575609375 0.7420574234374999 0.414549634375 0.7430397828124999 0.41395632187500003 0.69785128125
0 0.509479665625 0.5426385984375 0.49583347343749995 0.5141501984375 0.4715076515625 0.49548538124999997 0.45964140000000003 0.49646773906249997 0.45964140000000003 0.58979181875 0.48040734374999994 0.5888094609375 0.5118529171875 0.58979181875 0.509479665625 0.5426385984375
0 0.6069338125 0.7043023328125 0.6063969874999999 0.6234185984375 0.6063180953125 0.6225410859375 0.5768715734375001 0.6278627625000001 0.5596931484375001 0.6554165609375 0.5500302859375 0.705191165625 0.6069338125 0.7043023328125
0 0.7046360968750001 0.488014140625 0.6987310140625 0.4586826796875 0.6799421140625 0.435573040625 0.6595427359375 0.43201771093749997 0.6599889125 0.516468690625 0.6611532125 0.5164567734375 0.7057097484375 0.5182344390625 0.7046360968750001 0.488014140625
0 0.7266459515625 0.599118171875 0.7814021765625 0.600007003125 0.781939003125 0.5680090437499999 0.7701288374999999 0.5368999140625 0.7491926328125 0.5155679390625 0.726540725 0.5129131890624999 0.7261091265624999 0.513790278125 0.7261091265624999 0.554676559375 0.7266459515625 0.599118171875
5 0.5380214343749999 0.2627382265625 0.5384022421875 0.22553810937500002 0.52507396875 0.2242770859375 0.5139897578125 0.2234445765625 0.51403054375 0.26841282187500004 0.514792159375 0.32074519218750003 0.537640628125 0.3220062125 0.5380214343749999 0.2627382265625
5 0.6952950578125 0.32957233750000003 0.6614031625 0.328941828125 0.6362698484375 0.328941828125 0.6221799609375 0.33020284843750003 0.6130405734375 0.3308333578125 0.6126597640625 0.3610978625 0.6732082046875 0.361728371875 0.6952950578125 0.3610978625 0.6952950578125 0.32957233750000003
5 0.046185851562500005 0.622623578125 0.0333122078125 0.6181829249999999 0.023656975 0.6164066640625 0.023434509375000002 0.616128346875 0.022584171875 0.7576193953125 0.044576646875 0.7576193953125 0.04564945 0.6572606624999999 0.046185851562500005 0.622623578125
3 0.2274896703125 0.849096821875 0.2280260734375 0.7416330484375 0.2178344375 0.7123247453125 0.220516446875 0.5755526671875 0.15936663906249998 0.5764408000000001 0.0799791671875 0.5755526671875 0.0231205734375 0.5746645390625 0.0223619390625 0.5752723890625 0.0220477703125 0.8508730828125 0.10679925937500001 0.851761215625 0.1792135046875 0.8508730828125 0.2274896703125 0.849096821875
5 0.04020138125 0.502530965625 0.0242884265625 0.4669264125 0.0242884265625 0.320235653125 0.0406314609375 0.2853431890625 0.033320103125 0.2739497328125 0.020796076562499998 0.258052659375 0.0010641171875 0.30741801406249997 0.0002039578125 0.4868649625 0.020417709375000002 0.5303025156250001 0.04020138125 0.502530965625
3 0.00014434999999999999 0.30755925781250004 0.00014434999999999999 0.4820299390625 0.0221601984375 0.5262986187500001 0.0221601984375 0.5848895187500001 0.2926406390625 0.5900975984375 0.2942132 0.2997471375 0.29191570625 0.18259962968750001 0.0229464796875 0.185169378125 0.0229464796875 0.2580824984375 0.00014434999999999999 0.30755925781250004
3 0.4648360359375 0.587493559375 0.5245933421875 0.587493559375 0.5238070625 0.3570360171875 0.537173828125 0.35964005781249997 0.5357030609375 0.1865069 0.285564115625 0.1864713984375 0.285564115625 0.4169289390625 0.2839915546875 0.5887955781249999 0.4648360359375 0.587493559375
0 0.9924828609375 0.7399188515625 0.9979868234374999 0.720388553125 1 0.6852340109374999 0.9405883578124999 0.683931990625 0.9405883578124999 0.760751171875 0.961031646875 0.760751171875 0.9806886562500001 0.7529390515625 0.9924828609375 0.7399188515625
5 0.563173790625 0.73861683125 0.5639600703125 0.7099723921875001 0.4845457546875 0.707368353125 0.43032401093750006 0.7100807453125 0.431078690625 0.7412208703125 0.5010576421875 0.742522890625 0.563173790625 0.73861683125
3 0.578899396875 0.6318511921875001 0.561601228125 0.6448713921875 0.5537384249999999 0.6787239109375001 0.5521658656249999 0.7099723921875001 0.5867622 0.7099723921875001 0.58754848125 0.8154360109375001 0.5867622 0.8610067140625001 0.7275063828125 0.8610067140625001 0.8462347156250001 0.8623087328124999 0.9594590859375 0.8623087328124999 0.9594590859375 0.7620531921875 0.987765178125 0.7464289515625 1 0.7151804734375 0.998773103125 0.689140071875 0.9626042078125 0.683931990625 0.9603649046875 0.5980724093750001 0.7770420453125 0.59930069375 0.597770125 0.5953946328125 0.597770125 0.62143503125 0.578899396875 0.6318511921875001
3 0.7275063828125 0.50412281875 0.7227887 0.5080288796875 0.7227887 0.5171430203125 0.7243612609375 0.6069824015624999 0.9586728062500001 0.60568038125 0.9594590859375 0.233302659375 0.8430895953125 0.2320006390625 0.7157911390625 0.2346965328125 0.7149258984375 0.363504659375 0.725933821875 0.3622026421875 0.7275063828125 0.50412281875