3 0.9538134109374999 0.5945169109374999 0.9535014140625 0.47659608281250004 0.9536574078125 0.43543425312500006 0.8837621062500001 0.4355134453125 0.8405504953125 0.43543425312500006 0.8401288765625001 0.43630538124999996 0.8200050718749999 0.4275148953125 0.8034687953124999 0.4204666671875 0.7833449906250001 0.41246811718750004 0.779445021875 0.41500231093749995 0.77382906875 0.41958267187500004 0.770085103125 0.42377993125 0.7677451265624999 0.4282939640625 0.7660291421875 0.4348682765625 0.70596968125 0.4349474703125 0.7056576859375 0.4336011796875 0.6965477859375 0.43355725312500004 0.696347271875 0.548923584375 0.6966592687500001 0.5945961046875 0.9538134109374999 0.5945169109374999
5 0.8742914203125001 0.5947990234375 0.8742914203125001 0.585037040625 0.8274603140625001 0.5849706328125001 0.7737487 0.5849041671874999 0.773434475 0.5951310656250001 0.8100621578125 0.5949318390625 0.8742914203125001 0.5947990234375
0 0.7832927656249999 0.41188567656249997 0.772322484375 0.42057893437500005 0.7664359984375 0.42859303593750003 0.764295465625 0.4352488109375 0.7626379078125 0.44051364687500005 0.8429603171875 0.44068209999999997 0.8432278921874999 0.4364713015625 0.8060360015624999 0.420714765625 0.7832927656249999 0.41188567656249997
3 0.49780456875 0.442789303125 0.7157911609375 0.442789303125 0.715477378125 0.44119641875 0.85259585625 0.44135570625 0.8519683140625001 0.31829276093750003 0.8529096375 0.2628938890625 0.7810614796875 0.2627346015625 0.607569875 0.2627346015625 0.49775016718750004 0.26303053125 0.49811832968749997 0.299030028125 0.49749078750000003 0.373850925 0.49780456875 0.442789303125
0 0.792495140625 0.297645309375 0.8061846906250001 0.302672659375 0.819582965625 0.30533419687499996 0.8385153234375 0.3077000109375 0.8519135984374999 0.30799573750000003 0.8522947656250001 0.2670835984375 0.84492319375 0.267185471875 0.8207480281249999 0.28078889687499997 0.792495140625 0.297645309375
5 0.6531612765625 0.44322295624999997 0.6531612765625 0.43289222812499994 0.5969956359374999 0.43289222812499994 0.55114795625 0.4328131 0.5512084203125001 0.44311964843749996 0.59679213125 0.4430163421875 0.6531612765625 0.44322295624999997
3 0.49792429687500006 0.269101434375 0.593037571875 0.2692723546875 0.7139071718750001 0.2692723546875 0.8529577406250001 0.268588671875 0.8519476796875001 0.2035041890625 0.8526210234375 0.1565252203125 0.8509376203125001 0.096568321875 0.8061586406249999 0.096739240625 0.7883143796875001 0.0835784296875 0.7539836734375001 0.058795085937500005 0.6092094796875 0.0586241671875 0.552646534375 0.096568321875 0.4974307109375 0.0962241671875 0.49792429687500006 0.157868653125 0.49792429687500006 0.2164581921875 0.49792429687500006 0.269101434375
5 0.793584928125 0.10578601875 0.8097457625000001 0.09894923125 0.7541929015625 0.058454570312499995 0.6097554046875 0.0579418125 0.548698728125 0.09735151875 0.5645877578125 0.1066406140625 0.621487375 0.069380140625 0.742408959375 0.069551059375 0.793584928125 0.10578601875
0 0.817992334375 0.2392988328125 0.792066534375 0.25412620937499997 0.8009272359375 0.2577914046875 0.8143824125 0.2609568015625 0.8383391484375 0.264288796875 0.85310701875 0.2646219953125 0.853076665625 0.22290807343750002 0.8439181343750001 0.22347185937499997 0.8353855953125 0.2291362515625 0.817992334375 0.2392988328125
0 0.8682548953125 0.1767411859375 0.8568380359375001 0.1873929890625 0.8506667578125 0.1967916421875 0.8479215671875 0.2047661078125 0.9290419859375 0.20587700312499999 0.9296591109375001 0.2019609 0.8929400109375001 0.18629648125 0.8682548953125 0.1767411859375
5 0.960515484375 0.1064627625 0.960824059375 0.0959676 0.91824223125 0.0956543125 0.8703236750000001 0.09576415625 0.871031971875 0.10630611875 0.909293896875 0.10630611875 0.960515484375 0.1064627625
5 0.220352434375 0.8176333609374999 0.220352434375 0.750825915625 0.22072547187499997 0.710111615625 0.199055921875 0.70989665 0.1990899453125 0.7469987796875001 0.1990899453125 0.8178227296875 0.220352434375 0.8176333609374999
0 0.157684028125 0.7952613328125 0.14238996406249999 0.7897696328125 0.13045313593750002 0.8020786093750001 0.12523076093750002 0.8128726328125 0.1251955078125 0.8218938343750001 0.2035662703125 0.8221517109375001 0.2046853328125 0.817228115625 0.1778274546875 0.804540403125 0.157684028125 0.7952613328125
0 0.23893091875 0.6373850234375 0.272876284375 0.650830209375 0.2792177234375 0.6470428375 0.2840670609375 0.641929875 0.28854338749999997 0.6358700703125 0.29152758749999996 0.628863425 0.29190062499999997 0.6214780421875 0.2109556546875 0.6214230374999999 0.211326965625 0.6258335265625 0.217295390625 0.6279165828125 0.23893091875 0.6373850234375
5 0.3854500046875 0.71236309375 0.3856491734375 0.702151428125 0.33895966093749996 0.7022525359375 0.28460996562499996 0.702230378125 0.283877540625 0.71236309375 0.332871321875 0.7122619859375 0.3854500046875 0.71236309375
3 0.2032144875 0.5882663734375 0.20975811093750002 0.5884561953125 0.20919723750000002 0.5917781046874999 0.3604435921875 0.5914933703125 0.45747621250000003 0.591113721875 0.457850134375 0.468750728125 0.457850134375 0.4336533375 0.3559741015625 0.4340329828125 0.3428868515625 0.4287179296875 0.3198765390625 0.41856238125 0.300245653125 0.41115926875 0.29276722187500004 0.4162845 0.28790625625 0.4214097296875 0.284727915625 0.4262502265625 0.2815495859375 0.43346351250000004 0.2032139328125 0.433322184375 0.2032144875 0.455754471875 0.2028405671875 0.5516503937499999 0.2032144875 0.5882663734375
5 0.2170495890625 0.5518402171875 0.21667565625 0.50147533125 0.2172365421875 0.479265996875 0.2026170671875 0.4793345453125 0.20265361249999997 0.5167270484375 0.202466646875 0.551935128125 0.2170495890625 0.5518402171875
0 0.31947648906250004 0.56943645625 0.30249790781249997 0.5627962328125 0.29548009375 0.5685424140625 0.2900469484375 0.575207984375 0.2866512359375 0.5811840140625 0.2846138046875 0.58578095625 0.283663740625 0.5912662156249999 0.36248888125 0.5916167156250001 0.36294164218749997 0.5878242359375 0.3421145875 0.5789751171875 0.31947648906250004 0.56943645625
0 0.183215446875 0.590458634375 0.1718963984375 0.5926421828125 0.159445440625 0.59677943125 0.1739338140625 0.605973321875 0.20789097656250002 0.6251655671874999 0.21604070000000003 0.6256252640625 0.21667646718750003 0.5873498140625 0.2069854546875 0.5875855421875 0.196345540625 0.58839000625 0.183215446875 0.590458634375
0 0.300033190625 0.41064505625000003 0.29256261562499997 0.4163912359375 0.2878086203125 0.421907571875 0.2835073703125 0.42811344843750004 0.2814699390625 0.4335148578125 0.2801774140625 0.43928453593750005 0.359571403125 0.439898315625 0.359571403125 0.43576106406250004 0.330594640625 0.422659771875 0.300033190625 0.41064505625000003
3 0.45795911718750004 0.440555859375 0.45795911718750004 0.3018878796875 0.36244384531249996 0.3019168609375 0.3594526453125 0.1592648875 0.3597246 0.0948363421875 0.30968998281250004 0.0948363421875 0.257515703125 0.057149953125 0.11418607812499999 0.056873862500000004 0.056809440625 0.094698296875 0.001527071875 0.0944095265625 0.0014306 0.2683814953125 0.0014306 0.43931345000000005 0.45795911718750004 0.440555859375
5 0.2967173875 0.10437166093750001 0.3143706375 0.09733134375 0.2578097890625 0.057160140625 0.11300325625 0.0570220953125 0.0521201015625 0.09516829375 0.0705001171875 0.104213765625 0.1254293890625 0.0673754984375 0.24586701875 0.06765158906249999 0.2967173875 0.10437166093750001
0 0.3258416625 0.266311878125 0.31389149843749997 0.268758075 0.2977009671875 0.27413970625 0.3084946546875 0.28040197031249997 0.323143246875 0.28871903906249996 0.3487782640625 0.30339621875 0.3630413546875 0.30359191406249997 0.3615206984375 0.2637607734375 0.3518621796875 0.2636699859375 0.339526528125 0.264159225 0.3258416625 0.266311878125
5 0.15225128125 0.44045989687500003 0.15225128125 0.43291672343750004 0.10079278437500001 0.432996125 0.05168041718750001 0.432996125 0.05168041718750001 0.440380496875 0.09469284375 0.4405393 0.15225128125 0.44045989687500003