5 0.23861669375 0.405563990625 0.23908164687500003 0.39797293906250003 0.1925863859375 0.39797293906250003 0.15959822031249998 0.39799534062499997 0.159109796875 0.40505792031250004 0.190261621875 0.40505792031250004 0.23861669375 0.405563990625
5 0.16654903906250001 0.8120565875000001 0.1535303671875 0.8120565875000001 0.1544828921875 0.8201883140625 0.16840885 0.820153709375 0.1814275234375 0.820153709375 0.1804976171875 0.8120565875000001 0.16654903906250001 0.8120565875000001
5 0.23629193124999998 0.820659778125 0.23582697812500003 0.8120565875000001 0.2260629734375 0.8120565875000001 0.2112165234375 0.8120886890625 0.2107195375 0.8211658484375001 0.2237382109375 0.8211658484375001 0.23629193124999998 0.820659778125
5 0.28601869999999996 0.8322573125 0.28601869999999996 0.81985859375 0.279296878125 0.8206439187499999 0.27950936406250004 0.8307391015625001 0.2792768875 0.841366575 0.28601869999999996 0.8421256796875 0.28601869999999996 0.8322573125
5 0.3511120671875 0.8497167328125 0.379939128125 0.8502228015625001 0.3797066515625 0.8421256796875 0.34715996875 0.8421256796875 0.3192628125 0.8421256796875 0.290225078125 0.8426647765625 0.2915981328125 0.8499697671875 0.32112262343750003 0.8502228015625001 0.3511120671875 0.8497167328125
5 0.141623603125 0.6485048046874999 0.1413911265625 0.6391425078124999 0.134672621875 0.6384023484375 0.13418436250000002 0.6492639109375 0.1344168375 0.6616626296875 0.141623603125 0.6616626296875 0.141623603125 0.6485048046874999
0 0.07234566406250001 0.651052053125 0.070253378125 0.65712489375 0.069323471875 0.661679525 0.069103425 0.6715601890625 0.0962907234375 0.6712948578125 0.0967556765625 0.665222015625 0.0776926203125 0.64548528125 0.07234566406250001 0.651052053125
0 0.1195383546875 0.781896528125 0.13767150625 0.8026454046874999 0.14115865156250001 0.8031514734374999 0.14118303906250002 0.7725523937500001 0.1323245515625 0.7737994046875001 0.1251177859375 0.7768358265625 0.1195383546875 0.781896528125
0 0.19393077187500002 0.6917906984375 0.21345878125 0.6723069984375 0.21345878125 0.6677523671875 0.185360865625 0.668016603125 0.185561625 0.677620734375 0.1885838171875 0.6847057171875 0.19393077187500002 0.6917906984375
0 0.2508874671875 0.6533293671875 0.24670289374999999 0.6480156312500001 0.22740735937499998 0.668511471875 0.225353425 0.6725726421875 0.2546070875 0.6723069984375 0.255072040625 0.6664871906250001 0.25344470625 0.6588961390625 0.2508874671875 0.6533293671875
0 0.15324741875 0.563468125 0.14766798750000001 0.5601786703125 0.1413911265625 0.55891349375 0.1349051375 0.5589247734375 0.134881790625 0.588518596875 0.14046122187500001 0.5882655625 0.15766446875 0.56802275625 0.15324741875 0.563468125
0 0.31694734687500004 0.6469887078125 0.3090431515625 0.6563510046875 0.3011389578125 0.664954196875 0.2974330390625 0.6723195296875 0.3511213625 0.6733043546874999 0.3506564109375 0.6687497234374999 0.33252325781250003 0.6477478125 0.31694734687500004 0.6469887078125
5 0.512294496875 0.530615184375 0.5392194796875 0.5299710953125001 0.5392194796875 0.5232081578125001 0.49335824375000004 0.5232081578125001 0.465849909375 0.5232265953125 0.4661373828125 0.530615184375 0.48921593906250005 0.5302931390625 0.512294496875 0.530615184375
5 0.651061715625 0.530615184375 0.6504699578124999 0.5228861124999999 0.6149644859375 0.5232081578125001 0.5797822 0.523870884375 0.5803466515625 0.530615184375 0.6167397593749999 0.52964905 0.651061715625 0.530615184375
5 0.5347812953125 0.8195752390625 0.5344854156250001 0.81249025625 0.5013469765624999 0.81249025625 0.47176846875 0.8125120796875 0.471463203125 0.81925319375 0.5048975234374999 0.8202193281250001 0.5347812953125 0.8195752390625
5 0.595140596875 0.8298806671875001 0.59484471875 0.8195752390625 0.5874763296875 0.8195992515625001 0.5871518671875 0.8324570234375 0.5871518671875 0.8414742734375 0.595140596875 0.8414742734375 0.595140596875 0.8298806671875001
5 0.6575710531250001 0.8492033453125 0.6889342187499999 0.8492033453125 0.6892300984374999 0.8414742734375 0.659938084375 0.8414742734375 0.63242134375 0.8411522296875 0.5999053062499999 0.8415050562499999 0.59957878125 0.8492033453125 0.6297584328125 0.8492033453125 0.6575710531250001 0.8492033453125
0 0.527384321875 0.613402159375 0.525017290625 0.6188769187500001 0.5235378953125001 0.6240296328125 0.523851803125 0.634044196875 0.5516463953125 0.633690971875 0.5516463953125 0.629182346875 0.532118384375 0.608893534375 0.527384321875 0.613402159375
0 0.5759084671875 0.663319078125 0.5791631359375 0.657522275 0.5569957421875 0.6366213515625 0.5566763359375 0.6681497484375 0.5643691890625 0.6678277031250001 0.5711744046875 0.665573390625 0.5759084671875 0.663319078125
0 0.5791631359375 0.6858837062500001 0.5723579203125 0.6810530375 0.5646650671875 0.677510546875 0.5569957421875 0.6778558078125 0.55638045625 0.7087488765625001 0.560818640625 0.707460696875 0.56851149375 0.698443446875 0.5791631359375 0.6858837062500001
0 0.5324142640625 0.735800625 0.551350515625 0.7158338578125 0.551350515625 0.7113252328125 0.52296401875 0.7120030921875 0.5238337750000001 0.7216306609375 0.527384321875 0.7290376875 0.5324142640625 0.735800625
3 0.560818640625 0.6343350609375 0.5611145203125 0.523852246875 0.443359378125 0.523870884375 0.4436505828125 0.6027746875 0.4433547046875 0.634013015625 0.4821148453125 0.6333689265625 0.560818640625 0.6343350609375
3 0.5611145203125 0.7119908265625 0.4877365453125 0.7113467375 0.4433547046875 0.7113467375 0.4433547046875 0.7496700484375001 0.443359378125 0.819921396875 0.5602268828125 0.8195537343750001 0.560818640625 0.7712470390624999 0.5611145203125 0.7119908265625
3 0.5874477453125 0.8495038859375 0.7019528921875 0.8491818406249999 0.701408621875 0.6678693375 0.5557887 0.6675271625 0.5566763359375 0.8195537343750001 0.5871518671875 0.8195537343750001 0.5874477453125 0.8495038859375
3 0.6732526359375 0.6633083265625 0.6608257203125001 0.6510706296875 0.6596422046875 0.6378668000000001 0.6729567578125 0.6227307015625 0.6732526359375 0.6188661671875 0.6602339625 0.6056623359375 0.6611216 0.591170328125 0.6735485156250001 0.5782885421875 0.6720691203125 0.5728137828125 0.6602339625 0.5605760875 0.6611216 0.5451179453125 0.6735485156250001 0.532236159375 0.672365 0.5235409546875001 0.61644388125 0.5225748203125 0.5566998640625 0.5225826046875001 0.556084578125 0.6703933078125 0.6738443937499999 0.6726476203125 0.6732526359375 0.6633083265625
5 0.8469720625000001 0.5493073125 0.8466761828125 0.541256196875 0.8099871953125 0.541256196875 0.7824929015625 0.5412666703125 0.781878696875 0.5496293578125 0.8200470781250001 0.550273446875 0.8469720625000001 0.5493073125
5 0.9108819109375 0.5496293578125 0.9105860328125001 0.5422223296875 0.9005261484375 0.5422223296875 0.8875473515625 0.5419109578125 0.8883951124999999 0.5499514015625 0.9017096640625001 0.5499514015625 0.9108819109375 0.5496293578125
5 0.7561372296875 0.6475524296875 0.7558413500000001 0.6391792703125 0.7493489624999999 0.638876359375 0.749036134375 0.6475524296875 0.749036134375 0.6588239921875 0.7558413500000001 0.660112171875 0.7561372296875 0.6475524296875
5 0.9798435515625 0.5493021359375 0.9792517937499999 0.541895109375 0.9677125156249999 0.541895109375 0.9585700796875001 0.5419109578125 0.95854026875 0.5493021359375 0.970375425 0.548980090625 0.9798435515625 0.5493021359375
0 0.8437392421875 0.615976128125 0.8401886953125001 0.6243492875000001 0.8396070109375 0.633722053125 0.8682971937499999 0.6340106265625 0.8680013140625 0.6288579125 0.8484733046875 0.6088911453125 0.8437392421875 0.615976128125
0 0.8964056921875001 0.6452821890625 0.8875293234375 0.639163340625 0.8730468796874999 0.6369434953125 0.873327134375 0.668469403125 0.8768776828125 0.6681473578125 0.8875293234375 0.6555876171875 0.8964056921875001 0.6452821890625
0 0.8922633859375001 0.7061701296875 0.895813934375 0.7003733265625 0.8733428062499999 0.679144384375 0.873327134375 0.7110007984375 0.8810199875 0.7110007984375 0.8881210812500001 0.709390575 0.8922633859375001 0.7061701296875
0 0.9443380796874999 0.7357982359374999 0.940491653125 0.730967565625 0.9254018281249999 0.7461036640625001 0.9200760062500001 0.7515784234375 0.9203953640625 0.7551704124999999 0.9481845046874999 0.7554429593750001 0.9487762625 0.7499682 0.9467051109375 0.74127299375 0.9443380796874999 0.7357982359374999
3 0.87775034375 0.6327132890625 0.8780462234374999 0.542540790625 0.7490530343749999 0.542233103125 0.7493388875 0.5953561109375001 0.749634765625 0.6327132890625 0.789578421875 0.6336794234375 0.87775034375 0.6327132890625
3 0.998816484375 0.7541563734375 1 0.6356224421875 0.9991636296875 0.5412666703125 0.8751390890625 0.5425515437499999 0.8748432109375001 0.75512250625 0.998816484375 0.7541563734375
3 0.3934473015625 0.6728076671875 0.3934473015625 0.39897303125 0.1349516421875 0.39850156718749996 0.13493365156249998 0.6358645468749999 0.217695215625 0.6353584765625 0.2172302625 0.6728076671875 0.3934473015625 0.6728076671875
3 0.3348632734375 0.6480440234375 0.31626516875 0.647537953125 0.29859696874999997 0.6677807578125 0.257681140625 0.6677807578125 0.2493119921875 0.6460197421875 0.24280265625 0.6485500921875 0.2381531296875 0.6566472140624999 0.2335036046875 0.66018970625 0.2269942671875 0.6677807578125 0.17817424375 0.6677807578125 0.17817424375 0.6971328265625 0.1367934609375 0.6971328265625 0.1372584140625 0.7710190671875 0.1284243140625 0.77203120625 0.12377478906249999 0.7755736984375 0.116335546875 0.779622259375 0.1223799296875 0.7902497328125 0.1284243140625 0.7953104343749999 0.1367934609375 0.80340755625 0.13586355625 0.8211200109375 0.152136896875 0.8211200109375 0.2786040078125 0.8201078703125001 0.279068959375 0.8494599390625 0.39350819062500003 0.8490432296874999 0.3939122546875 0.7244606140625 0.3939122546875 0.6667686171875 0.3520665203125 0.6677807578125 0.3348632734375 0.6480440234375