3 0.6954818 0.8835739609375001 0.7051947109375 0.8837377359374999 0.7207169703125 0.9217220078125001 0.7832223984375 0.9218857828125 0.7987630515624999 0.8832807984375 0.814989321875 0.8832807984375 0.8152178671874999 0.8237011875 0.8153321328124999 0.7154919468750001 0.7400222249999999 0.715328171875 0.695754815625 0.7154918046875001 0.69559606875 0.7528073640625 0.6957103375 0.8094298625 0.6954818 0.8835739609375001
0 0.707365828125 0.752011415625 0.7119366109375 0.7474257203125 0.7161645812499999 0.740874734375 0.7183357 0.7335048734375 0.7181071625000001 0.7240059390625 0.69559606875 0.7241697125 0.6954818 0.7549593625 0.703023584375 0.754304259375 0.707365828125 0.752011415625
5 0.724163446875 0.906663903125 0.7185642453125001 0.8911053046875 0.7138912078125 0.8809463296875 0.7064516750000001 0.8871747125 0.7121651484375 0.9007680140625001 0.7165073937499999 0.9123960171875 0.724163446875 0.906663903125
5 0.7466745484375 0.9218949500000001 0.77558473125 0.9218949500000001 0.7751276546875 0.9099393984375 0.7497598203125 0.9099393984375 0.72784375 0.9095723031249999 0.728277153125 0.921731175 0.7288485031249999 0.9218949500000001 0.7466745484375 0.9218949500000001
5 0.7873446640624999 0.9128614890625 0.7914967328125 0.90148480625 0.797480603125 0.8864325734375 0.789763725 0.8802817828125 0.7853907453125 0.8913332953124999 0.7796511125000001 0.90656055625 0.7873446640624999 0.9128614890625
3 0.601837925 0.789528171875 0.6016972671875 0.8158680953124999 0.6016254375 0.8832789406250001 0.615775934375 0.9215342375000001 0.6637600515625001 0.9213283328124999 0.67202196875 0.8983914953125 0.6775530765625 0.8833748109374999 0.7006831609375 0.8832718546875 0.700826825 0.8221539765625 0.7008986546875 0.76844148125 0.6896927765624999 0.76844148125 0.6896209453125001 0.764529278125 0.688758953125 0.7604111703124999 0.6869631421875 0.75557239375 0.68437716875 0.751277684375 0.6810058171875 0.7478802453125 0.678060684375 0.7455123328125 0.6736788984375 0.7437621375 0.66936894375 0.743659184375 0.669512609375 0.7685465953125 0.6485809265625 0.7683655078125 0.6487632015625 0.7896175984375 0.62043170625 0.7897964515625 0.601837925 0.789528171875
5 0.6565687453125 0.9212286203125 0.6565153671874999 0.91044111875 0.6405544921875 0.910364609375 0.625314453125 0.9102712359374999 0.625234190625 0.9213051296874999 0.6393801125 0.92145814375 0.6565687453125 0.9212286203125
5 0.61957546875 0.907758884375 0.61397048125 0.8915393734375 0.61057575625 0.8828532375 0.603454453125 0.8884025812499999 0.6079918281250001 0.9003376921875 0.6128494812499999 0.9128848609375 0.61957546875 0.907758884375
5 0.6673041515625 0.9119141296875 0.67178814375 0.8995199765624999 0.6761653703125 0.8868305015625 0.6690020624999999 0.88125525625 0.66436820625 0.8940879703125001 0.6600977375 0.9060230812500001 0.6673041515625 0.9119141296875
0 0.68687174375 0.7540548874999999 0.6840225203125 0.750084728125 0.68109415625 0.7470220328125 0.676820328125 0.7449802375 0.67397110625 0.7436190390624999 0.6694598421875 0.743278740625 0.6691596875 0.7751325640625 0.6898001078125 0.7752668859375 0.6901166875 0.7666459671875 0.6889295125 0.7597265453125 0.68687174375 0.7540548874999999
5 0.6097104953125 0.7706429875 0.6097104953125 0.75183294375 0.60981725625 0.729809603125 0.6020613703125 0.7298675359375 0.602183796875 0.7438050515625 0.602237178125 0.77056648125 0.6097104953125 0.7706429875
3 0.695700440625 0.6740747484375 0.695700440625 0.7222181734374999 0.7743869296875 0.7226004765625 0.8150650734375 0.7220270234374999 0.8150650734375 0.6668176781249999 0.8151317562499999 0.5904994703125 0.815198446875 0.5563989921875 0.734846459375 0.5568768703125 0.6921879171875001 0.556865290625 0.692166109375 0.5670012125 0.6956337546875 0.5670967874999999 0.695700440625 0.6740747484375
5 0.7686809734375 0.5672483265625 0.7686275953124999 0.5569198656250001 0.75047810625 0.5569963734375001 0.7325957203125 0.557117325 0.73280905 0.5673248328125 0.7481293499999999 0.5673248328125 0.7686809734375 0.5672483265625
0 0.7131272875 0.692134759375 0.7099412671875001 0.6875684515625 0.7059208109374999 0.684524246875 0.701293490625 0.6831108671874999 0.6953765984375 0.6831108671874999 0.6956045890625 0.7132962796875 0.7183614609375 0.7129005796875 0.718209746875 0.7070296140625 0.716009875 0.698440609375 0.7131272875 0.692134759375
5 0.609558509375 0.6905574875 0.609558509375 0.68228900625 0.609762121875 0.669059440625 0.602120096875 0.6692174421875 0.6022962078125 0.679273446875 0.6022962078125 0.6904602125 0.609558509375 0.6905574875
0 0.6551410109375 0.668023171875 0.651604865625 0.670613540625 0.64877595 0.674555409375 0.661034578125 0.69494048125 0.6640992390625 0.6950531062499999 0.6641313671875 0.6677140234375 0.659541540625 0.6672348 0.6574198546875001 0.6675726734375 0.6551410109375 0.668023171875
5 0.60997035 0.6404361609375 0.60997035 0.62125589375 0.6098089796874999 0.5976650703125 0.601773196875 0.5977552171875 0.6019824671875 0.6152263609374999 0.60214384375 0.6404361609375 0.60997035 0.6404361609375
0 0.6544441515625 0.5916243125 0.6487217359375 0.6018509375 0.651830209375 0.60488855 0.6555745078124999 0.6076224 0.65967204375 0.6084324296875 0.6641934609375 0.6084324296875 0.6640669703125 0.5814880890625 0.663910871875 0.581498940625 0.6608023984375 0.58160019375 0.6544441515625 0.5916243125
3 0.6398197234375 0.541127059375 0.6644560937499999 0.5410138875 0.6994445984375 0.5403348578125 0.6996814875 0.4987113609375 0.699602528125 0.44543908437499996 0.6995235578125001 0.4034760765625 0.6587576828125 0.4033629046875 0.60203888125 0.40347677031250007 0.6021394234375 0.486157203125 0.6022973484375 0.5403348578125 0.6398197234375 0.541127059375
5 0.6640474515625 0.41412373437500005 0.6640474515625 0.40348924375 0.65358480625 0.40341273749999995 0.6357078765625 0.403374684375 0.6360225078124999 0.41404722656250004 0.647285865625 0.41404722656250004 0.6640474515625 0.41412373437500005
0 0.6729685453124999 0.5171437875 0.6701050921875 0.5232443046874999 0.668170334375 0.5276810421875 0.6676286 0.5342252359375 0.66778338125 0.5412131 0.6885480453125 0.5407868484375 0.6889883703125 0.50871398125 0.6838032109375 0.5089358171875 0.6768380671875 0.5122633734375001 0.6729685453124999 0.5171437875
5 0.699668259375 0.5552919875 0.6995908671875 0.5486368749999999 0.6995908671875 0.5420926859375 0.6918681531249999 0.5423719734375 0.691851821875 0.5485259578125 0.691929209375 0.55540290625 0.699668259375 0.5552919875
0 0.6377528109374999 0.5212624109374999 0.6358135984375 0.5187357390625 0.628703159375 0.5272422 0.621710246875 0.5349064359375 0.621663509375 0.540897096875 0.6406322453125 0.541054671875 0.6405147171875 0.532969321875 0.6393394375 0.5270737546875 0.6377528109374999 0.5212624109374999
5 0.60979058125 0.5637326500000001 0.6098439609375 0.5570765265625 0.6097372 0.5474366296875 0.6020613703125 0.5474453328125 0.6022638828125 0.5556228937500001 0.6022638828125 0.563809153125 0.60979058125 0.5637326500000001
3 0.3701761484375 0.8818889609375 0.3852227546875 0.9192337078125 0.4479488890625 0.9194090359375 0.4628731703125 0.8813875187500001 0.47987705312499995 0.8815628453125001 0.4797547265625 0.774837515625 0.47987705312499995 0.7119317734374999 0.40512798125 0.71245775625 0.35122982812500003 0.7125745671875 0.35084799218749996 0.8030406921875001 0.35084799218749996 0.8822396140625001 0.3701761484375 0.8818889609375
0 0.363570325 0.7315475890625 0.357453815625 0.7283916953125 0.350970321875 0.7283916953125 0.350725771875 0.7599879875 0.37433537656250004 0.7601259609375 0.3734790640625 0.746099765625 0.36944217031250004 0.73733339375 0.363570325 0.7315475890625
5 0.3890149890625 0.9036332406250001 0.3825314921875 0.8887304125 0.377773415625 0.8781360640625 0.37103246093750003 0.8846978812499999 0.3753140140625 0.8967954734375001 0.381063534375 0.9102956875 0.3890149890625 0.9036332406250001
5 0.44076063281250005 0.9194127171875 0.4403936546875 0.9071397921875001 0.41666159843750006 0.9069644640625001 0.392575609375 0.907239425 0.393051884375 0.9194127171875 0.4155606359375 0.9195880437499999 0.44076063281250005 0.9194127171875
5 0.4520792953125 0.9102969140624999 0.45587153125 0.9015305390625 0.46223269531250005 0.8848744359375 0.4539032234375 0.8777505890624999 0.4492656984375 0.8913615484375 0.44388317187500004 0.9045111078125 0.4520792953125 0.9102969140624999
0 0.3161743140625 0.883899475 0.3175405859375 0.8917322171875 0.3208941578125 0.9002770234374999 0.3310791015625 0.9113140703125 0.3411783140625 0.8824084515624999 0.31952788593750003 0.8668098593750001 0.3172921734375 0.8742865640625 0.3161743140625 0.883899475
5 0.3201150296875 0.9187536953125001 0.32005371562499996 0.9078573046875 0.3135546609375 0.9078573046875 0.30539434062500004 0.9079557890625001 0.30527755624999997 0.9187536953125001 0.31091824843750004 0.9188415687499999 0.3201150296875 0.9187536953125001
5 0.3005134265625 0.9012878875 0.296589465625 0.8910944890625 0.2933218328125 0.8821635796875 0.2862277609375 0.887591825 0.289906475 0.89804884375 0.293094690625 0.9074390749999999 0.3005134265625 0.9012878875
0 0.3677272203125 0.7061621390624999 0.37181789374999996 0.702383834375 0.3759085734375 0.695608940625 0.378726590625 0.6872706109375 0.37936291875 0.6778899921875 0.3558100609375 0.677609984375 0.356000609375 0.707725575 0.363363828125 0.7075952890625 0.3677272203125 0.7061621390624999
3 0.266343878125 0.6905797671875 0.3289738265625 0.6908084750000001 0.3289738265625 0.6735572828125 0.332005709375 0.674014690625 0.332005709375 0.6991721984375 0.3359950234375 0.6991721984375 0.3396651953125 0.6984860859375 0.34389387031249996 0.6952842171875 0.3477236140625 0.69093883125 0.3505959234375 0.6854499203125 0.35243100625 0.6787031359375 0.353149084375 0.6734429296875 0.36112771875 0.6734429296875 0.36144686406250004 0.565444025 0.3634415234375 0.5653296734375 0.3635213078125 0.5333350343750001 0.363680884375 0.491620453125 0.3234435703125 0.49184915625 0.32360314687499997 0.46623424062499996 0.3184964265625 0.46646294531250004 0.3144273234375 0.46840693437500003 0.3095603640625 0.47240926562499996 0.3059699765625 0.4774407671875 0.30333702812499996 0.48487366718749997 0.30206044374999996 0.4913917484375 0.2663803328125 0.49140635625 0.26650345 0.53402115 0.2665832390625 0.59950500625 0.266343878125 0.6905797671875
0 0.28605110312500004 0.51525936875 0.2819022109375 0.5095576937499999 0.2775937515625 0.5063558312499999 0.2737640078125 0.5054410125000001 0.2664236671875 0.504983603125 0.26640808437499996 0.5349011546875 0.290199990625 0.5350423156249999 0.29004041875 0.52680895 0.288364903125 0.5201765171875 0.28605110312500004 0.51525936875
0 0.30849581875 0.4737756078125 0.3057593984375 0.47754668906250003 0.3036544609375 0.482977046875 0.3023914984375 0.48840741093749995 0.3019705078125 0.49232933437500004 0.301339028125 0.4989664421875 0.3233678625 0.49798444374999995 0.32396713125 0.46653512656249996 0.31975725 0.465780909375 0.311758475 0.46985367968749997 0.30849581875 0.4737756078125
0 0.3384912125 0.6997630609375001 0.3417538703125 0.698103784375 0.344279796875 0.6958411359375 0.347647696875 0.692673425 0.35006838125 0.688148125 0.3518575765625 0.6830194515625 0.3531205375 0.67668403125 0.35301529375 0.6673317453125 0.331472015625 0.666957146875 0.3312291671875 0.7002155890624999 0.3334393578125 0.7003664328125 0.3384912125 0.6997630609375001
5 0.2739165390625 0.6320312203125 0.2739165390625 0.6264545218750001 0.2739165390625 0.6142489203125 0.266105596875 0.6143332906250001 0.2661345484375 0.6230874578125001 0.2661345484375 0.6320312203125 0.2739165390625 0.6320312203125
5 0.27406336875 0.648844440625 0.27406336875 0.6410581093750001 0.2742101984375 0.6334822171875001 0.266105596875 0.6333030296875 0.2661345484375 0.6406372250000001 0.2661345484375 0.6489496640625 0.27406336875 0.648844440625
5 0.3640127546875 0.4639134328125 0.3640127546875 0.4508488203125 0.3638407625 0.43540135312499995 0.3561301796875 0.43547586562499996 0.3560438640625 0.44920547343750006 0.35598653125 0.46374909999999997 0.3640127546875 0.4639134328125
5 0.2744786 0.47960181718749995 0.27442521875 0.4724866546875 0.27437183906249996 0.4608575734375 0.26635966718750004 0.46090201875 0.26620456875 0.4693498625 0.2661511890625 0.4796783234375 0.2744786 0.47960181718749995
5 0.273944790625 0.3832670984375 0.273944790625 0.370490409375 0.27378464999999996 0.3528172625 0.26635966718750004 0.35282800625 0.26625795 0.36383428906250004 0.2663113328125 0.3832670984375 0.273944790625 0.3832670984375
5 0.33838085625000003 0.33854691406250004 0.3382611453125 0.32765199375 0.32311771093749997 0.32765199375 0.30511929531250004 0.327628765625 0.3049216484375 0.33880427343749997 0.3163540453125 0.3386327 0.33838085625000003 0.33854691406250004
1 0.433777859375 0.5072477765625 0.42950117499999996 0.5075394671875 0.4199295515625 0.5148317 0.4158565203125 0.5224156234375 0.41239444374999995 0.5130815640625 0.40771045624999996 0.510456359375 0.3987497875 0.5084145343750001 0.3993607421875 0.539916984375 0.4115798375 0.5405003640625 0.4343888140625 0.53933360625 0.433777859375 0.5072477765625