3 0.8925423890624999 0.7029695203124999 0.8930695046875 0.703525184375 0.8938601640625 0.7033488125 0.9564428953125 0.7040808484375 0.9569700031249999 0.5824078593750001 0.9565746671875001 0.490862015625 0.8968899921875 0.490862015625 0.8388822296875 0.49078254218749995 0.8389091484375 0.6328005625 0.8917517296874999 0.6324212703125001 0.8925423890624999 0.7029695203124999
0 0.8632878906249999 0.5151101359375 0.8564354890624999 0.5075243031250001 0.8483970921875 0.505248553125 0.8383820343749999 0.5044899703125 0.838593475 0.5458206515625 0.8717216203125 0.5458327640625 0.8710627421874999 0.53407471875 0.8688225265625 0.523833846875 0.8632878906249999 0.5151101359375
5 0.95704248125 0.621458846875 0.9569625125 0.58304319375 0.95704248125 0.55611230625 0.9452393640625001 0.55606085625 0.9457666093749999 0.5802568890625001 0.9460065171875 0.6215739359375 0.95704248125 0.621458846875
3 0.8457300015625 0.5000642703125 0.956463315625 0.499107625 0.9568621593750001 0.3883947640625 0.9565962671875001 0.29029626249999996 0.8772392078125 0.289722271875 0.8050892125000001 0.2900694453125 0.8051734296875 0.430651815625 0.8051734296875 0.5004469359375 0.8457300015625 0.5000642703125
5 0.9570807312499999 0.404573553125 0.9570807312499999 0.37084383125 0.95699513125 0.3395521515625 0.9455248734374999 0.339537225 0.9457810703125 0.35926344375 0.9458666765625001 0.404327159375 0.9570807312499999 0.404573553125
0 0.8309039234375 0.46224661093749997 0.823971515625 0.45586805156250004 0.815334409375 0.45292410156249996 0.8105612750000001 0.45259699531250003 0.8102207765625 0.500028528125 0.8392000859375001 0.49986375625 0.8386318546875 0.4826907125 0.8359043500000001 0.4715691203125 0.8309039234375 0.46224661093749997
3 0.71984336875 0.5001414015625001 0.810927909375 0.5002817687500001 0.8115131218749999 0.3409122328125 0.8115131218749999 0.29054962500000003 0.6886150453125001 0.28998815312500004 0.6374283828125 0.29011544375 0.637433815625 0.425785703125 0.637531346875 0.500001034375 0.71984336875 0.5001414015625001
5 0.64834465625 0.43749549062500004 0.648457946875 0.3915533375 0.648457946875 0.35603413125 0.637186740625 0.3559660265625 0.6367893328124999 0.38095594374999997 0.6370159078125 0.43749549062500004 0.64834465625 0.43749549062500004
0 0.7919969953125 0.4546443203125 0.787355028125 0.4575290625 0.7822910640625 0.46345036874999995 0.7774380984375 0.470586303125 0.773956621875 0.4816697796875 0.7731126234375 0.491234971875 0.773323621875 0.500496503125 0.8020415953125 0.5005689671875 0.8020194281249999 0.45297420781250003 0.79874895 0.45312603593749995 0.7919969953125 0.4546443203125
0 0.7357763562499999 0.5124013875 0.7383229578125 0.52112740625 0.7440225078125 0.5293298609375 0.750207121875 0.5370087546875 0.7624550812499999 0.5413717609375001 0.7700948953125 0.542069840625 0.7701082718750001 0.49883453437499997 0.7351700203125 0.5001849671875 0.7351700203125 0.50262825 0.7357763562499999 0.5124013875
5 0.648596196875 0.6203909640624999 0.648498890625 0.6017850296875 0.6483042734375 0.5718161203125 0.6369100859375 0.5719352718749999 0.6368217921875 0.593502971875 0.6369191046875 0.62011088125 0.648596196875 0.6203909640624999
5 0.5960706140625 0.3650822078125 0.5959295359375 0.34914429375 0.5883818796875 0.3490427796875 0.5799457765625 0.34919745 0.5794939890624999 0.3650822078125 0.586830025 0.3650822078125 0.5960706140625 0.3650822078125
5 0.6072157484375 0.44208975781250004 0.6073568265625 0.4127731265625 0.607497903125 0.3816292171875 0.6074273625 0.367417065625 0.5967060828124999 0.3674991734375 0.59656438125 0.41164935312499995 0.59656438125 0.4422927921875 0.6072157484375 0.44208975781250004
5 0.596211690625 0.45974633125000003 0.59614115 0.444417509375 0.5892283468749999 0.444417509375 0.5797129953125 0.44461192499999996 0.5797056031250001 0.45964481562500004 0.5864773328124999 0.45984784687499997 0.596211690625 0.45974633125000003
3 0.2599306859375 0.69582368125 0.4218059828125 0.6956180265625 0.4218059828125 0.7036386109375 0.431666209375 0.703844265625 0.431952003125 0.6160867515625 0.4323807109375 0.5316053390625 0.3875552828125 0.46624993281249993 0.31894843906250003 0.46686689843750007 0.2598591703125 0.46597419531249995 0.26007359218750004 0.52996009375 0.25964488281250003 0.5998399296875 0.2599306859375 0.69582368125
0 0.273123559375 0.52990613125 0.2780065328125 0.5273806999999999 0.28273691093750003 0.52332573125 0.288230253125 0.5169572515625 0.291587296875 0.5099299625 0.294028784375 0.49938903124999995 0.29441026875 0.4902755140625 0.2596804234375 0.4898346765625 0.25961909375 0.5303453359375 0.26953763125 0.530235534375 0.273123559375 0.52990613125
0 0.3854703609375 0.500753034375 0.3846017515625 0.5123524515625 0.384949196875 0.52172784375 0.3874681625 0.5317282624999999 0.39363529218750004 0.5411036546875 0.41639286249999996 0.5077447562499999 0.39644135 0.47837016875 0.3918112078125 0.4856274 0.388336775 0.49275270000000004 0.3854703609375 0.500753034375
5 0.5962134546875 0.5517560671874999 0.5962695171875 0.536990840625 0.5897100109375 0.5368294703125 0.579843034375 0.5368008484375 0.5797866515625001 0.5516753828125001 0.5856173265625 0.5516753828125001 0.5962134546875 0.5517560671874999
5 0.6074262890625 0.6290814859375 0.60731415625 0.57771946875 0.60731415625 0.5544993328125 0.5968644015625 0.5543627078125 0.5965498390625 0.5930325468750001 0.59677409375 0.6291621703125 0.6074262890625 0.6290814859375
5 0.5962695171875 0.6466650203125 0.5961013265624999 0.6312543171875 0.5878598937499999 0.6311736328124999 0.58002805 0.631262365625 0.5799548453125001 0.6466650203125 0.5866264812499999 0.6465843328124999 0.5962695171875 0.6466650203125
0 0.160687565625 0.6666602562499999 0.1620977796875 0.672893703125 0.164817471875 0.6789821875000001 0.1680408140625 0.6836210328125001 0.1727750984375 0.6888397312500001 0.1800276140625 0.6937685046875 0.1882874203125 0.695942965625 0.194734103125 0.695942965625 0.194583815625 0.6553034828125 0.16028465 0.6544832875 0.1601839203125 0.6597019890625 0.160687565625 0.6666602562499999
0 0.1997533265625 0.6229754390625 0.1966446578125 0.6302660999999999 0.1951478921875 0.6388823359375 0.1943419390625 0.6458415984375 0.19411166875000002 0.6551206203125 0.2212735671875 0.6543075078125 0.2211685921875 0.60706854375 0.2124182703125 0.609222603125 0.2044738953125 0.6140278109375 0.1997533265625 0.6229754390625
5 0.140557628125 0.7064053593749999 0.140557628125 0.6972676328125 0.140557628125 0.6833348640625 0.1298080578125 0.6832783499999999 0.1297447421875 0.6931963703124999 0.12980761093749998 0.706586303125 0.140557628125 0.7064053593749999
5 0.1406204921875 0.6226847828125 0.14043189843749998 0.6037760234375 0.1404947609375 0.5747533375 0.1298080578125 0.5746718890625 0.129681875 0.5924669578125 0.13005907187500002 0.6226847828125 0.1406204921875 0.6226847828125
5 0.270948915625 0.45480048906250004 0.2707958203125 0.4226471296875 0.2707958203125 0.37174994843750003 0.2587015375 0.37158551875 0.2591601359375 0.39288660468750003 0.259313240625 0.455020821875 0.270948915625 0.45480048906250004