3 0.8872126234375 0.8717065281249999 0.88846740625 0.690813425 0.49606478750000005 0.6920820921875 0.494474628125 0.815297784375 0.494474628125 0.872109609375 0.8872126234375 0.8717065281249999
0 0.761595275 0.7142589 0.771376053125 0.7221138890625001 0.7933827953125 0.7299688796875 0.8080539468750001 0.7307543765625 0.8080539468750001 0.690693928125 0.7524235578125 0.6906695546875 0.754259684375 0.698810753125 0.7558898187499999 0.7061420796875 0.761595275 0.7142589
5 0.831690790625 0.8733950578125 0.831690790625 0.8579469171874999 0.7978656421875 0.857685078125 0.7481467015625001 0.8574232484375001 0.7461090421875001 0.8728714 0.7750438484375 0.8733950578125 0.831690790625 0.8733950578125
5 0.6863440140625 0.8737262843750001 0.6863440140625 0.8572308078124999 0.6264367703125 0.8572308078124999 0.540855021875 0.8567071390625 0.5392249015624999 0.8726789593750001 0.5836458953125 0.87346445625 0.6863440140625 0.8737262843750001
3 0.7506513546875 0.6997551093750001 0.750015109375 0.6791871953124999 0.750015109375 0.6432293140625001 0.750015109375 0.5867035203125 0.7504392734375 0.5327666921875001 0.74025918125 0.5312678171874999 0.62410278125 0.5316766 0.62410278125 0.5267711828125 0.49502185625 0.5262802171875001 0.4955365828125 0.634508571875 0.49574866406250007 0.6993463203125 0.7506513546875 0.6997551093750001
5 0.584460625 0.539073375 0.5842219578125001 0.5265504421875 0.5672313984375 0.5264993296875 0.5460880078125 0.526508003125 0.5460346859375 0.539073375 0.5622642718749999 0.539073375 0.584460625 0.539073375
0 0.7054478875 0.66641379375 0.7153050015625 0.6713993828125 0.7272593890625 0.6747680234375 0.737326225 0.6759807359375001 0.7513778734375001 0.6769239515625001 0.7510332421875 0.64231569375 0.6909767953125 0.642024834375 0.6918157015624999 0.6503790671874999 0.6966393890625 0.6584638046875 0.7054478875 0.66641379375
0 0.715095278125 0.496971309375 0.7153050015625 0.5043823187500001 0.7203384265625 0.5126018015625 0.72977609375 0.521360265625 0.75326539375 0.5306577171875 0.7751653515625 0.49954894375 0.7209676109375 0.48282301875 0.7171925375 0.48956030000000006 0.715095278125 0.496971309375
5 0.625150496875 0.4967018171875 0.62536021875 0.485652678125 0.6251265781249999 0.47648403124999994 0.6045973484375 0.47662471875 0.6045973484375 0.487539115625 0.6045973484375 0.49683656562499995 0.625150496875 0.4967018171875
3 0.8189799453125 0.447875446875 0.8194435359375 0.3828190953125 0.8194435359375 0.32877507499999997 0.7144171218750001 0.32847721875 0.6053954546875 0.3286477734375 0.6050882 0.3616714234375 0.6055518 0.448769009375 0.8189799453125 0.447875446875
0 0.7974223265625 0.34871441718749996 0.7860641671875 0.3505015453125 0.7754014125 0.3548204359375 0.7670566296875 0.36167109062499997 0.7617252624999999 0.3704578015625 0.7589436625 0.38058485468750003 0.820220678125 0.3813073359375 0.8212976234375 0.3478208515625 0.8097076671875 0.347671925 0.7974223265625 0.34871441718749996
5 0.6253436984375 0.403446465625 0.6253436984375 0.3861279375 0.6248678515625 0.364829359375 0.6045024328124999 0.3646902765625 0.6044066375 0.3829574703125 0.604723865625 0.40364460625 0.6253436984375 0.403446465625
3 0.80570698125 0.336204278125 0.8881999671875 0.3352146421875 0.888028809375 0.24080234374999998 0.888028809375 0.189799534375 0.7126092234375 0.189799534375 0.6049620906250001 0.1896230125 0.6051610515625 0.27662463125 0.605332209375 0.335874396875 0.80570698125 0.336204278125
5 0.7881674359375 0.2018811875 0.7880626562499999 0.189561625 0.7540486890625 0.1893596640625 0.7084824546874999 0.189522371875 0.7078803578125 0.20167922656249998 0.7289662890625 0.20167922656249998 0.7881674359375 0.2018811875
0 0.8465465703125 0.2985406953125 0.8373361546875 0.302485728125 0.83007945625 0.308298640625 0.825334703125 0.3134092515625 0.8212877000000001 0.31843020312500003 0.8183571140625 0.3249753703125 0.8182175546874999 0.32954802031249997 0.818444940625 0.3364330984375 0.8695726140625 0.336536496875 0.8702703734374999 0.2960302203125 0.8586875703124999 0.29585089999999997 0.8465465703125 0.2985406953125
0 0.3427178671875 0.8434742515625 0.3349534703125 0.8524191515625 0.3330793140625 0.8594718562500001 0.3320083609375 0.872029115625 0.386161934375 0.8719970140625 0.3863590984375 0.830916990625 0.368688415625 0.8317770765624999 0.353695109375 0.8360775078125 0.3427178671875 0.8434742515625
3 0.27927184843749997 0.700052659375 0.27903873125 0.6564930109375 0.278805615625 0.593162990625 0.27903873125 0.5353746703125 0.26948084375 0.53103118125 0.15334425000000002 0.5316302828125 0.15311113437499999 0.5260885890625 0.023966534375 0.526263784375 0.0235144109375 0.612467353125 0.0239806421875 0.69915400625 0.27927184843749997 0.700052659375
5 0.11762651875 0.5392900796875 0.11725892812500001 0.5264185921875 0.08141841093749999 0.5263005078125 0.05659564375 0.52616800625 0.0564219484375 0.539408165625 0.083072590625 0.539408165625 0.11762651875 0.5392900796875
0 0.21499392031250003 0.5462222359375 0.219956446875 0.554252153125 0.232270890625 0.56263633125 0.2499154515625 0.5679502484375 0.26351647031250003 0.5697215531250001 0.26348469375 0.5311844703124999 0.2103989828125 0.5305166609375 0.21150176406250001 0.5385465796875 0.21499392031250003 0.5462222359375
0 0.2568997625 0.6019264421875 0.2471584890625 0.6044062671875 0.2383362 0.60771270625 0.2306167109375 0.613026621875 0.2219782328125 0.6202299296875 0.2205078453125 0.6270789812500001 0.220691640625 0.6340461125 0.2798059421875 0.6343170578125 0.27950685000000003 0.60133600625 0.267376215625 0.6015721796875 0.2568997625 0.6019264421875
3 0.1345683953125 0.41902987343750003 0.13438460000000002 0.4629319515625 0.1251947234375 0.4635223875 0.1167400265625 0.46493943125000003 0.1073663546875 0.46800969375 0.09964686406249999 0.47202465312499997 0.09394914374999999 0.4765119609375 0.08972179531249999 0.48206205 0.0871486265625 0.4879664015625 0.0871486265625 0.4955239734375 0.134147596875 0.49528779843750004 0.13378000625 0.5389602765625 0.27902905312500004 0.5389602765625 0.27884525937500004 0.535417665625 0.3477693328125 0.508270796875 0.34740174375 0.418327925 0.3479531265625 0.36568083281249997 0.23326347187500002 0.3659170078125 0.23249340625 0.41902987343750003 0.2038600578125 0.4187936984375 0.1345683953125 0.41902987343750003
5 0.2933714984375 0.53070601875 0.311199853125 0.5240931468750001 0.3268226421875 0.5166536609375 0.318884984375 0.5089054703125 0.30274516875 0.516063225 0.28528440312500003 0.52373888125 0.2933714984375 0.53070601875
0 0.19436355156250001 0.3655640625 0.20575899999999997 0.3600139703125 0.21513267187500001 0.35174787812499997 0.22083040625 0.34042467187500003 0.22138179062500002 0.32885214375 0.16992486874999999 0.3283127828125 0.1701022828125 0.3689885859375 0.1822329171875 0.368161975 0.19436355156250001 0.3655640625
5 0.1524446171875 0.460581903125 0.1525955671875 0.4508892234375 0.152520090625 0.4356632375 0.1340596375 0.4357466328125 0.13433103125 0.44066044687500006 0.134255559375 0.4607758640625 0.1524446171875 0.460581903125
0 0.114928403125 0.465541703125 0.10681586093749999 0.46827189062499996 0.0998622640625 0.4719948734375 0.0925223625 0.47683475 0.08885239687499999 0.48229512343750003 0.0863413765625 0.488500096875 0.0867276890625 0.496318359375 0.1523599109375 0.495821959375 0.1527274171875 0.461630278125 0.135402890625 0.46243921875 0.12323408437500001 0.46343201250000005 0.114928403125 0.465541703125
5 0.1529800421875 0.524861225 0.1529800421875 0.5120789859375 0.1529800421875 0.49842804999999996 0.133713215625 0.4985334109375 0.13366448749999998 0.5118307859375 0.13385763906249998 0.524985321875 0.1529800421875 0.524861225
3 0.16898202812500002 0.368215140625 0.1866165375 0.3698336984375 0.2076099390625 0.3649780359375 0.21936619375 0.3520296234375 0.2260841078125 0.3363836234375 0.3369292453125 0.3363836234375 0.3360895234375 0.372531284375 0.4167041734375 0.37307079375 0.41586445000000005 0.18864600625 0.37723660312499996 0.189725034375 0.3763968796875 0.17138145 0.30921799375000003 0.14764269218749998 0.30921799375000003 0.1276805546875 0.2915835484375 0.1276805546875 0.2798272296875 0.1325362078125 0.2647119546875 0.143326553125 0.2621927859375 0.1390104140625 0.2529556375 0.1319966890625 0.243718553125 0.1287595875 0.225244384375 0.1276805546875 0.22440466093749997 0.14764269218749998 0.174020496875 0.1724604890625 0.174020496875 0.1881064875 0.13359345625000002 0.1882076625 0.13371313906249999 0.3369231375 0.1673025828125 0.3363836234375 0.16898202812500002 0.368215140625
0 0.3860180875 0.34307814375 0.37602293750000004 0.3366564078125 0.35603259062500003 0.33218065 0.3439172390625 0.33218065 0.3448007015625 0.37375364843750003 0.4014651546875 0.373824640625 0.4020709359375 0.365262321875 0.39571038125 0.3535864390625 0.3860180875 0.34307814375
1 0.30676810468750004 0.1272807984375 0.2856487125 0.1314162765625 0.2745520828125 0.13738974375 0.2670350125 0.146809440625 0.2562963390625 0.135551753125 0.240546284375 0.1295782859375 0.2247962296875 0.1279700453125 0.226228053125 0.1610538625 0.24340993125 0.161513359375 0.307841971875 0.161513359375 0.30676810468750004 0.1272807984375