5 0.1917569203125 0.3978360484375 0.1917569203125 0.38449381875 0.16332561875 0.3848192390625 0.1259610390625 0.3845052078125 0.126996734375 0.3968597875 0.1627991125 0.397510628125 0.1917569203125 0.3978360484375
5 0.39393506093749997 0.3971852078125 0.39340855625 0.38449381875 0.3460230546875 0.385144659375 0.303949453125 0.3845052078125 0.303376103125 0.39653436875 0.3533941328125 0.39653436875 0.39393506093749997 0.3971852078125
5 0.1391063625 0.6826656718749999 0.13857985625 0.670299703125 0.121731678125 0.6696488625 0.10015798437500001 0.6696614578125 0.10067145468750001 0.68201483125 0.1175196328125 0.6816894109375 0.1391063625 0.6826656718749999
5 0.28020985625 0.6859198734375 0.2675737234375 0.6761572671875 0.2502369734375 0.6826822906250001 0.26178216249999997 0.6921028578125 0.278103834375 0.7054450875 0.2949520140625 0.697960421875 0.28020985625 0.6859198734375
5 0.32970138125 0.6986112624999999 0.2970580359375 0.6986112624999999 0.2949973734375 0.7126302078125 0.3233833140625 0.7122789125 0.36392424375 0.7122789125 0.36234472812499996 0.6992621031249999 0.32970138125 0.6986112624999999
5 0.381298928125 0.6878723953125 0.3681362890625 0.6982858421875 0.381885209375 0.7077473953125 0.39920011718750004 0.6943808 0.41236275781250004 0.6836419328125001 0.39551457968750003 0.6761572671875 0.381298928125 0.6878723953125
5 0.41394227343749995 0.3617035375 0.41288926249999996 0.3532426125 0.3929436609375 0.3519531234375 0.3918290390625 0.3685373625 0.39393506093749997 0.3769982890625 0.41341576875 0.37667286875 0.41394227343749995 0.3617035375
0 0.21439665937500002 0.3649686046875 0.204393053125 0.3731041109375 0.200181009375 0.3792870953125 0.200181009375 0.38449381875 0.1991574578125 0.3972005203125 0.24704000625 0.39653436875 0.2465135 0.3584602 0.2286123109375 0.35976188124999997 0.21439665937500002 0.3649686046875
0 0.2122906375 0.46618516249999997 0.2017605265625 0.47562234999999997 0.1959689640625 0.481805334375 0.193891528125 0.49192708281249997 0.24124844531249998 0.49221878124999996 0.24124844531249998 0.460002178125 0.22492677187500001 0.46130385937499996 0.2122906375 0.46618516249999997
0 0.2923194859375 0.50295765 0.2823158796875 0.49872718593750004 0.2702062515625 0.49579840468749997 0.2501990390625 0.4938458828125 0.2501990390625 0.5224828640625 0.3044291140625 0.5224828640625 0.300743575 0.51011689375 0.2923194859375 0.50295765
0 0.24598699375000002 0.5491890515625 0.2501990390625 0.5348705609375 0.1959979 0.5342447906250001 0.1959689640625 0.5628567015625 0.20913160468749997 0.5635075421875 0.22650628906249998 0.560253340625 0.24598699375000002 0.5491890515625
0 0.1543750234375 0.652054440625 0.1470039453125 0.6598645265624999 0.14331840625 0.6683254515625 0.14333860625 0.6820312484375 0.1885978859375 0.68166768125 0.187544875 0.6432680937499999 0.16806416875000002 0.64587145625 0.1543750234375 0.652054440625
3 0.259149634375 0.49383501875 0.258623128125 0.3848192390625 0.24861952187499997 0.38449381875 0.2480930171875 0.35877475625 0.229665321875 0.3597510171875 0.21439665937500002 0.3652831609375 0.204919559375 0.37244240624999997 0.1986014921875 0.3857846359375 0.0764613015625 0.38580729062499997 0.07487268124999999 0.43036720781250004 0.0759256921875 0.49123165625 0.126996734375 0.4935095984375 0.259149634375 0.49383501875
3 0.1959689640625 0.6819931015625 0.2501990390625 0.6826439421875 0.2865279234375 0.712582603125 0.3776133890625 0.7129080234375 0.415521790625 0.682318521875 0.4760699328125 0.6826439421875 0.4765964375 0.5859615390624999 0.47712294375 0.5234808531249999 0.351814615625 0.524142559375 0.19754848125 0.5244679796875 0.1959689640625 0.6819931015625
3 0.249672534375 0.5302929484375001 0.3576061765625 0.5302929484375001 0.4765964375 0.529967528125 0.477725125 0.3919921859375 0.4144687796875 0.39067680312499997 0.41288926249999996 0.38351755781249997 0.24861952187499997 0.385144659375 0.249672534375 0.5302929484375001
5 0.747282509375 0.3978353453125 0.747809015625 0.3848185359375 0.7035825453125 0.3854693765625 0.667298584375 0.38483072812499997 0.6662006500000001 0.397509925 0.713586153125 0.3978353453125 0.747282509375 0.3978353453125
5 0.9268209109375001 0.3978353453125 0.9273474171875 0.384493115625 0.8868064875 0.384493115625 0.8463401859375 0.3845052078125 0.84837158125 0.397509925 0.888912509375 0.397509925 0.9268209109375001 0.3978353453125
5 0.7367523968749999 0.6829795234375 0.737805409375 0.6706135546875001 0.6935789406249999 0.6699627140625 0.6572933187500001 0.6703124984375 0.658829571875 0.6829795234375 0.7004235125 0.6829795234375 0.7367523968749999 0.6829795234375
5 0.8051981218750001 0.6878608265625 0.7904559671875 0.675820278125 0.7747235453125 0.6836588531250001 0.7862439218749999 0.6946946515625 0.7999330671875 0.7051080984375 0.8173077515625 0.6972980125 0.8051981218750001 0.6878608265625
5 0.8604812078125 0.6999013749999999 0.8194137734375 0.7002267953125 0.8184307593750001 0.7116536453125 0.8510041078125001 0.7119419234375 0.8857534765624999 0.7109656625 0.8857534765624999 0.6999013749999999 0.8604812078125 0.6999013749999999
5 0.9073402046875 0.685582884375 0.8904920265625 0.6999013749999999 0.9052341828125 0.7077114609375 0.9226088671875001 0.6943692312499999 0.9341919890625 0.6836303640625 0.9183968218749999 0.6754948578125 0.9073402046875 0.685582884375
0 0.7504415421874999 0.46652074375 0.737278903125 0.4619648609375 0.7162186796875 0.46033775937500004 0.716271728125 0.49388020781249997 0.7630776765625 0.4935306234375 0.76465719375 0.4853951171875 0.7583391265625 0.47335456875000004 0.7504415421874999 0.46652074375
0 0.8078306515625 0.5156591984375 0.8152017296875 0.509801634375 0.820466784375 0.49678482500000004 0.77209058125 0.49680989531249997 0.772028271875 0.5215167625 0.7830848890625 0.5215167625 0.796247528125 0.5195642421875 0.8078306515625 0.5156591984375
0 0.8194137734375 0.5449470203125 0.8109896843750001 0.5394040109375 0.7999330671875 0.5358243890625001 0.78834994375 0.533546446875 0.77209058125 0.5332682281250001 0.7725547765624999 0.563170553125 0.825731840625 0.5621942921875 0.8241523234375 0.551455425 0.8194137734375 0.5449470203125
0 0.7414909484375001 0.6051880921875 0.751494553125 0.5996559484375 0.7604451484375 0.589893340625 0.7609716546875 0.5817578343750001 0.7604451484375 0.5762256906250001 0.71416535625 0.5759114578125 0.7146391640624999 0.6087677140625 0.7256957796875 0.6100693953125 0.7414909484375001 0.6051880921875
3 0.892619715625 0.53031508125 0.9989738421875 0.530965921875 0.9984473359375 0.5264100375 0.9984473359375 0.4398265265625 0.9985255453124999 0.38580729062499997 0.77257644375 0.3858067671875 0.77257644375 0.5299896609375 0.892619715625 0.53031508125
3 0.7709969265625001 0.6702769671875 0.7720499375000001 0.6832937765625 0.799428228125 0.705422353125 0.8083788234375 0.712581596875 0.8905136921875 0.7122561765625 0.9015703109375 0.7119307578125 0.936846184375 0.6819920953125 0.9985255453124999 0.6823567703125 0.9995003468749999 0.6312265390625 1 0.5251178140625 0.7715234328125 0.5244669734375 0.7709969265625001 0.6702769671875
3 0.7752089718749999 0.6819920953125 0.78258005 0.66930070625 0.7831065546875 0.605518340625 0.7815270390625 0.57623051875 0.598314909375 0.5759114578125 0.5972500859375 0.61560636875 0.5977765921875 0.6819920953125 0.697286146875 0.68296835625 0.7752089718749999 0.6819920953125