5 0.1459264859375 0.6055936859375 0.14674548437499998 0.5998350984374999 0.1000625359375 0.5998350984374999 0.055865015625 0.599870390625 0.056655584375 0.6052337750000001 0.10170053593749999 0.6055936859375 0.1459264859375 0.6055936859375
5 0.141831490625 0.91520193125 0.120537515625 0.9094433421874999 0.10333853281250001 0.9036847546875 0.08371560624999999 0.914530528125 0.0992435375 0.9191609609375 0.110709525 0.9231199906249999 0.12463251093750001 0.9270790203124999 0.141831490625 0.91520193125
5 0.231921390625 0.9170014906249999 0.202437425 0.9173614015625 0.1459264859375 0.9173614015625 0.1435124609375 0.9300115203124999 0.1680394625 0.9303182265625001 0.1934284328125 0.9299583140625 0.2311023921875 0.9299583140625 0.231921390625 0.9170014906249999
5 0.2761473421875 0.9036847546875 0.2556723640625 0.910882990625 0.23519738750000002 0.9170014906249999 0.25163827968749997 0.9282114046875 0.266319353125 0.9238398140624999 0.27860433906250004 0.9202406953125 0.294165321875 0.9144821078125001 0.2761473421875 0.9036847546875
0 0.21881740624999999 0.7175622984375 0.2261883984375 0.7233208875 0.23601638593750002 0.7287195640624999 0.2491203734375 0.73267859375 0.2679573515625 0.7362777109375 0.2851563328125 0.7366376234375 0.2982603171875 0.7366376234375 0.2975098390625 0.7024769578125001 0.2130844109375 0.7035257390625 0.21472241093750002 0.7110838875 0.21881740624999999 0.7175622984375
0 0.2900703265625 0.7697495078125 0.2998983171875 0.7769477421875 0.3154593 0.78234641875 0.3392102734375 0.7855856250000001 0.3613232484375 0.7855856250000001 0.360583234375 0.7521601375 0.2802423390625 0.7524737421875 0.2818803359375 0.7629111828124999 0.2900703265625 0.7697495078125
0 0.42766217500000003 0.8464467656249999 0.41619618750000004 0.8417679124999999 0.3998162046875 0.8349295874999999 0.382617225 0.8316903828125 0.35968524999999996 0.8316903828125 0.3589449640625 0.8666474640624999 0.43585216562499995 0.8658820015625001 0.43585216562499995 0.8601234124999999 0.4342141671875 0.8529251765625 0.42766217500000003 0.8464467656249999
0 0.3703322390625 0.9310380500000001 0.38916921718749997 0.93967593125 0.4145581890625 0.9454345203125 0.435033165625 0.9465142562500001 0.43585216562499995 0.9015252828125 0.3581258296875 0.900849653125 0.35886625156249996 0.913762284375 0.362142246875 0.9209605203125 0.3703322390625 0.9310380500000001
0 0.30890730624999996 0.6217897171875 0.3162782984375 0.6261086578125 0.3277442859375 0.6293478640625 0.3465812640625 0.631507334375 0.3686942390625 0.631867246875 0.368774584375 0.6013104828125 0.35886625156249996 0.6005549218749999 0.344943265625 0.606673421875 0.30890730624999996 0.6217897171875
5 0.8699852859374999 0.36367700625 0.8708042859375 0.349640446875 0.8061033562500001 0.3500003578125 0.7545871656250001 0.3496543765625 0.7553254125 0.3629571828125 0.8273973343750001 0.36367700625 0.8699852859374999 0.36367700625
5 0.7053664671875 0.516327665625 0.7061854671875001 0.5040906656249999 0.6775884765625 0.5037442390625 0.6767015 0.5184871359375001 0.6767015 0.529284490625 0.70454746875 0.529284490625 0.7053664671875 0.516327665625
5 0.7070044671875 0.5775246843749999 0.7061854671875001 0.5624083890625 0.6767693421875001 0.56242799375 0.6767015 0.5800440671875 0.6767015 0.5894017734375 0.7061854671875001 0.589761684375 0.7070044671875 0.5775246843749999
5 0.657045521875 0.608837009375 0.6586835203125 0.5948004499999999 0.6251045578125 0.5948004499999999 0.5825688171875 0.59483006875 0.5849736015625 0.6077572734375 0.6275615546875 0.608837009375 0.657045521875 0.608837009375
0 0.7463164234375 0.7247646515625 0.7569634109375001 0.7312430640625001 0.77170539375 0.7370016515625 0.79463736875 0.7406007703124999 0.8200263421875 0.74132059375 0.8209371015625001 0.707877303125 0.7364884328125 0.7074888859375 0.73894543125 0.7168465921875 0.7463164234375 0.7247646515625
0 0.8822702734375 0.7791113296875001 0.8994692531249999 0.7729928296875 0.9117542390625 0.76615450625 0.915849234375 0.7571567109374999 0.9183062328125 0.7467192703125 0.8405963406250001 0.7471198140624999 0.8421393171875 0.782710446875 0.865071290625 0.7816307124999999 0.8822702734375 0.7791113296875001
0 0.876537278125 0.576073021875 0.90274525 0.5742734625 0.91912523125 0.5699545203125 0.9314102171875 0.5641959328125 0.8748992812499999 0.5426012265625 0.8283093156250001 0.5667482703125 0.84050131875 0.5699545203125 0.8568813000000001 0.5735536390625 0.876537278125 0.576073021875
0 0.91994423125 0.523129940625 0.94205720625 0.52816870625 0.968265178125 0.529248440625 0.969903175 0.4928973515625 0.8897444406250001 0.49330357031250005 0.8945552593749999 0.507653734375 0.9019262515625 0.5152118812500001 0.91994423125 0.523129940625
5 0.6611405171875 0.9058363249999999 0.6439415359375 0.899717825 0.62680210625 0.911290321875 0.6431225375 0.916633678125 0.6644165140625 0.923112090625 0.68243449375 0.9119548249999999 0.6611405171875 0.9058363249999999
5 0.774981390625 0.913394471875 0.73894543125 0.9126746484374999 0.6881674875 0.9123147375 0.6849606921875 0.9260512656250001 0.714375459375 0.9267112078125 0.7373074328125 0.9259913843750001 0.77252439375 0.926351296875 0.774981390625 0.913394471875
5 0.8003703640625 0.9054764140625 0.775800390625 0.9126746484374999 0.7939056453125 0.9242511515625 0.8118363515624999 0.9180733249999999 0.834768325 0.9101552671875 0.8151123468750001 0.8993579140625 0.8003703640625 0.9054764140625
5 0.9215822296875 0.89683853125 0.8798132750000001 0.89647861875 0.8798132750000001 0.9105151781249999 0.910935240625 0.910875090625 0.9477902 0.910875090625 0.9502471968749999 0.89683853125 0.9215822296875 0.89683853125
3 0.8806322734375 0.4975762046875 0.889641265625 0.4993757625 0.8945552593749999 0.510892940625 0.9076592437500001 0.5184510875 0.9232202265625 0.5242096765625 0.938781209375 0.5274488828125 0.968265178125 0.5285286171875 0.969903175 0.4946969109375 0.99856814375 0.495056821875 0.9961111468749999 0.35001237500000004 0.6767693421875001 0.3496543765625 0.6783394984375 0.425953759375 0.6799774968750001 0.49649646875000003 0.809379353125 0.4975762046875 0.8806322734375 0.4975762046875
3 0.8233023390625 0.752117946875 0.8216643390625 0.67221753125 0.8208453406249999 0.602730525 0.7061854671875001 0.604530084375 0.7061854671875001 0.5958922015625 0.5432503375 0.5959101375 0.5423856484375 0.659236675 0.54156665 0.751758034375 0.6439415359375 0.7513981234375 0.8233023390625 0.752117946875
3 0.54156665 0.8719926015624999 0.54156665 0.91014325 0.6242855578125 0.9108630734375 0.6726065046875 0.9252174515625 0.7913613734375 0.9259372750000001 0.8396823203125001 0.9104610687499999 0.99868939375 0.9098502296875 0.9993871437499999 0.812247246875 0.99856814375 0.7485428609375 0.5423856484375 0.7463833906249999 0.54156665 0.8719926015624999
3 0.296504665625 0.5998576921875001 0.008972984375 0.6002452890625001 0.0081157484375 0.747596153125 0.223298746875 0.7467570703125 0.297386665625 0.7479198609375 0.296504665625 0.5998576921875001
3 0.24534872187499998 0.930529953125 0.29209467031249997 0.9138632687499999 0.3573625984375 0.9150260609374999 0.36089059375 0.7417441859375 0.228590740625 0.7421317828125 0.008090984375 0.7425193812499999 0.0098549828125 0.8064988171874999 0.00899789375 0.9150899484374999 0.0839429015625 0.9150260609374999 0.133334846875 0.930529953125 0.24534872187499998 0.930529953125
3 0.010461978125 0.6047728296875 0.3727174265625 0.6047728296875 0.371355584375 0.5622556359375 0.4666859703125 0.5622556359375 0.4666859703125 0.2778095703125 0.4040403078125 0.27721074375 0.371355584375 0.2628387234375 0.32232855 0.2778095703125 0.291005665625 0.264036396875 0.24470241874999998 0.2790072421875 0.0446083765625 0.2777782359375 0.044508545312499995 0.38679732968749997 0.003652665625 0.3885938265625 0.010461978125 0.6047728296875
2 0.25322123125 0.2853396734375 0.2922486515625 0.27210268125 0.32463893125 0.28375035937500004 0.36291835156249996 0.2711320421875 0.4085591984375 0.2856916390625 0.41518448281250003 0.27857361406250003 0.3665990640625 0.2614256453125 0.32463893125 0.2750146015625 0.28930408124999996 0.26174919218750003 0.238510234375 0.27695588125000004 0.1993781703125 0.27869465 0.1993781703125 0.2915693828125 0.25322123125 0.2853396734375