3 0.28079610625 0.2733944953125 0.2788974125 0.2733944953125 0.22699961562499998 0.2733944953125 0.22699961562499998 0.2810072703125 0.2298476671875 0.306890696875 0.2361766671875 0.32871398281249997 0.24630306562499998 0.345462084375 0.262125565625 0.3591650671875 0.2801632078125 0.365255284375 0.2801632078125 0.5995510921875 0.361174371875 0.601073659375 0.36085793437499997 0.555397015625 0.4235480265625 0.555397015625 0.4235480265625 0.6665434968749999 0.48936959843750005 0.66755853125 0.48905315937499994 0.863318475 0.47797741406250005 0.8628109578125001 0.478293853125 0.899352275 0.7803932921875 0.8978413203125 0.7803932921875 0.7431534484375 0.7825180703125 0.46949045624999997 0.782669846875 0.36927474375 0.7687069671875 0.3695181421875 0.7687069671875 0.3673274890625 0.7731083125 0.3673274890625 0.78403578125 0.36489340625 0.792838459375 0.35953844375 0.8036141640625001 0.346151034375 0.8104438375 0.33544110781250003 0.8153004968750001 0.32400096093749997 0.81818413125 0.31061355156250003 0.8215230796874999 0.29284481093750003 0.8213712953125001 0.27872718281250003 0.768251653125 0.279213996875 0.768251653125 0.2775101453125 0.78221453125 0.277996959375 0.7825180703125 0.2706947375 0.7943561703124999 0.27093814374999997 0.7943561703124999 0.21771709218750002 0.7113423046875 0.21771709218750002 0.6926745328125 0.167818575 0.6846306984375 0.1680619828125 0.66368638125 0.2272099859375 0.648661109375 0.1841268734375 0.640617275 0.16635812656249999 0.6397066546875 0.166844940625 0.623315446875 0.2169868734375 0.52043499375 0.21571873125000002 0.5205867578125 0.172460346875 0.5205867578125 0.0627912359375 0.47206903593750005 0.0635214640625 0.44960700937500003 0.00413005 0.44292910937499996 0.00413005 0.417253921875 0.07393826875000001 0.4086030078125 0.047650264062499996 0.395398984375 0.011869371875 0.39054235937500004 0.0043237421875 0.36671440781250003 0.0634717484375 0.27331512343750003 0.0629142328125 0.27288484999999996 0.24961216875 0.28047964687500004 0.250119703125 0.28079610625 0.2733944953125
0 0.23132210625 0.3144661 0.24037407968750002 0.33558237343749997 0.2553921296875 0.355378871875 0.27432327968750003 0.363957353125 0.292015775 0.36560706718749997 0.29150219375 0.2738876 0.22761902968749997 0.274873090625 0.2280304828125 0.29730913124999997 0.23132210625 0.3144661
0 0.547562371875 0.8093921109375 0.5408997515625 0.790768978125 0.5292877781249999 0.7761147078125 0.5191986843749999 0.7697034640625 0.5018759109375 0.7654293015625 0.501304825 0.7626816265625 0.4885516671875 0.7628910359375001 0.4887410484375 0.8539655046875 0.553082809375 0.8539655046875 0.55155993125 0.8270993546875 0.547562371875 0.8093921109375
5 0.692447478125 0.8988697625000001 0.692447478125 0.8604588234375001 0.641787021875 0.8604588234375001 0.5800338921875 0.8600874 0.581029646875 0.8984654359375 0.6057227140625 0.898263275 0.692447478125 0.8988697625000001
0 0.7893672421875 0.36414724375 0.802853778125 0.35020819687500004 0.816040625 0.3305012703125 0.822334359375 0.30839106875 0.824132559375 0.2761870859375 0.7579612765625 0.27482669843749996 0.758198328125 0.3732797078125 0.7704860640625 0.374241034375 0.7704860640625 0.370395778125 0.7893672421875 0.36414724375
0 0.4141712109375 0.8751241859375 0.3906470140625 0.8505191109375 0.37189585 0.8401303015625 0.348371675 0.8368496249999999 0.34731678125 0.9960559812499999 0.43292237499999997 0.9976027843749999 0.433604234375 0.9598750046875001 0.4264446859375 0.9128519765625001 0.4141712109375 0.8751241859375
3 0 0.8976353109374999 0.2909547609375 0.900019540625 0.29125207343750004 0.7660931125 0.2909547609375 0.607881025 0.2909547609375 0.5020884062500001 0.29125207343750004 0.3900968171875 0.292738696875 0.216154853125 0.21315537031249998 0.2171085375 0.192937334375 0.1637020015625 0.18550423124999998 0.1637020015625 0.16409694375 0.224738034375 0.1406083640625 0.1637020015625 0.12395822187500001 0.21659568125 0 0.2160337328125 0 0.36625461718749996 0 0.7079515187500001 0 0.8976353109374999
5 0 0.69460426875 0.0243593828125 0.6941526828125 0.02407781875 0.5542556359375 0.023796234375 0.4219407640625 0 0.422026896875 0 0.5631925578125 0 0.69460426875
5 0.18764695781250001 0.90079603125 0.1879285234375 0.8565405484375 0.15163136875 0.85699213125 0.07220149218750001 0.8573953265625001 0.0722011140625 0.90079603125 0.12429253124999999 0.90079603125 0.18764695781250001 0.90079603125
0 0.2799374109375 0.7635555734375 0.272558459375 0.7646314171874999 0.26294345468749997 0.767500328125 0.2522104375 0.7739553796875 0.2448314875 0.785072425 0.23275684062500002 0.8112512437499999 0.2282847484375 0.8295405656250001 0.22694312499999997 0.8514160171875 0.2917884375 0.8542849328125 0.291253296875 0.7593256265624999 0.2808318265625 0.7596108187499999 0.281055421875 0.761045278125 0.2799374109375 0.7635555734375
2 0.13791969375 0.15704403281249998 0.125568678125 0.21643043125 0.0765763078125 0.21775012968750002 0.078223109375 0.249422875 0.13503779062500001 0.249422875 0.138743096875 0.191356175 0.1667387359375 0.25140242343749997 0.1889705671875 0.19465541875 0.20832049531250002 0.249422875 0.22025981093749997 0.2283077125 0.21984811093749998 0.22632816406249998 0.1889705671875 0.1544046375 0.1646802328125 0.21181148906249997 0.14533030625 0.16760161406250002 0.13791969375 0.15704403281249998
2 0.44371605937499997 0 0.417324025 0.06080561875 0.40165375625 0.0066093062499999996 0.3876329875 0.0026437218750000003 0.3604162046875 0.0660930640625 0.315879646875 0.06344934062499999 0.3134053953125 0.06344934062499999 0.315054896875 0.0951740109375 0.3579419515625 0.0978177328125 0.38845773906250003 0.031724668750000004 0.41155076875 0.0978177328125 0.4206230296875 0.0951740109375 0.4503140671875 0.043621421875 0.4668090875 0.103105178125 0.48000510468749996 0.0978177328125 0.479180353125 0.07138050781250001 0.45196356875 0 0.44371605937499997 0
2 0.6861627515625 0.1957164953125 0.710068609375 0.24749334374999998 0.7216984875 0.2443867328125 0.7223445921875 0.2174627703125 0.68874716875 0.1532594765625 0.6661335187499999 0.2102140125 0.6448120765625001 0.16050823593750002 0.622198428125 0.1594726984375 0.5730945015625 0.21953384531250003 0.5730945015625 0.22056938124999997 0.6183218015625 0.21953384531250003 0.636412721875 0.18329005 0.659672475 0.24749334374999998 0.6861627515625 0.1957164953125