0 0.234967246875 0.38266000624999996 0.250908478125 0.38774564375 0.262598715625 0.3884721625 0.262598715625 0.35396248125 0.21588010937500002 0.3536337203125 0.21743189062499998 0.3655867953125 0.2238083828125 0.37503155 0.234967246875 0.38266000624999996
5 0.1531149859375 0.5343898046875 0.15388789375 0.5259357578125 0.10867276249999999 0.526199946875 0.0739022921875 0.52621564375 0.0738918921875 0.534125615625 0.11601539062499999 0.534125615625 0.1531149859375 0.5343898046875
5 0.2137882828125 0.53465399375 0.214561190625 0.5264641359375 0.1983301171875 0.5264641359375 0.1817408828125 0.52621564375 0.1824854984375 0.534125615625 0.1994894796875 0.53465399375 0.2137882828125 0.53465399375
5 0.1364974578125 0.7886101296875 0.1368839125 0.77962770625 0.099011409375 0.77962770625 0.06771800156249999 0.779386890625 0.067322171875 0.7886101296875 0.10210304218749999 0.78887431875 0.1364974578125 0.7886101296875
5 0.439863940625 0.788345940625 0.4390910328125 0.7798918953125 0.3695292921875 0.780156084375 0.32668522499999997 0.780179703125 0.32663288437500004 0.7880817515625 0.3714615625 0.7891385078125001 0.439863940625 0.788345940625
5 0.358687640625 0.5390572046875 0.35899128281250003 0.53033896875 0.349578365625 0.5305465468749999 0.3395894109375 0.5305647828125 0.33925452031250003 0.539472359375 0.34897108125 0.5390572046875 0.358687640625 0.5390572046875
5 0.4300436328125 0.5390572046875 0.43065091874999994 0.53033896875 0.4209343578125 0.53033896875 0.41065355156249994 0.5305647828125 0.4109141546875 0.53926478125 0.4194161453125 0.5388496265625 0.4300436328125 0.5390572046875
5 0.663891 0.5342865906250001 0.6635873578125 0.5261910859375 0.6216846890625 0.5263986640625 0.5916545234374999 0.5264119593750001 0.59283865 0.5342865906250001 0.6317048921875 0.5344941671875 0.663891 0.5342865906250001
5 0.6235065453125 0.7888522578125 0.6232029015625 0.7799264453125 0.5840330171875 0.7799264453125 0.5488338234375 0.7801495015625 0.548810484375 0.7888522578125 0.585854871875 0.7888522578125 0.6235065453125 0.7888522578125
5 0.714609025 0.788855275 0.7149126671875 0.7795143078125 0.6951759046875 0.7797218859374999 0.6775996140625 0.77973421875 0.67786828125 0.788855275 0.6973014015625 0.788855275 0.714609025 0.788855275
5 0.7574226203125 0.5344971843749999 0.7574226203125 0.5261941015625 0.7404186390625 0.525986525 0.7280126375 0.5259966765625 0.7279692953125 0.5347047609375 0.7434550640625 0.5347047609375 0.7574226203125 0.5344971843749999
5 0.8849844234375001 0.5749797734375 0.9141341046875 0.5749797734375 0.9147413906249999 0.566469115625 0.8868062796875 0.5662615375 0.8570493125 0.5662615375 0.8330903828125 0.56627906875 0.8330615531250001 0.5747721953125 0.857656596875 0.57456461875 0.8849844234375001 0.5749797734375
5 0.9347817968750001 0.8145348859375 0.9350854390625001 0.806646959375 0.8843771390624999 0.80643938125 0.8464528703124999 0.8063122921874999 0.8458145375000001 0.8137045765625001 0.8861989937500001 0.8147424624999999 0.9347817968750001 0.8145348859375
0 0.7993572328125 0.6642648453125 0.8075555812499999 0.6584526890625 0.81211021875 0.6518102234375001 0.8139320734375 0.6466207984375 0.8139320734375 0.64101621875 0.769618565625 0.64144518125 0.7702075515625 0.6702845796875 0.7768876859375 0.6706997328125001 0.7890333875 0.6686239640625 0.7993572328125 0.6642648453125
0 0.8111992906250001 0.6958304140625 0.80603736875 0.6893955265625 0.797535378125 0.6839985234375 0.7908552421875 0.68088486875 0.7823532515625 0.6792242515625 0.769618565625 0.6781976734375 0.7692966234374999 0.708077459375 0.814235715625 0.7078698812499999 0.8139320734375 0.7024728796875 0.8111992906250001 0.6958304140625
0 0.73164495 0.7288420921875 0.74105786875 0.734446671875 0.7522926421875 0.73735275 0.763527415625 0.738390634375 0.7653492703125 0.708291965625 0.7228498578125 0.708305646875 0.723446603125 0.7155571625 0.7267866703125 0.72261478125 0.73164495 0.7288420921875
0 0.6274663921875 0.622536665625 0.6317173890625 0.629594284375 0.6371829546875001 0.6333306703125 0.6444703734375 0.6368594796875 0.6520614375 0.639765559375 0.6620816406250001 0.641426175 0.6699763453124999 0.641426175 0.6703109859375 0.61050664375 0.6253408953124999 0.6111199296875001 0.6253408953124999 0.6175548171874999 0.6274663921875 0.622536665625
3 0.6751382687499999 0.7880171375 0.675745553125 0.7529366203125 0.6751382687499999 0.7026891187500001 0.6751382687499999 0.6433082296875 0.6702799875000001 0.6433082296875 0.6702799875000001 0.6069614578125 0.5105627921875 0.60716864375 0.5099611312500001 0.60697674375 0.5099567375 0.6771502140625001 0.5099567375 0.7446335390625001 0.5099567375 0.78863986875 0.6338428859375 0.7884322906250001 0.6751382687499999 0.7880171375
3 0.663599853125 0.78863986875 0.803024784375 0.7890780734375 0.8029717703125 0.708086121875 0.6639034953125 0.708708853125 0.6639034953125 0.759579084375 0.663599853125 0.78863986875
3 0.7689906625 0.566681696875 0.7702052328125 0.677963775 0.8248608875000001 0.677963775 0.9138281453125 0.678378928125 0.981236784375 0.6769258890625001 0.9803258578125 0.6468272203125001 0.981236784375 0.5988630671874999 0.980988828125 0.5666943515625 0.9162572859375 0.5668892750000001 0.8345774468749999 0.566681696875 0.7689906625 0.566681696875
3 0.7695979484375 0.712649928125 0.796925775 0.7120271984375 0.7966221328125 0.7803408296875001 0.71797871875 0.780133253125 0.718889646875 0.8154213484374999 0.7938893499999999 0.8147986156249999 0.9812925203124999 0.81420265625 0.981540428125 0.7705777796875 0.981540428125 0.67321029375 0.7692943046875 0.6730027171875 0.7695979484375 0.712649928125
0 0.3076653203125 0.6549529749999999 0.3006636796875 0.6484570359374999 0.2896611046875 0.6443543359375 0.28165923125000003 0.641619203125 0.2667066890625 0.63960328125 0.267155834375 0.6703380953125 0.31166625625 0.6703380953125 0.3111661390625 0.66179080625 0.3076653203125 0.6549529749999999
0 0.3811825328125 0.5092843359375 0.372180425 0.5140708187499999 0.3671792546875 0.520224865625 0.3626782 0.529114046875 0.3622449046875 0.5390560859375 0.4076887390625 0.5386870109374999 0.40718862187499993 0.5048397453125 0.3951858109375 0.5048397453125 0.3811825328125 0.5092843359375
3 0.448698340625 0.5305044421875 0.409189090625 0.5298092453125001 0.409189090625 0.5041673765625 0.3951858109375 0.5038254859375 0.3846833515625 0.5075862921875001 0.37418089375 0.511688990625 0.3686796046875 0.51715925625 0.3631783171875 0.5239970890625 0.3626782 0.5311768109375 0.3216685984375 0.5311768109375 0.3216685984375 0.543143015625 0.288160753125 0.5434849078124999 0.2871605203125 0.5267322203125 0.26865618750000003 0.5270741125 0.267655953125 0.5499808484375001 0.267155834375 0.789715328125 0.3291703546875 0.7883477609375 0.4076887390625 0.7893734359375 0.48770747343750004 0.7869687812499999 0.48720735625 0.7172229 0.48720735625 0.5434963234375 0.4481982234375 0.5434963234375 0.448698340625 0.5305044421875
0 0.24064962968749998 0.5051930515625 0.2311474046875 0.5096376421875 0.2266463515625 0.51818493125 0.222145296875 0.5250227625 0.22168868125 0.534610121875 0.26865618750000003 0.5342538359375 0.26865618750000003 0.49938089531249996 0.255153025 0.5004065703125 0.24064962968749998 0.5051930515625
3 0.18263604687499999 0.63373286875 0.2736573578125 0.6333909765625 0.273157240625 0.5526817359375 0.2786585296875 0.5516560609375001 0.2781584109375 0.5266979765625 0.271156771875 0.5266979765625 0.2706566546875 0.49866286718749997 0.2511520890625 0.5007142171875001 0.23864916093750002 0.506868265625 0.2271464671875 0.514731771875 0.222145296875 0.5266979765625 0.1701680734375 0.526060190625 0.171133353125 0.5759531921875001 0.171133353125 0.6371517843750001 0.18263604687499999 0.636468 0.18263604687499999 0.63373286875
5 0.2091200953125 0.8143176750000001 0.20761974374999997 0.8064541703125 0.2001179875 0.8064541703125 0.196178478125 0.806497946875 0.195116815625 0.81534335 0.2046190421875 0.8143176750000001 0.2091200953125 0.8143176750000001
5 0.2676337953125 0.81534335 0.2656333265625 0.8061122781250001 0.2586316875 0.8061122781250001 0.2537014859375 0.80615595 0.2531304 0.8156852421874999 0.2631327421875 0.81534335 0.2676337953125 0.81534335
0 0.24562864218749997 0.792436615625 0.23862700312500001 0.7866244578125 0.22662419374999998 0.78217986875 0.208619978125 0.780470409375 0.20968387968750002 0.8136798890625 0.25463075156250004 0.8139757843750001 0.253630515625 0.804060928125 0.25062981406249996 0.7979068796875 0.24562864218749997 0.792436615625
3 0.16961084375 0.7880034390625 0.1706110796875 0.8146709812499999 0.27913648750000003 0.814329090625 0.2776361375 0.7880034390625 0.287638478125 0.7880034390625 0.2871383609375 0.745608884375 0.2736352 0.745608884375 0.2731350828125 0.6707118000000001 0.312144215625 0.670369909375 0.31314445 0.6628368796874999 0.30914351406249996 0.65463148125 0.301141640625 0.64779365 0.28963894687499997 0.644374734375 0.2736352 0.6406139265624999 0.2736352 0.629673396875 0.17761271875 0.6300152890625 0.176612484375 0.52604600625 0.0171068484375 0.52708618125 0.0175752484375 0.61084653125 0.01707513125 0.7240468859375 0.01707513125 0.7886872234375 0.16961084375 0.7880034390625
0 0.05058297656250001 0.49524152031249996 0.0435813375 0.49182260468749994 0.032078643750000004 0.48771990625 0.01760705 0.48707250156250004 0.0175752484375 0.5174644734375 0.062085670312499994 0.51712258125 0.059585084375 0.50344691875 0.05058297656250001 0.49524152031249996