3 0.6675641296875 0.8166087328125 0.6628606390625 0.8208475375000001 0.6598675078125 0.826627728125 0.65801461875 0.8335639531249999 0.65801461875 0.8387661265625 0.675260753125 0.8387661265625 0.6754032828125001 0.87822363125 0.68238725625 0.8778382812500001 0.68238725625 0.8890133171875 0.7838637265624999 0.8895913343749999 0.7838637265624999 0.8776456078124999 0.855284559375 0.8780309531249999 0.855427084375 0.8364405671874999 0.855712153125 0.74054336875 0.7620782171875 0.7403506953125001 0.675605834375 0.7400745843750001 0.675260753125 0.8146820078125 0.6721250921874999 0.8144893296875001 0.6675641296875 0.8166087328125
0 0.7338310156250001 0.7779605359375 0.740496315625 0.7719068124999999 0.7437248203125 0.7654307375 0.7458077203125 0.7541680000000001 0.745703578125 0.7403711421875 0.7243859015624999 0.7397919328125 0.7240413593749999 0.7795091625 0.728936184375 0.779649946875 0.7338310156250001 0.7779605359375
0 0.6691606125 0.8149732859375 0.6660121453125 0.8175269546875 0.6631335453125 0.8211750578125001 0.6605248140625 0.82652560625 0.658995559375 0.8321193609374999 0.6585457796874999 0.8389291484375001 0.6804950984375 0.8388075468749999 0.6803156968749999 0.813852046875 0.6752776359375 0.8135140453125 0.6725789515625 0.8137572515624999 0.6691606125 0.8149732859375
5 0.7490772296875 0.8890832234375001 0.74919363125 0.876337634375 0.7385428484375 0.8762589578125001 0.7244177421875 0.8762315968750001 0.7242253984375 0.8889258718749999 0.7349925828125 0.8890832234375001 0.7490772296875 0.8890832234375001
5 0.8350764312500001 0.8780511359375 0.8351346375 0.8653055437500001 0.825124059375 0.86522686875 0.8077106031250001 0.8649880171875 0.8075473546874999 0.8781298124999999 0.818198140625 0.8781298124999999 0.8350764312500001 0.8780511359375
5 0.6625734328124999 0.8783383796875001 0.6625066390625001 0.8651559546875 0.649148128125 0.8652462453125 0.6348147562500001 0.8651316250000001 0.6347877296875 0.878157796875 0.6468103890625 0.8780675062500001 0.6625734328124999 0.8783383796875001
3 0.5053915265625 0.7546151937500001 0.49340624375 0.7797183515625 0.535220265625 0.814775653125 0.54431255 0.7944033078125 0.55133840625 0.7784808703125 0.5506151546875 0.777503175 0.547825478125 0.7752684484375 0.5662224484375 0.735472125 0.583683765625 0.7357514640625 0.583787084375 0.7378465234375 0.5843036921875 0.74301433125 0.5862668046875 0.7479028015625 0.5905029796875 0.753908634375 0.59546240625 0.757540065625 0.6018683359375 0.758936771875 0.602074978125 0.7356313453125 0.6219126921875 0.7357710156249999 0.6216475265625 0.632898440625 0.5861652687500001 0.6025891765625 0.5390381515625 0.5638752203124999 0.5009508312500001 0.6476876734375 0.4667514375 0.722087940625 0.5053915265625 0.7546151937500001
0 0.59515174375 0.708297915625 0.5977180453125001 0.7138695671875 0.6030061812499999 0.720071971875 0.61101615 0.7236462390625 0.6215924203125 0.7233308625 0.6217485984375 0.694556965625 0.592663209375 0.6943162234375 0.5932075765625 0.7026211375 0.59515174375 0.708297915625
0 0.585811878125 0.7479582828125 0.5892799046875 0.75276073125 0.5954546921875 0.7579062125 0.60179865 0.7597357171875 0.601629478125 0.7288628359375 0.5832237499999999 0.72881491875 0.583866396875 0.7362951953125 0.5843739125 0.742012396875 0.585811878125 0.7479582828125
5 0.5309361874999999 0.7957721140625 0.51864064375 0.7854828046875 0.5080301734375 0.7762200734375 0.5025068078125 0.7872416624999999 0.5149975203125 0.79832245625 0.5255365578125 0.8068529078125 0.5309361874999999 0.7957721140625
3 0.8034447312499999 0.7528288640625 0.8550900640625001 0.7523888546874999 0.8551985578125001 0.7191155124999999 0.8555240562499999 0.6425953265625 0.8551985578125001 0.5898252625 0.8010370484375 0.5898252625 0.7464301828125001 0.589811596875 0.7463719875 0.6842288046875 0.7462634921875 0.752535528125 0.8034447312499999 0.7528288640625
5 0.8279709265624999 0.6025970828125 0.8279709265624999 0.58956934375 0.814835665625 0.5894728421875 0.801772059375 0.5896302609374999 0.8017717984375 0.602693584375 0.8113376921875 0.6025970828125 0.8279709265624999 0.6025970828125
0 0.7688835218750001 0.7197562171875 0.7641782890625 0.7120999828125 0.7608671953125 0.7092730640625 0.7568590328125 0.706681721875 0.75136959375 0.705857203125 0.7461944500000001 0.7060959765625 0.7463158203125 0.734597540625 0.7711490046875 0.734715328125 0.7709747375 0.7283547625 0.7688835218750001 0.7197562171875
0 0.719259571875 0.6672805359375 0.7145623343749999 0.6633729921875 0.70778746875 0.66251821875 0.7078962515625 0.692407728125 0.7259441078125 0.6925574546875 0.7258537734375 0.6805906046875 0.7235954890625 0.673996625 0.719259571875 0.6672805359375
5 0.7461445375 0.602398315625 0.7462366203124999 0.5897638093750001 0.7388239703124999 0.5899505281249999 0.7237916234374999 0.589987990625 0.723814496875 0.602460553125 0.7315033984375 0.602460553125 0.7461445375 0.602398315625
3 0.1622915328125 0.7310973171875 0.17510353750000002 0.742375034375 0.18344624062499998 0.7425764203125 0.21160286250000002 0.7429791953125 0.2114538921875 0.7641249109375 0.24299909843749998 0.7641249109375 0.2428501265625 0.8142281921875 0.24255217343750002 0.8774357703125 0.45398363125 0.8776371640624999 0.45368566875000005 0.7653191453125 0.417784909375 0.7655205328125 0.41763593749999994 0.728090590625 0.3459251375 0.6682973343749999 0.34160480625 0.677158396875 0.29915406875 0.6419358093749999 0.29602555 0.6091377859375 0.2784440140625 0.6161863640624999 0.27620936406249996 0.590408721875 0.2583153171875 0.59826285 0.2563786296875 0.572700690625 0.2411829875 0.579547875 0.207961146875 0.5507494187499999 0.1635667328125 0.5143065109375 0.1280803328125 0.59201304375 0.0915810109375 0.67151894375 0.1622915328125 0.7310973171875
5 0.214959515625 0.5565948890625 0.202477334375 0.546302059375 0.193334475 0.5382116796874999 0.1877483625 0.549170553125 0.19885750468750002 0.558788440625 0.20971700312500002 0.5682375953125 0.214959515625 0.5565948890625
5 0.3937622828125 0.7077186875 0.3818515609375 0.697356665625 0.3707548859375 0.6882885203125 0.3654006125 0.6991102375 0.3761320546875 0.708515765625 0.3884555265625 0.71879808125 0.3937622828125 0.7077186875
5 0.44281302812499995 0.7780367640625 0.443099475 0.7651809140625 0.4341622453125 0.76510346875 0.425769603125 0.7652055437499999 0.4256260453125 0.7780367640625 0.4322716765625 0.7780367640625 0.44281302812499995 0.7780367640625
0 0.2604149703125 0.8353072765625 0.255625871875 0.8316755625000001 0.2494350921875 0.8300965546875 0.24266028281250002 0.8300965546875 0.2424741484375 0.8592435187499999 0.2681242421875 0.859308165625 0.2671897796875 0.8488867250000001 0.26426960625 0.840360096875 0.2604149703125 0.8353072765625
0 0.2222409125 0.8328818312499999 0.224687140625 0.8375753984375001 0.22847485937499998 0.8420556234375001 0.233998609375 0.845255784375 0.23857542812500002 0.8460024875000001 0.2384176078125 0.8165610171875001 0.220489365625 0.8165276531250001 0.22074160625 0.8236013671875 0.22097834062500002 0.8282949343749999 0.2222409125 0.8328818312499999
3 0.743056709375 0.2671244171875 0.743056709375 0.3004265578125 0.7971933671875 0.30019431875 0.7971074703125 0.322837775 0.801144771875 0.3226055359375 0.8044089781249999 0.32167656875 0.8078449828125001 0.31865744687499997 0.8112809875 0.31424487343749996 0.8141159312499999 0.3086711015625 0.815662134375 0.3002024453125 0.8388638078125 0.3002998640625 0.8388638078125 0.3058037796875 0.8634965375 0.3060789734375 0.8639036890625 0.23645447812499998 0.8482147234375 0.235904084375 0.8482147234375 0.14982563124999998 0.7971170765625 0.14982563124999998 0.725805415625 0.1497865078125 0.7257048859374999 0.20874842500000002 0.7255330875 0.266892178125 0.743056709375 0.2671244171875
0 0.7483045078125 0.24196598749999998 0.7455493843750001 0.23680262343749997 0.7427316453125 0.2332475203125 0.7390998890625 0.23020028906249998 0.7347167390625 0.2284227375 0.7303962015625001 0.2278302203125 0.7256501296875 0.2284508421875 0.7255747343750001 0.2561017546875 0.7505587015625 0.256440334375 0.7497446890624999 0.24738328437499998 0.7483045078125 0.24196598749999998
0 0.8036221906250001 0.3224456328125 0.8070182625 0.320314175 0.8099291875000001 0.3167185671875 0.8121730203125 0.31311147968749997 0.81441685625 0.30868460625 0.8152052296875001 0.3022082484375 0.8154478062500001 0.29351845625 0.797188184375 0.2935312234375 0.7971332624999999 0.3230194890625 0.8010751328125 0.3230194890625 0.8036221906250001 0.3224456328125
5 0.86386983125 0.2902726875 0.8638216312500001 0.2654671890625 0.8638216312500001 0.25152419843749996 0.8541820578125 0.25152419843749996 0.8543748499999999 0.2659838625 0.8543748499999999 0.2903378421875 0.86386983125 0.2902726875
3 0.6388598875 0.34377391562500004 0.6387762875 0.3910941265625 0.7192745296874999 0.3914331609375 0.7949006203125 0.39132015 0.7949006203125 0.343426971875 0.7714999515625001 0.3438790171875 0.771081953125 0.29361259375 0.7480952125 0.29361259375 0.748178815625 0.25985376875 0.6591671046875 0.2599667796875 0.6208452015625 0.2599123046875 0.6205517703125001 0.2927243203125 0.6204681734374999 0.34388692656250003 0.6388598875 0.34377391562500004
5 0.6301583984375 0.3279697578125 0.6300696203125 0.3274897203125 0.6301140109375 0.3111210640625 0.630025234375 0.291683775 0.6206594296875 0.2916309359375 0.6208812078125 0.30464056875 0.6208812078125 0.32790975312500004 0.6301583984375 0.3279697578125
0 0.6750223625 0.291233840625 0.6785961828125 0.2884630546875 0.6822751140625 0.28441344687500003 0.6850605921875 0.27852659375 0.6867423921875 0.2731981609375 0.6871102828125 0.2665198578125 0.6871102828125 0.25962841718749996 0.6662403968749999 0.259381934375 0.666455703125 0.2927968484375 0.6717113234375 0.29265475625000004 0.6750223625 0.291233840625
3 0.34559928125 0.4023861078125 0.345692659375 0.39052107343750003 0.41720921874999994 0.391404640625 0.41720921874999994 0.35268928437499997 0.45381189062500005 0.35268928437499997 0.45399863749999997 0.32038483906250004 0.45399863749999997 0.2539002546875 0.385156390625 0.2539002546875 0.33639680781250003 0.2535278265625 0.3368221125 0.33779488125 0.3366353640625 0.40251233124999997 0.34559928125 0.4023861078125
0 0.3435583 0.30980269531250004 0.3467847484375 0.3091796203125 0.35001119531249997 0.3076842375 0.35319155156250004 0.3050050109375 0.35664846093749997 0.3003942484375 0.3590452484375 0.2957211796875 0.360888934375 0.2896237546875 0.3613037625 0.28239607499999997 0.3366170109375 0.28234390781249996 0.3365523 0.30967808125 0.33959437812500004 0.3097403890625 0.3435583 0.30980269531250004
5 0.3978739328125 0.39146743281249996 0.3980514859375 0.3791064859375 0.3862441546875 0.3791064859375 0.3735891171875 0.37896602968750004 0.3734158890625 0.39146743281249996 0.38420228437500004 0.3915274359375 0.3978739328125 0.39146743281249996
5 0.4540795703125 0.31607845156250003 0.4540795703125 0.30617769375 0.4540351796875 0.28218845312499996 0.4445363828125 0.2822641828125 0.44471360468750004 0.29459680625 0.444757990625 0.31601844843750004 0.4540795703125 0.31607845156250003
3 0.453847315625 0.2656314640625 0.4541273046875 0.144768959375 0.4174487171875 0.14514745625 0.41758872656249996 0.1031876359375 0.33827693281250004 0.103944621875 0.324977353125 0.08483069062500001 0.3122377640625 0.10716182031249999 0.29977815625000004 0.0855876765625 0.2920784015625 0.11431346406250001 0.255259575 0.11393497187499999 0.255399565625 0.1031479 0.23717260625 0.1032133859375 0.2376759671875 0.1790093890625 0.2375359671875 0.26600995781250003 0.453847315625 0.2656314640625
5 0.391577459375 0.11591728593749999 0.391628203125 0.10315991875 0.38056730625 0.10315991875 0.3671981171875 0.103305765625 0.36712172656250003 0.11591728593749999 0.3758486703125 0.1157801078125 0.391577459375 0.11591728593749999
5 0.4446916984375 0.215301078125 0.4542999140625 0.21516854375 0.454250890625 0.198412125 0.4542018703125 0.18132436875 0.44450576875000003 0.1811819484375 0.444789740625 0.18160804218749999 0.444789740625 0.196717046875 0.4446916984375 0.215301078125
0 0.29294390312499996 0.3679230171875 0.2878138546875 0.3746010015625 0.285660503125 0.3803372203125 0.28452049218750003 0.3871864359375 0.2845838234375 0.39018296874999997 0.2848818046875 0.40179641562499996 0.30561069218750003 0.4019761078125 0.305547359375 0.3632141796875 0.2991506328125 0.3643271765625 0.29294390312499996 0.3679230171875
5 0.3201775 0.402838253125 0.3203041640625 0.3897391265625 0.313337434375 0.3897391265625 0.303901303125 0.3895612296875 0.3040906765625 0.4027526375 0.31099407968750004 0.4027526375 0.3201775 0.402838253125
5 0.286293840625 0.402495790625 0.286293840625 0.3895678953125 0.27932710781250003 0.3896535109375 0.2702514203125 0.3897494640625 0.270080353125 0.40258140625000005 0.276603746875 0.40258140625000005 0.286293840625 0.402495790625
5 0.2259477703125 0.3917193578125 0.225871203125 0.3789887171875 0.21208948749999998 0.3786782140625 0.20096492812500003 0.37867015625 0.2008344203125 0.3917193578125 0.2093331421875 0.391822859375 0.2259477703125 0.3917193578125
0 0.22227264687499998 0.3044006078125 0.2178318703125 0.30771264375 0.2143098765625 0.31247369687500004 0.2120129203125 0.31795925625 0.21094101250000002 0.32458333125 0.2111707046875 0.33348443125 0.22892696406250002 0.3332724046875 0.22901036874999997 0.30346909843750003 0.225871203125 0.30326209375 0.22227264687499998 0.3044006078125
0 0.15571899843749998 0.2292469046875 0.1581010578125 0.23633108281249998 0.1633415875 0.24309324999999998 0.1720361015625 0.2484063828125 0.183589078125 0.2480843765625 0.183697365625 0.21842998281249998 0.183589078125 0.219103646875 0.15452796562499999 0.2184596328125 0.15571899843749998 0.2292469046875
5 0.12446484218750001 0.3382418625 0.11339143125 0.3280145203125 0.10388656562500001 0.320231515625 0.098397615625 0.330989746875 0.1089895765625 0.340845184375 0.11882497031249999 0.34921300781250003 0.12446484218750001 0.3382418625
0 0.1179996203125 0.2457030046875 0.122814146875 0.2478414484375 0.12755989843749999 0.24830632656249998 0.13326855625 0.2465397875 0.1376016296875 0.243285634375 0.141178134375 0.2388227921875 0.143172725 0.2342669765625 0.1186399015625 0.21352600625 0.10740765781249999 0.23752113125 0.1135289890625 0.2427277765625 0.1179996203125 0.2457030046875
5 0.223256034375 0.11603817187500001 0.223256034375 0.1029952203125 0.21143498125 0.10290884062500001 0.198208178125 0.1029952203125 0.1980164828125 0.115779040625 0.2072816359375 0.11595179375 0.223256034375 0.11603817187500001
1 0.30118545937499996 0.22853733593749997 0.29207486718750003 0.22974397500000002 0.2860011390625 0.23432920156249998 0.2827856359375 0.2427756703125 0.2799274109375 0.2338465453125 0.27367504375 0.22926131875000003 0.264743090625 0.22901999218750002 0.26527900781249997 0.2659431296875 0.27278184843750003 0.2659431296875 0.30118545937499996 0.2659431296875 0.30118545937499996 0.22853733593749997
2 0.3086308265625 0.09701622343750001 0.301595371875 0.08589791249999999 0.2984095046875 0.084821946875 0.2966838265625 0.08840849843750001 0.304117515625 0.10311336093750001 0.3107547375 0.1135143609375 0.31606451562500004 0.111003775 0.3191176375 0.1049066359375 0.32509113749999996 0.09235370625 0.33119738125 0.10311336093750001 0.335312459375 0.11154175625 0.338896559375 0.1135143609375 0.33956028125 0.1066999125 0.33916204843750003 0.1066999125 0.3264185828125 0.08464261875 0.31978135937499996 0.0910984125 0.3128786484375 0.1061619296875 0.3086308265625 0.09701622343750001
2 0.2535622734375 0.58413621875 0.2556444453125 0.6050763609375001 0.2734585828125 0.5982004937500001 0.2746153453125 0.619765715625 0.2766975171875 0.6244538078125 0.29775058906249996 0.6160152421875 0.2962467984375 0.6060139796875 0.2785483375 0.61226476875 0.2785483375 0.5978879546875 0.2755407546875 0.587574153125 0.259346084375 0.5950751000000001 0.259346084375 0.5691343265625 0.232046496875 0.5831986015624999 0.23181514375 0.5844487578125 0.236210840625 0.5891368499999999 0.2535622734375 0.58413621875
1 0.8381888140625 0.6920064921875 0.833208378125 0.697239525 0.8274901 0.7072072109375 0.8273056390625 0.7181716625 0.8547902640625 0.718670046875 0.8553436453125001 0.6753106203125 0.8553436453125001 0.66783485625 0.8273056390625 0.6670872796875 0.8280434812499999 0.676805771875 0.8309948515625001 0.6867734578125 0.8381888140625 0.6920064921875
1 0.83868451875 0.7890837796875 0.83148471875 0.798810159375 0.8279771218749999 0.809284721875 0.8279771218749999 0.8160183703125 0.855114834375 0.8172653421874999 0.8556686656249999 0.765890103125 0.8552994453125 0.7656407078125 0.8277925125 0.76514191875 0.8294540046875 0.776364665625 0.8331462109375 0.7838464968750001 0.83868451875 0.7890837796875