3 0.9245515093750001 0.8116573562499999 0.9245515093750001 0.6877388875 0.9245515093750001 0.572216509375 0.8645084828125 0.5725044203125 0.8645084828125 0.5313331171875 0.7946779265624999 0.5312237109375 0.7949346937499999 0.722646128125 0.7947318515624999 0.811081525 0.9245515093750001 0.8116573562499999
0 0.8357061828125 0.58315713125 0.8428056953124999 0.5719285984375 0.8486881515625001 0.5488957015625 0.8490938359375001 0.5310452015625 0.8094026671875 0.5305898390625 0.809133725 0.5961131468749999 0.8215071578125 0.5932340328125 0.8357061828125 0.58315713125
5 0.8910823875 0.812785671875 0.8910823875 0.7886011234375 0.8561933484375001 0.7883132140625 0.821676184375 0.7882584953125 0.8221156921875 0.812785671875 0.8503108921875 0.8130735828125 0.8910823875 0.812785671875
5 0.7806548640625001 0.8114527 0.780720740625 0.7896650140625 0.748536803125 0.7895715046875 0.7242748296875 0.7894296703125 0.7245909828125 0.8111721734374999 0.7333526421875 0.8114527 0.7806548640625001 0.8114527
3 0.5229416625 0.8682201796875001 0.5745820312500001 0.8689999421874999 0.6435977671875001 0.86915589375 0.6859195765625 0.858707053125 0.712399225 0.8112721203125 0.710421490625 0.789594675 0.7103116218750001 0.775845553125 0.746899684375 0.775845553125 0.7470095531250001 0.769919346875 0.7461305640625 0.760562175 0.744042959375 0.7529204859374999 0.7417355984375 0.746058559375 0.7392084999999999 0.741030165625 0.7333851796874999 0.7335444296875 0.72558411875 0.7262146421875 0.7174525843749999 0.7226277265625 0.7105305203125 0.7220039171875 0.71042065 0.668929409375 0.7102008953125 0.617894921875 0.7073441703125 0.617894921875 0.707454040625 0.511315953125 0.657571140625 0.511315953125 0.6103273265625 0.5114719062499999 0.57297014375 0.5114719062499999 0.5229234546875 0.5116114140625 0.5229416625 0.6229106859375 0.523161409375 0.7352725453125 0.5229416625 0.8682201796875001
0 0.663820259375 0.5762892921875 0.666562340625 0.5857655937499999 0.6700197515624999 0.5938881359375 0.676696128125 0.6030259984375 0.6833725078125 0.60945635 0.692790965625 0.6141944968749999 0.70077876875 0.61588669375 0.7070974828125001 0.61588669375 0.7072239125 0.560908553125 0.66286649375 0.56072108125 0.663104934375 0.5685051875 0.663820259375 0.5762892921875
0 0.7435791093749999 0.750553428125 0.739167934375 0.7407386890625001 0.7330876609375 0.7321084859375 0.72462296875 0.7249831546875 0.716158275 0.7226140812499999 0.70983956875 0.721260321875 0.6995865625000001 0.7207296359375001 0.7004211031249999 0.776782475 0.7479902843749999 0.7762748171875 0.746917303125 0.763921784375 0.7435791093749999 0.750553428125
5 0.61585120625 0.8454388890625 0.57400463125 0.8454388890625 0.5741238562500001 0.8692988640625 0.643781040625 0.869468084375 0.6656085765624999 0.864053053125 0.685637703125 0.8589764625 0.706262934375 0.8220052593749999 0.6924029296875001 0.8077278765625 0.677141059375 0.837485565625 0.6430401390625 0.8457773265625 0.61585120625 0.8454388890625
3 0.6196169328125001 0.5219228890625 0.70691431875 0.5210950000000001 0.7073031703125 0.4807594921875 0.7092474265625001 0.3131597046875 0.708858575 0.21540125468750002 0.635198509375 0.21484931875000002 0.5225680703125 0.2148135140625 0.5227877296875 0.3628779984375 0.52317658125 0.5210950000000001 0.6196169328125001 0.5219228890625
5 0.6748151984375 0.23830629062500003 0.6746207796875 0.21484931875000002 0.6258336390625 0.2142973921875 0.5631817328125 0.21359837656249997 0.5630201140625 0.23803032812499997 0.605988321875 0.23830629062500003 0.6748151984375 0.23830629062500003
0 0.67782804375 0.430953515625 0.6723841125 0.438680521875 0.6671345984375 0.4502710171875 0.6632460734375 0.46655292031249995 0.662857221875 0.479247278125 0.707380834375 0.4786953515625 0.7075872796875 0.42077930781250006 0.696881821875 0.421294765625 0.6865772296875 0.4251582640625 0.67782804375 0.430953515625
0 0.7307764109375 0.361243321875 0.7202773859375 0.354068253125 0.7082229703125 0.352136503125 0.707801175 0.4147036203125 0.7484691906250001 0.41533233750000004 0.7467193671875 0.3882878296875 0.7399144359375 0.373109790625 0.7307764109375 0.361243321875
5 0.7836603453125 0.2383497625 0.7840491968750001 0.2148927953125 0.75274656875 0.21461683125 0.7189237171875 0.21450972968749998 0.7191108328125 0.2380737984375 0.7432196921875 0.23752187187499998 0.7836603453125 0.2383497625
3 0.92436015625 0.42706989531249995 0.9247490203125001 0.348375340625 0.9255267234375 0.215823025 0.8955850671875 0.215823025 0.7942147703125 0.2148135140625 0.79390015 0.336232909375 0.7946778531249999 0.42762182343750005 0.92436015625 0.42706989531249995
5 0.8889745828125 0.2376018453125 0.88878015 0.21414488281250002 0.8580608062499999 0.21414488281250002 0.82287670625 0.21390216093749997 0.8226752328125 0.238429746875 0.8479506453125 0.23815377343750002 0.8889745828125 0.2376018453125
0 0.8360906484375 0.381535778125 0.8263693265625 0.37242895468750004 0.81703686875 0.3671856296875 0.8067322765625 0.36663370156249997 0.8061928937499999 0.42685499531250004 0.8471729421875 0.4278977859375 0.84581195625 0.40609660468750003 0.8417290124999999 0.3922983875 0.8360906484375 0.381535778125
5 0.9257211421875 0.5060404140625 0.9259155609375 0.484791159375 0.9257211421875 0.4538831484375 0.9082208265625 0.453891803125 0.9088060640625001 0.48313536875 0.909000484375 0.50576445 0.9257211421875 0.5060404140625
3 0.3487719796875 0.4837370703125 0.3484783515625 0.52207879375 0.4791392984375 0.523329078125 0.47884566875 0.41782179687500004 0.47884566875 0.21472564218749998 0.3552208046875 0.21472564218749998 0.25489801875 0.21476233749999998 0.25450945625 0.2827247046875 0.2550966953125 0.4837370703125 0.3487719796875 0.4837370703125
5 0.330902396875 0.23738303125 0.3312597796875 0.2142177484375 0.299571359375 0.2142177484375 0.2732704953125 0.21426536093749998 0.2736011484375 0.237213940625 0.29528270624999997 0.23738303125 0.330902396875 0.23738303125
5 0.44008306406250003 0.2376087390625 0.4398447984375 0.214950725 0.40851376874999995 0.214950725 0.3702536953125 0.21463763125000002 0.3702732390625 0.2372705609375 0.3980303890625 0.2372705609375 0.44008306406250003 0.2376087390625
0 0.2928401796875 0.4304032828125 0.2825601390625 0.42237808125000004 0.26731139375 0.41970301406250005 0.2672995265625 0.4835064328125 0.307060921875 0.48366144218749996 0.30654691562499997 0.462990465625 0.3017495625 0.445480934375 0.2928401796875 0.4304032828125
0 0.27193741875 0.5128833984375001 0.276734771875 0.5228540984375 0.28461614218750003 0.5340407500000001 0.293182846875 0.5408500078125 0.3044909 0.5454705796875 0.31168693593749996 0.5452273937500001 0.3121602953125 0.48966361875000003 0.269367409375 0.4885646046875 0.269881403125 0.502669503125 0.27193741875 0.5128833984375001
3 0.12870549375 0.869484396875 0.19683085 0.8702461921875001 0.23958894531250002 0.8593270859375 0.2664375625 0.8098219625 0.27037345468749996 0.8110916234375001 0.27037345468749996 0.7897612796875 0.27055235781250003 0.7839208296875 0.2716257796875 0.7839208296875 0.2714468765625 0.7633111375 0.2678687921875 0.76305720625 0.2678687921875 0.686520615625 0.2678687921875 0.5678517656250001 0.2669742734375 0.47281923125 0.2633961890625 0.4730731640625 0.2632172859375 0.4092743546875 0.300608259375 0.41029008281249996 0.3004293484375 0.398101309375 0.29828250624999997 0.38438894375 0.2920208609375 0.371946246875 0.2825389375 0.3610271421875 0.27198358749999996 0.35463767343749997 0.2796764671875 0.35235227812500003 0.2862959203125 0.34701970000000004 0.292557565625 0.336862390625 0.29720908437500004 0.324673625 0.2991770296875 0.312992725 0.30008165937500003 0.30131182343749996 0.2630485046875 0.30055001875 0.2628696078125 0.21516693125000003 0.2117081296875 0.21542086249999998 0.21099251562500002 0.168443321875 0.20419414218749998 0.168443321875 0.19131304375 0.1755534359375 0.1814733140625 0.19002759687499998 0.17395935 0.20983434375 0.16877112656249998 0.192566925 0.1639407109375 0.18342534531250002 0.15320645625 0.174537703125 0.144082353125 0.17047478124999998 0.1354949421875 0.1689511859375 0.1354949421875 0.21516693125000003 0.076779975 0.21471525468750002 0.07610766249999999 0.6670192265625 0.07646547031249999 0.8687226000000001 0.12870549375 0.869484396875
5 0.23987540312500003 0.8597226234375 0.2602704765625 0.8218866609375001 0.24703157187499997 0.808174296875 0.23057237812500003 0.8370441874999999 0.19060633124999998 0.845423965625 0.1271742171875 0.8445000765625 0.127344675 0.869879934375 0.19675948906250001 0.869879934375 0.23987540312500003 0.8597226234375
0 0.32728360156249997 0.7175091796874999 0.3163465765625 0.7191724421875 0.30736259062500004 0.7239774171875 0.3004618484375 0.731369690625 0.294472528125 0.7404252203125 0.2900456421875 0.7539161187500001 0.2895248328125 0.769070271875 0.2863999609375 0.7696246906249999 0.2863527078125 0.78346205625 0.3302782578125 0.7838548140625 0.330017853125 0.7683310484375 0.32741380000000003 0.7683310484375 0.32728360156249997 0.7175091796874999
5 0.4384821671875 0.8117664984375 0.4383459890625 0.7885727390625 0.41247307656250004 0.7885727390625 0.38217827187500003 0.7885375703124999 0.38237879218750004 0.8119597796875 0.40484737031250007 0.8121530609375001 0.4384821671875 0.8117664984375
0 0.3817347953125 0.6737173515625 0.3724750140625 0.6652129734375001 0.36267054375 0.6611540640625 0.354091621875 0.6598010953125 0.3482361765625 0.6599943765625 0.3487708859375 0.7161971140625 0.39330951875000003 0.7158526796875 0.3927648265625 0.701356578125 0.3879987640625 0.6835746984375 0.3817347953125 0.6737173515625
1 0.2507008375 0.415400740625 0.30373370624999996 0.4176831609375 0.30373370624999996 0.375838765625 0.30560860624999997 0.29595400625 0.25230789374999996 0.2951932 0.251236521875 0.2967148140625 0.2507008375 0.340080825 0.2507008375 0.415400740625
1 0.2158812765625 0.1658559734375 0.1714193765625 0.1666167796875 0.1307072734375 0.1673775875 0.13017158906249998 0.23280700781250002 0.129635903125 0.2350894296875 0.2174883328125 0.2350894296875 0.2158812765625 0.1658559734375
1 0.267067190625 0.686607015625 0.26583076875 0.6058297203125 0.267067190625 0.5610510015625 0.21080998125 0.5592949734375 0.212046403125 0.6391942546875 0.2114281921875 0.6874850296874999 0.267067190625 0.686607015625