3 0.746598996875 0.39009093125 0.774351621875 0.41927889843750005 0.9367420187500001 0.41905086875 0.9641196203125 0.389160328125 0.9971227765625 0.3898444203125 0.996747703125 0.315715865625 0.996747703125 0.20620555000000002 0.9322416062500001 0.20620555000000002 0.8349488203125001 0.20620555000000002 0.7220751875 0.206117871875 0.7222216968749999 0.31341708125 0.723721834375 0.39009093125 0.746598996875 0.39009093125
0 0.762725540625 0.2547576875 0.7766018515625001 0.24768872343749998 0.7454738937500001 0.22876214374999998 0.7293473640625 0.21918484375 0.7218136046875 0.219170853125 0.7222216968749999 0.260914521875 0.7357229750000001 0.260686490625 0.7477241140625 0.2586342109375 0.762725540625 0.2547576875
5 0.9067391890625001 0.41882283749999993 0.9067391890625001 0.4074212828125 0.8542342187499999 0.407193253125 0.804744115625 0.40743500624999995 0.8039794546874999 0.41905086875 0.8546092406250001 0.41882283749999993 0.9067391890625001 0.41882283749999993
5 0.7844775890625 0.4076493140625 0.7736015515625 0.3948795765625 0.7634851546875 0.3845922890625 0.746598996875 0.3905469921875 0.758975171875 0.403544759375 0.7676010015625 0.4131220640625 0.7844775890625 0.4076493140625
5 0.9438677109375 0.41220993437500003 0.9513684250000001 0.40400082031249995 0.9629945296875 0.391003053125 0.9458497609375 0.3843412703125 0.9363669968749999 0.3960197359375 0.9273661453125 0.40628113125 0.9438677109375 0.41220993437500003
0 0.662717728125 0.29713759375 0.6758439953125001 0.3055747390625 0.7185980468750001 0.27843904531249997 0.7185980468750001 0.272510240625 0.6519349531249999 0.271884815625 0.6525917859375 0.2814034546875 0.6555920625 0.28801635000000003 0.662717728125 0.29713759375
5 0.6499665328125 0.3906857359375 0.6499665328125 0.37951221875 0.606837434375 0.37928418124999996 0.57147998125 0.3790698734375 0.570083959375 0.39045770625 0.606837434375 0.3906857359375 0.6499665328125 0.3906857359375
3 0.65934243125 0.19009866875 0.712597471875 0.17025996875 0.723848528125 0.1700319390625 0.7253486671875 0.08970959375000001 0.7253486671875 0.036769448437500005 0.667968234375 0.0365414171875 0.540535759375 0.0356760578125 0.541206221875 0.123020596875 0.5408311875 0.18873048750000002 0.65934243125 0.19009866875
5 0.6720936265625 0.046802814062499996 0.6724686734375 0.03608535625 0.6319648296875 0.035629296875 0.5970605359375 0.0356760578125 0.5970865140625 0.046802814062499996 0.63646524375 0.046802814062499996 0.6720936265625 0.046802814062499996
0 0.6882201703125 0.1526831046875 0.6702184421874999 0.1483505140625 0.6533418546875 0.185975634375 0.658967384375 0.19076429374999998 0.7154737531250001 0.1697201359375 0.7110973328125 0.164312690625 0.701721434375 0.1586119171875 0.6882201703125 0.1526831046875
3 0.9966482796875 0.21430506093749999 0.9962732328125 0.1287195296875 0.9958982109375001 0.0367676 0.93846064375 0.03699563125 0.92308419375 0.0237698328125 0.90620758125 0.0148766234375 0.8848305562500001 0.0075796296875000006 0.8597031875000001 0.0030190109375 0.8372010453125001 0.0021068859374999997 0.8124486984375 0.003703103125 0.7925718109375001 0.0068955390625 0.7726949234375 0.01373646875 0.7531930828125 0.0237698328125 0.7374415859375001 0.036311540625 0.7113478578125 0.036680134375 0.7122489859375001 0.1339827171875 0.7156243078125 0.213849 0.9966482796875 0.21430506093749999
5 0.8120084453124999 0.0162632828125 0.8330104234375 0.01421100625 0.8551375437500001 0.014667067187499999 0.8723891781249999 0.0189996546875 0.8926410859375 0.0249284625 0.9087676046875 0.034733798437500005 0.9222688953124999 0.0438550375 0.9383954375 0.0363300140625 0.9282694453125 0.02698074375 0.9117678796875 0.017175407812499998 0.896016409375 0.0107905390625 0.8753894531249999 0.0055370078125 0.8543874499999999 0.00257260625 0.8243846203125 0.00234456875 0.8003823406249999 0.0048529093750000005 0.7771301312500001 0.0110097515625 0.7621287031249999 0.017622646875000002 0.7482523921875 0.026025309375 0.7368276578125 0.0346719828125 0.7527528296875 0.0431709421875 0.7730047390625 0.0288049890625 0.7917565109375 0.0217360296875 0.8120084453124999 0.0162632828125
0 0.7546280140625 0.17528691875 0.7377514015625 0.17072629687500002 0.725750275 0.1686740203125 0.7116596921875 0.168214021875 0.7114989171875 0.208351421875 0.7216248843749999 0.208351421875 0.7651290046875 0.18212784843750002 0.7546280140625 0.17528691875
3 0.1530619375 0.2605526171875 0.155555396875 0.26132294843750004 0.176500509375 0.26132294843750004 0.1767498625 0.2963691796875 0.1772485546875 0.38375734375000004 0.0606003875 0.384212175 0.00350004375 0.383908953125 0.0042480734375 0.5445173953125 0.264153609375 0.5436895125000001 0.2708859609375 0.5432346859375 0.28061048125 0.54884421875 0.2963193140625 0.55885040625 0.306542525 0.564156721875 0.312526840625 0.5597600625 0.3175137734375 0.555060184375 0.3212539671875 0.5476313453125 0.3237474265625 0.552634440625 0.3282356671875 0.5580923640625 0.33746148593749997 0.564156721875 0.3539183578125 0.5543021390625 0.3701258921875 0.54399273125 0.457147828125 0.54399273125 0.457147828125 0.44701635156249997 0.45814521093750005 0.21260857500000002 0.45839454843749994 0.096996575 0.45839454843749994 0.036012932812499995 0.399240259375 0.036164542187499996 0.392757253125 0.029645356249999998 0.378297271875 0.0199423859375 0.3660792703125 0.014029635937500002 0.35037044375000004 0.0087233234375 0.33439304999999997 0.0046298812500000005 0.31968160624999997 0.002355746875 0.30397276406249996 0.00144609375 0.283775696875 0.0020525296875 0.26682013437499996 0.0043266625 0.24512697656250002 0.008874931249999999 0.2301661953125 0.015242506250000001 0.21520539843750003 0.0229745625 0.199496571875 0.035709715625 0.1495303796875 0.03573589375 0.14982043437499998 0.127960421875 0.1508178171875 0.2153485859375 0.1530619375 0.2605526171875
0 0.201860190625 0.16465807187499998 0.192262153125 0.158968125 0.18242417187499999 0.15634199531249998 0.1728261328125 0.15400765624999999 0.1632280953125 0.153569965625 0.1494394546875 0.152915053125 0.150030796875 0.1922324453125 0.157949175 0.1922324453125 0.1788248953125 0.179831275 0.201860190625 0.16465807187499998
0 0.18464337343749998 0.24828450468750002 0.1923659828125 0.2453949453125 0.200286584375 0.24033821562500002 0.1573172578125 0.21421178593749998 0.150334946875 0.21445928281249999 0.1491986328125 0.2523780453125 0.1614755875 0.2523780453125 0.17355452031250002 0.25105366406249996 0.18464337343749998 0.24828450468750002
5 0.239233359375 0.024958571875 0.22708503281249998 0.016587221875 0.22060592343750002 0.0201327359375 0.2144507796875 0.0238752203125 0.208295625 0.0281101390625 0.1990650578125 0.0355736484375 0.21477473281249998 0.0419967359375 0.222549659375 0.034708734375 0.22951469531250002 0.0300798703125 0.239233359375 0.024958571875
5 0.2758403109375 0.013829600000000001 0.27065703124999996 0.0037839781250000003 0.258508703125 0.00595068125 0.2499238859375 0.0079204109375 0.2419869765625 0.010481059375 0.2314584328125 0.014420520312499999 0.24182500468749998 0.0234812765625 0.2533254109375 0.019049384375 0.2640159390625 0.015996301562500002 0.2758403109375 0.013829600000000001
5 0.31763054375 0.01323868125 0.32103208125 0.0029960859375 0.305806171875 0.002011221875 0.2934958734375 0.0018142484375 0.2781846359375 0.0025070953125 0.281509528125 0.013435654687500001 0.29543960937499997 0.012155329687499999 0.3074259546875 0.012155329687499999 0.31763054375 0.01323868125
5 0.355430253125 0.0234407625 0.36628276249999997 0.0142815203125 0.3521906984375 0.009258710937500001 0.3393944640625 0.00600865625 0.32861445625 0.0035912453125 0.3231967015625 0.013887575 0.3348590921875 0.016054278124999998 0.34603555468749997 0.01950130625 0.355430253125 0.0234407625
5 0.38377635312499997 0.042054709375 0.39884027031249997 0.0355546 0.3887976515625 0.0266908171875 0.3790789984375 0.020387684375 0.3717381890625 0.016384206249999998 0.36012760781250003 0.0248195765625 0.370656153125 0.030728764062500004 0.3785930625 0.036834928125 0.38377635312499997 0.042054709375
5 0.1875701359375 0.54473525625 0.1875701359375 0.5344184796875 0.14294513281250001 0.5343153125 0.08420660468749999 0.53401155 0.084067271875 0.5448384234375 0.1292013109375 0.5448384234375 0.1875701359375 0.54473525625
0 0.099036503125 0.351997659375 0.113407490625 0.36039514375000004 0.122739296875 0.3531324546875 0.1285250203125 0.3460967296875 0.1316978328125 0.33713185 0.13207110312499998 0.3287343671875 0.068189465625 0.3285535609375 0.0674949875 0.332819628125 0.0751470671875 0.33747228749999997 0.099036503125 0.351997659375
0 0.085971971875 0.25388703125 0.08690515625 0.2622845140625 0.090264596875 0.26750456875 0.14868172968749999 0.2563835796875 0.15222781406250002 0.2515039609375 0.0954976828125 0.23348991875 0.08933142499999999 0.24117732812499998 0.086531871875 0.24730522187499998 0.085971971875 0.25388703125
0 0.1124897046875 0.0685015265625 0.12064548125 0.062593025 0.126545415625 0.0560514734375 0.131577696875 0.0461336296875 0.1320982828125 0.03611028125 0.06771965625000001 0.0358992609375 0.06771965625000001 0.0413857265625 0.0909723140625 0.0560514734375 0.1124897046875 0.0685015265625
5 0.057749984374999994 0.04638719375 0.05792350625 0.03562528125 0.043694275 0.03562528125 0.0242648015625 0.035671134375 0.023912164062499998 0.0460706671875 0.035017901562499995 0.0461761765625 0.057749984374999994 0.04638719375
1 0.340967871875 0.5670144765625 0.393762896875 0.53400183125 0.2559092203125 0.5331095968749999 0.2522428984375 0.53400183125 0.3021048671875 0.565676125 0.31970320937499996 0.5665683593749999 0.32263626562500003 0.5554154390625 0.340967871875 0.5670144765625