5 0.059862115625000004 0.22971213124999998 0.06016724062499999 0.2003033859375 0.048583987499999995 0.20035094843749998 0.048572484375 0.2245527015625 0.048572484375 0.2591208765625 0.05955699062499999 0.2586049328125 0.059862115625000004 0.22971213124999998
5 0.3021448 0.1549008890625 0.3021448 0.13735883124999998 0.2609529046875 0.13787477343750001 0.22741699531249998 0.13738645625 0.2279993890625 0.15541683281250002 0.26766565937500003 0.15438494687499998 0.3021448 0.1549008890625
5 0.2081662546875 0.39385135312499997 0.2081662546875 0.3804368375 0.200866703125 0.3809867859375 0.2008432515625 0.392303525 0.200538125 0.4077818125 0.2081662546875 0.4077818125 0.2081662546875 0.39385135312499997
5 0.2713271609375 0.61627441875 0.2716322859375 0.59821641875 0.255460653125 0.597700475 0.242370609375 0.598781996875 0.243560771875 0.61627441875 0.2603426546875 0.61627441875 0.2713271609375 0.61627441875
5 0.33540344218749996 0.61627441875 0.33540344218749996 0.597700475 0.319842059375 0.59821641875 0.308593753125 0.59826589375 0.3091626796875 0.61627441875 0.3238086859375 0.6167903625 0.33540344218749996 0.61627441875
5 0.39797283125 0.7169123125 0.38607295 0.6978224265625 0.37356281875 0.6771847109375 0.365019315625 0.6880195109375 0.3747833203125 0.704013740625 0.384547325 0.7215558 0.390039578125 0.730842771875 0.39797283125 0.7169123125
5 0.45197998281249996 0.7194920265625 0.430010971875 0.7205239140625 0.3991933328125 0.7184601421875 0.39492157968749997 0.7370340859375 0.417500840625 0.7354862578125 0.4385544765625 0.7370340859375 0.4522851078125 0.7349703140625 0.45197998281249996 0.7194920265625
5 0.46510036406250005 0.6957586546875001 0.4571671109375 0.7086572265625 0.4507594828125 0.7194920265625 0.45686198593749994 0.73290654375 0.4696772421875 0.712268828125 0.4821873734375 0.6895673390625 0.47486436875000004 0.6787325390625 0.46510036406250005 0.6957586546875001
0 0.385157575 0.394860590625 0.379360196875 0.38402579062500003 0.37356281875 0.3773185328125 0.36776544218749996 0.3716431609375 0.3610526875 0.368547503125 0.35345459375 0.3675681234375 0.35281430937499997 0.425817165625 0.3885139515625 0.425301221875 0.3891242015625 0.409822934375 0.385157575 0.394860590625
0 0.232900125 0.565173425 0.22527199687500002 0.5564023953125 0.2161182421875 0.5527907937500001 0.21062598906250002 0.5522748515625 0.2112426796875 0.6147811703125 0.2438846296875 0.6147039421875 0.24449488125 0.5976778265625 0.23991800312499997 0.5770401109375001 0.232900125 0.565173425
0 0.24998713281249998 0.49447202187499995 0.24480000624999998 0.48466910625 0.23747700312500003 0.47744590625 0.2286283734375 0.47280241875 0.22222074531249997 0.47177053437499994 0.2222290078125 0.5322047875 0.2551742609375 0.5326517953125001 0.2551742609375 0.5223329375 0.2533435109375 0.5078865375 0.24998713281249998 0.49447202187499995
0 0.29667128125 0.31748638281249997 0.28934827812499997 0.3092312953125 0.27287151875000004 0.30303998125 0.2722778359375 0.36550371406250004 0.3061301609375 0.36340530000000004 0.3061301609375 0.3468951265625 0.302773784375 0.3303849546875 0.29667128125 0.31748638281249997
0 0.23320525 0.2297071859375 0.22527199687500002 0.21371295781250002 0.21794899218750002 0.20597381406249998 0.2094054875 0.20287815625 0.2014770546875 0.2024153578125 0.201167109375 0.258084046875 0.23686675156249998 0.258084046875 0.23686675156249998 0.245701415625 0.23320525 0.2297071859375
3 0.201167109375 0.1378865765625 0.201167109375 0.3612898515625 0.3357273015625 0.364385509375 0.3366426765625 0.22611281249999998 0.3369751015625 0.13738645625 0.302468659375 0.13840251875 0.2286283734375 0.1389184625 0.201167109375 0.1378865765625
3 0.35281430937499997 0.36495312812499997 0.353729684375 0.5971791093750001 0.3494579328125 0.6002747671875001 0.3491528078125 0.6173008828125 0.3503733078125 0.6895328890625 0.365934690625 0.691596659375 0.39492157968749997 0.7359677484375 0.45533635937500005 0.7359677484375 0.48340787343749997 0.6905475484375 0.49927438124999995 0.6895156625000001 0.49957950625 0.4077419375 0.49927438124999995 0.27975364687500004 0.499023440625 0.1384186609375 0.33023504843749996 0.1378865765625 0.3317606734375 0.3644371859375 0.35281430937499997 0.36495312812499997
0 0.08641119375 0.1017667453125 0.0784779390625 0.094027603125 0.0641370578125 0.0914478875 0.064147953125 0.1549339375 0.0973956984375 0.153876978125 0.0977008234375 0.1363349203125 0.094039321875 0.11621314687499999 0.08641119375 0.1017667453125
0 0.18984861875 0.10537834531250001 0.1800846140625 0.0945435453125 0.1660488578125 0.0914478875 0.16394043281249998 0.1533856296875 0.1996126234375 0.15490886406249998 0.1996126234375 0.1383986921875 0.196866496875 0.119824746875 0.18984861875 0.10537834531250001
0 0.1809999890625 0.20495532500000002 0.1871024921875 0.19205675312499998 0.1910691203125 0.18276978125 0.19228962031250002 0.169355265625 0.19228962031250002 0.1590364078125 0.1575317421875 0.1585466546875 0.156589978125 0.21785389687499998 0.16421810625 0.2168220125 0.1727616109375 0.2132104125 0.1809999890625 0.20495532500000002
5 0.727583765625 0.15444009218750002 0.727583765625 0.13665990625 0.6971651343749999 0.1372949125 0.6757812546874999 0.136695671875 0.6753838937500001 0.153805084375 0.70843129375 0.1550750984375 0.727583765625 0.15444009218750002
5 0.8988293875 0.15444009218750002 0.8992049265625001 0.13665990625 0.8462539781249999 0.13665990625 0.8061147875 0.137966078125 0.805320265625 0.1563451109375 0.8541402890625 0.1550750984375 0.8988293875 0.15444009218750002
5 0.6584846546875001 0.47395443750000005 0.6588601921875 0.45744426562499996 0.6476111828125 0.45366194374999996 0.6475940328124999 0.47331943125000003 0.6472184953125 0.4974496828125 0.6581091156250001 0.4974496828125 0.6584846546875001 0.47395443750000005
5 0.77790594375 0.616195925 0.7775304046875 0.5971457265625 0.7632599359375 0.5958757125 0.7520282500000001 0.595947403125 0.752369315625 0.61429090625 0.7673908625 0.616195925 0.77790594375 0.616195925
5 0.9224883234375 0.652391303125 0.9228638609375001 0.6339761109375 0.8654064484375 0.63461111875 0.8226412296875001 0.6353299859375 0.8229705812500001 0.651756296875 0.868786296875 0.651756296875 0.9224883234375 0.652391303125
0 0.746360696875 0.3100379203125 0.7407276171875 0.31829300625 0.735845615625 0.324008065625 0.7324657671875 0.3348031796875 0.730588075 0.3449632859375 0.7294921921874999 0.360287109375 0.762508859375 0.362108465625 0.7632599359375 0.3055928734375 0.7557491640625 0.303687853125 0.746360696875 0.3100379203125
0 0.797433953125 0.324008065625 0.7891721031250001 0.313847959375 0.78203686875 0.3062278796875 0.7681419390625 0.3062278796875 0.768179090625 0.3647335296875 0.8026914953125001 0.364648490625 0.8038181109375 0.35258336562500003 0.801564878125 0.339248225 0.797433953125 0.324008065625
0 0.8274770453125001 0.412295190625 0.834236740625 0.3976900375 0.8376165890625 0.3799098515625 0.837992128125 0.36847973125 0.8016075765625 0.3691799515625 0.8008138015625 0.42563032968750003 0.8090756515624999 0.4262653375 0.8195907328125 0.4211852828125 0.8274770453125001 0.412295190625
0 0.699042828125 0.448532971875 0.70430036875 0.4593280828125 0.7136888359375 0.47139320937500007 0.7227017625000001 0.47647326406249996 0.7320902296875 0.47710827031249997 0.7328726 0.418090578125 0.696789596875 0.41932266562500004 0.696789596875 0.43710285156250006 0.699042828125 0.448532971875
3 0.6727551218750001 0.364648490625 0.7189463765624999 0.3652834984375 0.7692685546875 0.362743471875 0.76964409375 0.2757475609375 0.768893015625 0.13668110625000002 0.6479867828125 0.13860128124999999 0.6483451109375 0.1970067375 0.6483451109375 0.273207534375 0.6475940328124999 0.3602034453125 0.6727551218750001 0.364648490625
3 0.762508859375 0.20589683124999997 0.7621333203125 0.364013484375 0.83724105 0.364013484375 0.9495943546875001 0.363463125 0.94990264375 0.261777415625 0.9484004890625 0.1385861265625 0.7628843984375 0.1385861265625 0.762508859375 0.20589683124999997
3 0.8008138015625 0.3526257671875 0.8008138015625 0.4574018625 0.8008138015625 0.600955765625 0.79818503125 0.600320759375 0.7978094921875 0.652391303125 0.8533892125 0.652391303125 0.9495943546875001 0.652480465625 0.94990264375 0.5457101875 0.9495271046875 0.35199076093750004 0.85977336875 0.35199076093750004 0.8008138015625 0.3526257671875