5 0.2619082015625 0.37125355937500004 0.2619082015625 0.3610763671875 0.22847753437499999 0.3610763671875 0.2063786078125 0.36074752656250003 0.20584754374999997 0.3716170296875 0.23670662187499997 0.372343971875 0.2619082015625 0.37125355937500004
0 0.28350955624999996 0.38834883593749997 0.30305363750000003 0.39670867187500003 0.31488295 0.39670867187500003 0.31488295 0.361088503125 0.2691358078125 0.36147469375 0.2701372890625 0.37162916562500004 0.2737375140625 0.381442884375 0.28350955624999996 0.38834883593749997
0 0.2840238734375 0.53778400625 0.2737375140625 0.5468707828125 0.26962297031250004 0.5559575609375 0.2696502125 0.5661721921875 0.31488295 0.5654078109375 0.31488295 0.531241525 0.2984247765625 0.53305888125 0.2840238734375 0.53778400625
0 0.3714579234375 0.6006645078124999 0.3704292890625 0.5923046734375 0.3663147453125 0.58576219375 0.3580856578125 0.5788562421875 0.32160494375000004 0.602530540625 0.35397111406250004 0.62538054375 0.3632288375 0.6213823625 0.368886334375 0.611205171875 0.3714579234375 0.6006645078124999
0 0.34522770937499997 0.696645153125 0.3560283859375 0.7028241625 0.368886334375 0.70573193125 0.37917269375 0.70573193125 0.37917269375 0.673383003125 0.33497943124999996 0.67342931875 0.33545566718750003 0.6817428390625 0.34059884687499997 0.6911930875000001 0.34522770937499997 0.696645153125
5 0.2356779859375 0.8206373453125 0.22796321718749998 0.8119140375 0.21409465625 0.817771959375 0.22024844687499998 0.825725940625 0.2300204890625 0.8355396609374999 0.24442139062499998 0.8293606515624999 0.2356779859375 0.8206373453125
5 0.2855668265625 0.8322684203125 0.2665370625 0.8326318921875 0.2670781953125 0.8439499703125 0.27939501093749997 0.843899496875 0.3015106828125 0.843899496875 0.30305363750000003 0.8329953625 0.2855668265625 0.8322684203125
5 0.3359699859375 0.8217277578125 0.32671226249999996 0.8308145359375001 0.33806585 0.8399505515625 0.34728498124999996 0.830451065625 0.356542703125 0.8191834609375 0.3421418015625 0.8130044515625 0.3359699859375 0.8217277578125
3 0.32671226249999996 0.56502006875 0.32722658125000004 0.4730618765625 0.32671226249999996 0.360712896875 0.1739712 0.36147469375 0.1739598328125 0.41488222812500003 0.1739598328125 0.518495765625 0.17447415 0.5661104828125 0.32671226249999996 0.56502006875
3 0.22384867343749998 0.67377074375 0.2212770828125 0.6824940500000001 0.2300204890625 0.6930347125 0.22796321718749998 0.7028484328125 0.22230571875 0.7075735578125 0.2212770828125 0.7144795078125 0.2295061703125 0.7242932296875 0.2300204890625 0.7311991796874999 0.2217914015625 0.7399224875 0.22076276562500002 0.74864579375 0.23053480624999997 0.7562786874999999 0.2300204890625 0.76391158125 0.22230571875 0.7711810031249999 0.22230571875 0.7795408390625 0.2295061703125 0.7882641453125 0.2295061703125 0.7937162125 0.22230571875 0.8028029906249999 0.2109907234375 0.8158879499999999 0.23876389374999998 0.8438873609374999 0.33545566718750003 0.8438873609374999 0.3585999765625 0.817717440625 0.395164615625 0.817771959375 0.3976881390625 0.7323138640625 0.39100200625000003 0.7319503921875 0.3920306421875 0.67268033125 0.22384867343749998 0.67377074375
3 0.497465821875 0.361791175 0.3179688578125 0.3610642328125 0.31642590312499996 0.59883501875 0.373515196875 0.6366360140625 0.5267819453125 0.6341038515624999 0.5267819453125 0.5694059921875 0.5262676265625 0.4868737796875 0.497465821875 0.48723725 0.497465821875 0.361791175
5 0.4203181296875 0.8184392140625001 0.4198038125 0.8068081390625 0.40746018125 0.8068081390625 0.3987654375 0.8068644546874999 0.397173821875 0.81807574375 0.4120890421875 0.8184392140625001 0.4203181296875 0.8184392140625001
5 0.49232264218750005 0.8177122718750001 0.4918083234375 0.807171609375 0.477407421875 0.807171609375 0.4697530921875 0.8072280390625 0.47123560624999994 0.81807574375 0.48409355625000006 0.8184392140625001 0.49232264218750005 0.8177122718750001
0 0.44551970937499996 0.6861114578125 0.43780493906249995 0.6919269953125 0.4321474421875 0.6970155921875001 0.4285472171875 0.7024676578125 0.42602881249999996 0.71524141875 0.47174992343750005 0.715189146875 0.47174992343750005 0.682476746875 0.456834703125 0.6832036890625 0.44551970937499996 0.6861114578125
0 0.433690396875 0.7897249953125 0.42803289843750003 0.7959040046875 0.42391835625 0.80171954375 0.42237540156250003 0.8082620234375 0.42186108281249995 0.8177122718750001 0.46923868906250005 0.817408375 0.4686640171875 0.78063821875 0.4578633390625 0.78063821875 0.445005390625 0.7842729296875001 0.433690396875 0.7897249953125
5 0.7037615125000001 0.49779656406250006 0.70427583125 0.48689243125 0.6785599328125 0.48689243125 0.65545268125 0.48691099375 0.65592994375 0.497069621875 0.6867890203125 0.49779656406250006 0.7037615125000001 0.49779656406250006
5 0.6188990515625 0.63958670625 0.6188990515625 0.6221400921875 0.6019547390625 0.6221640484375001 0.6019265578125 0.6384962921875 0.601412240625 0.660304559375 0.6188990515625 0.6606680296875 0.6188990515625 0.63958670625
5 0.6662163015625 0.8210073328125 0.6564442609375 0.8130109687499999 0.6431070015625 0.8195898765624999 0.6502724453125001 0.8286402265625 0.6579872140624999 0.8359096484374999 0.6723881171875 0.829730640625 0.6662163015625 0.8210073328125
5 0.7248485484375 0.8326384093750001 0.701189921875 0.8326384093750001 0.6852460671875 0.8326384093750001 0.6868312828125 0.8439499703125 0.7073617375000001 0.8439060140624999 0.74336399375 0.843179071875 0.74439263125 0.8330018796875001 0.7248485484375 0.8326384093750001
5 0.7649653484375001 0.8213708046875 0.7567362609375 0.8304575828124999 0.7681070015625 0.8384962171874999 0.7752517078125 0.8300941109375 0.7855380671875001 0.8191899781249999 0.7726801171875 0.8126474968749999 0.7649653484375001 0.8213708046875
5 0.9192607328125 0.7432123796875 0.9192607328125 0.731581303125 0.8801725687499999 0.731944775 0.8519547390625 0.7323298421875 0.8523994 0.74357585 0.8842871125 0.7432123796875 0.9192607328125 0.7432123796875
0 0.7752517078125 0.7017524015625 0.781937840625 0.6963003343749999 0.7891382921875 0.6904847968750001 0.7932528359375 0.6795806640625 0.7927385171875 0.6730381828125 0.7480452734374999 0.673065734375 0.7485071734375001 0.7057505843749999 0.76342239375 0.705023640625 0.7752517078125 0.7017524015625
0 0.7809092046874999 0.651956859375 0.7747373890625 0.6610436375 0.7731944359375 0.6701304140625 0.8205116875 0.6704938859375 0.82160494375 0.6388888875000001 0.79993896875 0.641052725 0.7886239734375 0.644323965625 0.7809092046874999 0.651956859375
0 0.7994246515625 0.594152815625 0.793767153125 0.5865199234375 0.7850237484375 0.5785235578125001 0.7506172890625 0.602530540625 0.7824521578125 0.6250599953125 0.7911955640625 0.6192444578125 0.797881696875 0.6090672671874999 0.7994246515625 0.594152815625
3 0.7824521578125 0.6242966484375 0.7968530609375 0.636654665625 0.8225689578125 0.6352007828125 0.9043455125 0.6359277234375 0.902288240625 0.6217523515625001 0.8930305171875 0.6144829281249999 0.8925162 0.6079404484375 0.9033168765624999 0.5988536703125 0.9048598312499999 0.5894034218749999 0.9557773078125 0.5901303625 0.9547486718749999 0.5359731671875 0.9028025578125 0.5359731671875 0.9048598312499999 0.5283402734375 0.894059153125 0.5210708515625 0.8925162 0.51234754375 0.90383119375 0.5036242375 0.9043455125 0.49817217031250005 0.904423875 0.4865474109375 0.7469642203125 0.48690456718749997 0.74439263125 0.5984901984375 0.7824521578125 0.6242966484375
3 0.8205116875 0.6741528671875 0.653358353125 0.6737893953125 0.6518154 0.682512703125 0.6605588046875 0.6923264234375 0.661073121875 0.699232375 0.6523297171875 0.706501796875 0.6523297171875 0.715225103125 0.6621017578124999 0.72431188125 0.65953016875 0.7323082453125 0.6518154 0.73957766875 0.65130108125 0.748300975 0.6605588046875 0.75593386875 0.6605588046875 0.7642937046875 0.6518154 0.7722900687500001 0.6523297171875 0.7799229624999999 0.6605588046875 0.7868289125000001 0.661073121875 0.79446180625 0.6523297171875 0.8042755265625001 0.6399860875 0.8177239578125001 0.6662163015625 0.8435304078125 0.76342239375 0.8431669359375 0.78810965625 0.816997015625 0.8262345734375 0.8170447921875 0.8266835015625 0.7432123796875 0.8277121375000001 0.7323082453125 0.81999736875 0.7326717171875 0.8205116875 0.6741528671875
3 0.8127969171875 0.638132821875 0.7983960140625 0.6403136484374999 0.786052384375 0.6464926578125 0.775766025 0.6541255500000001 0.7716514812499999 0.665756625 0.7726801171875 0.670845221875 0.81176828125 0.670845221875 0.81176828125 0.7431759734375001 0.8611428046875 0.743902915625 0.9562916250000001 0.7420855609375 0.9552629890625 0.6846571234375001 0.9542343531249999 0.6308633984375 0.8122826 0.6294095140625 0.8127969171875 0.638132821875