5 0.5920060328125001 0.2794117640625 0.5104638015625 0.278074865625 0.5099924578125 0.3014705890625 0.5420437406249999 0.3014705890625 0.591534690625 0.30080213906250003 0.5920060328125001 0.2794117640625
0 0.615101809375 0.5093582890625 0.6660067875 0.5093582890625 0.6655354453125 0.44852941093750004 0.649981146875 0.44852941093750004 0.6301847656249999 0.45855615 0.619343890625 0.47727272656249997 0.615101809375 0.5093582890625
0 0.7084276015625 0.388368984375 0.6957013578125 0.39772727343750003 0.686274509375 0.4151069515625 0.6829751125 0.437165775 0.6829751125 0.45387700625000005 0.727281296875 0.45320855625 0.7263386125 0.3836898390625 0.7084276015625 0.388368984375
5 0.6674208140625 0.278743315625 0.668834840625 0.30213903750000004 0.7192684765624999 0.30080213906250003 0.7183257921874999 0.278743315625 0.6919306187500001 0.2794117640625 0.6674208140625 0.278743315625
3 0.5434577671875 0.5741978609375 0.598133484375 0.5748663109375001 0.5986048265624999 0.5347593578125001 0.6353695328125 0.5340909093749999 0.6353695328125 0.5207219249999999 0.6664781296875 0.5193850265625 0.6664781296875 0.44251336874999997 0.6353695328125 0.44050802187500004 0.634898190625 0.2807486640625 0.6103883859375 0.2800802140625 0.4595588234375 0.2807486640625 0.4595588234375 0.49398395624999997 0.45908748125 0.5340909093749999 0.5429864249999999 0.5347593578125001 0.5434577671875 0.5741978609375
0 0.6396116140625 0.6310160437500001 0.6655354453125 0.6350267374999999 0.6664781296875 0.5768716578124999 0.6155731515625 0.5775401062500001 0.61840120625 0.6029411765625 0.6282993968749999 0.6216577546875001 0.6396116140625 0.6310160437500001
0 0.6801470578125001 0.6958556140625001 0.6947586734375 0.6798128343750001 0.703714178125 0.6577540109375 0.7046568625 0.6283422453124999 0.662707390625 0.62967914375 0.6631787328125001 0.700534759375 0.6801470578125001 0.6958556140625001
5 0.5467571640625 0.8622994640625 0.5137631984375 0.8629679140625001 0.5137631984375 0.8836898390625001 0.5792797890625 0.8850267374999999 0.5802224734375 0.8622994640625 0.5467571640625 0.8622994640625
5 0.7202111609374999 0.8609625671875 0.6919306187500001 0.8622994640625 0.6683634984375 0.8622994640625 0.669306184375 0.8843582890624999 0.721153846875 0.8836898390625001 0.7202111609374999 0.8609625671875
3 0.6353695328125 0.8288770062499999 0.6353695328125 0.6443850265625 0.6645927609375 0.6423796796875 0.665064103125 0.5648395734375 0.5519419296875 0.5635026734374999 0.5519419296875 0.524064171875 0.4595588234375 0.524064171875 0.4595588234375 0.7907754015624999 0.45908748125 0.8816844921874999 0.634898190625 0.8823529406249999 0.6353695328125 0.8288770062499999
3 0.7093702875 0.6991978609375 0.7098416296875001 0.6323529406249999 0.6282993968749999 0.6316844921875 0.6278280546875 0.7386363640625 0.6278280546875 0.8816844921874999 0.765931371875 0.8810160437500001 0.765931371875 0.700534759375 0.7093702875 0.6991978609375
5 0.3498931625 0.278030303125 0.2991452984375 0.2757575765625 0.2996794875 0.3007575765625 0.322115384375 0.3007575765625 0.349358975 0.3022727265625 0.3498931625 0.278030303125
0 0.22542735 0.359090909375 0.24679487187500002 0.3621212125 0.2451923078125 0.2984848484375 0.1944444453125 0.3 0.19871794843749999 0.328787878125 0.2104700859375 0.3477272734375 0.22542735 0.359090909375
3 0.1677350421875 0.553030303125 0.2451923078125 0.5507575765625 0.24465811875000001 0.4242424234375 0.2430555546875 0.28030303125 0.0886752140625 0.28181818125 0.0892094015625 0.41136363593749997 0.08974358906249999 0.553030303125 0.1677350421875 0.553030303125
5 0.252670940625 0.8621212125 0.1955128203125 0.8628787875 0.13835470156250002 0.8613636359375001 0.1394230765625 0.8848484859375001 0.25320512812499996 0.8825757578125 0.252670940625 0.8621212125
5 0.3632478625 0.8628787875 0.3477564109375 0.859090909375 0.346688034375 0.884090909375 0.3830128203125 0.8833333328125 0.3830128203125 0.8606060609374999 0.3632478625 0.8628787875
0 0.2986111109375 0.85 0.296474359375 0.8803030312500001 0.34027777812500004 0.8825757578125 0.3392094015625 0.8106060609375 0.321047009375 0.8128787875000001 0.30608974375 0.83106060625 0.2986111109375 0.85
0 0.297008546875 0.81818181875 0.346688034375 0.81969696875 0.3445512828125 0.7583333328124999 0.3354700859375 0.75681818125 0.3173076921875 0.7651515140625 0.303952990625 0.7734848484375 0.2991452984375 0.790909090625 0.297008546875 0.81818181875
0 0.2767094015625 0.63030303125 0.297008546875 0.63030303125 0.2948717953125 0.5666666671875 0.24465811875000001 0.565909090625 0.247329059375 0.5901515140625 0.2574786328125 0.6113636359375 0.2767094015625 0.63030303125
3 0.29380341875 0.7545454546875 0.2948717953125 0.5424242421875001 0.165598290625 0.54318181875 0.088141025 0.5416666671875 0.088141025 0.7363636359375 0.0886752140625 0.878030303125 0.29326923125 0.8810606062499999 0.29380341875 0.7545454546875
3 0.23838141093749998 0.2992424234375 0.1936431625 0.29829545468749996 0.1983173078125 0.3333333328125 0.20900106875 0.34943181874999996 0.2270299140625 0.36079545468749996 0.237045940625 0.3645833328125 0.23637820468749998 0.5142045453125 0.39596688125 0.5151515140625 0.3946314109375 0.28219696875 0.23838141093749998 0.2793560609375 0.23838141093749998 0.2992424234375