3 0.99535539375 0.716746203125 0.9951959140625 0.597946415625 0.9955148749999999 0.5069664171875 0.8329355015625 0.5066233046875 0.8329355015625 0.5083388609374999 0.8288744828124999 0.5082190078125 0.8288157609375 0.6449943171875 0.8292942234374999 0.7169177578125 0.99535539375 0.716746203125
0 0.8854333921875 0.544894075 0.8891015828125 0.539404303125 0.893248225 0.53048341875 0.8958000078125 0.5210478671875001 0.8972353859375 0.5128132015625 0.8975543578125 0.50629409375 0.8508496265625001 0.5061416578125 0.8503464046874999 0.51212698125 0.8559284359375001 0.5174452015625 0.8854333921875 0.544894075
5 0.9450696031250001 0.71714935625 0.944891771875 0.7016553859375 0.9118133640625 0.7014641015625 0.876642190625 0.7015168593750001 0.8771152796875 0.7173406390625 0.887809465625 0.7172449984375 0.9450696031250001 0.71714935625
3 0.6006877312500001 0.7170053515625 0.8382638015625 0.7167757609375001 0.8380503562499999 0.58329069375 0.83719660625 0.50701084375 0.83399503125 0.507240434375 0.8335681546875 0.4553157875 0.76459090625 0.4553157875 0.76459090625 0.4089013125 0.733002025 0.408442125 0.601140928125 0.40819948593750005 0.6004742859375 0.49417238125 0.6006877312500001 0.5971033203125 0.6006877312500001 0.7170053515625
0 0.8018917453125001 0.498226271875 0.8104292718749999 0.50442521875 0.823235584375 0.5097058 0.8360418953125001 0.5110833390625 0.8343082828125 0.4617794203125 0.8298521765625001 0.4619509796875 0.8189668140625 0.475037634375 0.8018917453125001 0.498226271875
5 0.6478999296875 0.7015626593750001 0.6485402515625001 0.717633990625 0.6899473140625 0.7174044 0.7835360375 0.7178635796874999 0.7835891 0.7006145046875 0.7830000781249999 0.7011034796875 0.7123683671875 0.7013330703125 0.6478999296875 0.7015626593750001
3 0.7650438453125 0.4167794921875 0.7647535890625 0.3805377203125 0.8390566953124999 0.3808499296875 0.8381859484374999 0.27025136562499996 0.8390566953124999 0.1290308296875 0.790908134375 0.1290308296875 0.600975346875 0.128237471875 0.6007554875000001 0.2874482671875 0.6001749968750001 0.41709170156250003 0.7650438453125 0.4167794921875
5 0.7792570624999999 0.1446160890625 0.7792570624999999 0.1274444859375 0.7244004796875 0.1268200546875 0.6628846109375 0.1272064171875 0.662287728125 0.1446160890625 0.706114959375 0.1449283 0.7792570624999999 0.1446160890625
0 0.8163398578125 0.3254360703125 0.8074818328125 0.3297238265625 0.8012812203124999 0.33710830468749997 0.833170109375 0.3745071015625 0.838042021875 0.3737924765625 0.838097075 0.3217801375 0.8291839953125001 0.32210114375 0.8236477265625 0.3232921890625 0.8163398578125 0.3254360703125
5 0.9567395031249999 0.1445197140625 0.9565180609375 0.1273686734375 0.9144424624999999 0.1273686734375 0.8651394968749999 0.12773527499999998 0.8652804390625001 0.1445197140625 0.9104563499999999 0.1445197140625 0.9567395031249999 0.1445197140625
0 0.9284353515625 0.277755684375 0.9082833593749999 0.29728882031250004 0.8932247062500001 0.31015210312499997 0.893400046875 0.31732235000000003 0.94150093125 0.3172983640625 0.9410580312500001 0.3030058328125 0.9370719187500001 0.290857175 0.9284353515625 0.277755684375
3 0.39741421875 0.394813403125 0.39696394375 0.21789649843749997 0.39741421875 0.1285631578125 0.2920396890625 0.128886053125 0.2062517390625 0.1290499484375 0.20654525937499998 0.281249709375 0.20624507812499998 0.39529774687499997 0.39741421875 0.394813403125
5 0.346008490625 0.1437131578125 0.34585839687500003 0.12837554843750001 0.30485444375 0.12837554843750001 0.2550184921875 0.128516775 0.2549036421875 0.144036053125 0.29122550937499997 0.1438746046875 0.346008490625 0.1437131578125
0 0.236410840625 0.301139184375 0.227948890625 0.2971569234375 0.2201921 0.2941228171875 0.21490338437499998 0.2931746625 0.20618231250000002 0.2929 0.20626513750000003 0.3445648109375 0.21225901406249997 0.3447544421875 0.242228434375 0.306448871875 0.236410840625 0.301139184375
5 0.175744203125 0.7882530484375 0.175744203125 0.771405125 0.12386168281250001 0.771405125 0.07110061250000001 0.771789709375 0.0706086734375 0.7882530484375 0.10075926718749999 0.7882530484375 0.175744203125 0.7882530484375
0 0.2827195703125 0.7465229640625 0.278216565625 0.744627578125 0.2729304171875 0.7536833390625 0.268818978125 0.764002690625 0.2662737984375 0.772847853125 0.264949615625 0.7877859515625001 0.314044878125 0.787800384375 0.314044878125 0.778534025 0.29720752968749997 0.7627390921874999 0.2827195703125 0.7465229640625
0 0.3136533 0.6936114171875001 0.3077798125 0.696981 0.30210210000000004 0.703088375 0.3336231828125 0.7409962 0.33851776718750004 0.7407856078124999 0.33861223749999997 0.6887947140625 0.326770775 0.6900312296875 0.3210930625 0.6908736234374999 0.3136533 0.6936114171875001
0 0.289571978125 0.59815885 0.2827195703125 0.607846409375 0.2789996953125 0.6164809671875 0.27684608125 0.6265897265625 0.27658055625 0.636401225 0.3248129375 0.6366984796875 0.32520451562499997 0.6310123078125 0.3052346328125 0.6112159921875 0.289571978125 0.59815885
5 0.170530696875 0.1441433328125 0.1702972265625 0.128321059375 0.10118380625000001 0.128321059375 0.046633203125 0.12829719374999998 0.0464560609375 0.1441433328125 0.08928015624999999 0.1441433328125 0.170530696875 0.1441433328125