5 0.12354018124999999 0.2606838796875 0.0472999234375 0.2612582125 0.0473322859375 0.27076554218750004 0.081473434375 0.27056390937499997 0.12354018124999999 0.27036227031250004 0.12354018124999999 0.2606838796875
5 0.24608250312500002 0.26088551249999997 0.21557560156250002 0.260370428125 0.21559933281250002 0.27076554218750004 0.23145056875 0.27076554218750004 0.24638732343749997 0.27076554218750004 0.24608250312500002 0.26088551249999997
5 0.37075863125 0.26088551249999997 0.29468528125 0.261480159375 0.295465196875 0.270967175 0.33174018125 0.27036227031250004 0.3722827734375 0.27036227031250004 0.37075863125 0.26088551249999997
0 0.1665214390625 0.3119286125 0.156461996875 0.3129367828125 0.147621896875 0.31717107968749997 0.1427445859375 0.3218086421875 0.1393914375 0.3290674359375 0.140488446875 0.3373856984375 0.1720084125 0.33672949375 0.171093909375 0.3117269796875 0.1665214390625 0.3119286125
0 0.235413378125 0.345198090625 0.23846170625 0.3391490921875 0.2387665265625 0.3308821359375 0.20518407500000002 0.3307273171875 0.20584473124999997 0.35769934999999997 0.2210863046875 0.3554813859375 0.2308409078125 0.35064218281250004 0.235413378125 0.345198090625
0 0.2893685828125 0.35729607812499997 0.28327196875 0.3492307546875 0.277480134375 0.3445931921875 0.26528688749999996 0.339955628125 0.2494318625 0.339605159375 0.24974047187499998 0.36334507656250004 0.2899782640625 0.36233690625000003 0.2893685828125 0.35729607812499997
0 0.1207967140625 0.3643532453125 0.129636815625 0.3665712109375 0.141220421875 0.3665712109375 0.1418292890625 0.3440440796875 0.1031164734375 0.344391559375 0.1031164734375 0.3520536171875 0.110737271875 0.3593124109375 0.1207967140625 0.3643532453125
3 0.161715159375 0.371325909375 0.14098663125 0.371325909375 0.14037697031250002 0.33160416875 0.011432398437500001 0.33094926406249997 0.0120428546875 0.43746159218749997 0.16293452343749998 0.43665506093750006 0.161715159375 0.371325909375
3 0.177830440625 0.28824730781249996 0.1839270953125 0.2886505734375 0.18301259375 0.26223662812500004 0.009756346874999999 0.2610362671875 0.0123068796875 0.33623600468750003 0.17874494375 0.3358327390625 0.177830440625 0.28824730781249996
3 0.2662230359375 0.3314178125 0.25170515781249997 0.3309376625 0.2506163078125 0.409201778125 0.40486873437500004 0.409681925 0.4045057765625 0.331363909375 0.405957559375 0.2622226015625 0.2602665234375 0.2616498296875 0.2615047296875 0.2886058125 0.2662230359375 0.28836573906249996 0.2662230359375 0.3314178125
0 0.4681415984375 0.3711633765625 0.46015124218750003 0.37380601874999997 0.4519706375 0.37871378125 0.446453490625 0.385131621875 0.4470955734375 0.39382218281250003 0.47917589843749997 0.39406626718750004 0.4806978671875 0.3705341765625 0.4681415984375 0.3711633765625
5 0.5691625296875 0.3834957015625 0.5809578203125 0.385131621875 0.5900896546875 0.387522584375 0.5948458234375 0.38978770156250003 0.6030264078124999 0.381608103125 0.58704571875 0.376448659375 0.5725869718750001 0.374057696875 0.557937984375 0.374057696875 0.5432889984375 0.376448659375 0.529941215625 0.3814941375 0.5372011 0.390291065625 0.5465231859374999 0.386390021875 0.55869896875 0.3841249 0.5691625296875 0.3834957015625
5 0.704211015625 0.3971263234375 0.654837296875 0.39659252968750003 0.655317634375 0.40568345 0.6790984671875 0.40593512968749995 0.7040207625 0.40580928906249997 0.704211015625 0.3971263234375
5 0.8332448421875001 0.396841665625 0.783499090625 0.39700808125 0.7835904765625 0.40590214687500004 0.8060395796875 0.40590214687500004 0.8338155734375 0.40627967031249995 0.8332448421875001 0.396841665625
0 0.9021140843750001 0.42553319375000004 0.9000213718750001 0.4208771140625 0.895265228125 0.41534015156250004 0.88822610625 0.41194247187500005 0.87871376875 0.409173990625 0.861532990625 0.40947464375 0.8629233062500001 0.43107015625 0.9024945890625 0.4306926375 0.9021140843750001 0.42553319375000004
5 0.781688015625 0.6231161984375 0.7953857656250001 0.624248759375 0.809464021875 0.6246262781249999 0.8254447234375 0.6222353171874999 0.8383814890625001 0.6194668359375 0.8505572718750001 0.6135523546874999 0.8425669140625001 0.60499523125 0.8281081796875001 0.6104063546875 0.8111762296875 0.6134265140624999 0.7955760187500001 0.6141815578125 0.7801660484374999 0.6126714765625 0.766848784375 0.6092737921875 0.7567207 0.60519968125 0.7483948640625 0.6131748359375 0.7567657140625 0.6175792359375001 0.7697024796874999 0.6207252359375001 0.781688015625 0.6231161984375
5 0.7011028015625 0.62352785625 0.6858866359375 0.6234219109375 0.6862069749999999 0.6321094609375 0.694055315625 0.6318975703125 0.701262965625 0.6318975703125 0.7011028015625 0.62352785625
0 0.7302537765625 0.605623021875 0.72496815 0.6066824796875 0.7182410031249999 0.6084835562500001 0.711834196875 0.6114500375 0.705907903125 0.616535434375 0.7033451765625001 0.6228921796875 0.7034912390625 0.631855775 0.735539390625 0.6321094609375 0.73537920625 0.6055170765625 0.7302537765625 0.605623021875
0 0.467103478125 0.60970760625 0.45844975625 0.6127316406250001 0.45208193124999996 0.6168356875 0.4471836015625 0.6236397671875 0.44691771874999997 0.6319886140625 0.4796758453125 0.6323878656249999 0.4790227359375 0.608735596875 0.467103478125 0.60970760625
5 0.5552733953125 0.643403990625 0.5678457734375 0.64480800625 0.57878536875 0.6441600015625 0.5876023671875 0.6427559859375 0.595929528125 0.641135965625 0.603277015625 0.6378959296875 0.609644853125 0.634115884375 0.6006645828125 0.6272038078125 0.591031203125 0.6316318562500001 0.5807446953125 0.6340078828125 0.5707847734375 0.635303896875 0.5603349921875 0.6344398906250001 0.5516812875 0.6320638625 0.5392061906250001 0.6271144750000001 0.53045519375 0.6346558921875001 0.5361699093750001 0.637679925 0.5446603421875 0.6410279640625001 0.5552733953125 0.643403990625
0 0.5129990125 0.5958509750000001 0.5199062953125 0.589082275 0.5250227984375 0.5818059234375 0.5247669828125 0.5768986171875 0.4830561953125 0.5768849921875 0.48383496406250004 0.5992353203125 0.5035334875 0.5985584515625 0.5129990125 0.5958509750000001
5 0.4969510421875 0.5293001687500001 0.49745255625 0.5132111859374999 0.4831396984375 0.5130597421875 0.483410096875 0.5463843546875 0.49745255625 0.5467160859375 0.4969510421875 0.5293001687500001
0 0.6115474625 0.4835211984375 0.6035232125000001 0.4855115890625 0.596501990625 0.4896582359375 0.5922391078125 0.493639015625 0.5889792546875 0.5004395140625 0.5887512296875 0.5090430828125 0.6233330984375 0.508566940625 0.6220793203125 0.483355334375 0.6115474625 0.4835211984375
3 0.602039434375 0.380958803125 0.5832304234375 0.37495639375 0.56541136875 0.373428509375 0.550397171875 0.37430158593749996 0.540332709375 0.376375146875 0.5310931937500001 0.38084966875 0.526063040625 0.383898059375 0.484872484375 0.384442975 0.4832248671875 0.5081389796875 0.5542794718749999 0.5070157625 0.6321144140625 0.507320403125 0.6321144140625 0.49868887968750003 0.6463918234375 0.49879042656249994 0.6457777421875 0.4697177609375 0.631807375 0.4699208546875 0.6324214546875 0.4417621140625 0.6453171875 0.4416605640625 0.645010146875 0.43505998437500004 0.6327284953125 0.435161534375 0.6328820109375 0.4339429640625 0.6528396890625 0.4339429640625 0.6522256078125 0.40561125000000003 0.6321144140625 0.40601743749999997 0.6322679296875 0.40388494531249997 0.63840875625 0.4040880390625 0.6377489734374999 0.3961948171875 0.6370175609375 0.384887653125 0.6074841453125 0.3849967859375 0.602039434375 0.380958803125
3 0.5279850109375 0.6317398 0.5302210734374999 0.634204909375 0.5408424046875 0.6391351296875001 0.5490413265625 0.642463028125 0.5618987328125 0.6441886 0.5799736328125 0.6436955796875 0.597303178125 0.640983959375 0.6090425390624999 0.6348211890625 0.61295566875 0.6314932890625 0.6336393078125 0.631246778125 0.63326661875 0.5286251234375 0.5641348093749999 0.5286251234375 0.565252840625 0.5074251875 0.48422231250000003 0.50729604375 0.4841953109375 0.5641592546875 0.485127003125 0.631863059375 0.5279850109375 0.6317398
3 0.9018834671875 0.4243602703125 0.8978466765625001 0.41944716875 0.89251811875 0.4148544875 0.884444546875 0.410902646875 0.8753475890625 0.4093058734375 0.8747427046875 0.3974882875 0.6261427453125 0.39768833593749997 0.62553788125 0.5276016734375 0.6248222921875 0.6315472234375 0.74780698125 0.6314161046875 0.74780698125 0.6125860640624999 0.753541434375 0.6158372937500001 0.7641911515625 0.61990133125 0.7787320890625 0.623152559375 0.7926586296875 0.6239653703125 0.8053563609375001 0.6243717765625 0.8192828999999999 0.6232880265625 0.8330046453125 0.6203077343750001 0.8457023640625 0.6161082328124999 0.85409924375 0.611366853125 0.874859621875 0.6117168140625 0.8748709031249999 0.5149504125 0.87540215 0.43066185468749996 0.902690828125 0.4303414359375 0.9018834671875 0.4243602703125