0 0.362110028125 0.7194146031249999 0.362110028125 0.6963010734374999 0.354588265625 0.6757557125 0.3395447390625 0.6646269765625 0.308705509375 0.6963010734374999 0.29967939375 0.7091419234375 0.2936619828125 0.720270659375 0.362110028125 0.7194146031249999
0 0.368879615625 0.573884971875 0.362110028125 0.5619001781249999 0.34857085468750004 0.542210875 0.3010788078125 0.5961605671875 0.312466390625 0.5969985015625 0.3696317921875 0.59614244375 0.368879615625 0.573884971875
5 0.426045015625 0.7031495265625 0.40498407812500004 0.7022934703125 0.39144490468750004 0.7022934703125 0.3748970265625 0.7022934703125 0.372640496875 0.7022934703125 0.372640496875 0.7228388296875 0.40272755 0.7236948859375001 0.42679719218749995 0.7228388296875 0.426045015625 0.7031495265625
5 0.231785403125 0.581305059375 0.1813895890625 0.5804490015625 0.12648071875 0.5795929453124999 0.0888719015625 0.5787368890625 0.0609364390625 0.5801800765625 0.061041378125000004 0.6035625312499999 0.15506341875000001 0.6044185890625 0.22952887500000002 0.6035625312499999 0.231785403125 0.581305059375
0 0.280420884375 0.2649266671875 0.20455119375000003 0.2634631453125 0.203794871875 0.2646928609375 0.2366993671875 0.30444175156250003 0.25405938125 0.319808728125 0.2694905046875 0.2956606203125 0.280420884375 0.2649266671875
0 0.285564590625 0.36225085625000003 0.28685051875 0.4083517859375 0.3048534953125 0.40542474375 0.322856471875 0.39554597343750003 0.33507277812499997 0.3812766359375 0.28685051875 0.332980421875 0.2842786640625 0.33590746562499996 0.285564590625 0.36225085625000003
0 0.43473211718749993 0.1902870640625 0.44694842343749996 0.18809178124999998 0.45466398437500005 0.17857889062500001 0.47266696250000007 0.156626065625 0.48488326875 0.13906380625 0.4591647296875 0.120038025 0.43408915312499996 0.1163792203125 0.4328032265625 0.1163792203125 0.43473211718749993 0.150771978125 0.43473211718749993 0.1902870640625
3 0.322856471875 0.40220836249999997 0.338930559375 0.3824508203125 0.338287596875 0.3744014515625 0.29392311718749997 0.33634988906249996 0.293280153125 0.2631738078125 0.0213066046875 0.2651166828125 0.0045895531250000005 0.2636531609375 0.0032342015624999996 0.264204996875 0.0026606640625 0.5978778375 0.2926371890625 0.5983202624999999 0.293280153125 0.41318477500000006 0.322856471875 0.40220836249999997
3 0.446305459375 0.26542245625 0.41737210312500006 0.26542245625 0.355647609375 0.26395893593749997 0.285564590625 0.2624954140625 0.28479052656250003 0.2637171328125 0.285564590625 0.5991053890625 0.446305459375 0.596178346875 0.4456624953125 0.3861629921875 0.446305459375 0.26542245625
5 0.2669186515625 0.0551444765625 0.313854984375 0.0551444765625 0.36207724531249996 0.054412715625 0.3627202078125 0.0309963703125 0.2984238609375 0.0309963703125 0.255988271875 0.0295328484375 0.2553453078125 0.0397775 0.2553453078125 0.0551444765625 0.2669186515625 0.0551444765625
3 0.10673193593750001 0 0.09387266718750001 0.0141658703125 0.0874430328125 0.0009941765625 0.06751116406249999 0.000262415625 0.036648917187500005 0.0375822171875 0.0012859265624999999 0.038313978124999995 0.0012859265624999999 0.0375822171875 0 0.038313978124999995 0 0.27320920000000004 0.2051053484375 0.2754044828125 0.2526846453125 0.3244324578125 0.26875873125 0.301747871875 0.2809750375 0.27467272187499997 0.444287759375 0.27320920000000004 0.444287759375 0.190520228125 0.48672334843750004 0.14002873124999998 0.48286556718750007 0.1297840796875 0.44493072343750006 0.1151488640625 0.444287759375 0.038313978124999995 0.154954196875 0.0375822171875 0.12409194999999999 0 0.10673193593750001 0
5 0.732803578125 0.581935725 0.699817121875 0.58263095 0.661943784375 0.5812405015625 0.625903028125 0.581935725 0.6243851499999999 0.5833462234375 0.6246813062500001 0.6041828921875 0.6747718500000001 0.605573340625 0.732803578125 0.6041828921875 0.732803578125 0.581935725
5 0.946604678125 0.5812405015625 0.919726825 0.5812405015625 0.90445531875 0.58263095 0.8808902812499999 0.5847367375 0.8818534874999999 0.6020972203125 0.912396503125 0.6027924453125 0.9472155390625 0.6027924453125 0.946604678125 0.5812405015625
0 0.928064190625 0.36409257031250003 0.9005754781249999 0.3620068984375 0.8639238593749999 0.3620068984375 0.8578152578125 0.36409257031250003 0.857204396875 0.36409257031250003 0.8853039703125001 0.396768096875 0.9036297781249999 0.41901526406249995 0.9225664484375 0.3939872 0.928064190625 0.36409257031250003
0 0.81994191875 0.371044809375 0.8425437499999999 0.3738257046875 0.8437654703125 0.3314170421875 0.8437654703125 0.3022176359375 0.8382677281250001 0.3015224109375 0.8388785890625 0.302912859375 0.817498478125 0.32446480312500003 0.7973400890625 0.34810241875000003 0.8040595515625 0.35783555312500004 0.81994191875 0.371044809375
3 0.8419328890625 0.3727960140625 0.8419328890625 0.3025783921875 0.7735165375 0.3025783921875 0.7729056765625 0.2546079390625 0.55788285625 0.253217490625 0.5563909312499999 0.25333075781250003 0.556050275 0.5982070484374999 0.8120007359375 0.5989022734375 0.8126115953124999 0.372100790625 0.8419328890625 0.3727960140625
3 0.99870831875 0.446308 1 0.3646809609375 0.9692152406250001 0.3654438296875 0.912910275 0.3646809609375 0.8572756046875 0.3654438296875 0.8076736109375 0.3646809609375 0.8053183671875 0.363934021875 0.8056627187500001 0.5996447765624999 0.9310083 0.5996447765624999 0.998038021875 0.5988819078125001 0.99870831875 0.446308
0 0.8138014984374999 0.224376515625 0.8328203078125 0.24602194375000003 0.8441410265625 0.2532370859375 0.8468579999999999 0.21252306718749997 0.8473108281249999 0.183662496875 0.8454995125 0.184177865625 0.827839190625 0.1846932328125 0.8110845250000001 0.1903622734375 0.79976380625 0.205307925 0.8138014984374999 0.224376515625
0 0.9455746749999999 0.1852086 0.945121846875 0.1759319875 0.943763359375 0.16201707031249998 0.9347067843750001 0.1439792140625 0.9247445515624999 0.132125765625 0.9034615984375 0.156863396875 0.89168805 0.1697475796875 0.8799145015625 0.1857239671875 0.9455746749999999 0.1852086
5 0.9425554859374999 0.0342027140625 0.91810273125 0.0331719796875 0.892291490625 0.0326566125 0.8723670234374999 0.0326566125 0.8719141953125 0.0393563875 0.872819853125 0.0455407953125 0.8732726812499999 0.055332775 0.9081404984375 0.056363509374999995 0.943008315625 0.056363509374999995 0.9425554859374999 0.0342027140625
5 0.7224806953125 0.033687346875 0.6871600499999999 0.0342027140625 0.6423300000000001 0.0336925 0.6423300000000001 0.0532713046875 0.6699525562499999 0.053786671875000004 0.7274618125 0.054302039062499995 0.7487447656249999 0.054302039062499995 0.7487447656249999 0.035233448437499995 0.7224806953125 0.033687346875
3 0.8451972968750001 0.16304454375 0.8447444687500001 0.0378102859375 0.6944053109375 0.038325653125 0.6138017875 0.038325653125 0.555839703125 0.0388410203125 0.5556641953125 0.03936038125 0.5549340453125 0.263541171875 0.5852735734375 0.263541171875 0.8442916390624999 0.26251043749999997 0.8451972968750001 0.16304454375
1 0.15957418125 0.0499705828125 0.127008021875 0.0104253578125 0.109639403125 0 0.0971557078125 0.0252548171875 0.0814153984375 0 0.058076317187500004 0.0221653453125 0.0461353921875 0.033287440625 0.0336516984375 0.049352689062499996 0.15957418125 0.0499705828125