5 0.5750883390625 0.41218750000000004 0.57597173125 0.40843749999999995 0.5711130734375 0.406875 0.570671378125 0.41218750000000004 0.5750883390625 0.41218750000000004
5 0.189794690625 0.5376830906250001 0.189794690625 0.51215270625 0.189794690625 0.5010346343750001 0.17873332343749998 0.5006228546875 0.171722840625 0.5022739171875 0.1717471984375 0.5463304796874999 0.172329375 0.5994501515625 0.189794690625 0.5994501515625 0.189794690625 0.5376830906250001
5 0.6770349765625 0.6243580390625 0.6446883875 0.6247241046875 0.6263155265625 0.6247241046875 0.6169997078125 0.6249071374999999 0.6082014359375 0.6250901703125 0.6082014359375 0.634607878125 0.6449471609375 0.634790909375 0.676776203125 0.634790909375 0.6770349765625 0.6243580390625
5 0.795474853125 0.46476908281249996 0.7619084218750001 0.4644961875 0.7225546734375 0.46395039687499995 0.7140666109375 0.4642232921875 0.7067360109374999 0.46476908281249996 0.706350190625 0.47486621875 0.751491253125 0.475412009375 0.795474853125 0.475412009375 0.795474853125 0.46476908281249996
5 0.671369440625 0.3190218875 0.6720811734375001 0.30039545625 0.6727929078125 0.28327927656249996 0.6642521046875001 0.282775859375 0.655711303125 0.28327927656249996 0.655711303125 0.3119740484375 0.6564230359375001 0.349730328125 0.671369440625 0.3502337453125 0.671369440625 0.3190218875
5 0.6706697015625 0.42843407187500004 0.671157503125 0.395656484375 0.6716453046875 0.37460982187499997 0.671157503125 0.364949059375 0.6633526843750001 0.3646040328125 0.6559641921875 0.364953884375 0.6565234671875 0.394276375 0.6565234671875 0.4218785546875 0.6560356656249999 0.4280890453125 0.6706697015625 0.42843407187500004
5 0.34585813125 0.382573690625 0.3462648890625 0.36559916875 0.330401365625 0.3650237609375 0.3308081234375 0.3909171 0.330401365625 0.4343603671875 0.33121487968749996 0.45939059374999996 0.3442311046875 0.4596782984375 0.34585813125 0.401274434375 0.34585813125 0.382573690625
5 0.3446378609375 0.27189996562499996 0.336909478125 0.271324559375 0.329994609375 0.270461446875 0.3295492765625 0.2709445171875 0.32877433906250003 0.2894498953125 0.3446378609375 0.290025303125 0.3442311046875 0.27966796875 0.3446378609375 0.27189996562499996
5 0.3442311046875 0.3213850125 0.343824346875 0.30815064062499997 0.3442311046875 0.302971971875 0.3389432625 0.30268426875 0.3319892828125 0.302593446875 0.33202839375000004 0.31994649375 0.33202839375000004 0.3366333125 0.3430108328125 0.3366333125 0.3442311046875 0.3213850125
5 0.641219915625 0.2699920640625 0.641219915625 0.25915253125 0.58375121875 0.2598300015625 0.5349028265625 0.25915253125 0.5186200296875 0.2598300015625 0.505210665625 0.2598300015625 0.505689571875 0.2703308 0.5349028265625 0.2703308 0.5832723125 0.2703308 0.641219915625 0.2699920640625
0 0.5172640578125 0.5532451375 0.5163773921875 0.5467645984375 0.51105739375 0.5384026109375 0.4992351765625 0.53422161875 0.4853440703125 0.532549221875 0.4855004765625 0.5599391328125 0.48593518125 0.560352825 0.5175596140625001 0.5597256765624999 0.5172640578125 0.5532451375
0 0.5920395859375 0.5501093921875 0.6044529140625 0.54927319375 0.6159795765625 0.5459284 0.6251417953125 0.5379845125 0.6272106828124999 0.528577278125 0.593453084375 0.5289983 0.5938129171875 0.5294134765625 0.592335140625 0.5292044265625 0.5920395859375 0.5501093921875
0 0.68263821875 0.5248272203125001 0.6820766218750001 0.4986104625 0.6753374609375 0.4992062984375 0.659612753125 0.5043702046874999 0.6511888031249999 0.5123146765625 0.6508503796875 0.5245661593750001 0.6579279640625 0.52542305625 0.663824728125 0.52522444375 0.68263821875 0.5248272203125001
3 0.679647378125 0.49773249531249997 0.65961988125 0.5012016390625 0.6534890156250001 0.5098745 0.653080290625 0.5217274093750001 0.5917716265624999 0.5220165031249999 0.592589075 0.5595988984375 0.6804648265625 0.55988799375 0.6808735515625 0.5786791921875001 0.6829171734374999 0.6324509265625 0.8239271 0.6330291171875 0.8243358265625 0.57157134375 0.8235183765625 0.467207925 0.8231096515624999 0.46682479375 0.6804648265625 0.466246603125 0.679647378125 0.49773249531249997
0 0.5304798265625 0.4320008546875 0.5218316234375 0.42697620000000003 0.5144188765625 0.4221700078125 0.5032997578125 0.422388471875 0.5036086234375 0.4348408765625 0.5042263515625 0.4470748171875 0.5332596046875 0.446419428125 0.5304798265625 0.4320008546875
0 0.5389104515625001 0.4665958203125 0.5730844562499999 0.466768475 0.57284035625 0.4614161796875 0.5660055546875 0.452783446875 0.5601471546875 0.44708584218749997 0.538422253125 0.44639522343750004 0.538422253125 0.45088424531250004 0.538422253125 0.45917166875 0.5389104515625001 0.4665958203125
0 0.49835601562500004 0.33025939375 0.49835601562500004 0.35306754375 0.5338322140625 0.35306754375 0.5309296171875 0.343030459375 0.5231893546874999 0.334590184375 0.5115789625 0.3302559875 0.49835601562500004 0.33025939375
0 0.4325637890625 0.332993375 0.43901400781250005 0.3368713390625 0.4580421515625 0.339608725 0.457719640625 0.31748151562500004 0.45755282656249996 0.31748435625 0.43869149687500003 0.3167971703125 0.42385599531249996 0.317025284375 0.4257910609375 0.3266061390625 0.4325637890625 0.332993375
0 0.4406265625 0.3823438328125 0.45320448750000003 0.38325629375000003 0.4580421515625 0.383028178125 0.45868717343750004 0.373219209375 0.45868717343750004 0.3613572 0.4228884625 0.36090096875 0.4257910609375 0.3697974765625 0.43062872499999993 0.376412828125 0.4406265625 0.3823438328125
3 0.6690142984375 0.3953938 0.6690142984375 0.3663513109375 0.6690142984375 0.3530659171875 0.63931101875 0.3527569546875 0.5672368875 0.3527569546875 0.5174402140625001 0.352447990625 0.4995308828125 0.351830065625 0.49889032968749997 0.35276053281249997 0.49778363125 0.4469905625 0.577283584375 0.4463726375 0.668140671875 0.44668159999999996 0.6690142984375 0.3953938
3 0.586237 0.356160828125 0.66807439375 0.356487859375 0.66946146875 0.261975878125 0.61490320625 0.260994784375 0.549248346875 0.261648846875 0.4956148015625 0.261975878125 0.48599120625000003 0.26148105 0.4682229953125 0.2618506875 0.4534884625 0.2615403125 0.4526154921875 0.3188792859375 0.4988513078125 0.3182252234375 0.49838895 0.356487859375 0.586237 0.356160828125
3 0.648887359375 0.633107459375 0.6875824578125 0.63345835 0.68634223125 0.6076678828125 0.68535005 0.55328564375 0.63722921875 0.55328564375 0.6101922578125001 0.5534610890625 0.596922546875 0.5533290953125001 0.5995263015625001 0.5861346562499999 0.5940692999999999 0.585959209375 0.5955575734375 0.633107459375 0.648887359375 0.633107459375
1 0.42861405625 0.519351815625 0.42485845156249996 0.524996621875 0.42063339843750003 0.53728238125 0.45772675781250005 0.538281140625 0.45818943125 0.4931200609375 0.4234501 0.491791871875 0.4220417484375 0.49942896406250004 0.4272057046875 0.51038653125 0.4398808640625 0.516031340625 0.42861405625 0.519351815625
3 0.46337778749999997 0.6344498781250001 0.462076271875 0.55758165625 0.45752096093750005 0.5538993453125001 0.4591283328125 0.5342799078125 0.45818943125 0.46695694843749996 0.3563186921875 0.46762104375 0.2995151921875 0.467953090625 0.2502228984375 0.46695694843749996 0.2009306046875 0.4672889953125 0.176988634375 0.46762104375 0.176519184375 0.6338941609375001 0.21736136875 0.6342262078124999 0.4065498859375 0.6338941609375001 0.46337778749999997 0.6344498781250001
3 0.4583377859375 0.3833892 0.4583377859375 0.3377478 0.41617095 0.3377478 0.3644207421875 0.3377478 0.3328095109375 0.338200815625 0.3324761703125 0.47286442187500005 0.4251154296875 0.47286442187500005 0.4583377859375 0.47286442187500005 0.4583377859375 0.3833892
3 0.6066215828125 0.6646752828125 0.6042869984375 0.58541400625 0.5500079437500001 0.5850011859375 0.5494242984375 0.5532141125 0.5196583640625 0.5523884734375 0.516156490625 0.5391782609375 0.5056508671875 0.532160334375 0.4887251390625 0.5305090578125 0.48288868125000006 0.5305090578125 0.4823050359375 0.5528012921875 0.4531227484375 0.5519756546875 0.45224463593750003 0.5514302625 0.4531227484375 0.71421358125 0.5500079437500001 0.7138007625 0.5511752343749999 0.665088103125 0.6066215828125 0.6646752828125