3 0.736464425 0.7232635125 0.738178421875 0.7279260046875 0.850444234375 0.729197596875 0.8553005328125 0.72411124375 0.855014878125 0.6787579140625 0.8795819406250001 0.679605640625 0.8821529343750001 0.6736715609374999 0.881581590625 0.5781993890625 0.8821529343750001 0.38057626718750004 0.87986759375 0.37591377656249997 0.792454515625 0.376761503125 0.7187651749999999 0.376131934375 0.7178962921875 0.679181775 0.736750096875 0.679605640625 0.736464425 0.7232635125
0 0.74595060625 0.533537584375 0.737029375 0.524627946875 0.727936575 0.5220823375 0.717985975 0.5213186515625 0.7181813906250001 0.5736523375 0.7572737125 0.574012790625 0.7574452796875 0.559757371875 0.752813096875 0.544738271875 0.74595060625 0.533537584375
5 0.84167199375 0.729886659375 0.8415004250000001 0.71283106875 0.803423965625 0.7125765078125 0.7489462625 0.7118024765625 0.7486852640625 0.7291229703125001 0.7809389671875 0.7296320984375 0.84167199375 0.729886659375
3 0.614669240625 0.6649541296875 0.614922584375 0.6796754078125 0.615049259375 0.7240324078125 0.6184694000000001 0.728355334375 0.702466634375 0.7285432875 0.70563343125 0.722904684375 0.70563343125 0.6790658625 0.723114134375 0.6790658625 0.723494153125 0.5748787734375 0.67002810625 0.5752546781250001 0.61847660625 0.5750037671875 0.616569315625 0.5799382843750001 0.6170760109375 0.6649541296875 0.614669240625 0.6649541296875
0 0.6356967609375 0.6316863781250001 0.642283690625 0.629242984375 0.6479839234375 0.6230405218749999 0.6535574828125 0.6166501078125 0.6581176609375 0.6072524375 0.660651096875 0.5972909093750001 0.6619178203125 0.5856378 0.6621711625 0.5756762671875 0.62669735625 0.5741761624999999 0.6259430328125 0.6316863781250001 0.6292364984375001 0.633002053125 0.6356967609375 0.6316863781250001
5 0.69367130625 0.7292950984375 0.6935446390625 0.7131311109375 0.66749136875 0.71275520625 0.625443153125 0.7125929390625 0.62463519375 0.729107146875 0.6551630921875 0.729107146875 0.69367130625 0.7292950984375
5 0.5776552140625 0.5698870328125001 0.5781066015625 0.5448828453125001 0.5779561359375001 0.520101909375 0.566121575 0.5202998109375 0.5657687828125 0.5393015546875 0.5656183265625 0.5698870328125001 0.5776552140625 0.5698870328125001
0 0.6323026781250001 0.466816184375 0.6252137140625 0.4576549265625 0.6174387218749999 0.45154742187499997 0.6057762390625 0.45002054375 0.6054276093750001 0.507064984375 0.6403063453125 0.5073632375 0.6399633359375 0.49175516406249997 0.6376765734375 0.4785222359375 0.6323026781250001 0.466816184375
5 0.6460328375 0.38819815625 0.6750747171875 0.388367809375 0.6749603750000001 0.3761527953125 0.6419070828125 0.3758134890625 0.596748284375 0.37577574999999996 0.597105253125 0.391591215625 0.6460328375 0.391591215625 0.6460328375 0.38819815625
0 0.6861490078125 0.5323871953125 0.690943584375 0.54081875 0.6982242578125 0.54898681875 0.7078134234375 0.55531048125 0.7168698640625 0.5558374515625 0.7168698640625 0.4994514453125 0.6816275765625 0.49920902500000003 0.68188714375 0.5131527124999999 0.6825974625 0.52132078125 0.6861490078125 0.5323871953125
3 0.3454996265625 0.9337771640625 0.34951965625 0.9384993406250001 0.4806752078125 0.938747875 0.48318772499999996 0.933031559375 0.48318772499999996 0.873383046875 0.48318772499999996 0.7535084046875 0.3967680171875 0.7527628 0.3470071875 0.752954921875 0.3476771421875 0.8681638015625 0.3454996265625 0.8686608734375 0.3454996265625 0.9337771640625
0 0.36459476875 0.8136539859375 0.3707923140625 0.8091803531249999 0.37615236093750004 0.8019728203125001 0.38184739687499997 0.7922799406250001 0.38553242499999996 0.779564359375 0.3860349328125 0.7651493031250001 0.34736430937499996 0.7647193078125001 0.34717464531250003 0.8171334890624999 0.3575597140625 0.8163878765625 0.36459476875 0.8136539859375
5 0.46252616875 0.9394934796875001 0.4623586515625 0.9230901375 0.4168551609375 0.922841603125 0.3656074296875 0.9223073671875 0.36537543125 0.9397420140625 0.3983731734375 0.9394934796875001 0.46252616875 0.9394934796875001
0 0.313021525 0.8419421953124999 0.309584559375 0.85086668125 0.3068349859375 0.8600461609375 0.3059757421875 0.868970646875 0.30531129218749997 0.8825268171875 0.3418920109375 0.8827398578125001 0.34172016875 0.8230732812499999 0.33415885 0.8230732812499999 0.32556644375 0.8263880890624999 0.3190362109375 0.8335276781250001 0.313021525 0.8419421953124999
5 0.2911575359375 0.885692725 0.29064198750000003 0.867078790625 0.2683017234375 0.867333775 0.2412554875 0.8673686296875 0.24029047499999998 0.8846727874999999 0.26520845312499997 0.884927771875 0.2911575359375 0.885692725
3 0.3476328265625 0.6594249750000001 0.347642653125 0.7598992328125 0.482793184375 0.7598992328125 0.4833571 0.4193617234375 0.4831691109375 0.359630459375 0.47959768281250004 0.3537734140625 0.355835615625 0.3551679546875 0.355835615625 0.3211413140625 0.3520762234375 0.3152842734375 0.32331679687500003 0.3155631796875 0.323128821875 0.26982245625 0.313166403125 0.2701013625 0.30545963125000003 0.2737271515625 0.2983167625 0.2806998234375 0.294745334375 0.289903746875 0.29004607656250003 0.3041279953125 0.2874145015625 0.3155631796875 0.2868505875 0.3155631796875 0.2095025 0.3156585328125 0.2094747703125 0.46684367031249996 0.20966273906250002 0.658588253125 0.3476328265625 0.6594249750000001
5 0.2801515421875 0.3373179125 0.2801515421875 0.31472645625 0.2553394828125 0.31472645625 0.2302676890625 0.3147374625 0.231279309375 0.3375968203125 0.2534597875 0.33703900781249996 0.2801515421875 0.3373179125
0 0.3036478078125 0.27484277968750004 0.29725683125 0.28293107812499996 0.29255757187500003 0.29325062812499997 0.2893620828125 0.303012371875 0.2878583140625 0.3152842734375 0.2867220296875 0.32978161250000004 0.32432452343749996 0.32922961093750003 0.3233846703125 0.26982245625 0.3143621046875 0.2706591765625 0.3036478078125 0.27484277968750004
0 0.300216371875 0.61439635625 0.2930852453125 0.6061379796875 0.28230158125 0.6014926390625 0.2756922375 0.6017507156249999 0.2763243640625 0.6574218000000001 0.3118696875 0.6585270750000001 0.31082609843750003 0.6394295703124999 0.30647785625 0.625751628125 0.300216371875 0.61439635625
0 0.38387670625000003 0.7236036234375 0.379876321875 0.715603325 0.3737887609375 0.7055384203124999 0.3670055046875 0.6990865640624999 0.3586568546875 0.6954735249999999 0.3475052375 0.6943536124999999 0.347873190625 0.7455399468749999 0.3857899375 0.7457980203125001 0.3856160125 0.7331523796875 0.38387670625000003 0.7236036234375