3 0.86965696875 0.698227953125 0.86965696875 0.7355493453124999 0.8618524593749999 0.736626484375 0.8577876109375 0.740288759375 0.8551861093750001 0.74373560625 0.852747196875 0.751706440625 0.8520968218749999 0.7583847078125 0.8698195671875 0.75816928125 0.8698195671875 0.7689406734374999 0.9641240796874999 0.7682943921875001 0.9644492781249999 0.6833634265625 0.9641240796874999 0.5867993578124999 0.9127443828124999 0.5872302125 0.8629131343750001 0.586726996875 0.8623402453125 0.625145525 0.8625028390624999 0.698227953125 0.86965696875 0.698227953125
5 0.9650996515625 0.7091973281249999 0.9652622390625 0.68399225625 0.964774453125 0.655986628125 0.9550339015624999 0.65621055625 0.9548562234375 0.6816225499999999 0.955181409375 0.7089819 0.9650996515625 0.7091973281249999
0 0.8867293453125 0.72257130625 0.8904690015625001 0.716539328125 0.8920949484375 0.71093820625 0.8920949484375 0.7016748046875 0.8695315203125 0.7007938625000001 0.86916919375 0.7286032921875 0.8758355437500001 0.729034146875 0.8818515187499999 0.7268798671875001 0.8867293453125 0.72257130625
5 0.9343693765625 0.7698023828125 0.9346945640625 0.75773841875 0.915020690625 0.7579538546875 0.8967205625 0.757471578125 0.8963223906250001 0.7695869562500001 0.9116062218750001 0.7698023828125 0.9343693765625 0.7698023828125
0 0.858437984375 0.7398579046875 0.8546983234375001 0.7450281750000001 0.852584603125 0.7512755828125 0.8524220093749999 0.7586001359375001 0.8733966359374999 0.7586001359375001 0.8732879015625 0.7339941984375 0.8667302859375001 0.7344722046875 0.8625028390624999 0.7355493453124999 0.858437984375 0.7398579046875
3 0.9640107515624999 0.5925433531250001 0.9641468734374999 0.5147648703125001 0.9641468734374999 0.44492217500000003 0.9361050078125001 0.44492217500000003 0.8627629296875 0.44475623750000004 0.8628694265625001 0.4790246015625 0.8627333015625 0.5927237109375 0.9640107515624999 0.5925433531250001
5 0.9373301312500001 0.456299390625 0.937194009375 0.44385463124999996 0.9139165328125 0.4440349921875 0.8951103328125001 0.44396207343749994 0.8951312 0.4561190328125 0.9125552718750001 0.456299390625 0.9373301312500001 0.456299390625
0 0.8801573828125001 0.49871293593750005 0.8764819875000001 0.4947450421875 0.8719898421875 0.49131822343750003 0.8669531921875 0.49095750625 0.8624610468749999 0.49095750625 0.8626131734375001 0.518414878125 0.88533015 0.5183720484375 0.884921778125 0.51115769375 0.8835605171875001 0.5043040609375 0.8801573828125001 0.49871293593750005
0 0.8796128718749999 0.5553748234375 0.8830160156250001 0.5496033421875001 0.8843772671875 0.5449140140625001 0.88533015 0.5360764328125 0.8626131734375001 0.5356879296875 0.8627333015625 0.5629498953125001 0.868722828125 0.5627695375 0.87525685625 0.5600641578125 0.8796128718749999 0.5553748234375
5 0.9648026640625 0.532440034375 0.9648026640625 0.509159134375 0.9648026640625 0.48174459374999995 0.9550129328124999 0.481684828125 0.954729371875 0.5048451359375 0.9551377421874999 0.532440034375 0.9648026640625 0.532440034375
5 0.8599463828125 0.45534089531250005 0.8598814546875 0.4446738203125 0.8541029390625001 0.4446738203125 0.8465075093750001 0.44461410937499996 0.8463766125 0.45525487187499997 0.8517655656249999 0.45525487187499997 0.8599463828125 0.45534089531250005
3 0.7411549265625 0.5954535515625 0.74103676875 0.6307149953125 0.73820105625 0.6305584468750001 0.737932878125 0.67834375625 0.8435632156249999 0.6780306609375 0.843681365625 0.612386146875 0.8437995171875 0.5447191859375 0.835292384375 0.5447191859375 0.79003911875 0.5445626359375 0.7376848828125 0.5444122640625 0.7371376671875 0.5454765609375001 0.7371376671875 0.595297003125 0.7411549265625 0.5954535515625
5 0.7455266515625001 0.5788467359375 0.745762959375 0.56726215625 0.745644809375 0.55098111875 0.73680955625 0.5509608078125 0.736546890625 0.5641311875 0.7364287359375 0.5790032828125 0.7455266515625001 0.5788467359375
0 0.7600596828125 0.65233135625 0.7553334921875 0.65859329375 0.7522614703125 0.6651683234375 0.7513162359375001 0.6729957468750001 0.7509780421875 0.677795746875 0.7711662265625 0.678005296875 0.77152069375 0.648417646875 0.7660855765625 0.6488872906250001 0.7600596828125 0.65233135625
5 0.825291803125 0.45603321875 0.8254868125 0.4445354078125 0.8166138406250001 0.4444062203125 0.8033474328124999 0.444289453125 0.8037431578125 0.4561624078125 0.8115435734374999 0.4561624078125 0.825291803125 0.45603321875
0 0.7721782796875 0.48181541718750004 0.76983815625 0.4840116296875 0.767400528125 0.48762891875000003 0.7646703828125 0.49279647187500003 0.763305309375 0.4991267296875 0.7629152875 0.5058445484375 0.7857315 0.5058445484375 0.785648078125 0.4795581390625 0.7797836796875 0.47949001718749995 0.7755909609375 0.48039433750000005 0.7721782796875 0.48181541718750004
5 0.7757680640625 0.45583205624999995 0.7759079578125 0.44480365468749994 0.765765665625 0.4447109765625 0.75420435625 0.444710546875 0.754434275 0.45583205624999995 0.7619885375 0.45601740625 0.7757680640625 0.45583205624999995
3 0.7421427703125001 0.768832103125 0.7418674171874999 0.7587993515625 0.7597653656250001 0.759164184375 0.7583885953125 0.7480369484375 0.755910415625 0.7421997109375 0.749439634375 0.7363624718749999 0.74228045 0.7341735078125 0.74241813125 0.72979558125 0.7425558031249999 0.6856514765624999 0.74503398125 0.6860163046875 0.745171653125 0.656056128125 0.745171653125 0.5857825328125 0.6978109390625 0.5857825328125 0.6482762515625 0.5855661046875 0.6482473984375 0.672473359375 0.6485227499999999 0.7684672781249999 0.7421427703125001 0.768832103125
0 0.7268606828124999 0.710780221875 0.7330561296875 0.7147933234375 0.7381501578125 0.716070221875 0.7431065078125 0.7162526406249999 0.7420050984375 0.687613690625 0.719013121875 0.6881609296875 0.719563825 0.6983760953125 0.723418765625 0.70585505625 0.7268606828124999 0.710780221875
5 0.7140567640625 0.7695765390625 0.7141944437500001 0.7582668906250001 0.6990500281250001 0.7579020640625 0.6756909984374999 0.7576541156250001 0.6767464359375001 0.7695765390625 0.6931299328125 0.7695765390625 0.7140567640625 0.7695765390625
5 0.7986337265625 0.8025081515625001 0.7983336109375 0.791241878125 0.7880297265625 0.791109334375 0.7798609843750001 0.7912675124999999 0.7800267078124999 0.80237560625 0.7879296859375 0.8026406953125 0.7986337265625 0.8025081515625001
5 0.8242433859375 0.8027732390625 0.8243434187500001 0.7904466140624999 0.8135393453124999 0.790711703125 0.806494284375 0.7908297937500001 0.8064366656249999 0.8030383265625 0.814839834375 0.8029057828124999 0.8242433859375 0.8027732390625
3 0.26849538281249996 0.5938743546875 0.26837463281249996 0.6058729546875 0.268616125 0.763731234375 0.27827578750000004 0.7640511953125 0.27827578750000004 0.7686906578125 0.2858827671875 0.7686906578125 0.35943651875 0.7688421984375 0.3589262828125 0.5938480515625 0.4084188578125 0.5936227093750001 0.40858894062499995 0.4450302296875 0.3811916671875 0.4450302296875 0.25766767968750004 0.44455476093749996 0.25799049687500003 0.5431213765625 0.25811124687500003 0.5943543 0.26849538281249996 0.5938743546875
5 0.3111186328125 0.455693784375 0.3111186328125 0.44433511093750006 0.290471109375 0.4441751296875 0.268742384375 0.443993090625 0.268857615625 0.455693784375 0.28865992500000004 0.455853765625 0.3111186328125 0.455693784375
5 0.409155284375 0.544631334375 0.409155284375 0.513594946875 0.409155284375 0.48943776093749997 0.39985209843749997 0.4894292421875 0.4000993515625 0.5119951328125001 0.4003408421875 0.5447913093750001 0.409155284375 0.544631334375
5 0.409155284375 0.7106616203125 0.409155284375 0.6823449187499999 0.4090345359375 0.6549881046875 0.399984934375 0.654971809375 0.3999786109375 0.6793052703125 0.40022010156250004 0.7108216015625 0.409155284375 0.7106616203125
5 0.3591665421875 0.646323190625 0.3592872875 0.637684196875 0.3591665421875 0.61880639375 0.3537578015625 0.6188694406249999 0.353853728125 0.6293651640625 0.35409521875 0.646323190625 0.3591665421875 0.646323190625
5 0.3934158234375 0.7694533765625 0.3935169078125 0.7580686203125 0.38593518125 0.7580686203125 0.3721282640625 0.75786329375 0.37218696875 0.7693194390625 0.382194853125 0.7693194390625 0.3934158234375 0.7694533765625
5 0.35939455 0.7561421265625 0.35939455 0.74462343125 0.35939455 0.7293544671875 0.3537782234375 0.7294072515625001 0.3539357046875 0.7411410375 0.35444115625 0.7562760640625 0.35939455 0.7561421265625
5 0.34722755781250003 0.7690655421875 0.347025378125 0.7580826046875 0.3161929984375 0.757680790625 0.288496565625 0.75786329375 0.2886965796875 0.7696012984375 0.3113406890625 0.7696012984375 0.34722755781250003 0.7690655421875
0 0.2831424078125 0.749212415625 0.2864783703125 0.7445245765624999 0.289106703125 0.7397028 0.2907241421875 0.7339434515625001 0.2910274140625 0.7272465375 0.268144703125 0.72734308125 0.26818111718750004 0.7536323796875 0.2744486859375 0.7536323796875 0.2798064453125 0.7518911828125 0.2831424078125 0.749212415625
3 0.1398560265625 0.527037796875 0.1398560265625 0.58602818125 0.1135740609375 0.585875453125 0.1136893328125 0.6361603046875 0.1533443375 0.6363130328125 0.15276797656250002 0.6739214046875001 0.18469826250000002 0.673768675 0.1848135375 0.6775868890625001 0.27230967968750003 0.6785032640625 0.272424946875 0.588624565625 0.2615894078125 0.588624565625 0.26181994375 0.5163344140625 0.261704675 0.4449606359375 0.19691354218749998 0.4446551796875 0.1357048328125 0.44471234375 0.135936790625 0.5161940609375 0.139740759375 0.5160413328125 0.1398560265625 0.527037796875
0 0.15057510000000002 0.5826600796875 0.155509559375 0.5786169140624999 0.1595999671875 0.5725951796875 0.1616776375 0.56622934375 0.1620022703125 0.5581430125 0.1393646515625 0.5581557765625 0.139472559375 0.5845526249999999 0.145121221875 0.584380575 0.15057510000000002 0.5826600796875
5 0.1438226796875 0.5015689671875 0.14388760312499999 0.487116803125 0.14388760312499999 0.4726506953125 0.1355789375 0.47254971562500003 0.13616128125 0.4878049984375 0.1359664984375 0.5015689671875 0.1438226796875 0.5015689671875
5 0.2263428484375 0.455596878125 0.22621299375 0.4448437796875 0.185566778125 0.4448437796875 0.16843608125 0.44461410937499996 0.1684617640625 0.4558549515625 0.187776140625 0.4558549515625 0.2263428484375 0.455596878125
0 0.10867303125000001 0.5359702140625 0.1141425390625 0.535334528125 0.11894035 0.5336817515625001 0.1230664671875 0.52923196875 0.126137071875 0.523765090625 0.1279602390625 0.518806759375 0.128440021875 0.512195653125 0.12978340625 0.512195653125 0.12968745312500002 0.50583881875 0.1072649546875 0.505948884375 0.1073296421875 0.5153740703125 0.10886494375 0.5153740703125 0.10867303125000001 0.5359702140625
5 0.059302193749999996 0.5689491328125 0.062976246875 0.54837381875 0.0656297265625 0.5286317296874999 0.057048221875000006 0.5266545296875 0.053791120312499996 0.542570321875 0.050627353124999996 0.565974296875 0.059302193749999996 0.5689491328125
5 0.1041052046875 0.5167006171875 0.103696978125 0.5053421578124999 0.085122609375 0.5053421578124999 0.06883724531249999 0.5053687921875001 0.0690996609375 0.5168358359375 0.083693809375 0.5167006171875 0.1041052046875 0.5167006171875
3 0.0472646421875 0.768647075 0.13015880468750002 0.769272784375 0.13015880468750002 0.7637978015625 0.15707738437500002 0.76411065625 0.1571954515625 0.7082277953125 0.1574315796875 0.6307451765625001 0.1209049046875 0.6309016046875 0.0471623640625 0.6302650265625 0.0472646421875 0.6393360515625 0.0471465828125 0.707289225 0.0472646421875 0.768647075
5 0.05517493125 0.718552053125 0.055292990625 0.6939674859375 0.0554110578125 0.6690954140625001 0.046677809375000004 0.6690095046875 0.046556260937499996 0.686171428125 0.0467923875 0.718552053125 0.05517493125 0.718552053125
5 0.10511598124999999 0.7687997 0.1053521171875 0.758006159375 0.0900038 0.7578497328125 0.0749930125 0.757691309375 0.0747735453125 0.7675482734375 0.089059284375 0.7692689828125 0.10511598124999999 0.7687997
0 0.13571101562500001 0.7367144484375 0.1397815640625 0.743156378125 0.143965178125 0.7476507515625 0.150749421875 0.7506469984375 0.15742059218749999 0.750946621875 0.1574946015625 0.72383231875 0.1344672375 0.7238305859375 0.13469337812499999 0.7311713937500001 0.13571101562500001 0.7367144484375
5 0.181278509375 0.8594957187500001 0.181278509375 0.8478103562499999 0.172006709375 0.8478103562499999 0.1604800328125 0.8478483593749999 0.160925784375 0.8593459015624999 0.16985836875 0.8596455296875 0.181278509375 0.8594957187500001
5 0.1481487921875 0.8597953421875 0.1483749328125 0.8481099796875 0.1402338453125 0.8481099796875 0.1309988953125 0.8478483593749999 0.13073590468750002 0.8594957187500001 0.1372940078125 0.8597953421875 0.1481487921875 0.8597953421875
0 0.1726851328125 0.81619995 0.169632228125 0.8102074578125 0.1642048359375 0.804964025 0.15742059218749999 0.801967778125 0.1496187109375 0.801218715625 0.14928466406250002 0.830532290625 0.17449426562499998 0.8299826859375001 0.1746073390625 0.8220426312500001 0.1726851328125 0.81619995
5 0.23518381718749998 0.8598588812499999 0.23527803125000002 0.847875815625 0.225574346875 0.8477509921875 0.21517624375 0.847681428125 0.21530540937499998 0.8596092343749999 0.22321908906250001 0.8596092343749999 0.23518381718749998 0.8598588812499999
5 0.2737158984375 0.8594844125 0.2738101046875 0.84762616875 0.266367484375 0.8472516984375 0.259432315625 0.8475440203125 0.2595843265625 0.859359584375 0.26599064375000003 0.8594844125 0.2737158984375 0.8594844125
5 0.28655426093749997 0.8315493984375 0.28663889375 0.81865445625 0.28663889375 0.803965434375 0.2776469015625 0.8038161484374999 0.2777527453125 0.8167482500000001 0.2777527453125 0.8315493984375 0.28655426093749997 0.8315493984375
0 0.7519218421875 0.7380778218749999 0.7470293140625001 0.73509469375 0.7420045671875 0.7335153937500001 0.73790541875 0.7329889609375 0.7381251171875001 0.7595401078124999 0.759458965625 0.759661628125 0.7584011187499999 0.7480800750000001 0.75549205625 0.74070999375 0.7519218421875 0.7380778218749999