5 0.2831910234375 0.3286984703125 0.198361046875 0.3280194140625 0.19788629375 0.3438800125 0.23852359218750002 0.3441135734375 0.283862734375 0.34364645 0.2831910234375 0.3286984703125
0 0.1810940265625 0.3193559828125 0.1740412828125 0.31071418125 0.16127914999999998 0.30113813437500003 0.14549440625 0.2969340140625 0.13206058437499998 0.2964668890625 0.132253640625 0.3424138390625 0.1841166375 0.34364645 0.18310909375 0.32846490781250004 0.1810940265625 0.3193559828125
0 0.2741232140625 0.47238918124999996 0.2606893921875 0.47519192656250003 0.248598946875 0.4817316640625 0.238187759375 0.4899063390625 0.2334859140625 0.5018180125 0.2338152984375 0.51360469375 0.2845344015625 0.513496125 0.2845344015625 0.47238918124999996 0.2741232140625 0.47238918124999996
0 0.1814298828125 0.5415485734375001 0.19654291562499998 0.5459862484375 0.21736533750000003 0.546920503125 0.21608817343750003 0.515403996875 0.1626225265625 0.515156040625 0.16430176093749999 0.5254327765625 0.171018671875 0.53430814375 0.1814298828125 0.5415485734375001
3 0.321813278125 0.3289445234375 0.184452471875 0.3289445234375 0.1773997265625 0.3130373125 0.16430176093749999 0.3025270140625 0.14986039375 0.29762220781250004 0.13172475 0.2966879578125 0.13206058437499998 0.32891953906250004 0.066234896875 0.3291531 0.066146234375 0.409502146875 0.066234896875 0.5125618796875 0.32147739999999997 0.512328309375 0.32114156718750003 0.419137003125 0.321813278125 0.3289445234375
0 0.27092348906249997 0.7362187453125 0.255457703125 0.7413404484375 0.2429378171875 0.7492791000000001 0.23778255625 0.7590103546875 0.236926396875 0.7739431921875 0.2871256609375 0.77411939375 0.2867574421875 0.734938321875 0.27092348906249997 0.7362187453125
0 0.27865633125 0.6990863515625 0.2698187828125 0.690891615625 0.255457703125 0.685257734375 0.23667785000000002 0.682696878125 0.236926396875 0.723495440625 0.28602100468749997 0.72418273125 0.2845480796875 0.70984194375 0.27865633125 0.6990863515625
5 0.143146853125 0.7592938328125001 0.11423272343749999 0.7587243171875 0.11442472031249999 0.7744028828125 0.178128928125 0.7744028828125 0.178865390625 0.75954991875 0.143146853125 0.7592938328125001
0 0.1659772609375 0.65273488125 0.16303138749999999 0.66502698125 0.2226850390625 0.664770896875 0.2219440015625 0.63049120625 0.2061145734375 0.6299432734375 0.1865982578125 0.633784553125 0.173710128125 0.642235375 0.1659772609375 0.65273488125
3 0.22158033437500002 0.7054884859375 0.2226850390625 0.621236365625 0.14425155781250001 0.62072419375 0.0672910015625 0.6209802796874999 0.0668559578125 0.6893938875 0.0669227578125 0.773607225 0.221948578125 0.7738633187499999 0.22158033437500002 0.7054884859375
5 0.5758514234375001 0.32871251562500003 0.4443527453125 0.3275445375 0.4445865859375 0.3437295125 0.508798403125 0.3441246953125 0.575283159375 0.3441246953125 0.5758514234375001 0.32871251562500003
0 0.569600715625 0.5073780109375 0.5553945515625001 0.5097491078124999 0.5428931375 0.5160720609375 0.533232965625 0.5243709296875 0.5275505218750001 0.5382023703125001 0.5268364171875 0.5497855421875 0.5803973765625 0.5500578984375 0.580965640625 0.5065876453125 0.569600715625 0.5073780109375
0 0.5803973765625 0.6374358625000001 0.580965640625 0.62044294375 0.52746129375 0.618936853125 0.5292552359375 0.663518 0.5519850859375001 0.6607517203125 0.5713054296875 0.6508721203125 0.5803973765625 0.6374358625000001
3 0.6366537359375 0.5484348921875 0.6355172484375 0.42632298593750007 0.6366537359375 0.32871251562500003 0.3806153625 0.328849278125 0.379238278125 0.42790373125 0.3803747671875 0.5476444984375 0.6366537359375 0.5484348921875
5 0.5042524109375 0.759590028125 0.4443527453125 0.758109303125 0.4445865859375 0.7746070328125 0.575283159375 0.7746070328125 0.575283159375 0.7591948328125 0.5042524109375 0.759590028125
3 0.6360855109375 0.7730262734375 0.6360855109375 0.6864809640625 0.6372220000000001 0.621275590625 0.5224363046875 0.621275590625 0.3781158578125 0.620676509375 0.3798065421875 0.6856905984375 0.3798065421875 0.7742118359375 0.6360855109375 0.7730262734375
5 0.8854757781249999 0.32813808125 0.764954490625 0.3279442859375 0.764526734375 0.34435272031249997 0.8208724625 0.344014915625 0.8854757781249999 0.3436771125 0.8854757781249999 0.32813808125
0 0.8422449828125 0.5156560234375 0.842400478125 0.526469903125 0.8942190875 0.5268035890625 0.8932475796875 0.4842401484375 0.8738180421875 0.486266971875 0.8582743734375 0.493023075 0.8456451625 0.502819425 0.8422449828125 0.5156560234375
3 0.95007909375 0.52545235 0.9491075859375 0.41499010937499997 0.95007909375 0.3288498328125 0.6940945671875001 0.3288498328125 0.6939129546875 0.4625236609375 0.8169865609375 0.46295842656249997 0.8184437906250001 0.5261279578125 0.95007909375 0.52545235
0 0.8053288249999999 0.5542199984375 0.8296157718750001 0.55489560625 0.831188703125 0.5253521546875 0.7781274203125 0.5258443703125 0.77958465 0.5373297421875 0.78978515625 0.5471260921875001 0.8053288249999999 0.5542199984375
0 0.889361678125 0.643436665625 0.8932475796875 0.6302622640625 0.8927618578125 0.620128109375 0.84133749375 0.6197807765625 0.8412735078125 0.662353746875 0.8592458484375 0.6606647156250001 0.8772181890624999 0.6539086125 0.889361678125 0.643436665625
5 0.8218439375000001 0.758664321875 0.764954490625 0.7584495796875 0.7640410140625 0.7742033515625 0.8859615 0.774878959375 0.8854757781249999 0.758664321875 0.8218439375000001 0.758664321875
3 0.95007909375 0.6897520890625 0.9505648156250001 0.620164253125 0.83641613125 0.620839865625 0.6931230921875 0.6211776703125 0.6933788078124999 0.69376225625 0.6931230921875 0.7738655359375 0.95007909375 0.7738655359375 0.95007909375 0.6897520890625