3 0.655059496875 0.6768691875 0.7549005625 0.6764632109375001 0.75518581875 0.56282045 0.75518581875 0.45142141875 0.7108278609375 0.45142141875 0.656500659375 0.451260496875 0.6563431703125 0.4812611609375 0.6564857984375 0.5930661765624999 0.655059496875 0.6768691875
0 0.6795918796875 0.476186375 0.69685011875 0.4891778265625 0.7001306046875 0.4786222734375 0.7024126953125001 0.46563082187499993 0.70298320625 0.45203039218749996 0.6629226 0.4515141296875 0.663474675 0.4619769734375 0.666327278125 0.4650218453125 0.6795918796875 0.476186375
5 0.7258040218749999 0.6784823015625 0.7260892890624999 0.65818315625 0.70640633125 0.657574184375 0.6861129390625 0.6574626015625 0.686723384375 0.6782793109374999 0.70027324375 0.6784823015625 0.7258040218749999 0.6784823015625
3 0.6628533437499999 0.676806996875 0.6625017984375 0.631542415625 0.662677578125 0.4755128296875 0.6632048765625 0.400243071875 0.678848296875 0.400243071875 0.6790240484375001 0.3557156140625 0.5772540296875001 0.356466075 0.5278641859375 0.3563803109375 0.527398084375 0.526991271875 0.52751151875 0.676806996875 0.6628533437499999 0.676806996875
0 0.6403646578125 0.44514045468749996 0.64868379375 0.449604646875 0.6572756937500001 0.45232198281249997 0.663139996875 0.453486553125 0.663037259375 0.401897009375 0.657684825 0.40166310000000005 0.648547415625 0.4261191125 0.6403646578125 0.44514045468749996
5 0.6329671265625 0.6785233234375 0.6329671265625 0.6581433140625 0.59846316875 0.6577551234375 0.5644417828125 0.6579935828125001 0.56491385625 0.67871741875 0.5887802296875 0.6785233234375 0.6329671265625 0.6785233234375
0 0.6454815828125 0.2941560546875 0.6387932578125 0.3111356109375 0.642950859375 0.312936475 0.6501814859375 0.31731 0.6574121125 0.3193681265625 0.66283508125 0.32039718437500003 0.662695371875 0.26300667031249997 0.6586774796875 0.2635413890625 0.6527122078125001 0.27666195937500004 0.6454815828125 0.2941560546875
3 0.5278290859375 0.2605130296875 0.63196418125 0.25993444375 0.7552982015625 0.2603201640625 0.7551626812500001 0.1517912671875 0.7554337109375 0.0627206890625 0.5959271953124999 0.06175638906249999 0.5276374781250001 0.0619781171875 0.527693578125 0.07678920781250001 0.5278290859375 0.1907181890625 0.5278290859375 0.2605130296875
5 0.620324521875 0.08070718437499999 0.6201341015625 0.061059537500000004 0.592809246875 0.0617370421875 0.5642115203125 0.061152625 0.5641514734374999 0.080436184375 0.5843356843749999 0.0808426875 0.620324521875 0.08070718437499999
5 0.7177272593749999 0.07989735625 0.7177272593749999 0.0614692171875 0.69592450625 0.06133371562499999 0.6634028171875 0.0613219296875 0.6632679687499999 0.080303859375 0.6850707296875 0.0801683609375 0.7177272593749999 0.07989735625
0 0.671849328125 0.22903794375 0.6678445843749999 0.23853719999999998 0.66600908125 0.249223865625 0.664949540625 0.2599906359375 0.705222159375 0.2610979375 0.7055558828125 0.255398378125 0.6922067515625 0.24423675781249998 0.671849328125 0.22903794375
5 0.4541265046875 0.67862623125 0.4541265046875 0.657602596875 0.4374717296875 0.6573964859375 0.4244268578125 0.6577899046875 0.42472720312499995 0.6784201125 0.4377613734375 0.6788323421875 0.4541265046875 0.67862623125
0 0.392015865625 0.6358661390625 0.3869470203125 0.6521491453125 0.38651254375 0.6612181640625 0.385483628125 0.676074721875 0.42431165000000004 0.6770889453125 0.42431165000000004 0.6612181640625 0.40577415781250004 0.64617184375 0.392015865625 0.6358661390625
3 0.3801066078125 0.676246121875 0.380468728125 0.5974343875 0.3802876671875 0.47019078125 0.3171600546875 0.470963846875 0.3169789796875 0.432825825 0.24473481718749998 0.43231044374999994 0.24518574843750002 0.5688308640625 0.24482361406250003 0.676761503125 0.3801066078125 0.676246121875
5 0.33788772968749997 0.6780446390625 0.338036546875 0.658558865625 0.3161599171875 0.6579234625 0.290027359375 0.657417303125 0.2899674734375 0.6780446390625 0.3093141578125 0.67868004375 0.33788772968749997 0.6780446390625
0 0.35682619375 0.5305420125 0.3642672265625 0.5349898578125 0.3726011796875 0.5385904906250001 0.37989339375000003 0.5398612984375 0.38067254375 0.48328455000000003 0.37483349062500004 0.48352200625 0.3645648734375 0.5102090375 0.35682619375 0.5305420125
0 0.35342761562499997 0.37767879375 0.35804491875 0.380964471875 0.3652787015625 0.384907284375 0.37143510625 0.3866596453125 0.37897669375 0.387535828125 0.3796388984375 0.33231411093749996 0.3718968296875 0.3312412078125 0.3620465796875 0.3568694984375 0.35342761562499997 0.37767879375
3 0.3827366671875 0.331585465625 0.401521590625 0.3461931125 0.41352846093749995 0.3561152953125 0.4170143171875 0.3467443453125 0.41953189062499996 0.333514775 0.47336911875 0.33489285468749996 0.4729817921875 0.183101884375 0.4729817921875 0.061874915625000006 0.34822930625000004 0.061048065625 0.2451640328125 0.0613672875 0.24507387343749998 0.1902532109375 0.24488021718750003 0.3313098484375 0.3827366671875 0.331585465625
5 0.42938930624999994 0.08116803125 0.42919565000000004 0.0607724484375 0.352167346875 0.0607724484375 0.29431537812499997 0.059989796875 0.2935847546875 0.08116803125 0.31803533906250003 0.0814436546875 0.42938930624999994 0.08116803125
0 0.41428703906250003 0.3566683140625 0.41747657031249996 0.346580846875 0.4199573265625 0.3362411984375 0.420666115625 0.323631859375 0.380565125 0.32303940937500003 0.3807968671875 0.3322062046875 0.39231465 0.34078055625000003 0.41428703906250003 0.3566683140625