3 0.8488823671875 0.7894833218749999 0.8484848046875 0.6240423875000001 0.6806269656249999 0.6245972640625 0.5402203140624999 0.62458698125 0.5392085390625 0.709582159375 0.5392085390625 0.7900381984375 0.8488823671875 0.7894833218749999
0 0.589875965625 0.6620720203125 0.6038202296875 0.6547741406250001 0.611663884375 0.6466653953125 0.6154404546875 0.63571858125 0.6154404546875 0.6237581734375001 0.5625211796875 0.6239688906249999 0.5631494578125 0.6653155187500001 0.57535069375 0.6653155187500001 0.589875965625 0.6620720203125
5 0.665331003125 0.7900983484374999 0.665448 0.77572791875 0.642035146875 0.7756423796874999 0.5885210609375 0.775807515625 0.5887182609375 0.7903549625 0.6109053140625 0.7904405 0.665331003125 0.7900983484374999
5 0.8117674062500001 0.7902652671875 0.8113996625000001 0.7754671453124999 0.7752384546875 0.7754671453124999 0.7344340875 0.7754308703125 0.7345417671875001 0.7903508046875001 0.76678040625 0.7902652671875 0.8117674062500001 0.7902652671875
3 0.7827493999999999 0.631667125 0.84803329375 0.6313065203125 0.8482055640624999 0.5193219265625 0.8483778109375001 0.465923675 0.772754115625 0.46580347499999997 0.6511471703125 0.4657757625 0.6511404515625 0.561180921875 0.6504514359375 0.6315469203124999 0.7827493999999999 0.631667125
5 0.820960415625 0.48007748125000005 0.820960415625 0.465777565625 0.794740246875 0.465688746875 0.765406196875 0.465706240625 0.765719875 0.47989984375 0.7905399296875 0.4799886625 0.820960415625 0.48007748125000005
0 0.70080193125 0.60096881875 0.6908499234375001 0.5935790046875 0.678728890625 0.5888962531249999 0.6713286875 0.5875607453125 0.6639284765625 0.5871155765625 0.650786728125 0.586581371875 0.6507513078125 0.621294021875 0.709222859375 0.621624684375 0.709095265625 0.61459100625 0.7056503375000001 0.6066669890624999 0.70080193125 0.60096881875
3 0.651223909375 0.47357083437499997 0.6514260640625 0.48006013125 0.7555396875 0.47977798906249997 0.7555396875 0.41808394375 0.754933221875 0.33989594375 0.6609146546875 0.33989594375 0.539357565625 0.339956109375 0.5394045937499999 0.383780665625 0.5394045937499999 0.4734297625 0.651223909375 0.47357083437499997
5 0.6903331968749999 0.3475390921875 0.6902117875 0.3399986578125 0.6582800328125 0.339829209375 0.6171129375 0.3394964015625 0.6166352046875 0.3477932640625 0.647838471875 0.3475390921875 0.6903331968749999 0.3475390921875
0 0.64456030625 0.4490429515625 0.6365470140625 0.44174551875 0.6282908968750001 0.43827183593749997 0.619549128125 0.4355606671875 0.6054651640625 0.43437453281250005 0.6042901031250001 0.47295867343750003 0.6516022921875 0.47344346406250004 0.6517237 0.4628529640625 0.649416846875 0.4554819765625 0.64456030625 0.4490429515625
3 0.1914634609375 0.71628170625 0.2629809078125 0.71628170625 0.263347628125 0.7899058546875 0.2952524484375 0.7902897140625 0.320006196875 0.8163918953125 0.4349844328125 0.8163918953125 0.45918809375 0.7899058546875 0.5002609703124999 0.7901617625 0.500077615625 0.69399735 0.5006277031249999 0.52716205 0.5002609703124999 0.465959596875 0.3872650796875 0.4658316453125 0.3872650796875 0.4723571890625 0.3826810484375 0.4723571890625 0.3821309609375 0.4651918859375 0.379380546875 0.45917814999999995 0.3757133375 0.45444392968749997 0.3709459515625 0.4497097109375 0.3647116703125 0.445743203125 0.355196440625 0.4417663296875 0.341994459375 0.43907934062500004 0.3337431921875 0.43895138906250003 0.333376484375 0.47247477499999996 0.3291591734375 0.472730678125 0.3295258953125 0.466077184375 0.24921374687500003 0.4662051359375 0.1916569671875 0.46567004531249995 0.1912801 0.573639675 0.1916468265625 0.6310035734375 0.1914634609375 0.71628170625
0 0.3778647796875 0.4567589609375 0.3728706484375 0.451658996875 0.364831309375 0.44564995625000003 0.35520846562499997 0.4419099828125 0.3481435890625 0.44029499375 0.341931371875 0.43927500156250004 0.33340480625 0.4390200046875 0.3328834265625 0.47954873437499995 0.3831025359375 0.47945380000000004 0.38358976718750004 0.470358865625 0.3822498765625 0.4635589109375 0.3778647796875 0.4567589609375
5 0.4630494515625 0.47978835625 0.4630494515625 0.4655067328125 0.4442075109375 0.46543116875 0.408152884375 0.465578884375 0.4085810875 0.4797127921875 0.4326208046875 0.47978835625 0.4630494515625 0.47978835625
0 0.2614007390625 0.7751305265624999 0.2566277859375 0.7667465234375 0.25020899375 0.7600852640625 0.24230892656249997 0.755376440625 0.23210469687500002 0.7515864140625 0.22272338125000002 0.7498636734375 0.21449414687499999 0.7490597296875 0.21202538125 0.749404278125 0.212519140625 0.7823567265625 0.2092274484375 0.782127028125 0.2086060421875 0.7898071359375 0.2648570078125 0.7897163875000001 0.265021596875 0.78225118125 0.2623882421875 0.78225118125 0.2614007390625 0.7751305265624999
0 0.3162073828125 0.7393844703125 0.307813571875 0.7320341171875 0.297444740625 0.726751046875 0.2872404984375 0.7238798140625 0.276048753125 0.7227313203125 0.263106640625 0.72216853125 0.26386950468750003 0.7575306625 0.32180325 0.7573009640625 0.3201574 0.7469645265625 0.3162073828125 0.7393844703125
3 0.1915291015625 0.34737697343749996 0.31789043437500003 0.34737697343749996 0.407411221875 0.347934375 0.407411221875 0.2525157859375 0.407610596875 0.2094710515625 0.32108818906250003 0.21002845625000002 0.19131045468750002 0.209495178125 0.1915291015625 0.23203855624999997 0.1911303515625 0.29137998125000003 0.1915291015625 0.34737697343749996
5 0.37121224375 0.2243742265625 0.37101286875 0.20890621718750002 0.3552619921875 0.20918492031249997 0.2904206546875 0.20904556875 0.22746578906249998 0.2089728328125 0.227659990625 0.22465292812499998 0.29544855000000003 0.2245135765625 0.37121224375 0.2243742265625
0 0.37293334218749996 0.307072615625 0.3649582171875 0.3093022390625 0.3575812171875 0.312925375 0.349406715625 0.3183600796875 0.343824121875 0.324212840625 0.339039059375 0.3338280890625 0.337643403125 0.3406563109375 0.33804216875000004 0.348181284375 0.3898025390625 0.347916609375 0.3894817203125 0.3063758578125 0.38290225 0.3063758578125 0.37293334218749996 0.307072615625
5 0.4086220171875 0.4114245515625 0.4082232671875 0.38565196562500004 0.4078245171875 0.3651673046875 0.386311471875 0.3651539953125 0.386291671875 0.38662 0.38669042187499997 0.4115639015625 0.4086220171875 0.4114245515625
5 0.2720460890625 0.397666203125 0.2752251921875 0.40363044531250003 0.2815834015625 0.41181666406249995 0.2901167953125 0.416494503125 0.30099268437500004 0.42093844843749995 0.31504768125 0.423979046875 0.3296046359375 0.42444682812499995 0.32963983125 0.389001028125 0.32943731718749997 0.38889525156250004 0.2715441203125 0.38889525156250004 0.2720460890625 0.397666203125
5 0.4618800046875 0.7891974578125 0.44151614375000003 0.779708846875 0.42233280000000006 0.800542540625 0.3326137765625 0.8009550828125 0.3119773 0.7807240328125 0.293066584375 0.7891974578125 0.3190378765625 0.8166319218750001 0.43443305781249997 0.8170444734375 0.4618800046875 0.7891974578125
0 0.409791390625 0.46573495937500003 0.45195078593750004 0.4659250703125 0.45195078593750004 0.462313046875 0.45113478906250004 0.45699007187499996 0.447326840625 0.448625390625 0.43971096093749995 0.44102114062500003 0.4320950625 0.43588826875000003 0.4184952578125 0.43151582499999996 0.40462345937500005 0.43037518593749996 0.40407945625 0.4277137 0.3875388328125 0.4273668046875 0.38721570625 0.467255815625 0.409791390625 0.46744591875 0.409791390625 0.46573495937500003