3 0.6732643390625 0.605835903125 0.6728065140624999 0.6848497859375 0.7466305390625 0.6848497859375 0.7465160843749999 0.5617173234374999 0.7466305390625 0.495234684375 0.733707515625 0.495393415625 0.6804193765625 0.495067221875 0.679902778125 0.5553765703125 0.6797883234375 0.6056771750000001 0.6732643390625 0.605835903125
5 0.727741475 0.503493728125 0.727741475 0.49493749375 0.71234673125 0.49493749375 0.7011021453125 0.494848396875 0.701006325 0.503493728125 0.7119354234374999 0.5034122375 0.727741475 0.503493728125
0 0.695144684375 0.57813188125 0.6898402171875 0.5737725484375 0.683651678125 0.572546484375 0.6800171328125 0.572546484375 0.6799160359374999 0.6003779453125 0.7011367625 0.6004734484375 0.7009403046875 0.590801184375 0.698091609375 0.5824912125 0.695144684375 0.57813188125
0 0.6661068375 0.555127228125 0.6628846187499999 0.5521481234375 0.6605932640625001 0.5569146921875 0.65901795625 0.5623763859375 0.6588747453125 0.5671429546875 0.65888220625 0.57127288125 0.6767759671875 0.5716116125 0.6769191796875 0.568334596875 0.6712623921875001 0.5611847437499999 0.6661068375 0.555127228125
5 0.6697315374999999 0.5034453562500001 0.6698031421875 0.4949052515625 0.6546229078125 0.49500455781249997 0.6441950046875 0.494841775 0.6443118015625 0.5034453562500001 0.653262415625 0.5034453562500001 0.6697315374999999 0.5034453562500001
3 0.5519698953125001 0.6834217437500001 0.6334740921875001 0.6833279234375 0.6334740921875001 0.6247160421875 0.634691796875 0.6246222218749999 0.63462414375 0.60474259375 0.63455649375 0.5775450796875 0.63455649375 0.543597596875 0.63455649375 0.49530080625000006 0.5828932671875 0.4951131703125 0.55184303125 0.49505939843749996 0.55203754375 0.52643371875 0.551902240625 0.631278371875 0.5519698953125001 0.6834217437500001
5 0.6157592000000001 0.50348886875 0.6157592000000001 0.49495133593749996 0.5974936546875 0.49485751718750004 0.5731395984375001 0.49485751718750004 0.572666046875 0.5038641421875 0.5852489765625 0.503676503125 0.6157592000000001 0.50348886875
0 0.61473355625 0.5845356734375 0.6165762875 0.5892681703125 0.61971575625 0.5945685703125 0.624902703125 0.599774315625 0.629338909375 0.6020459125000001 0.6347306078125 0.6024245140625 0.6346636078125 0.57501340625 0.6139145625 0.5746920796875 0.6135733171875 0.5786673796875 0.61473355625 0.5845356734375
3 0.46688987187500003 0.7374889390625 0.47215236718750003 0.7419489359375 0.477045078125 0.7416786328125 0.47694762187500006 0.7511392328125 0.4928325828125 0.7512743828125 0.49643837187499995 0.7630325546875001 0.5025779609375001 0.7784398125 0.5121284234375 0.7510112828125 0.5282082921875 0.7512815859375 0.5282082921875 0.7416858390625001 0.540682375 0.741415534375 0.5407798265625 0.656298965625 0.5408772796875 0.600773353125 0.49736188906249995 0.6006382015625 0.46708862656249994 0.6005255843749999 0.467377140625 0.635222553125 0.467182228125 0.666157815625 0.46688987187500003 0.7374889390625
0 0.47442104531249996 0.635875884375 0.4777079890625 0.6341031671875 0.48105580156250005 0.6303888984375 0.48397753125 0.626927878125 0.4863514359375 0.6209344031249999 0.48756882187499995 0.6144434328124999 0.48799490468749995 0.6092941062499999 0.467067640625 0.6094496546875 0.46717759843750006 0.6361291312499999 0.47052541249999996 0.6362135453125 0.47442104531249996 0.635875884375
5 0.5207647609375 0.751049134375 0.52081354375 0.7427954031249999 0.5165694249999999 0.7427277484375 0.512641853125 0.74262045625 0.5126179984375 0.75098148125 0.516325509375 0.751049134375 0.5207647609375 0.751049134375
5 0.49242493906249996 0.7509809046875 0.49237615625000003 0.7427948265625 0.4877905546875 0.7429301328125 0.48378279375 0.7428740484375 0.483887915625 0.75091325 0.4871563765625 0.7509809046875 0.49242493906249996 0.7509809046875
5 0.505596346875 0.7695784140625 0.5109624765625 0.754762290625 0.511840571875 0.7515149203125 0.5059378296875 0.74826755 0.5038889421875 0.7544916765624999 0.502718153125 0.75888915625 0.5009619625 0.7531386046875 0.49873093281249997 0.7481994921874999 0.49305911875 0.7517927453125 0.49627879531249997 0.761399546875 0.5021815375 0.7783733734375 0.505596346875 0.7695784140625
3 0.3457269140625 0.8972917499999999 0.362358659375 0.8971233859375 0.3626014546875 0.9211988828125 0.4391047078125 0.9211988828125 0.43922610625 0.897132359375 0.45597924843750004 0.896964003125 0.45597924843750004 0.8579134375 0.45597924843750004 0.7687184921875 0.4527014546875 0.762657528125 0.38022376874999997 0.7623208109374999 0.3457569078125 0.7621776515625001 0.345605515625 0.7772958828125 0.3457269140625 0.8452864312499999 0.3457269140625 0.8972917499999999
5 0.439019271875 0.9209168640625001 0.43895695 0.9011240375 0.43291159375 0.9011240375 0.432849265625 0.912619434375 0.41428361562499993 0.9124465734375 0.4014476671875 0.912619434375 0.385181290625 0.9124465734375 0.36891490937500004 0.9124465734375 0.36891490937500004 0.9006918796875001 0.362627971875 0.9006863875000001 0.362717953125 0.9212625890625 0.3911549890625 0.9212625890625 0.439019271875 0.9209168640625001
0 0.4321944359375 0.7783068578125001 0.435495865625 0.784210734375 0.43949234531250003 0.7881868125 0.445400171875 0.7911989953125 0.44983104375 0.7913194796874999 0.44948352968750005 0.7624025390625 0.430208646875 0.7620881421875 0.429761796875 0.7677039796875 0.4301093171875 0.7726439546874999 0.4321944359375 0.7783068578125001
0 0.4485917625 0.7385873515625 0.4484902078125 0.74577028125 0.45011511562499995 0.7518264734375 0.45316182187500004 0.7592910859375 0.4578334375 0.765488125 0.47024247187499996 0.744242403125 0.45356805156249996 0.723939809375 0.44981044531250003 0.732249471875 0.4485917625 0.7385873515625
3 0.3458335015625 0.7674906046875 0.3845627984375 0.767810409375 0.43029889062500004 0.7675972046874999 0.4300682921875 0.646649740625 0.39288675 0.646543140625 0.3675205140625 0.646649740625 0.345731146875 0.6465565953125 0.3457566359375 0.675527434375 0.3458335015625 0.7171916515625 0.3458335015625 0.7674906046875
5 0.34552603125000003 0.7307300671875 0.3519060265625 0.7306234625 0.3519060265625 0.7080295859375 0.3517522890625 0.682658384375 0.34563425937500003 0.682785715625 0.34560289843750003 0.6827593046875 0.34552603125000003 0.7041862453125 0.34552603125000003 0.7307300671875
0 0.41859624999999995 0.6595875828125 0.41553778125 0.6625331140624999 0.4130740125 0.6660677546875 0.41069520312499996 0.6720766359375 0.409420840625 0.6780855234375001 0.4095058 0.6839765875 0.43006551406250004 0.6839765875 0.430040071875 0.657044553125 0.4247131890625 0.6567598718750001 0.42182463437499995 0.6571133375 0.41859624999999995 0.6595875828125
3 0.3459153734375 0.5910671734374999 0.34584582343750003 0.6510413859375 0.40627411718750006 0.6510413859375 0.430129978125 0.651137840625 0.4302690828125 0.5948340437499999 0.43033863281249995 0.534382703125 0.43033863281249995 0.49533400156249996 0.3802674375 0.49514109062499995 0.345964121875 0.49522792187500003 0.345984921875 0.515670503125 0.345984921875 0.5515362015624999 0.3459153734375 0.5910671734374999
5 0.410216265625 0.50329366875 0.410146715625 0.4950950265625 0.391298496875 0.49490211562499997 0.3762355484375 0.494866371875 0.3762755625 0.5036794859375 0.388446921875 0.5034865749999999 0.410216265625 0.50329366875
0 0.4106765390625 0.625063428125 0.4129314796875 0.6301073125000001 0.41576833593750007 0.6348485593750001 0.42100561562500005 0.6391863015625 0.42529726874999996 0.6412038546875001 0.43017085 0.6412038546875001 0.43024248125 0.6137301109375 0.40929448125 0.6137651281250001 0.4093672203125 0.6195151578125 0.4106765390625 0.625063428125
3 0.46863301562500004 0.6008714421875 0.4671979421875 0.6008714421875 0.46718844375 0.60618019375 0.489043815625 0.606374478125 0.5407191 0.6057854515625001 0.5406483125 0.5362085640625 0.5407191 0.495090725 0.4688079671875 0.49508469843749997 0.46840642812500005 0.5081045484375 0.4685574859375 0.56830624375 0.46863301562500004 0.6008714421875
5 0.49001416718749996 0.5031723593749999 0.49001416718749996 0.49491862812500004 0.4822576703125 0.49491862812500004 0.47414276875 0.4949450546875 0.4741109109375 0.503442971875 0.4794770421875 0.5033753187500001 0.49001416718749996 0.5031723593749999
0 0.44515756562500003 0.5890380859375 0.44740583906250003 0.584765315625 0.4487381484375 0.5801461078125 0.44948757500000003 0.5751804578125 0.44948757500000003 0.5696374078125 0.43097263906250005 0.5698250812500001 0.43116829843750004 0.5737946953125 0.4343325390625 0.5770281453125 0.44515756562500003 0.5890380859375