3 0.7018551125 0.8325170749999999 0.7020675546875 0.773683559375 0.71799976875 0.7739808640625 0.716725178125 0.766251084375 0.7154506046875 0.7591159140625 0.7120517359375 0.751386134375 0.70397940625 0.7436563656249999 0.7105647359375 0.739494175 0.715238178125 0.7296833109375 0.717150046875 0.7207643406249999 0.716725178125 0.7133318656250001 0.701951265625 0.713629171875 0.7021636921875001 0.6740884031250001 0.5730612921875 0.674385696875 0.49573694062499996 0.674385696875 0.4952007796875 0.6996719625 0.4956256484375 0.8322197703124999 0.7018551125 0.8325170749999999
5 0.7017948078125 0.7151240750000001 0.7018923859374999 0.7091156453125 0.7017948078125 0.702287884375 0.68951895 0.7021406140625001 0.68950060625 0.7081597578125 0.689598178125 0.714987521875 0.7017948078125 0.7151240750000001
5 0.7016972359375 0.7978547171875 0.7017948078125 0.7866571859375 0.7018923859374999 0.77423065625 0.68927488125 0.7744840281250001 0.68950060625 0.7878861796875001 0.689598178125 0.7978547171875 0.7016972359375 0.7978547171875
0 0.5290635640625 0.6159836546874999 0.5215596203125 0.6080276734375001 0.5113269796875 0.6029358375 0.4944999671875 0.600389925 0.495764003125 0.653782334375 0.5361127125 0.6541723640625 0.5365674890625 0.6420792625 0.53429356875 0.628394978125 0.5290635640625 0.6159836546874999
5 0.0427868640625 0.6922157109375 0.042632135937499996 0.651504665625 0.042632135937499996 0.6179397078125 0.029647437500000002 0.6180353765625 0.029480045312499998 0.6519377640624999 0.029480045312499998 0.6924322640625 0.0427868640625 0.6922157109375
3 0.070293903125 0.48327871875 0.259777425 0.483556475 0.25957895937500003 0.45105852031250004 0.259777425 0.32277765625 0.22335651875 0.32277765625 0.22335651875 0.2297723578125 0.155877215625 0.229494596875 0.0695524390625 0.229471028125 0.069896971875 0.251715425 0.069896971875 0.375274359375 0.070293903125 0.48327871875
5 0.082839675 0.3717943890625 0.0829498765625 0.3384970546875 0.082729475 0.2883721546875 0.06963177968749999 0.2885192171875 0.06994598125 0.3278387109375 0.06983578124999999 0.3717943890625 0.082839675 0.3717943890625
0 0.224314096875 0.3912355125 0.2284218 0.3999737 0.23351535625 0.4077920703125 0.2402519859375 0.41469063593750005 0.2494532390625 0.41928968125 0.26013326718749996 0.42043944062499994 0.2604094734375 0.3681114390625 0.22102793437499998 0.3677803859375 0.2213565515625 0.3799678515625 0.224314096875 0.3912355125
0 0.3111734109375 0.385390321875 0.3068641453125 0.3982387375 0.30424112187499996 0.41213599843750004 0.3036790453125 0.4184291015625 0.3443359765625 0.4186913109375 0.34452333125 0.367035446875 0.333469140625 0.367297665625 0.3199792828125 0.373852978125 0.3111734109375 0.385390321875
3 0.3435741015625 0.36887093593750003 0.349595615625 0.388274665625 0.35821413281250003 0.3982387375 0.369080959375 0.406367321875 0.3799477859375 0.40872723750000006 0.38013515 0.3741151875 0.455266153125 0.3741151875 0.45507879687499997 0.3898479359375 0.5075393640625 0.38958572812500003 0.5073519937500001 0.22995421718750003 0.4882413546875 0.22995421718750003 0.39604708906249997 0.229167578125 0.3360757109375 0.2294036265625 0.3364544484375 0.299412578125 0.3364544484375 0.36887093593750003 0.3435741015625 0.36887093593750003
0 0.34994696406250003 0.38803054062500003 0.3556822703125 0.39702040312500003 0.367841115625 0.40520760312500004 0.3789676140625 0.4084182703125 0.379197021875 0.35399748125 0.3439088875 0.353664503125 0.3447851890625 0.3686060078125 0.34650578125 0.37823800625000004 0.34994696406250003 0.38803054062500003
5 0.5081922375000001 0.3330379109375 0.5080820328125 0.3119074359375 0.5078616203124999 0.2745985109375 0.4949967078125 0.274463415625 0.49507757343750003 0.30697184843750003 0.49518778750000003 0.3328836703125 0.5081922375000001 0.3330379109375
5 0.5079718265625 0.446198571875 0.5078616203124999 0.423842421875 0.5077514062499999 0.40024415625 0.49527237968750004 0.4001130046875 0.49507757343750003 0.42213759531250006 0.49485716249999995 0.446198571875 0.5079718265625 0.446198571875
0 0.3923228171875 0.4169837703125 0.398742140625 0.41365100625 0.4040225515625 0.40828961250000007 0.397189078125 0.394523859375 0.3833150484375 0.371919046875 0.37866693906250004 0.37191509375 0.37782756093750003 0.4187225984375 0.3859034859375 0.4188675046875 0.3923228171875 0.4169837703125
3 0.7316151484375 0.486790140625 0.7318933828125 0.2341316625 0.652946146875 0.2333528625 0.5422423203125 0.232178184375 0.541578075 0.28165924531250003 0.5421345546875 0.48717953593749996 0.7316151484375 0.486790140625
5 0.5554900140625 0.40700460781250003 0.5557682484375001 0.355993178125 0.5554900140625 0.309654546875 0.5410272703125 0.3095384765625 0.5410215953125 0.3474263703125 0.5410215953125 0.40700460781250003 0.5554900140625 0.40700460781250003
0 0.701843609375 0.372737390625 0.6948876390625001 0.3887027953125 0.6923834859375 0.40934100312500005 0.7318933828125 0.408951609375 0.7317273046875 0.356246578125 0.7221550265625 0.3571613765625 0.712138434375 0.3614447796875 0.701843609375 0.372737390625
3 0.83349204375 0.41936245781250003 0.83349204375 0.48672842968749996 0.979940859375 0.48609289999999994 0.979713828125 0.3726850265625 0.9794867625 0.2335551984375 0.8807189546874999 0.2335551984375 0.8082470796875001 0.2339334 0.8082892265625 0.322478309375 0.8082892265625 0.4190446921875 0.83349204375 0.41936245781250003
0 0.8418929937499999 0.374574671875 0.8332649953125 0.3644062203125 0.8250911015625 0.3586864703125 0.8169172171874999 0.3561443578125 0.8080621703125 0.3561443578125 0.8080621703125 0.406668834375 0.8473422375 0.40698660000000003 0.8464340421875001 0.387920759375 0.8418929937499999 0.374574671875
5 0.9802424406249999 0.40424234531250003 0.9804121046875001 0.3648507890625 0.9800727765625 0.31379883125 0.9661948796875001 0.3136576765625 0.966499478125 0.346541753125 0.9663298015624999 0.40424234531250003 0.9802424406249999 0.40424234531250003
0 0.77680880625 0.3877509734375 0.7708169375 0.38194547343749996 0.7663614453125 0.3926963984375 0.7640568828125 0.401512165625 0.7632886937500001 0.40860777812500004 0.76346735 0.41728059375 0.7975498796875 0.4176385609375 0.79785715 0.41183305625 0.7864879671875 0.398716925 0.77680880625 0.3877509734375