5 0.210052703125 0.6454449984374999 0.15986058281249999 0.647520815625 0.14368295625 0.6257247296874999 0.133312684375 0.6324711375 0.154468040625 0.66101363125 0.216689678125 0.66257049375 0.23867465625 0.6329900921875 0.226230328125 0.627800546875 0.210052703125 0.6454449984374999
5 0.053845529687500004 0.47710903125000004 0.0462306390625 0.477389228125 0.0401835203125 0.47710903125000004 0.0353860421875 0.476835303125 0.035928140625 0.49111889062499997 0.043766998437499996 0.49111889062499997 0.053845529687500004 0.49111889062499997 0.053845529687500004 0.47710903125000004
5 0.10531459531250001 0.4775610390625 0.0964966859375 0.47718063437499997 0.09147960000000001 0.47699043281250003 0.083351209375 0.477502 0.08342185468749999 0.49049482343750006 0.0926958625 0.49049482343750006 0.105466628125 0.4903046203125 0.10531459531250001 0.4775610390625
0 0.0831177890625 0.489543809375 0.08296575625 0.47927286406249997 0.08129339375 0.472996175 0.077644603125 0.463105634375 0.0540795015625 0.4796532703125 0.05392746875 0.48478874375 0.054231534375 0.48916340468749997 0.0831177890625 0.489543809375
0 0.1517545890625 0.4488666421875 0.14669658593749998 0.44359341093750004 0.13763433281249998 0.44781199687499995 0.1304688296875 0.4525579046875 0.12288182656249999 0.4570401515625 0.117930553125 0.460648434375 0.1317333296875 0.480769690625 0.140374084375 0.46758661406249996 0.14922558749999998 0.4538762125 0.1517545890625 0.4488666421875
0 0.173336134375 0.34538041875 0.204841896875 0.3450491953125 0.2040476328125 0.33511246875 0.1982230390625 0.322194725 0.18736811250000002 0.331137778125 0.181014009375 0.33544369375 0.175983678125 0.34008083125 0.173336134375 0.34538041875
0 0.19898111406250002 0.3916356328125 0.2022856578125 0.3989312640625 0.2088947453125 0.3977153265625 0.208505975 0.36196673125 0.204035121875 0.36148035625 0.1991754984375 0.36196673125 0.19528779999999998 0.36148035625 0.18790117343749999 0.365128171875 0.19314956562500002 0.378260309375 0.19898111406250002 0.3916356328125
5 0.259768153125 0.4002606875 0.259768153125 0.3892602234375 0.2599013796875 0.3810932109375 0.2551052546875 0.3802598421875 0.24894848125000002 0.3804292625 0.24884364531249997 0.4004273625 0.249243321875 0.4137612578125 0.25950170156249996 0.4134279109375 0.259768153125 0.4002606875
5 0.252943071875 0.31082112031250003 0.252943071875 0.3005448890625 0.252943071875 0.2953019140625 0.24724356093750002 0.2946727578125 0.24285181093750002 0.295236234375 0.24271747812500002 0.311659996875 0.24254984531249998 0.32550145 0.2527754390625 0.3250820125 0.252943071875 0.31082112031250003
3 0.13662565 0.6348735984375 0.154802465625 0.6584408546875 0.212968275 0.659267775 0.2344499671875 0.6348735984375 0.2589060453125 0.6348735984375 0.2585755578125 0.440246725 0.15215856562500002 0.4406601859375 0.11183908437500001 0.465449178125 0.111508596875 0.4799203 0.10787323281250001 0.4799203 0.10754274531250001 0.635287059375 0.13662565 0.6348735984375
3 0.1723873671875 0.27539972968750004 0.25269766250000003 0.27539972968750004 0.25269766250000003 0.1148552375 0.23272632031249998 0.043306525 0.183010421875 0.043306525 0.183010421875 0.029484812500000002 0.027913818750000003 0.029484812500000002 0.0278761265625 0.0296828828125 0.027063975 0.3609880203125 0.07550510625 0.3615196234375 0.1715375234375 0.362051228125 0.1723873671875 0.27539972968750004
5 0.5171342 0.6258331578125 0.49874314374999995 0.650310140625 0.44043958281249995 0.650310140625 0.41813553593749997 0.6228959203125 0.4083530578125 0.6321971734375 0.41696163906250006 0.643946125 0.43300489999999997 0.66401725 0.5034387328125 0.665975409375 0.531220965625 0.6326867140625 0.5171342 0.6258331578125
0 0.462596121875 0.44069766093749996 0.4401997203125 0.44027312500000004 0.42624065 0.44056226093750006 0.4286621796875 0.45767905468750003 0.43205557343749995 0.46489614687499997 0.4507192421875 0.4517355671875 0.462596121875 0.44069766093749996
5 0.379862653125 0.4978332703125 0.35814230468749997 0.4982106796875 0.348488815625 0.4982106796875 0.3430587296875 0.4982106796875 0.3429348046875 0.49784133124999996 0.3427570578125 0.5151941265625 0.358745646875 0.5155715359374999 0.3789576390625 0.5155715359374999 0.379862653125 0.4978332703125
0 0.41145444218750005 0.40206205781250004 0.4176207203125 0.40232807031249995 0.4173084484375 0.361362403125 0.40677657656250005 0.377322775 0.3993345171875 0.3970077953125 0.40465027343750004 0.399933946875 0.41145444218750005 0.40206205781250004
5 0.546936534375 0.395980571875 0.546936534375 0.3819899234375 0.547202796875 0.36633372343750004 0.5410787671875 0.36633372343750004 0.534279478125 0.3672287296875 0.5344222125 0.4066401125 0.5352210000000001 0.42629364062499997 0.5466702734375 0.42596053125 0.546936534375 0.395980571875
0 0.4460519828125 0.3607413796875 0.4462204328125 0.3445142171875 0.4445359265625 0.3381919453125 0.4428514203125 0.333134128125 0.418089165625 0.3502042609375 0.41707846249999997 0.3594769265625 0.4460519828125 0.3607413796875
0 0.45952803906249995 0.35989841093749997 0.48530099687500006 0.3603198953125 0.48580635 0.3506257453125 0.48479564531249997 0.3434605046875 0.4819319828125 0.3335556125 0.4797421234375 0.3339770984375 0.456462834375 0.3497865515625 0.456664378125 0.3497827765625 0.45481142031250005 0.36010915312499997 0.45952803906249995 0.35989841093749997
3 0.4177179125 0.4457709796875 0.4177179125 0.3502686859375 0.3894401046875 0.3491024015625 0.35898708125 0.34987992343749996 0.32884480312500003 0.34987992343749996 0.31361829218750004 0.34987992343749996 0.3129968015625 0.350817190625 0.3129968015625 0.511604759375 0.4018699109375 0.51147169375 0.4018699109375 0.446159740625 0.4177179125 0.4457709796875
3 0.501088840625 0.6636185015625 0.52665095 0.633483690625 0.5448393734375 0.6347136843750001 0.54582253125 0.4397599078125 0.49076568125 0.4409899015625 0.45586357031249997 0.4409899015625 0.4278435671875 0.4409899015625 0.40375619374999994 0.4403749046875 0.394907771875 0.4403749046875 0.3936839171875 0.4409957875 0.3934330359375 0.6340986875 0.4130961953125 0.6340986875 0.43177619843750004 0.66115851875 0.501088840625 0.6636185015625
5 0.5052532515625 0.1799012890625 0.4908747875 0.1799012890625 0.48608196562500006 0.1802344078125 0.4730348390625 0.1799012890625 0.468774553125 0.18040096562500002 0.46685113749999996 0.1802375 0.466910678125 0.1972234140625 0.48714703593750003 0.196557178125 0.5052532515625 0.196557178125 0.5052532515625 0.1799012890625
5 0.340499025 0.16347105312500002 0.3451267140625 0.157102571875 0.341733075 0.1526639328125 0.33695113125 0.1470673890625 0.3323234421875 0.1526639328125 0.32731637343750003 0.159741340625 0.3298553421875 0.1648219421875 0.3349457984375 0.1696465484375 0.340499025 0.16347105312500002
5 0.41731865468749996 0.15497974375 0.4177814234375 0.1410848765625 0.38477057812500004 0.1408918921875 0.3738183828125 0.1408918921875 0.3627119296875 0.1410848765625 0.3488288640625 0.1410848765625 0.3488047078125 0.1412139609375 0.34836609531249996 0.15613765 0.37042474375 0.155944665625 0.39957918124999997 0.15555869687499999 0.41731865468749996 0.15497974375
5 0.429623653125 0.1682719359375 0.43245053125000005 0.16419124375 0.436582121875 0.1572540640625 0.43245053125000005 0.1518131390625 0.42875384531250005 0.1471883546875 0.4259269671875 0.14433186874999998 0.418579559375 0.1539905125 0.4199470328125 0.1561658796875 0.421904103125 0.15875031875 0.429623653125 0.1682719359375
3 0.45064747031249996 0.295834628125 0.4511052484375 0.2543133140625 0.45087635937500004 0.19357450468749998 0.45797190312499997 0.1938608578125 0.45797190312499997 0.183838471875 0.4547674640625 0.184124825 0.4545385765625 0.1718116078125 0.4401185984375 0.1718116078125 0.4396608203125 0.1632209921875 0.423409734375 0.142889865625 0.34215430625 0.1434625734375 0.32590322031249996 0.1635073453125 0.3261321078125 0.170952546875 0.3134394875 0.17211737656249998 0.3130854609375 0.35969154531249997 0.362525384375 0.35969154531249997 0.4511052484375 0.360264253125 0.45064747031249996 0.295834628125
0 0.774486475 0.4400903578125 0.7613297578125 0.4294398484375 0.746238228125 0.42024168125 0.73965986875 0.4342809890625 0.7390771640625 0.44590807187500003 0.7485600015625 0.44589972656250004 0.7748734374999999 0.4454156125 0.774486475 0.4400903578125
0 0.7491259593749999 0.40023947031249996 0.7497702703125 0.359935815625 0.7278637046875 0.3619509984375 0.740105609375 0.3933878484375 0.7439714734375 0.3990303609375 0.7491259593749999 0.40023947031249996
0 0.730585515625 0.3001956046875 0.7339915375 0.307297515625 0.741938921875 0.3229217203125 0.7498488578125 0.33589950625 0.74988630625 0.2928096171875 0.7392141046875 0.29508222812499996 0.730585515625 0.3001956046875
5 0.83169613125 0.3897031046875 0.83169613125 0.3796111984375 0.8318574640625 0.372950540625 0.8210481312500001 0.372950540625 0.8212094656250001 0.3796111984375 0.8212094656250001 0.3888957515625 0.8212094656250001 0.403831771875 0.83169613125 0.404235446875 0.83169613125 0.3897031046875
3 0.7774740953125 0.40069619687499997 0.7487419281250001 0.40069619687499997 0.7497326921874999 0.362684609375 0.750062946875 0.27509268750000004 0.75501676875 0.27509268750000004 0.7556772796875 0.2519551984375 0.6919381015625 0.2519551984375 0.6338132562500001 0.2519551984375 0.61373815 0.25328398750000003 0.6004264734375 0.2539597734375 0.5996656015624999 0.44669571250000006 0.6427301359375 0.4465580046875 0.7774740953125 0.4465580046875 0.7774740953125 0.40069619687499997
0 0.93090986875 0.4154455625 0.9460199046875 0.4058219109375 0.9449209921874999 0.3975730671875 0.9311845968749999 0.3979167703125 0.9193712968750001 0.397229365625 0.9127778265625001 0.397229365625 0.9125030984375 0.41132114062499997 0.91497565 0.4192262828125 0.91909656875 0.42541291562500005 0.93090986875 0.4154455625
3 0.911002975 0.419943265625 0.9180224609375 0.427846903125 0.9320614359375 0.419504175 0.950312103125 0.4023796296875 0.9850585640625 0.4032578125 0.9847075890625 0.245624178125 0.9625962046875 0.245624178125 0.9625962046875 0.22718235937500003 0.9506630765624999 0.22806054062499997 0.936624103125 0.21752235937500003 0.9236380515624999 0.2116412921875 0.919426359375 0.22788765625 0.9103010250000001 0.22788765625 0.9099500515625 0.2458903828125 0.8943251109375 0.2455504953125 0.885325346875 0.246065071875 0.884679896875 0.40352401875000005 0.9117049234374999 0.4019405390625 0.9099500515625 0.4102832671875 0.911002975 0.419943265625
1 0.126187328125 0.3608013375 0.1258049421875 0.3512310109375 0.10888436875 0.33256887343749997 0.09640903125 0.333181971875 0.07509964999999999 0.3452836171875 0.0709504984375 0.35047585312499996 0.071506153125 0.360322821875 0.126187328125 0.3608013375