5 0.2569267890625 0.8734582296875001 0.1971558953125 0.8731007625 0.14789417031250002 0.8731007625 0.11570984375 0.8731007625 0.1032183359375 0.873639890625 0.10290179375 0.883646059375 0.1482225828125 0.88382479375 0.25659837812499997 0.88382479375 0.2569267890625 0.8734582296875001
0 0.3788786328125 0.9154156765625 0.379720815625 0.8880676187500001 0.358946978125 0.888373184375 0.34238405312500003 0.89524839375 0.3317164078125 0.9039569937499999 0.331997134375 0.9186241078125 0.3788786328125 0.918012978125 0.3788786328125 0.9154156765625
5 0.2932567359375 0.8943316984375 0.29381819062500003 0.885164753125 0.284834909375 0.884095275 0.2758516296875 0.8844008390625 0.276413084375 0.89524839375 0.2766938109375 0.9021236046875 0.29269528125 0.9021236046875 0.2932567359375 0.8943316984375
5 0.3268678375 0.9100144 0.3172679953125 0.909898296875 0.310228109375 0.909898296875 0.3038282140625 0.909898296875 0.2984949671875 0.9100144 0.2984949671875 0.9197669765625 0.31470803593749996 0.9196508734375 0.3266545078125 0.919534771875 0.3268678375 0.9100144
5 0.4077651765625 0.9097445234375 0.398973440625 0.9099525578125001 0.38807933437500003 0.9099525578125001 0.38827045937500004 0.919522140625 0.399546815625 0.919730175 0.4157924109375 0.919522140625 0.41598353593750004 0.9098485406249999 0.4077651765625 0.9097445234375
5 0.442626659375 0.8554066859375 0.4424081984375 0.8468463265624999 0.4347621140625 0.8464896453125 0.43082984375000005 0.8463707515625 0.42798986875 0.8461329624999999 0.4258052734375 0.8462518578125 0.42445360781249997 0.8463711249999999 0.424057596875 0.8530288078125 0.424494515625 0.8618269546875 0.44153436093750004 0.8621836359374999 0.442626659375 0.8554066859375
5 0.443019971875 0.8823171078125001 0.42474784843749996 0.8821827250000001 0.4240070859375 0.8875580624999999 0.42425400625 0.8972336703125 0.44178536875 0.8973680546875 0.4427730515625 0.8898425812499999 0.443019971875 0.8823171078125001
5 0.4102673375 0.8162861296875 0.3989771734375 0.8160068328125 0.393332090625 0.81614648125 0.38661145625 0.8165685703125 0.3864040359375 0.8264804640625 0.3966678203125 0.8264804640625 0.41052393125000003 0.826340815625 0.4102673375 0.8162861296875
0 0.3409867828125 0.8038574203125 0.334058728125 0.8088847625 0.33046640312500003 0.8193583953125 0.330209809375 0.8231289015625001 0.3828117109375 0.8228496046875 0.38537765625 0.7922666 0.37306111406250003 0.791428709375 0.36151435468750004 0.7932441390625 0.349967596875 0.7982714828125 0.3409867828125 0.8038574203125
0 0.3584644375 0.73818844375 0.384161671875 0.7094260203125 0.3492522234375 0.6996626296875 0.3356218484375 0.69570656875 0.3245246953125 0.7091621453125 0.32888837656250003 0.721036540625 0.3410097140625 0.7337025609375 0.3584644375 0.73818844375
5 0.4435466296875 0.6547460671875001 0.444421209375 0.6416566453125 0.444421209375 0.6304711390625 0.43297265625000003 0.6289479734375 0.4221194296875 0.6297571703125 0.422994009375 0.6540320984375 0.4221194296875 0.670215384375 0.4435466296875 0.670453375 0.4435466296875 0.6547460671875001
5 0.3998176515625 0.615953778125 0.3810141890625 0.615953778125 0.37270568437499996 0.61619176875 0.3613361484375 0.61619176875 0.3617734390625 0.6269012968750001 0.377515871875 0.627377275 0.3998176515625 0.627377275 0.3998176515625 0.615953778125
3 0.0754460234375 0.8827530843750001 0.29199231718749996 0.8827530843750001 0.2891430234375 0.8770672125000001 0.288193259375 0.852773034375 0.3223847796875 0.8522561359375 0.3242843078125 0.824343675 0.443004865625 0.8217591890625 0.4401555703125 0.6182114624999999 0.42780863281250003 0.6171776671875 0.309088078125 0.6197621546875001 0.309088078125 0.60063695 0.24925291718749998 0.6011538468750001 0.21031257656250002 0.60063695 0.2093628109375 0.5985693609375 0.10679927812500001 0.59850393125 0.076904584375 0.598372596875 0.07155309374999999 0.5998288390625001 0.071646965625 0.6042552328124999 0.0725967296875 0.8791348031249999 0.0754460234375 0.8827530843750001
5 0.759254978125 0.8722353390625001 0.6992020937500001 0.8716860437499999 0.6608489890625 0.8716860437499999 0.6487374828125 0.871411396875 0.6389259859374999 0.8716908578125 0.639653853125 0.8834958796875 0.6886045249999999 0.8834958796875 0.7587503328125 0.8837705265625001 0.759254978125 0.8722353390625001
5 0.924897196875 0.8459055421875 0.9058253593750001 0.8459055421875 0.89802324375 0.8459055421875 0.880251759375 0.845433740625 0.8689820375 0.844961940625 0.8520774546875 0.844961940625 0.851210553125 0.8501517453125 0.851210553125 0.8565210499999999 0.8815521125 0.85628515 0.9218630390625 0.85675695 0.924897196875 0.8459055421875
5 0.9515975734375001 0.7097920203125 0.9524841281249999 0.694834625 0.94450513125 0.6941108796875 0.940958909375 0.6933871359375 0.933204396875 0.6941134671875 0.9329799124999999 0.7061732968750001 0.9329799124999999 0.7218544359375 0.9511542953125 0.7218544359375 0.9515975734375001 0.7097920203125
5 0.9315481374999999 0.621398053125 0.8995659578125 0.6207764140625 0.8797674671875001 0.6205692 0.868726 0.6205692 0.8603497156250001 0.6209836265625001 0.86073045625 0.63155149375 0.9007081796874999 0.632173134375 0.931167396875 0.6319659203125 0.9315481374999999 0.621398053125
5 0.7179267625 0.60068701875 0.6834021421875 0.600134384375 0.6404156046875 0.6010554421875 0.6397386515625 0.6108186625 0.66444745 0.6108186625 0.762605684375 0.6108186625 0.7632826374999999 0.60087123125 0.7179267625 0.60068701875
0 0.8829025921874999 0.700715925 0.8866327703125 0.68476511875 0.8312129890625 0.685055134375 0.8298881734375 0.6853480078125 0.83068010625 0.7166667296875 0.8477323484375001 0.7163767156249999 0.8653174703125 0.71173648125 0.8829025921874999 0.700715925
0 0.7816549171875 0.730877446875 0.8013715687499999 0.7358076953125 0.8221539874999999 0.7384178265625 0.8242855171875 0.7091263484375 0.8234949828125 0.70874364375 0.766201325 0.7076762750000001 0.7640697953125 0.711446465625 0.7656684421875 0.719856890625 0.7816549171875 0.730877446875
0 0.7539450265625 0.775829715625 0.808831925 0.7755397 0.810430571875 0.7471182656249999 0.810430571875 0.7468282515625 0.7795233875 0.74740828125 0.7656684421875 0.7546586468750001 0.755543675 0.7650991734375 0.7539450265625 0.775829715625
0 0.8626530578124999 0.7975808140625 0.8829025921874999 0.7964207546875001 0.887698534375 0.791200490625 0.862120175 0.766549246875 0.8136278671875001 0.7778598171875 0.813094984375 0.7778598171875 0.8205553406250001 0.7842401406249999 0.8301472249999999 0.790330446875 0.8445350515625 0.7946806671875 0.8626530578124999 0.7975808140625
3 0.824674690625 0.74400853125 0.8232564078125 0.6224370125 0.8175832765625 0.622051071875 0.816874134375 0.6042977703125 0.8133284296875001 0.601982121875 0.594203740625 0.601982121875 0.5934435 0.6014681328125 0.587112328125 0.6050696531249999 0.5885306109374999 0.7463241796875 0.821838125 0.7470960625 0.824674690625 0.74400853125
3 0.8097115015625 0.8466803609375001 0.8104010546874999 0.7735006734375001 0.8124697140625001 0.74648048125 0.8145383718750001 0.741977115625 0.6704218515625 0.7423523953125 0.588081175 0.7412320734375 0.5869859703125 0.8770780765625 0.5911232859375 0.8812061609375 0.79798910625 0.8812061609375 0.8035055281249999 0.8793297593749999 0.8048846328125 0.8556870921874999 0.8097115015625 0.8466803609375001
3 0.863496615625 0.765244503125 0.8035055281249999 0.7795051609375 0.8014368703124999 0.8478062015625 0.7952308953125 0.8474309218749999 0.789714471875 0.8515590062499999 0.791093578125 0.8564376515625 0.9441742859375 0.8556870921874999 0.950380259375 0.8523095671875 0.94969070625 0.7434782359375001 0.885902746875 0.7442304828124999 0.8869414078125001 0.7449793578125 0.885562303125 0.7596152968750001 0.863496615625 0.765244503125