3 0.6661332390625 0.74200915625 0.9671748921875001 0.7431814296875 0.966063521875 0.46972318281250003 0.9665396796874999 0.3491972109375 0.89149306875 0.34943597187500003 0.8906994796875001 0.33725890625 0.8878425578125 0.3265144265625 0.883874615625 0.315531190625 0.8772084781249999 0.305025478125 0.86768541875 0.29666866718749996 0.8555727093750001 0.29022198125 0.846208365625 0.28902815 0.8466845234375 0.35015226875 0.8239878921875 0.3499135078125 0.8244640499999999 0.324126765625 0.7270912921875 0.3249096 0.726526690625 0.5152332765625001 0.6661332390625 0.517577846875 0.6661332390625 0.74200915625
0 0.7866989156249999 0.394326934375 0.79644400625 0.3855309484375 0.8051496265625 0.3722392375 0.8104769421875 0.3567973921875 0.8128157578125 0.343310209375 0.8133354984375 0.3251318390625 0.7673996625 0.32438465 0.76694886875 0.399018121875 0.7774735640625 0.3986271953125 0.7866989156249999 0.394326934375
5 0.8317097499999999 0.7428722249999999 0.8317862 0.72019813125 0.8083979921875001 0.7200026625 0.7646370109375 0.720279484375 0.765053328125 0.7430676968750001 0.7942886062500001 0.7430676968750001 0.8317097499999999 0.7428722249999999
0 0.8828726281250001 0.313641559375 0.8752068828124999 0.302109625 0.8668887312500001 0.295239540625 0.854329940625 0.28959625624999996 0.845848684375 0.28812409375 0.845988346875 0.3627330734375 0.8923324953125 0.3632043265625 0.8918431874999999 0.34431159375 0.8889073749999999 0.3293446140625 0.8828726281250001 0.313641559375
0 0.7731316203125 0.260483696875 0.777712571875 0.2709395078125 0.784189084375 0.2818705765625 0.7947726546875 0.291851121875 0.804566415625 0.2966037625 0.8148340624999999 0.2982671875 0.8145181265625 0.22293784218749998 0.7685675671875 0.2230413046875 0.769498453125 0.2381462890625 0.7707621625 0.2490773625 0.7731316203125 0.260483696875
3 0.4709496921875 0.7414903765624999 0.49967418593749996 0.7414903765624999 0.6477071 0.7417347703125 0.6475446359375 0.526031503125 0.6480320046875 0.39655806875 0.5491007578125 0.396802453125 0.5494256609375 0.4349269515625 0.47147070625 0.43519125000000003 0.471274596875 0.520410584375 0.47143705 0.61494959375 0.4709496921875 0.7414903765624999
0 0.48524569531250006 0.5209254140625 0.4958052484375 0.5162820406249999 0.5060398968750001 0.505284590625 0.512213165625 0.496731015625 0.517574175 0.48328968593750005 0.5204983640624999 0.4683820328125 0.52179799375 0.45298559843749997 0.47126622500000004 0.453207165625 0.471274596875 0.522147353125 0.48069697187499993 0.52190296875 0.48524569531250006 0.5209254140625
5 0.60523795625 0.7419921796875 0.60523795625 0.7192641140625 0.574758028125 0.7192641140625 0.5324239390625001 0.7194762984375 0.532458278125 0.7424809578125 0.5639744828125 0.7422365640625 0.60523795625 0.7419921796875
5 0.45963991406250004 0.7421563812499999 0.4595247578125 0.7196372125 0.4379918265625 0.719463990625 0.4171024421875 0.7192672 0.4171497859375 0.7426760531250001 0.43488279687500003 0.742329603125 0.45963991406250004 0.7421563812499999
0 0.420373971875 0.559469303125 0.42382845468749997 0.5689966421875 0.429701075 0.5793901046875 0.4383372796875 0.5892638953125 0.44916131249999997 0.5968857625 0.4618277453125 0.59861800625 0.4618277453125 0.5688234203125 0.4612519984375 0.524651203125 0.4158062875 0.52447288125 0.4165740390625 0.538855603125 0.4178406859375 0.5495955125 0.420373971875 0.559469303125
3 0.45520747031250003 0.1622338390625 0.4477033171875 0.1699982890625 0.44049933750000003 0.1801582421875 0.43524643125000007 0.193479065625 0.43224476875000006 0.20634833281249998 0.431644434375 0.223958915625 0.47157878125 0.223958915625 0.47157878125 0.24944761093749998 0.4709784453125 0.361610484375 0.5493690265625 0.363416696875 0.5493690265625 0.41082979843749995 0.6476734390625001 0.4115071265625 0.6476734390625001 0.110215603125 0.6476734390625001 0.0059428843750000005 0.5459775671875 0.0059428843750000005 0.47193706874999997 0.0059805296875 0.471266365625 0.15591208750000002 0.46226138125 0.157492521875 0.45520747031250003 0.1622338390625
5 0.5617994171875 0.0279549125 0.5616493375 0.0051514609375 0.526046684375 0.0053772390625 0.4890654828125 0.0051342296875 0.48885905156250004 0.0279549125 0.5173748328125 0.0284064578125 0.5617994171875 0.0279549125
0 0.515723921875 0.3096038609375 0.5091202640625 0.29515415 0.50116586875 0.28589730625 0.48900913749999997 0.27731779375 0.48060448281249996 0.275060028125 0.47104278749999995 0.2748223109375 0.47114925 0.34324458125 0.5211269093750001 0.3439219171875 0.5200763328125 0.3247309 0.515723921875 0.3096038609375
0 0.45758261562499997 0.1601878359375 0.45217962656250005 0.16357448593749999 0.44722688125000004 0.16921890312500001 0.44257430937500003 0.17666953125 0.43807181718750005 0.1857005984375 0.434319740625 0.19698943124999999 0.4323686609375 0.2098587046875 0.431618246875 0.2240826328125 0.4812048171875 0.22453418749999998 0.48080363593750003 0.1540832953125 0.4713902515625 0.155446525 0.46313568437499997 0.1570269640625 0.45758261562499997 0.1601878359375
3 0.08624468125 0.24959658125 0.08624468125 0.4167363328125 0.1575995546875 0.41746162187499997 0.1575995546875 0.5450539671875 0.1578406140625 0.7418917875 0.3265944421875 0.7415291500000001 0.326835503125 0.19632671875000002 0.3265944421875 0.0056538249999999995 0.2117778703125 0.0049285421875 0.029004104687499997 0.004621728125 0.029240770312499997 0.1560733453125 0.02875863125 0.249959225 0.08624468125 0.24959658125
0 0.1068632875 0.09810846250000001 0.1222913703125 0.0875918109375 0.1345856171875 0.06692115781249999 0.1418175296875 0.044799942187500004 0.145192425 0.0241292890625 0.1454334859375 0.00382128125 0.0857763046875 0.004168615625 0.086131809375 0.10173489218750001 0.0952922203125 0.10173489218750001 0.1068632875 0.09810846250000001
5 0.2733928578125 0.028429906249999998 0.2736666421875 0.0049541234375 0.22780890625 0.0045422703125 0.18510851718750002 0.0044255625 0.18551027343749998 0.02863583125 0.216036465625 0.028429906249999998 0.2733928578125 0.028429906249999998
0 0.138205578125 0.3579086375 0.1276796828125 0.34780147031249997 0.11312260625 0.3420740765625 0.10394045468749999 0.3420740765625 0.104813475 0.41598512187500003 0.1518668296875 0.41653020625000003 0.150523103125 0.3905884765625 0.1455960828125 0.3730693859375 0.138205578125 0.3579086375
0 0.1258880515625 0.608139675 0.117825675 0.5976956015625 0.106627925 0.5892729625 0.095206215625 0.5859039078125 0.08557614218750001 0.5845562859375 0.0863268640625 0.656769871875 0.13574207656249998 0.6563171703124999 0.13529415625000002 0.6384611671875 0.131262975 0.622289703125 0.1258880515625 0.608139675
0 0.126783875 0.6704312859375 0.114914253125 0.6835706 0.108867475 0.696709915625 0.10416440625000001 0.71827186875 0.10285277343749999 0.740539390625 0.150523103125 0.7411814437500001 0.1514189265625 0.6623455468749999 0.1397732546875 0.6630193609374999 0.126783875 0.6704312859375
5 0.2691932078125 0.7421455734375 0.2691932078125 0.7203906359375 0.237056765625 0.7206592203125 0.209271528125 0.7202241093749999 0.2088481046875 0.7424141484375 0.2345572625 0.7418769859375 0.2691932078125 0.7421455734375