3 0.6700438234375 0.7853476046875 0.9690636734375 0.785677784375 0.9690636734375 0.559598140625 0.9101983828125 0.5602584859374999 0.9095545796875 0.3552522484375 0.8114325109375 0.3555824203125 0.8114325109375 0.3846375359375 0.7888996140625 0.38430735625 0.7886850171875001 0.323885934375 0.77881345 0.32421610625 0.7700148921875 0.32718765156249996 0.7618601390624999 0.3337910859375 0.7528469703125 0.3469979546875 0.7459798078125 0.367661359375 0.7427608218749999 0.384169946875 0.6694399125 0.38415600781250003 0.67025841875 0.4097705734375 0.669829228125 0.6569636078125 0.6700438234375 0.7853476046875
5 0.8711823421875 0.7859059562499999 0.871076840625 0.76301705625 0.8390017859375 0.762692390625 0.80314231875 0.7628814453125 0.8032338875 0.7863929578125 0.831088534375 0.7857436265625 0.8711823421875 0.7859059562499999
0 0.847829703125 0.385635203125 0.8513115359375 0.3973231546875 0.8581696875 0.41047209531249995 0.8680876312500001 0.42069905625 0.8794827078124999 0.42816635468750003 0.8909833031250001 0.42930268437499997 0.89087779375 0.3551339734375 0.8456338296875 0.35499178593749997 0.8459305265625 0.3643696265625 0.846774603125 0.37557058125 0.847829703125 0.385635203125
0 0.7621865140625 0.3318511421875 0.754493896875 0.34339074687500004 0.7468012796875 0.361439871875 0.743339609375 0.376234234375 0.7420788390624999 0.39750291249999997 0.78872605 0.3978340078125 0.789110675 0.322974525 0.776610171875 0.3238621859375 0.7621865140625 0.3318511421875
5 0.5764468421875 0.7857956859375 0.5764468421875 0.7630797921875 0.5564713875 0.7633025015625 0.537176346875 0.7636074484375001 0.5370749453125 0.7860183859375 0.552852646875 0.7860183859375 0.5764468421875 0.7857956859375
0 0.5380881875 0.6330914062499999 0.5495234124999999 0.623960503125 0.5583531374999999 0.6112781984375 0.5638536281250001 0.5952434578125 0.5674723687500001 0.5767589515625 0.5674723687500001 0.5611696140625 0.5217881046875 0.56158900625 0.5215867281250001 0.63665468125 0.5295479578125 0.6364319796875 0.5380881875 0.6330914062499999
3 0.3449063140625 0.7104177359375 0.3451535859375 0.7857139203125 0.521152328125 0.7851432609375 0.5196687046874999 0.672214196875 0.519792346875 0.5539488671874999 0.5199159796874999 0.45907030156250006 0.445893296875 0.459450740625 0.44601693124999997 0.4263526875 0.387752096875 0.42616246718750006 0.3448557234375 0.4266687171875 0.3447826828125 0.47160445468749995 0.3449063140625 0.6126858875 0.3449063140625 0.7104177359375
0 0.4737820359375 0.5042207375000001 0.47851917187500004 0.5170381421875 0.48570655 0.531866109375 0.4943640625 0.5409136906249999 0.5066152703125 0.5471967296875 0.520499971875 0.548955984375 0.5205994703125 0.4773701671875 0.471168446875 0.4770780109375 0.47133179375 0.49165465781249995 0.4737820359375 0.5042207375000001
5 0.4704444328125 0.7866558234375 0.47011773906250004 0.7622776296875 0.4328740625 0.7620263015625001 0.4012877625 0.7624985125 0.40118428437500003 0.7871584578124999 0.42781023281249997 0.7866558234375 0.4704444328125 0.7866558234375
3 0.3452858546875 0.44059645312500006 0.4460364640625 0.44059645312500006 0.44627290156250005 0.3918502078125 0.5207520796875 0.3918502078125 0.520279203125 0.256946728125 0.5607107515624999 0.256946728125 0.5607107515624999 0.2496711671875 0.5581098953125 0.23220982656250003 0.5531446203125 0.2154760375 0.5436869468750001 0.20019735781249998 0.5312329640625 0.189647796875 0.5208295203125 0.1849186859375 0.51988375 0.026369640625000003 0.4508427421875 0.02527830625 0.344865640625 0.0259990375 0.3448129609375 0.15694655468750002 0.3450494171875 0.276226959375 0.3452858546875 0.44059645312500006
5 0.5014543312499999 0.0493264390625 0.5016907875000001 0.0249533109375 0.47603817656249997 0.0245895375 0.428300415625 0.024180921875 0.428866696875 0.0493264390625 0.45913125781249997 0.0496902125 0.5014543312499999 0.0493264390625
0 0.4967254953125 0.3049460375 0.48655850625 0.3144042609375 0.47875591875 0.3282278359375 0.47237199687500003 0.350054515625 0.4702440171875 0.3711536375 0.520606134375 0.3707898515625 0.5202325109375 0.2987162046875 0.51233066875 0.3002169265625 0.506419625 0.300944484375 0.4967254953125 0.3049460375
0 0.552689078125 0.2163351140625 0.5474310078125 0.2066795296875 0.542512165625 0.1996335609375 0.5342010171875 0.1928485515625 0.5231760265625 0.1871073953125 0.5101156609374999 0.1858025875 0.5100209203125 0.25732904687499997 0.559982525 0.2567841984375 0.5586256109375001 0.2387778296875 0.5557421437500001 0.2252078140625 0.552689078125 0.2163351140625
3 0.030402860937499998 0.5227496953124999 0.030402860937499998 0.7860179984375 0.19457578281250001 0.78558555625 0.194856853125 0.6684614515625 0.19457578281250001 0.4523299203125 0.2659686734375 0.452762359375 0.265687603125 0.270748078125 0.328367171875 0.270748078125 0.3286482421875 0.0260750125 0.22465240625 0.0256425640625 0.031005754687499998 0.02604385 0.0306839421875 0.14495196562499998 0.0306839421875 0.3022936890625 0.030402860937499998 0.5227496953124999
5 0.1417083015625 0.050612471874999995 0.1844316171875 0.050180015625 0.1844316171875 0.024665625 0.14198939375 0.025098065625 0.10636226875000002 0.024506290625 0.1060118671875 0.0259629640625 0.105730796875 0.050612471874999995 0.1417083015625 0.050612471874999995
0 0.2273066421875 0.0749718375 0.23502459375 0.08951805625 0.24698742187499997 0.10436114375000001 0.2608797296875 0.1129701375 0.275736796875 0.1162356140625 0.27592974375 0.026880226562499998 0.22230468281250002 0.025667592187499998 0.2224829203125 0.046769971875 0.224412409375 0.061316190625 0.2273066421875 0.0749718375
0 0.22638439843749997 0.38411793437499997 0.21904958125000001 0.392798696875 0.21190283281250002 0.403504975 0.20682488906250002 0.41797291249999996 0.2045680296875 0.4286791859375 0.203439584375 0.43996418125 0.2032784671875 0.4523641625 0.2497053515625 0.452695971875 0.2498934203125 0.3771733234375 0.23729257656249997 0.37862011875 0.22638439843749997 0.38411793437499997
0 0.2403017421875 0.731499025 0.232590771875 0.7178991671875 0.221118371875 0.7092184031250001 0.21021019375 0.7060354546875 0.20381573749999998 0.7057460953125 0.2035136890625 0.7849848734375 0.2498934203125 0.7853197656249999 0.24951726718749997 0.7618816984375 0.24650811562500002 0.7442308109375 0.2403017421875 0.731499025
5 0.149068384375 0.7855311265625 0.148892828125 0.76365245625 0.11579990312499999 0.7631122421875001 0.0854353375 0.7629294453125001 0.0856914921875 0.7855311265625 0.10939199531249999 0.7858012296875 0.149068384375 0.7855311265625
5 0.3296097515625 0.7217458640625 0.3295007953125 0.68939190625 0.3293918390625 0.6521764796875 0.314545834375 0.652081471875 0.31446463750000003 0.681345328125 0.31446463750000003 0.7214105828124999 0.3296097515625 0.7217458640625
0 0.243479296875 0.6374863609375 0.2350785421875 0.6441064843750001 0.22626799531250003 0.655455265625 0.2201211 0.6686955109375 0.21684275 0.686349171875 0.21581826875000001 0.704948553125 0.2652842078125 0.705136228125 0.266427715625 0.6343339218749999 0.2535192296875 0.6349644125 0.243479296875 0.6374863609375