5 0.3128919984375 0.23916657031250002 0.221046453125 0.239109921875 0.2204450921875 0.250997471875 0.2654627203125 0.2515009171875 0.3128919984375 0.252004359375 0.3128919984375 0.23916657031250002
0 0.1673885984375 0.2280908296875 0.1569380828125 0.218777140625 0.1376447890625 0.2112254984375 0.1127243375 0.20896000781250001 0.1127564609375 0.2515761890625 0.17180997343749999 0.250997471875 0.17180997343749999 0.23916657031250002 0.1673885984375 0.2280908296875
5 0.192309078125 0.5582321828125 0.144580459375 0.55824635 0.1448797703125 0.5693079234375 0.1665847140625 0.569559653125 0.191907121875 0.57006309375 0.192309078125 0.5582321828125
0 0.32655805 0.5305428359375 0.3128919984375 0.5340669375 0.300833715625 0.5396048078125 0.2923928953125 0.54564611875 0.2851579140625 0.5534494828125001 0.2839520734375 0.5630148921875 0.28469444843749997 0.5701585609375 0.34263578125 0.5690562031249999 0.3434396921875 0.529032509375 0.32655805 0.5305428359375
0 0.2682763265625 0.70654993125 0.2855598953125 0.7073050921874999 0.2855784484375 0.6718278921875 0.2759132359375 0.671812378125 0.24415973124999998 0.6982431250000001 0.2566199703125 0.7040327171875 0.2682763265625 0.70654993125
0 0.2823443078125 0.74836260625 0.27832491406250004 0.75767629375 0.2763151640625 0.7677451515625 0.34022415625 0.7674934312499999 0.3412704453125 0.7294497468750001 0.3229405875 0.730238671875 0.305255090625 0.73451793125 0.2915890375 0.7405592421875 0.2823443078125 0.74836260625
3 0.4161913796875 0.5690427390624999 0.4169952890625 0.41265644999999995 0.3788106875 0.41262952343750003 0.3804184546875 0.343617465625 0.3784087046875 0.2401599921875 0.17261385625 0.24066343437499998 0.1609575015625 0.2235463828125 0.1380467453125 0.2114637546875 0.11232238125 0.2086948203125 0.11312626562500001 0.239908271875 0.0857941359375 0.2404117140625 0.0857944625 0.3183399734375 0.086196090625 0.4323176453125 0.0865980203125 0.5682875765625 0.4161913796875 0.5690427390624999
0 0.38625626562500004 0.8569726296875 0.3754470203125 0.8597600359375001 0.363684009375 0.8633438468750001 0.353192671875 0.8695159578125 0.34429091562499997 0.8776790812499999 0.3395221296875 0.8884305109374999 0.34020000625 0.9010367921875 0.40056266718750005 0.9009738453124999 0.4015163890625 0.8563753234375 0.38625626562500004 0.8569726296875
5 0.2753024296875 0.9198883906249999 0.29564926874999997 0.9017702453125 0.28111718125 0.8946823984375 0.27053364375 0.90376125 0.26004230625 0.9129198734375 0.2753024296875 0.9198883906249999
5 0.2177590484375 0.9147117796875 0.1773833 0.9155081796875001 0.1769356296875 0.9150602859375001 0.176747440625 0.9254632015625001 0.257498959375 0.9256623093749999 0.25781686718749997 0.9149108734375 0.2177590484375 0.9147117796875
5 0.16307691875000002 0.9043585500000001 0.15211385156249999 0.8951206328125 0.13732545937500001 0.9021684453125 0.158308134375 0.9198883906249999 0.17325032812500002 0.9133180734374999 0.16307691875000002 0.9043585500000001
3 0.1643907953125 0.9256550140625001 0.2689279703125 0.9254012546875 0.29688556875 0.900787478125 0.33942975625 0.9010412359375 0.33942975625 0.820307925 0.33942975625 0.7243903359375 0.20369353124999998 0.7236290828125 0.08578535000000001 0.7236290828125 0.0864859734375 0.8389350046875 0.0865957125 0.9005337375 0.1372435609375 0.9005337375 0.1643907953125 0.9256550140625001
5 0.591053653125 0.889262834375 0.5487686640625 0.889290721875 0.5482968374999999 0.9013271656249999 0.6291119296875001 0.9013271656249999 0.6286420921875 0.889262834375 0.591053653125 0.889262834375
5 0.7371786765625 0.8895570749999999 0.7001559546875 0.8889668875 0.7005299453125 0.9010329046875001 0.7799354921874999 0.9010329046875001 0.778995815625 0.8889685734375 0.7371786765625 0.8895570749999999
0 0.7602015640625 0.7418425015625 0.7630206875 0.732426434375 0.76255085 0.72359886875 0.7022226765624999 0.72154431875 0.7033490687499999 0.7644999171875 0.72590215 0.7609688921875 0.74798533125 0.7539068421875 0.7602015640625 0.7418425015625
3 0.6676400765625 0.9007386625 0.8302100015624999 0.9007386625 0.8292703265625001 0.8048124578125 0.830679903125 0.72359886875 0.6920725437499999 0.7238931203125001 0.4981340078125 0.7231634921875 0.498492165625 0.7874865718749999 0.49943187343749995 0.9007736515625 0.6676400765625 0.9007386625
0 0.6596525453125001 0.7132433812500001 0.6765673171875 0.7182456625 0.7009998140625 0.719716928125 0.701189315625 0.6804173046875001 0.63709949375 0.6802871421875001 0.6356899171875 0.6917629703125 0.6450870265625 0.7032388078125 0.6596525453125001 0.7132433812500001
5 0.6245272015625 0.5430781031249999 0.6248324203125 0.5337122109375 0.607181975 0.534122421875 0.6071302859375 0.5556933828124999 0.6248324203125 0.5558845234375 0.6245272015625 0.5430781031249999
5 0.5933958890625 0.5694555015625 0.5933958890625 0.5585604890625 0.536364975 0.55810310625 0.5360165859375 0.5692643609375 0.565011440625 0.5694555015625 0.5933958890625 0.5694555015625
3 0.7001710703125 0.72957526875 0.7001710703125 0.639321421875 0.7001710703125 0.5634372734374999 0.6238172703125 0.563645175 0.6244812140625 0.5584476296875 0.49899542812500003 0.558863434375 0.4994360078125 0.6507448218749999 0.4996593734375 0.729159465625 0.5946036484375 0.7297831625 0.7001710703125 0.72957526875
5 0.7397528796875 0.41259131250000003 0.6838176484375 0.41270745 0.683523209375 0.4238535953125 0.7096117468750001 0.4238535953125 0.7394995859375 0.4238535953125 0.7397528796875 0.41259131250000003
0 0.7440587515625 0.488597515625 0.732407559375 0.49161136718750004 0.7205030734375 0.49557695781250005 0.7123979031250001 0.5017632796875 0.7047992875 0.5089013453125 0.703279571875 0.517467025 0.703036140625 0.5261785421875 0.7605223859375 0.5268258265625 0.7605223859375 0.4879630203125 0.7440587515625 0.488597515625
0 0.7103715968750001 0.55855904375 0.719236634375 0.5564969359374999 0.7265819546875 0.55316584375 0.7007467109375 0.530165409375 0.68799558125 0.5300191015625 0.6893487953124999 0.5599866578125 0.7017598546875 0.5599866578125 0.7103715968750001 0.55855904375
0 0.783318215625 0.582069290625 0.8104198984375 0.5690621499999999 0.809913309375 0.5628758265625 0.7743395296875 0.5624892906250001 0.77394660625 0.570172515625 0.77597289375 0.574613978125 0.7800254703125 0.57921406875 0.783318215625 0.582069290625
3 0.8299778734375 0.526150778125 0.8291732859375 0.4677002828125 0.8299778734375 0.4127769640625 0.6065591765625 0.412336290625 0.6075086734374999 0.5264027265625 0.689979184375 0.526150778125 0.8299778734375 0.526150778125