3 0.7273753968750001 0.6706347546875 0.754804240625 0.7020052609375 0.8683658062499999 0.7020052609375 0.8908966625 0.6703934421875 0.9986529140625 0.6706347546875 0.9976733015624999 0.57488550625 0.9976733015624999 0.5063787375000001 0.8947285203125 0.50662005 0.7562780578125 0.5063787375000001 0.684144403125 0.506297034375 0.683619809375 0.5731834625000001 0.6842728796875 0.6708760671875 0.7273753968750001 0.6706347546875
0 0.9314228265625 0.5333362578124999 0.9367026468749999 0.52720479375 0.939908265625 0.5212126828125 0.9427367453125 0.51382705625 0.943679571875 0.5057446750000001 0.8931668734375 0.505838921875 0.893709759375 0.5090891078124999 0.9059665109375 0.517728896875 0.9314228265625 0.5333362578124999
5 0.971398665625 0.6712273203125 0.9717758046875 0.6610546671875001 0.9423596062499999 0.6610546671875001 0.90637381875 0.66097539375 0.9063436359375 0.671366671875 0.9357598203125 0.6712273203125 0.971398665625 0.6712273203125
5 0.737273875 0.662169478125 0.7244514359374999 0.6681615875 0.754056190625 0.7017452828125 0.867310615625 0.7021633359375 0.8808873203124999 0.6833508921875 0.8920126765624999 0.667743534375 0.8792524125 0.662020084375 0.8588881765625 0.6914332796875 0.7608445390624999 0.691293925 0.737273875 0.662169478125
3 0.6842855218749999 0.5113564703125 0.7784519359375001 0.51149773125 0.88912861875 0.51149773125 0.888555159375 0.39626510000000004 0.8889374703125 0.33766370625 0.800583465625 0.33738117968750003 0.800583465625 0.33582729375000003 0.683795978125 0.335743921875 0.6844766703125 0.3920347515625 0.6842855218749999 0.44851720312500004 0.6842855218749999 0.5113564703125
0 0.851917878125 0.49380515625 0.8618640125000001 0.4980928203125 0.8696551578125 0.499930390625 0.8792697468749999 0.5018904640625 0.8885528015625 0.5026254890625 0.8892664937499999 0.4651968375 0.8842428140624999 0.4652615640625 0.8670028453124999 0.48032963906250004 0.851917878125 0.49380515625
5 0.8018959406249999 0.321926446875 0.8015597015625 0.3041274828125 0.801671778125 0.286071209375 0.788659896875 0.286169259375 0.7886706828125 0.3008055765625 0.788782759375 0.3217607953125 0.8018959406249999 0.321926446875
3 0.9344532328125 0.2726719421875 0.9976112921875 0.2720308109375 0.9977848015624999 0.1639839078125 0.9979583234374999 0.10027595468749999 0.9736117328124999 0.1001477296875 0.85662213125 0.10027595468749999 0.7888751359375 0.10016610156250001 0.789471415625 0.173209365625 0.7891243859375 0.27164613437499996 0.9344532328125 0.2726719421875
5 0.9497983609375 0.10938001718749998 0.9499718703125 0.09989127343750001 0.9228002015625 0.09989127343750001 0.8842084984374999 0.09976304999999999 0.8445303296875 0.0996854578125 0.8443035796875 0.109508246875 0.8918456359375 0.10938001718749998 0.9497983609375 0.10938001718749998
0 0.961093621875 0.2509390125 0.9521541484375 0.24615510000000002 0.947376153125 0.2513946234375 0.9432146640625 0.2584565890625 0.9412109937500001 0.2636961125 0.9405944749999999 0.2674549 0.9390156421875 0.273135996875 0.9896074828125 0.2730361328125 0.989299228125 0.2684800234375 0.9721909156249999 0.2578870765625 0.961093621875 0.2509390125
3 0.0031854218750000003 0.65099683125 0.0025984734375 0.72427243125 0.0027941234374999997 0.802897809375 0.047816437499999996 0.8026086328125001 0.072272953125 0.8335505953125001 0.1859823796875 0.8338397734375 0.2080910703125 0.8030423984375 0.24800408125 0.8027532203125001 0.24859104375 0.734104459375 0.2487866921875 0.6751354234375 0.2347324328125 0.6631576875 0.20714549375 0.6385776234375 0.20831940312500002 0.542753909375 0.2085150515625 0.469304203125 0.11953385624999999 0.4688704375 0.11953385624999999 0.4677137296875 0.0845121328125 0.46800290312500004 0.0845121328125 0.4642436015625 0.08196865 0.45831546718749994 0.0784469203125 0.4525319234375 0.07238169375 0.447471321875 0.041273026562499995 0.4677309171875 0.002495953125 0.467580840625 0.002989771875 0.5170171375 0.002989771875 0.576130759375 0.0031854218750000003 0.65099683125
0 0.1853271390625 0.624035475 0.202611625 0.639185309375 0.2074352015625 0.6390862921875 0.2073294515625 0.6024494359375 0.200333828125 0.6024494359375 0.1948403109375 0.603142565625 0.1878729140625 0.6047268625 0.1795656375 0.6070042875 0.1707224140625 0.611460121875 0.1853271390625 0.624035475
0 0.2261935609375 0.6809394625 0.2181542640625 0.6836129625 0.21185681875 0.6871776296875 0.2434780515625 0.7146057625 0.24856961093750002 0.7146057625 0.248720646875 0.677517559375 0.24106626874999998 0.6779689062500001 0.23436685468750001 0.6787610546875 0.2261935609375 0.6809394625
5 0.11834062812499999 0.8237704203125 0.0805559359375 0.8237704203125 0.057241971875 0.795154065625 0.0455849890625 0.8007981234375 0.0723197140625 0.83337521875 0.1855951109375 0.83357325625 0.1955102515625 0.8201067343749999 0.2102489625 0.79970891875 0.1979442296875 0.7943096 0.177120084375 0.8236714031249999 0.157557796875 0.8238694421874999 0.11834062812499999 0.8237704203125
0 0.2606345375 0.785584240625 0.2586378234375 0.7913812078125 0.257068971875 0.7952809859375 0.2566452703125 0.8021696234375 0.3072721515625 0.802553546875 0.307414771875 0.7978105734375001 0.2845951484375 0.782422259375 0.2697623890625 0.7734633093750001 0.2643427296875 0.7794710765625 0.2606345375 0.785584240625
3 0.316377728125 0.4426222234375 0.31622419375 0.385918365625 0.316377728125 0.3304625296875 0.316377728125 0.273077934375 0.269647740625 0.273304846875 0.2658096234375 0.27285102031249997 0.26534904375 0.2338281734375 0.21459005625 0.2339416296875 0.20833716562500001 0.2309978203125 0.1934452765625 0.22158096249999998 0.177939275 0.2121641078125 0.17318001249999998 0.217156175 0.1690348515625 0.22464427812499999 0.16550377968750002 0.2334938546875 0.1083152359375 0.2333655421875 0.10718656093750001 0.3021576078125 0.10746976718750001 0.4136673421875 0.10775297343750001 0.47499084218750004 0.1602289046875 0.4751720265625 0.31653125000000004 0.47528548125 0.316377728125 0.4426222234375
5 0.10722392968750001 0.39903943124999997 0.12060381406250001 0.3988040046875 0.119966675 0.360566259375 0.119966675 0.31585432343750003 0.12012595625 0.28936900468750004 0.106620740625 0.289331659375 0.106905365625 0.3119572609375 0.106905365625 0.3657267859375 0.10722392968750001 0.39903943124999997
0 0.1933035421875 0.22159529843749998 0.1778749515625 0.21233737343749998 0.17312769374999998 0.21701506093749998 0.16996285312499998 0.2226672671875 0.1685123046875 0.22646788906249998 0.166666146875 0.231827740625 0.1649604421875 0.2391665921875 0.2157211515625 0.23942898281249997 0.21585301875 0.23601816874999998 0.2046442140625 0.22861183125 0.1933035421875 0.22159529843749998
0 0.2399635125 0.451381996875 0.224614196875 0.4610187625 0.20858571406249998 0.47115744531250003 0.208486703125 0.4748849546875 0.25123777812500003 0.474994925 0.2497436 0.46485624375 0.2464835671875 0.45792981875 0.2399635125 0.451381996875
3 0.2479829703125 0.23967549843749997 0.24880483125000002 0.1665128703125 0.3166081078125 0.1665128703125 0.3166081078125 0.10079039999999999 0.2547283171875 0.101397759375 0.2366474375 0.0900097546875 0.2195938953125 0.0799883125 0.213635421875 0.08682111406250001 0.20890973281249997 0.0962351984375 0.2052113828125 0.0881876765625 0.1974037265625 0.08029199218750001 0.16637859375 0.10018304062500001 0.10772353125 0.10001993437500001 0.10726526875 0.14268207187499998 0.107881653125 0.2392199796875 0.2479829703125 0.23967549843749997
5 0.120825921875 0.194147759375 0.12062045937500002 0.167432003125 0.1204149984375 0.1452633546875 0.1069490625 0.1453628109375 0.10726526875 0.1672720703125 0.10685433124999999 0.193995921875 0.120825921875 0.194147759375
0 0.2615264859375 0.1504993390625 0.256604796875 0.14842095625 0.25115579062500004 0.1545262046875 0.24957381875 0.16011185625 0.248244240625 0.1670436359375 0.2801585734375 0.16673669687499998 0.2806858890625 0.1636191265625 0.2708425234375 0.1567344859375 0.2615264859375 0.1504993390625
0 0.0730719890625 0.4460420734375 0.0497222890625 0.46091761406250004 0.0336190546875 0.4712313234375 0.033298603125 0.4758638640625 0.08649135 0.47618983593750003 0.0848810109375 0.46270268124999997 0.0803184359375 0.4537773546875 0.0730719890625 0.4460420734375
1 0.26876755 0.10623425 0.23155358124999997 0.075096625 0.19268565937499998 0.076317709375 0.1546447140625 0.1013499171875 0.155471690625 0.101960459375 0.1546447140625 0.10867641718750001 0.26876755 0.10623425