3 0.759529103125 0.8389625921875 0.7598111203125 0.905380828125 0.7598111203125 0.9749546421874999 0.7947819125 0.97474501875 0.7954471953125 0.9772605453125 0.7981264109375 0.97998569375 0.808702253125 0.9894189093750001 0.8197011359375 0.99570771875 0.8330435171874999 0.9990617468749999 0.8461575609375 0.9988521234375 0.856310371875 0.9959173421875 0.869706440625 0.9883707734374999 0.877180040625 0.980824196875 0.8819744140625 0.9745353874999999 0.918919365625 0.975164275 0.9192013843750001 0.8615799546874999 0.9192013843750001 0.779649321875 0.852086353125 0.779230065625 0.8032964546875 0.77943969375 0.762626846875 0.7797942265625 0.7624903359374999 0.8303678796874999 0.7598111203125 0.8303678796874999 0.759529103125 0.8389625921875
0 0.7827959578125 0.7993430859374999 0.777578534375 0.7932639015625 0.7708100015625 0.78990986875 0.7648875234375 0.7890713625 0.7619262890625 0.7890713625 0.76232128125 0.8282498 0.7902695468750001 0.8278523578125 0.78984651875 0.8161132453125 0.786744265625 0.8066800296875 0.7827959578125 0.7993430859374999
5 0.8237983421875 0.9971401515625 0.832012284375 0.998955278125 0.8398932234375 0.9991202875 0.8496611546875 0.9979652078125 0.8584300921875 0.9946649843750001 0.8683090124999999 0.98921961875 0.8744237921875 0.9839392609375001 0.88075075 0.976843784375 0.8760887796875 0.9692532734375 0.86676485625 0.9779988625 0.856996925 0.9842692843749999 0.84756199375 0.9878995312500001 0.8381270640625 0.98921961875 0.8303571218749999 0.9882295546875 0.8210331890625 0.9852593484375 0.81270825 0.9799789984375 0.8046053109375 0.9735435609374999 0.8002236671875 0.968037396875 0.7960485484375 0.9770087921874999 0.8043734859375 0.9860844046875 0.8146964125 0.9931798890625 0.8237983421875 0.9971401515625
5 0.73956846875 0.8392635109375 0.7394718234375001 0.829349915625 0.727197646875 0.829349915625 0.7151281890625001 0.8294066515624999 0.71511676875 0.8396945359375 0.7261345312499999 0.8394071828125 0.73956846875 0.8392635109375
5 0.6779240828125 0.83953410625 0.6777379859375 0.8297592593750001 0.6656418890625 0.8296670421875 0.6540352078125 0.8297243 0.6539800125 0.83953410625 0.6654557984375 0.8394418921875 0.6779240828125 0.83953410625
0 0.6635948593750001 0.7770316265625 0.664897515625 0.781457971875 0.6666964234375 0.7868064734375 0.6692397046874999 0.7906795265625 0.6787925203125 0.7788857671875 0.6875389281250001 0.766897746875 0.687725025 0.7623791828125001 0.662491690625 0.76208999375 0.6622301687500001 0.7665190546875 0.6624162640625 0.7718675562499999 0.6635948593750001 0.7770316265625
0 0.5907832140625 0.790723371875 0.5928702046875001 0.7869745 0.5946963171874999 0.78193291875 0.5962615625 0.77443518125 0.59660939375 0.766937440625 0.5966963515625 0.7621544015625 0.5712189859375 0.7617619578125 0.5711307421875 0.767195984375 0.579217821875 0.7774084203125 0.5907832140625 0.790723371875
5 0.6123487640625 0.83956726875 0.6123487640625 0.82987191875 0.600261621875 0.8300011906250001 0.5879677234375 0.8299235156250001 0.5881744796875 0.8396965375000001 0.5983485515625 0.8396965375000001 0.6123487640625 0.83956726875
5 0.5217252125 0.7709240328125 0.5216103234375 0.7617865609375001 0.5111554218750001 0.7617011640625 0.496684259375 0.7615436984375 0.4967368421875 0.771009428125 0.5073066359375 0.7710948234375 0.5217252125 0.7709240328125
5 0.4565202765625 0.7711067375 0.4565202765625 0.76172344375 0.443952284375 0.7618064812500001 0.4322451046875 0.761880703125 0.43227802187500003 0.7711897750000001 0.44272341718749997 0.7711897750000001 0.4565202765625 0.7711067375
0 0.4856918015625 0.74262319375 0.48213870937500003 0.7358320296875 0.4769178375 0.7301188265625 0.46995668124999995 0.726130365625 0.46350310781250004 0.72602256875 0.463810434375 0.770306884375 0.48917237656249996 0.77043463125 0.4893174046875 0.7595472062499999 0.48830223437500003 0.7494143578125 0.4856918015625 0.74262319375
3 0.3143624328125 0.83454879375 0.3292152390625 0.834209096875 0.3320715484375 0.839983909375 0.3394979546875 0.8491556625 0.34840964375 0.855440015625 0.3624626921875 0.8590068078125 0.37388793124999997 0.85594955625 0.38291386250000004 0.8496652031249999 0.39114004062499996 0.839983909375 0.3968526609375 0.8292835249999999 0.3963956484375 0.7876890265625 0.3958243859375 0.7875282343750001 0.3943391015625 0.7875282343750001 0.3942248515625 0.756285371875 0.3944533625 0.6454203171875 0.3473813703125 0.64559016875 0.3165416203125 0.6453993875 0.3169902375 0.763928503125 0.314248178125 0.76443805 0.3143624328125 0.83454879375
5 0.3204790546875 0.695223309375 0.32040769375 0.6779312671875 0.32040769375 0.6615996515625 0.31641608125 0.6615892921875 0.3167682453125 0.6775069203124999 0.316696884375 0.69532939375 0.3204790546875 0.695223309375
5 0.34966599062500003 0.8556694609375001 0.35573173593749996 0.857779875 0.3630106328125 0.8586285640625 0.369076378125 0.8579920484375 0.3762896046875 0.8548094640624999 0.3828548796875 0.850247759375 0.3887065421875 0.8436704171875 0.3916323765625 0.8395330578125 0.38649433125 0.8322131125000001 0.38278351875 0.8375174187500001 0.3765036921875 0.8432460734375 0.3713656453125 0.846216484375 0.3661562453125 0.8479138640624999 0.3598764125 0.8483382078125 0.352312071875 0.846216484375 0.34717402656249996 0.84345824375 0.3426782390625 0.8394269718749999 0.33846790000000004 0.8347591812499999 0.3365870265625 0.8317849687500001 0.33182556406249997 0.839013934375 0.3357504578125 0.8444243296874999 0.3433861640625 0.852062534375 0.34966599062500003 0.8556694609375001
0 0.3802236140625 0.7194795875 0.37439642812499996 0.73027826875 0.37870694843749997 0.7343129421875 0.3835762375 0.73716094375 0.3889244796875 0.7388222828125001 0.39419289218750003 0.73917828125 0.3941736703125 0.7009033437500001 0.3907604375 0.7012048937500001 0.38525255 0.7108169078125 0.3802236140625 0.7194795875
3 0.7060041515625 0.4708858578125 0.701196115625 0.4708858578125 0.7013296703125 0.5254644890625 0.8508184062499999 0.525265940625 0.8506848421875001 0.5210965046875 0.85375664375 0.5208979546875 0.8619035859374999 0.5177212421874999 0.8679136250000001 0.5121619921875 0.8513526234375 0.48199377656250003 0.8510855156250001 0.477625790625 0.8676465171875 0.4484397203125 0.8624378125 0.44248337812500005 0.857496228125 0.4397037484375 0.8513526234375 0.4383139390625 0.8512190687500001 0.391280003125 0.8512190687500001 0.3148720359375 0.8419346531249999 0.3152691265625 0.8384181390625001 0.30871714843750003 0.832541653125 0.302959353125 0.82519605 0.2981942796875 0.8170491078125 0.29481902031249996 0.8085051468750001 0.29442192968750003 0.8015602062499999 0.29541465312500004 0.7920777 0.29998118125 0.78486565 0.3063346140625 0.7788556109375 0.314276403125 0.73812089375 0.3138793125 0.7025987234375 0.31386458125 0.7029323484375001 0.347234821875 0.705603478125 0.34703628124999997 0.7060041515625 0.4708858578125
5 0.8041302703125 0.30581829531250004 0.8107525734375001 0.3051619828125 0.8177280609375 0.3060808203125 0.82399718125 0.3087060734375 0.828765234375 0.31238143125 0.83370989375 0.3165818359375 0.8368003015625 0.32065098124999997 0.84143391875 0.31395658125 0.8363126671875 0.30713092343750004 0.8288073890625001 0.3003052625 0.8203308421875001 0.29610485625 0.814503215625 0.295186015625 0.8070862343749999 0.294660965625 0.800022440625 0.2958423296875 0.7942831109374999 0.298467584375 0.7874842156249999 0.303586828125 0.77935053125 0.3134528578125 0.7842633593749999 0.3207822421875 0.789826090625 0.3142191078125 0.797154775 0.3085748109375 0.8041302703125 0.30581829531250004
0 0.8682329875000001 0.44790046562499997 0.8661647796875 0.44499667656249997 0.861683653125 0.44140964374999997 0.8554790156250001 0.439018290625 0.8478944671875001 0.4381996359375 0.8477806765624999 0.478304834375 0.8513425953124999 0.47779239687499997 0.8682329875000001 0.44790046562499997
0 0.8661287609375 0.5141282890625 0.8685746734374999 0.5112576859375 0.851839434375 0.482360265625 0.84756601875 0.482342803125 0.8482349265625 0.520826365625 0.8554439500000001 0.5202522390625 0.8617518499999999 0.5179557609375001 0.8661287609375 0.5141282890625
5 0.9193834031250001 0.47148520937500005 0.9194727687500001 0.449970125 0.9195621359375 0.4236652578125 0.9134168515625 0.423653134375 0.913306440625 0.4455789 0.9131277093750001 0.47161806406249995 0.9193834031250001 0.47148520937500005
0 0.7363132515624999 0.49547039843749996 0.7292344484375 0.48780084375 0.7211957921875001 0.4842336078125 0.717596396875 0.48405524531250005 0.71746018125 0.525764596875 0.74303213125 0.526148625 0.74303213125 0.51544691875 0.7407525125000001 0.504031765625 0.7363132515624999 0.49547039843749996
0 0.78260296875 0.5939182296875 0.772180815625 0.5757794374999999 0.7656987359375 0.5646316375 0.7619418671875 0.564990271875 0.7623941515625 0.603176575 0.769384621875 0.603176575 0.7766292984375001 0.6003423875 0.78260296875 0.5939182296875
3 0.860961284375 0.7846935921875 0.9191633390625 0.7849165890625 0.91976335 0.7173721140625 0.9196133484375 0.629100753125 0.9011627046875 0.6295467453125 0.8272859734375 0.6295467453125 0.7624900953125 0.6291978453125 0.7622913296875 0.70199716875 0.7622913296875 0.78447059375 0.860961284375 0.7846935921875
0 0.7782789625000001 0.7721018578125001 0.781494503125 0.768480484375 0.784320275 0.7638451265625 0.787438378125 0.7579060765625 0.7894846281250001 0.7503736187500001 0.78997183125 0.7447242734375 0.789776953125 0.7392197875 0.7623134874999999 0.7392053328125 0.7624935921875 0.7768820703125 0.76863234375 0.7770269296875 0.7737966968750001 0.7749989578125 0.7782789625000001 0.7721018578125001
5 0.9192618593749999 0.7428130359375 0.9194244921875001 0.7010056359375 0.9195058078124999 0.676955665625 0.9130147828125 0.676856996875 0.913325675 0.7041422421875 0.913244359375 0.7428130359375 0.9192618593749999 0.7428130359375
5 0.652349184375 0.6859141656250001 0.652349184375 0.6804651484375001 0.6352839125 0.680554475 0.620104065625 0.6805242296875 0.6200213078125001 0.6860034921875 0.63402204375 0.686092821875 0.652349184375 0.6859141656250001
3 0.5631995890625 0.5612124625 0.56342235625 0.686028575 0.7093373625 0.6850350656249999 0.7091145953125 0.5906513671875 0.7095601296875 0.338736253125 0.5572722203125 0.33774273906249996 0.43414460625 0.3381467828125 0.4338056609375 0.4387322 0.43358289218749996 0.561543634375 0.5631995890625 0.5612124625
3 0.316905675 0.3490037578125 0.3170806109375 0.5473546921875 0.3100830578125 0.5595776906250001 0.299761665625 0.5767418875 0.306234409375 0.5822032203124999 0.31694355937499996 0.586624303125 0.3171185015625 0.6500521140625 0.3946163984375 0.6500521140625 0.3942665125 0.561672059375 0.43800121562500005 0.561411990625 0.43730145625 0.5453019125 0.4616179546875 0.54504184375 0.46144301875 0.5361996859375 0.459868565625 0.5286578359375 0.4561948546875 0.51878928125 0.450771753125 0.51254775 0.44394913750000004 0.50786660625 0.43747640624999995 0.5063062281249999 0.43730145625 0.41298496093750003 0.4371265203125 0.3469565140625 0.4399255390625 0.3469565140625 0.4401004890625 0.315502678125 0.456369790625 0.286895678125 0.45304595000000003 0.2816944046875 0.44639828281250005 0.27779345 0.43957566718749996 0.275973003125 0.43957566718749996 0.2494465140625 0.43957566718749996 0.13480003125 0.4093112484375 0.13453996562499998 0.3146719453125 0.134265596875 0.3146314640625 0.2421675015625 0.3146314640625 0.34822356875 0.316905675 0.3490037578125
5 0.4029583546875 0.14416953125 0.4029583546875 0.1335069203125 0.373743578125 0.1337669859375 0.3461785234375 0.13361571562500002 0.34575336874999996 0.144429590625 0.3702448015625 0.14468965625000002 0.4029583546875 0.14416953125
5 0.44016730312499996 0.202420459375 0.4405171890625 0.1818754265625 0.4405171890625 0.152748303125 0.43304040937500005 0.15246228906249998 0.43334469999999997 0.1706926921875 0.4335196359375 0.202420459375 0.44016730312499996 0.202420459375
0 0.45641237968750004 0.28668699062499997 0.452582928125 0.28168838749999997 0.44828647187500004 0.2789113859375 0.4443636140625 0.277522884375 0.4397869515625 0.2769674828125 0.43376415156250003 0.27709603125000004 0.43399607656250005 0.31529011093750003 0.4398803578125 0.3157066609375 0.44623164062500004 0.3050152078125 0.45641237968750004 0.28668699062499997
0 0.459868221875 0.5269329125 0.4566925859375 0.5194350078125 0.452022521875 0.513325603125 0.44763265937499996 0.5097155 0.441374778125 0.5069384968749999 0.43376415156250003 0.506101015625 0.4340894765625 0.5444280296875 0.46182965468750004 0.544844578125 0.46136264843749997 0.53595816875 0.459868221875 0.5269329125
0 0.41998588750000004 0.5225514328124999 0.4145686109375 0.527133484375 0.40989855156250005 0.534214840625 0.40634930156250004 0.5430247234375 0.4047614828125 0.5527442312499999 0.4048548828125 0.5613529390625 0.430259646875 0.5609234203125 0.43035342656250003 0.5203298296875001 0.42484275 0.5207463812500001 0.41998588750000004 0.5225514328124999
0 0.300327909375 0.5754334984375 0.3033257421875 0.57871729375 0.31184591093749997 0.584346653125 0.320050509375 0.5869267781249999 0.320316184375 0.5463425734375 0.3167371140625 0.5461139187499999 0.3113725625 0.5564344125 0.300327909375 0.5754334984375
0 0.273162509375 0.7378320203125 0.266630390625 0.7306646484375 0.25947616875 0.727427771875 0.2534106296875 0.727427771875 0.25291083593749997 0.77282155 0.279072525 0.7729752546875 0.2793835734375 0.759796546875 0.277050675 0.746849034375 0.273162509375 0.7378320203125
5 0.321134721875 0.3065747671875 0.321134721875 0.286418325 0.3209991375 0.261021209375 0.3137557203125 0.26121684218749996 0.3138129828125 0.277549490625 0.3139485734375 0.3065747671875 0.321134721875 0.3065747671875
5 0.32052493125 0.47515201874999996 0.32052493125 0.4556295859375 0.32047535625 0.43765483281249995 0.320425778125 0.42048291875 0.31673045312500003 0.42047729218749996 0.31680674999999997 0.4438416390625 0.316856325 0.47515201874999996 0.32052493125 0.47515201874999996