5 0.7721755828125 0.6778439875 0.7728093640625 0.625410184375 0.7721755828125 0.5608762796875 0.7582321828125 0.561772578125 0.7579152921875 0.622273115625 0.758549071875 0.6782921328125 0.7721755828125 0.6778439875
0 0.6787874890625 0.578851275 0.686110978125 0.5715734968749999 0.69125720625 0.555898284375 0.6920489359374999 0.5421824749999999 0.6629967828125001 0.5421730453125 0.6621612046875 0.5822102515625 0.6714640140625 0.5813705046875 0.6787874890625 0.578851275
3 0.3548385 0.7239171859375 0.354587246875 0.6496542875 0.40458714375 0.6503649421875 0.4048383953125 0.6091851421875 0.4329790328125 0.6095404624999999 0.4322252765625 0.5921295390625 0.42845644062500005 0.57898253125 0.41765243593749996 0.5665461625 0.40458714375 0.563703553125 0.40433587343750005 0.528171075 0.35793995624999997 0.52781575 0.30040238750000003 0.5285263953125 0.2263193515625 0.5279651515625 0.2252069140625 0.5874724421875 0.2264631921875 0.7232065328124999 0.3548385 0.7239171859375
0 0.23977973593750002 0.5853973140625001 0.25184001875 0.57651419375 0.2581214125 0.5601692421875 0.259377690625 0.540626378125 0.2245087984375 0.5408401859375 0.22420188593749998 0.5878845921875 0.2287244984375 0.58859523125 0.23977973593750002 0.5853973140625001
5 0.354076725 0.703903828125 0.3544487984375 0.6867147890624999 0.3543247734375 0.6511276296874999 0.341450678125 0.6507133281249999 0.3415499984375 0.674787703125 0.3415499984375 0.7042546265625 0.354076725 0.703903828125
0 0.423038559375 0.5724495796875 0.41643394218749996 0.566885190625 0.40870513124999996 0.564500453125 0.39914950781249997 0.56390426875 0.39934579062500003 0.60889193125 0.4325941828125 0.6084193890625 0.43189156406249996 0.5929185890625 0.4286595109375 0.5809948953124999 0.423038559375 0.5724495796875
5 0.442852415625 0.651532821875 0.442571371875 0.63384600625 0.42388170000000003 0.63384600625 0.404618378125 0.6337223671875 0.405051515625 0.6511353625 0.42177384218749997 0.651532821875 0.442852415625 0.651532821875
3 0.17572563125000001 0.7229958625 0.17620460468750002 0.6589865546875 0.1769230390625 0.527635371875 0.15153801718749998 0.5279740390625001 0.071345409375 0.5277669421875 0.070832803125 0.63629543125 0.070832803125 0.7229958625 0.17572563125000001 0.7229958625
0 0.14531150625 0.59772275 0.1539328296875 0.6119470421875 0.16662535 0.6173658140625 0.17620460468750002 0.6187205125 0.1764765609375 0.5709294078125 0.1424377359375 0.5706288640625 0.1424377359375 0.5838371265625 0.14531150625 0.59772275
5 0.0832858265625 0.6468123640625 0.0832858265625 0.6210912171875 0.08304635 0.5933199953125 0.0695482953125 0.5933569640624999 0.069874875 0.6190411296875 0.0701143515625 0.6468123640625 0.0832858265625 0.6468123640625
3 0.385801684375 0.38069092968749996 0.3855596984375 0.3680287625 0.5224583171875 0.3680287625 0.5227372625 0.30680775625 0.627518753125 0.30680775625 0.627518753125 0.184311 0.49618515468749996 0.184653221875 0.393982 0.185337659375 0.29182086875 0.1843782765625 0.291170134375 0.23632853437499998 0.29165412343749997 0.38034871406250004 0.385801684375 0.38069092968749996
0 0.31803097343750003 0.3362204859375 0.3105293 0.326638309375 0.2986718078125 0.322531659375 0.290605584375 0.3216357609375 0.2906861625 0.368047003125 0.32287076406250004 0.36838923125 0.3223867921875 0.35333151875 0.31803097343750003 0.3362204859375
5 0.5226833609375 0.347697615625 0.5226833609375 0.330673340625 0.52286303125 0.3078049140625 0.510153540625 0.3077031671875 0.5102858828125 0.3248291890625 0.5101062109375001 0.347697615625 0.5226833609375 0.347697615625
5 0.596987221875 0.30737481093749996 0.596987221875 0.2897636859375 0.5799839375 0.28942500937500004 0.561481571875 0.2892748796875 0.5615437703125 0.307205475 0.5755535093749999 0.307544153125 0.596987221875 0.30737481093749996
5 0.627844234375 0.29306196875 0.627844234375 0.25817788125 0.6279327125 0.22814711718749997 0.6155236984375 0.22829284218749998 0.6156339765625 0.24615890624999998 0.615368534375 0.2931870984375 0.627844234375 0.29306196875
0 0.269634615625 0.28705075 0.2643434390625 0.29613697031249997 0.2615088765625 0.307361128125 0.2607363875 0.324293203125 0.2923111171875 0.3233956359375 0.2925000984375 0.27930073437499997 0.282106703125 0.2803697046875 0.269634615625 0.28705075
3 0.07055641093750001 0.31244198437500004 0.0994009984375 0.3122115203125 0.0994009984375 0.3258088140625 0.233974203125 0.32534789218750004 0.233811240625 0.3085364015625 0.233811240625 0.1855184921875 0.156204946875 0.18482710625 0.09991180937500001 0.184924990625 0.0997269203125 0.2044041453125 0.07055641093750001 0.204634609375 0.07055641093750001 0.31244198437500004
5 0.070328621875 0.253722071875 0.0826942109375 0.25356014843749997 0.08257971562500001 0.22248014375 0.0998686328125 0.22248014375 0.09998234375000001 0.20356802499999999 0.0704431203125 0.2040351828125 0.0702141265625 0.2359108703125 0.070328621875 0.253722071875
5 0.099983128125 0.293985946875 0.0826942109375 0.29366210625 0.0828087046875 0.2637069046875 0.07019671250000001 0.263452875 0.070557615625 0.3121209796875 0.10021211562500001 0.3117971453125 0.099983128125 0.293985946875
0 0.2039945140625 0.28235055625 0.195343890625 0.27851254375 0.18380975 0.27779291875 0.184148984375 0.3255281828125 0.2165463703125 0.32528830000000003 0.21552865468750002 0.307057753125 0.2106096765625 0.29242533593750003 0.2039945140625 0.28235055625
0 0.1505642578125 0.326701984375 0.1390301109375 0.3228639734375 0.12681748125 0.32238422187500004 0.1273283765625 0.36691323124999997 0.1619287875 0.3665213484375 0.1617591640625 0.351409178125 0.157857909375 0.33797614375 0.1505642578125 0.326701984375