5 0.158477778125 0.10025035468750002 0.21380713906249998 0.099578384375 0.2447264875 0.138552690625 0.2523207140625 0.1271291875 0.21923158593749997 0.085466996875 0.18126045625 0.085466996875 0.11074264375000001 0.0847950265625 0.09663908125000001 0.1009223265625 0.0749783046875 0.1291927109375 0.08253551875000001 0.1378807203125 0.1134548671875 0.10025035468750002 0.158477778125 0.10025035468750002
5 0.177321128125 0.8423460468749999 0.1769455890625 0.8195507296875 0.164963946875 0.819582109375 0.165303890625 0.84932420625 0.1645528140625 0.8739803640625 0.1776966671875 0.8735151546875001 0.177321128125 0.8423460468749999
5 0.0725458453125 0.9377142109375001 0.072921384375 0.9214318421875 0.053393375 0.9218970515624999 0.0312500046875 0.9205640078125 0.0316121328125 0.9363185796875 0.05151568125 0.9363185796875 0.0725458453125 0.9377142109375001
0 0.11648386718749999 0.3439657578125 0.1044666296875 0.34536138906249997 0.093576009375 0.3528047578125 0.0860652375 0.36210896875 0.0815587734375 0.3760652859375 0.081183234375 0.380717390625 0.07555015468750001 0.380717390625 0.07594664375 0.38819846875 0.12136587031249998 0.3886259703125 0.12136587031249998 0.380717390625 0.11610832812500001 0.38025217968749997 0.11648386718749999 0.3439657578125
0 0.10108678281250001 0.434697346875 0.101462321875 0.424462715625 0.097331396875 0.4119020296875 0.09282493281250001 0.40352824062500003 0.08756739218750001 0.3984109234375 0.08230984999999999 0.39515445 0.07367246093749999 0.39282839687500004 0.0732969234375 0.38631545 0.0676832984375 0.3868025484375 0.06766384375 0.439349453125 0.07367246093749999 0.439349453125 0.074048 0.43516255781249996 0.10108678281250001 0.434697346875
0 0.0992090890625 0.49520578281249994 0.0980824734375 0.48543636093750003 0.09658031875 0.47613215000000003 0.0920738546875 0.46868878125 0.08756739218750001 0.46310625468750005 0.0838120046875 0.4593845703125 0.0796810796875 0.4570585171875 0.0725458453125 0.45566288593750004 0.0725458453125 0.44868472812500004 0.0669322203125 0.4496253890625 0.0665372265625 0.5007883093750001 0.0725458453125 0.5007883093750001 0.0725458453125 0.49520578281249994 0.0992090890625 0.49520578281249994
0 0.0838120046875 0.517551421875 0.086440775 0.524994790625 0.0898206234375 0.5305773171875 0.0969558578125 0.5380206859375 0.1063443234375 0.54220758125 0.11648386718749999 0.5440684234375001 0.11685940624999999 0.507782 0.12136587031249998 0.507782 0.12136587031249998 0.49987342031250004 0.0766977203125 0.50081436875 0.07630123125 0.5082472109375 0.08080769531250001 0.5082472109375 0.0838120046875 0.517551421875
0 0.12023925312499999 0.726942765625 0.1104752484375 0.7143820812499999 0.101462321875 0.70833434375 0.089445084375 0.7055430796875 0.0890695453125 0.742759925 0.083436465625 0.742759925 0.08383413906250001 0.7507096640625 0.1288766421875 0.75020329375 0.1296277203125 0.7436903453125 0.124370178125 0.742759925 0.12023925312499999 0.726942765625
0 0.0222236671875 0.7432251359375 0.034240903125 0.7408990828124999 0.04325383125 0.7357817671875 0.050764604687500006 0.726942765625 0.0552710671875 0.7185689765625 0.0578998390625 0.7074039234375 0.0624063015625 0.707869134375 0.062781840625 0.6976345015625001 0.061655225 0.6915867640625 0.017717203125 0.6915867640625 0.01735276875 0.6967285578125 0.0169661265625 0.7064735015625 0.0222236671875 0.7069387125000001 0.0222236671875 0.7432251359375
0 0.2144994546875 0.784628875 0.250926703125 0.7855592953125 0.250926703125 0.755320609375 0.255057628125 0.755320609375 0.255057628125 0.7432251359375 0.186748803125 0.7437293484375 0.18633405625 0.7548554000000001 0.189713903125 0.7548554000000001 0.1904649796875 0.7850940859375 0.2144994546875 0.784628875
0 0.1315054125 0.9233082156249999 0.1318809515625 0.8860913703125 0.12324356249999999 0.8870217921875 0.11160186406249999 0.8916738984375 0.105593246875 0.8972564249999999 0.10033570624999999 0.905165003125 0.0969558578125 0.9135387937500001 0.0950781640625 0.9205169515625 0.0898206234375 0.9209821625 0.0898437546875 0.9252175515625 0.0905717 0.94052100625 0.1356363390625 0.939125375 0.1360118765625 0.9233082156249999 0.1315054125 0.9233082156249999
3 0.16793266093749998 0.0847813515625 0.1104752484375 0.0847813515625 0.09432708749999999 0.1019941421875 0.0796810796875 0.1229286171875 0.06803938125 0.1313024078125 0.06766384375 0.3867340640625 0.18746067187499998 0.387199275 0.27683886874999997 0.386268853125 0.27646333125 0.30156946875 0.26181732343749997 0.3006390484375 0.26181732343749997 0.22944630156249998 0.27683886874999997 0.22851588125000002 0.2757662296875 0.12480804062499999 0.250926703125 0.124789459375 0.21975699531249998 0.085711771875 0.16793266093749998 0.0847813515625
3 0.062781840625 0.623138684375 0.061279685937499995 0.7092337015625 0.06691276562500001 0.7092337015625 0.06803938125 0.7511026515625 0.164928353125 0.7511026515625 0.164928353125 0.7571503890625 0.18746067187499998 0.7566851781249999 0.189713903125 0.7869238640625 0.250926703125 0.7859934421875 0.2505511640625 0.75575475625 0.2554331671875 0.7562199671875 0.2760877921875 0.7566696453125 0.27646333125 0.6636430671875 0.255057628125 0.662712646875 0.255057628125 0.59012426875 0.27683886874999997 0.589193846875 0.2768930328125 0.5003490140625 0.0684149203125 0.5007883093750001 0.068790459375 0.5780132609375 0.061655225 0.5780132609375 0.062781840625 0.623138684375
3 0.0732969234375 0.9367682578125001 0.072921384375 0.9349074156249999 0.0898206234375 0.9344422046874999 0.09094723906249999 0.94002473125 0.1360118765625 0.9386291 0.1360118765625 0.9349074156249999 0.1750678953125 0.9335117828125 0.175443434375 0.7441710890625 0.1277500265625 0.7432406671875 0.12174140781250001 0.728819140625 0.11535725156250001 0.7185845078125 0.10784647812499999 0.7111411390625 0.09620477968749999 0.7055586125 0.0886940078125 0.7050934015625 0.0890695453125 0.74277545625 0.074048 0.74277545625 0.0732969234375 0.6971848234375 0.062781840625 0.6971848234375 0.062781840625 0.69206750625 0.0173416640625 0.6911370859375 0.017717203125 0.6967196125 0.006084740625 0.6971939109374999 0.0068265828125 0.839074040625 0.0060755046875 0.93397699375 0.031987671875 0.9349074156249999 0.0732969234375 0.9367682578125001
5 0.5657356328125001 0.099885009375 0.596073790625 0.13789935625 0.6040942234375 0.1266678453125 0.57096635 0.086061609375 0.46077258125 0.085629628125 0.42696707968750003 0.126263934375 0.43427028281249996 0.13660341250000002 0.464608440625 0.099885009375 0.5657356328125001 0.099885009375
0 0.4639110125 0.3625872859375 0.4548444359375 0.3500598296875 0.4454291453125 0.34358011093749996 0.43217799687499997 0.3418521875 0.43217799687499997 0.379866534375 0.426598565625 0.379866534375 0.427315853125 0.3876933703125 0.47262887343750004 0.387642196875 0.4733263015625 0.379866534375 0.469141728125 0.379866534375 0.4639110125 0.3625872859375
0 0.435665140625 0.46454927812499996 0.446824003125 0.455045690625 0.45554186406249997 0.43733446093749995 0.4569367234375 0.42091917343749996 0.42450627812499997 0.42264709843750004 0.42450627812499997 0.41616738125 0.41859654375 0.417077175 0.41857813281249995 0.474916828125 0.4248549921875 0.474916828125 0.42415756406250005 0.469733053125 0.435665140625 0.46454927812499996
0 0.4928543109375 0.7160488875000001 0.5026183171875 0.7065452999999999 0.5095926046875 0.6966097328124999 0.512382321875 0.6849462390625 0.512382321875 0.6715548203124999 0.48239287812500004 0.6741467078125 0.48239287812500004 0.668098971875 0.476143978125 0.6668395109375 0.47576730312500004 0.72425653125 0.48169544999999997 0.72425653125 0.48169544999999997 0.7203687000000001 0.4928543109375 0.7160488875000001
0 0.464608440625 0.72558131875 0.45623929375000005 0.7160777328125 0.445777859375 0.7083020703125 0.4325267109375 0.7070061265625001 0.43182928125000003 0.74372453125 0.42624985000000004 0.74372453125 0.427315853125 0.7502376625 0.47262887343750004 0.75020425 0.472280159375 0.7428605687500001 0.469141728125 0.7428605687500001 0.464608440625 0.72558131875
0 0.439152284375 0.8119919875000001 0.447870146875 0.8016244374999999 0.45170600624999996 0.7895289640625001 0.452403434375 0.7791614140625 0.4269472796875 0.7808893390625 0.42729599374999994 0.7748416015624999 0.42068917812500006 0.7740039734375 0.42067041875 0.82365548125 0.4269472796875 0.8240874625 0.4269472796875 0.81933566875 0.439152284375 0.8119919875000001
5 0.4778595890625 0.9364458484375 0.4778595890625 0.9208945249999999 0.4537982921875 0.9217584875 0.42801339687500006 0.9209229953125 0.42729599374999994 0.9364458484375 0.45344957812500003 0.9364458484375 0.4778595890625 0.9364458484375
5 0.60548908125 0.7588438734375 0.6058377953125 0.7432925499999999 0.5842175000000001 0.7432925499999999 0.55531529375 0.7433238249999999 0.5556229140625 0.7575479296875 0.5779406390624999 0.7579799109375001 0.60548908125 0.7588438734375
5 0.5360949046875 0.8318919687499999 0.5357461906250001 0.8003573390625001 0.5221819234375 0.7999308609375 0.522495040625 0.8241163078125 0.5221463265625 0.8625626359374999 0.5357461906250001 0.8634265984375 0.5360949046875 0.8318919687499999
3 0.63443238125 0.38719579375 0.63443238125 0.300367565625 0.6197863734375 0.299935584375 0.6190889453125 0.2277947203125 0.6351298109375 0.2273627390625 0.6337349531250001 0.125386325 0.6030480796875 0.1245223625 0.57096635 0.08607603281250001 0.4611212953125 0.08487133125 0.42729599374999994 0.1254775671875 0.41720145468750003 0.1258318203125 0.41613713125 0.20312852343749999 0.41613713125 0.3867638125 0.504013175 0.38719579375 0.63443238125 0.38719579375
3 0.6351298109375 0.5899163781250001 0.6351298109375 0.5017633625 0.47611601718749996 0.5000354375 0.4754185890625 0.7505989734375 0.5221463265625 0.7501669921875 0.522495040625 0.758374634375 0.5333051890625 0.757078690625 0.634835384375 0.7554230390625001 0.6347810953125 0.6624892250000001 0.612812084375 0.6616252625000001 0.6131608 0.591212321875 0.6351298109375 0.5899163781250001
5 0.9304335453125001 0.1001550125 0.961500834375 0.13754102343750002 0.9686019281249999 0.12599534375000002 0.9357593671875 0.085310565625 0.8270238578125 0.084760771875 0.8119340328125 0.1012546 0.792436084375 0.1260518046875 0.7995071171875 0.1380908171875 0.8301305875 0.0996052171875 0.9304335453125001 0.1001550125
5 0.792849840625 0.44168740156249997 0.7919622046875 0.4152972765625 0.780451 0.4153330015625 0.7795352890625 0.44718534375 0.7795352890625 0.4790734125 0.792849840625 0.4790734125 0.792849840625 0.44168740156249997
5 0.9202257218750001 0.8360184 0.9197819046875001 0.8057797125 0.9077988078124999 0.8041303296875 0.907404125 0.80525765625 0.9073549890624999 0.8354686046875001 0.9073549890624999 0.8701056453125 0.9202257218750001 0.8712052328125001 0.9202257218750001 0.8360184
5 0.9801412062500001 0.7590104859375 0.9801412062500001 0.7425166578125 0.9548435578125 0.7430664515625 0.9287109421874999 0.74256173125 0.929545909375 0.7579108984375 0.9570626499999999 0.7584606921875 0.9801412062500001 0.7590104859375
0 0.84476273125 0.34297961093749996 0.8383551031250001 0.343735578125 0.8310321 0.34524751249999996 0.8246244718750001 0.35091726562500003 0.8182168437499999 0.3554530703125 0.813334840625 0.3626347578125 0.8102835890625 0.3701944296875 0.8090630890625 0.3803999859375 0.8032657109375 0.3803999859375 0.8038940468750001 0.387628553125 0.8490344828125 0.3875816734375 0.8490344828125 0.3800220015625 0.84476273125 0.379266034375 0.84476273125 0.34297961093749996
0 0.863680490625 0.6915814250000001 0.8716137453125 0.6832657859375 0.8789367484374999 0.6711703109375 0.881072625 0.661720721875 0.8816828750000001 0.6507591984375 0.851170359375 0.6507591984375 0.8508652343750001 0.6447114609375 0.8447876015625001 0.645114940625 0.84537298125 0.7017869812499999 0.8508652343750001 0.7017869812499999 0.851475484375 0.6964952109375 0.863680490625 0.6915814250000001
0 0.8356089765625001 0.73091695625 0.8310321 0.7226013171875 0.826150096875 0.7157976125000001 0.81943734375 0.711261809375 0.812724590625 0.7086159249999999 0.8044862109375 0.7074819734375 0.8044862109375 0.742634446875 0.7983837078125 0.742634446875 0.7996215859375 0.750604959375 0.84354223125 0.7498161343749999 0.8441524812500001 0.7430124296875 0.838660228125 0.742634446875 0.8356089765625001 0.73091695625
3 1 0.1248073703125 0.9689486671875001 0.1248073703125 0.9353849015625 0.08474111250000001 0.8264552234375 0.08474111250000001 0.7931965812499999 0.1251853546875 0.7816162140625 0.125226859375 0.781601825 0.2344604671875 0.7812967000000001 0.386435103125 0.901821134375 0.3871910703125 1 0.3871910703125 1 0.1248073703125
3 0.9076185125 0.7581065328125 0.9189081437500001 0.7565946 0.9298926484375001 0.756216615625 0.9298926484375001 0.7581065328125 0.9796280484375 0.75961846875 0.9799331734375001 0.7565946 1 0.756216615625 0.9998168984375001 0.5010586796875 0.84476273125 0.5002838765625001 0.84506785625 0.7505468625 0.9079236375 0.7497908953125 0.9076185125 0.7581065328125