5 0.7019879046875 0.6567308484375001 0.703135290625 0.6252343687499999 0.703135290625 0.598309959375 0.6830560640625001 0.59729394375 0.681908678125 0.5988179671875 0.681908678125 0.647586709375 0.6824823703125 0.7131197078125 0.700266828125 0.7126117 0.7019879046875 0.6567308484375001
5 0.7180054390625 0.43248494531250004 0.7180054390625 0.4233989828125 0.69601809375 0.4240479796875 0.694552271875 0.44221990624999996 0.694552271875 0.49284169999999994 0.7158067046875 0.493490696875 0.7180054390625 0.45974283437499996 0.7180054390625 0.43248494531250004
5 0.7171998953125 0.25135680625 0.7182709578125 0.235707678125 0.7075603328125 0.23523346093750003 0.69444865 0.23571394375 0.6941720515625 0.312530671875 0.7155933015625 0.3130048875 0.7177354265625 0.2731707421875 0.7171998953125 0.25135680625
5 0.4987117484375 0.1840887234375 0.5001021546875 0.16377371406250002 0.450742734375 0.16377371406250002 0.3972120953125 0.16377371406250002 0.32769178593750004 0.1631581078125 0.279722771875 0.1631581078125 0.250471709375 0.163165946875 0.2498290375 0.1840887234375 0.36036633125 0.1853199359375 0.43197225 0.1847043296875 0.4987117484375 0.1840887234375
3 0.710506125 0.38948375 0.7096876109375 0.1691445625 0.520610590625 0.1691445625 0.3339891171875 0.1684197625 0.22840065156249997 0.1676949625 0.1833823125 0.1684197625 0.18256379843749998 0.1691445625 0.1817452828125 0.46486294531250005 0.443670159375 0.46486294531250005 0.4453071890625 0.38875895 0.710506125 0.38948375
0 0.4262125140625 0.466756596875 0.4257923109375 0.4589426453125 0.42074986406250003 0.44740776406249994 0.40982456562499997 0.43736125625 0.39427702343750004 0.4295473046875 0.3770486671875 0.42880312031249995 0.3765733359375 0.46304336562500004 0.377889075 0.4630356671875 0.3770486671875 0.4660124109375 0.4262125140625 0.466756596875
0 0.4787621671875 0.5175271890625 0.47670076093749997 0.5010986953125001 0.4622709078125 0.485582896875 0.44784105625 0.47736865 0.438484471875 0.4772263859375 0.4375340203125 0.4782813453125 0.43804937187500004 0.52072161875 0.4787621671875 0.5175271890625
0 0.3365250578125 0.49881696093750005 0.34837815 0.51296371875 0.3679615203125 0.5161581484375 0.36744616875 0.5193525765625 0.373630390625 0.5193525765625 0.373630390625 0.47645595625 0.3725338828125 0.4754009109375 0.3653847625 0.47508691562500005 0.3643540578125 0.4791940390625 0.32982548437500003 0.4791940390625 0.3365250578125 0.49881696093750005
0 0.47874327499999997 0.7156389984375 0.4767439609375 0.69864311875 0.46474807656249995 0.68341764375 0.4491534265625 0.6724411375 0.4367003171875 0.6724446281249999 0.43715754218749997 0.6731493000000001 0.43755740468750004 0.7174094015625 0.47874327499999997 0.7156389984375
0 0.4007700265625 0.753879728125 0.4175642640625 0.74608995 0.4255615203125 0.7255532609374999 0.430359875 0.7259073421875 0.4315594625 0.7195338875 0.3823763359375 0.7198879687499999 0.3811767484375 0.7198879687499999 0.3815766109375 0.7259073421875 0.3863749640625 0.7259073421875 0.3851753765625 0.75565013125 0.4007700265625 0.753879728125
0 0.2752131015625 0.690495865625 0.285209671875 0.6713755015625 0.285209671875 0.661227446875 0.252420921875 0.66110715625 0.252820784375 0.6572122671875 0.237625996875 0.6568581874999999 0.23761224531249997 0.6571003906249999 0.237625996875 0.701472371875 0.253220646875 0.7007642093750001 0.252820784375 0.69757748125 0.2752131015625 0.690495865625
5 0.70250686875 0.7611177031249999 0.70250686875 0.7419572515625 0.70250686875 0.73061739375 0.6826353640625 0.7294443046875 0.682413728125 0.7298408390625 0.6826353640625 0.8455801 0.7007405125 0.8451890703125 0.701623690625 0.7927911015625 0.70250686875 0.7611177031249999
0 0.37359328125 0.8547710531250001 0.3732409171875 0.85009075625 0.38874490625 0.8463465187500001 0.39825871875 0.8379219843750001 0.4063630765625 0.823569071875 0.4063630765625 0.8135844375 0.37394564375 0.8129603984375 0.3742980078125 0.8095281796875 0.3668584765625 0.8094295625000001 0.3668983765625 0.8213849328125 0.3668983765625 0.854459034375 0.37359328125 0.8547710531250001
3 0.6977118953125 0.7196184718749999 0.57157433125 0.719203246875 0.3652526671875 0.719203246875 0.36520182968750003 0.7200360406249999 0.3661904921875 0.909791546875 0.5153047859375001 0.909791546875 0.69630515625 0.910206771875 0.6977118953125 0.7196184718749999
3 0.69759745625 0.545847 0.5547190703125 0.5470694125 0.49121756562499996 0.54645820625 0.4366891 0.54645820625 0.4366891 0.581908153125 0.43599886562499995 0.7243191421875 0.5298706546874999 0.725541553125 0.69759745625 0.726152759375 0.69759745625 0.545847
3 0.71154028125 0.3694149953125 0.6809086062499999 0.3694149953125 0.6796322859374999 0.3835423515625 0.5003093546875 0.3829772578125 0.4364933640625 0.381281975 0.43621304062500005 0.381854265625 0.43713152343750006 0.5525055390625 0.71154028125 0.55137535 0.71154028125 0.42761970624999995 0.71154028125 0.3694149953125