3 0.8351409203125 0.266562303125 0.960011253125 0.26682996718749996 0.9602382859375 0.1491012109375 0.9602382859375 0.0383316859375 0.9352642187500001 0.0383316859375 0.8357356578124999 0.0378581109375 0.8355949953125 0.081411103125 0.8353679625 0.165428634375 0.8351409203125 0.266562303125
5 0.9300423796875 0.0490524609375 0.9304964468750001 0.0375429640625 0.8971220203125 0.0372753 0.8641311343750001 0.03652036875 0.8639746265625 0.04824946875 0.8903109109375 0.0485171328125 0.9300423796875 0.0490524609375
0 0.9216420015625 0.3273074484375 0.9148308921874999 0.3195452328125 0.9062034984375 0.31338899531250003 0.8982572046874999 0.31178301875000003 0.8885512437499999 0.3107575703125 0.888040540625 0.35808865 0.8955327499999999 0.3586239765625 0.9121064562500001 0.3401552625 0.9216420015625 0.3273074484375
5 0.9615468546875 0.32167996875 0.9614050390625 0.299946403125 0.9615468546875 0.2792159234375 0.9515574265625 0.279115471875 0.9516203921875 0.29259042343749997 0.9514785765625 0.321512790625 0.9615468546875 0.32167996875
0 0.8633240656250001 0.30480298906250003 0.8562819562499999 0.30050874375 0.849968346875 0.2967870546875 0.8431690656249999 0.295641928125 0.8355631562499999 0.2944596828125 0.8353984734375001 0.34602774687500004 0.8397694250000001 0.34602774687500004 0.8689091718749999 0.31167377812499997 0.8633240656250001 0.30480298906250003
0 0.7471633890625 0.2001235109375 0.74065969375 0.19189501874999998 0.7249556421875 0.2102221171875 0.7117896218750001 0.2268661125 0.71128296875 0.2313743984375 0.7541429671875 0.2317284 0.75382571875 0.22088175312499997 0.7511290578125001 0.2102221171875 0.7471633890625 0.2001235109375
5 0.7955445484375 0.0485272125 0.7957031734375 0.0371195296875 0.7709574015625 0.0369325171875 0.7465971421875001 0.03696569375 0.74605300625 0.047966176562500004 0.7674676171875 0.047966176562500004 0.7955445484375 0.0485272125
3 0.8357640828124999 0.5872768875000001 0.9606521109375 0.5872768875000001 0.9608846906249999 0.4664068125 0.9604195484375 0.3565039921875 0.906696765625 0.35677816875 0.8354371890625 0.3560095296875 0.8359966453125001 0.407212903125 0.8357640828124999 0.5149222765625 0.8357640828124999 0.5872768875000001
5 0.9238109218749999 0.5876699125 0.9237270328125 0.5773849125 0.9020010515625 0.5772860203125 0.8709098109375001 0.5771970796875 0.8711316953124999 0.5877688062499999 0.8941998265625 0.5877688062499999 0.9238109218749999 0.5876699125
3 0.63443056875 0.5048834921875 0.634093396875 0.587133446875 0.66109931875 0.5869241078125 0.6760762390624999 0.6002402359375 0.6917543921875 0.609780146875 0.7114785296874999 0.6189225578124999 0.736763634375 0.6223012781249999 0.7576678343750001 0.6209100390625 0.7740203250000001 0.6155438375 0.7910471359375 0.607196421875 0.8033536359375001 0.5982527531249999 0.8134685734374999 0.5867253546875 0.8412846515625001 0.5875203499999999 0.8409474921875001 0.5225508875 0.84802794375 0.5225508875 0.84802794375 0.44407714374999996 0.8409474921875001 0.44348089999999996 0.8409474921875001 0.37375207499999996 0.7344016078125 0.3735533265625 0.6355308187500001 0.3735368859375 0.6359478000000001 0.4939523421875 0.63443056875 0.4943498328125 0.63443056875 0.5048834921875
0 0.67657614375 0.41310421249999996 0.68095928125 0.406346771875 0.6860167484375 0.3966081171875 0.688545484375 0.3860744578125 0.689219815625 0.372758334375 0.6471961046875 0.37254356875 0.6474114015625 0.3771307953125 0.6587064093749999 0.3918381578125 0.67657614375 0.41310421249999996
5 0.7820626765625 0.59903503125 0.7667216906250001 0.6061899640624999 0.7478404656250001 0.6095686859375 0.7311508156250001 0.6103636765625 0.7174956515625001 0.6077799484375 0.7040090671875 0.60300999375 0.6920397265625 0.5970475484375 0.6793960546875 0.5877063875 0.6681010390625 0.5769739859375 0.660852003125 0.586712646875 0.6691125312499999 0.5934700828125 0.68293628125 0.604997475 0.7010162375 0.6151336359374999 0.717368721875 0.6203010859375 0.7347327046875 0.622884809375 0.7507480234374999 0.6220898218750001 0.76507751875 0.6191085984375 0.7770468578124999 0.6149348828125001 0.78658855 0.609966178125 0.8005808734375 0.60044745625 0.8140674578124999 0.5867338296875 0.8073699859374999 0.5776635437500001 0.8019598171875 0.5841289187500001 0.7930249640625 0.591283853125 0.7820626765625 0.59903503125
3 0.6417139578125 0.5038648234374999 0.6419516093750001 0.49433864375000003 0.6412386531250001 0.49433864375000003 0.6407633296874999 0.45792994687500005 0.6407633296874999 0.3531867640625 0.6414763046874999 0.27616664375 0.5948957375 0.27616664375 0.51814168125 0.2762814640625 0.5176575375 0.408352703125 0.5171822328125 0.5033044578125 0.6417139578125 0.5038648234374999
0 0.6077291640625 0.3282655171875 0.6129575890625001 0.3335889734375 0.6210378953125 0.339752975 0.631257090625 0.3439557015625 0.6412386531250001 0.3450764234375 0.641197359375 0.292735125 0.6367231859375 0.2935229765625 0.622463828125 0.31005370625 0.6077291640625 0.3282655171875
5 0.6148626125 0.5044071578125 0.6148626125 0.493492834375 0.583987115625 0.493492834375 0.5442183968750001 0.49335949843750004 0.5439992953125 0.5042050421875001 0.572602678125 0.5041039828125 0.6148626125 0.5044071578125
3 0.6342121609375 0.2824719484375 0.65111111875 0.2824719484375 0.7071758953125 0.24192312187499998 0.7073747171875 0.1983397671875 0.7073747171875 0.099700625 0.7141342890625 0.0994662421875 0.7143331125 0.038328903125 0.6430453796875 0.037860128124999996 0.5174964984375 0.037837242187499995 0.517939278125 0.17375419375 0.51774046875 0.28200317343750003 0.6342121609375 0.2824719484375
5 0.6623106296875 0.048185621875 0.6627082609375 0.037403846875 0.6153568046875 0.037169464062500004 0.5619322703125 0.03695866875 0.5621097484375001 0.048888778125 0.6104208890625 0.048888778125 0.6623106296875 0.048185621875
0 0.6549181484375 0.2412199640625 0.65511695625 0.254579978125 0.6567074374999999 0.26278349843750004 0.6584967421875 0.26981508593750003 0.6616431453125 0.27358785937499996 0.698258996875 0.246845234375 0.6948792125 0.24356382656250003 0.65571338125 0.232078896875 0.6549181484375 0.2412199640625
3 0.312617453125 0.6918471296875001 0.3199054 0.6918471296875001 0.3205484609375 0.7645863359375 0.4435860921875 0.7648390375 0.44380045625 0.6822307921874999 0.44380045625 0.5508770296875001 0.40285934531249995 0.5511297328125 0.32095592968750003 0.5504137515624999 0.3203340953125 0.615024196875 0.3128318 0.615024196875 0.312617453125 0.6918471296875001
0 0.355916425 0.5910709109375001 0.36084649375 0.58273158125 0.36577658125 0.5706016484374999 0.3677057453125 0.5609987734375 0.368348790625 0.55089049375 0.3249772625 0.5507295 0.32569287812500003 0.5556919312499999 0.33276647812500004 0.5637785578125001 0.355916425 0.5910709109375001
5 0.40707667968749994 0.76509154375 0.4072723296875 0.7551729765624999 0.3786921953125 0.755288309375 0.3497071625 0.7551324515625 0.3502391109375 0.7653222093750001 0.3760654796875 0.7653222093750001 0.40707667968749994 0.76509154375
3 0.11756437812500001 0.681554990625 0.1177380390625 0.7644416281249999 0.1467399375 0.7646463671875 0.16074741718750002 0.77856863125 0.17446687656249998 0.7881913796875 0.1979115203125 0.7986330765625 0.21979318281250002 0.8012946828124999 0.2373547078125 0.7998615078125 0.25003218125000004 0.79679041875 0.267224921875 0.7898292921875 0.278165746875 0.78286815625 0.2896275828125 0.77346106875 0.2977897859375 0.7642478046875001 0.32505503281250003 0.7646572843749999 0.32505503281250003 0.6938502546875001 0.32540236718750004 0.6355214078125 0.32540236718750004 0.550996859375 0.28385374531249996 0.5516110750000001 0.194000540625 0.5514063390625 0.11863535 0.5505647671875 0.1187800265625 0.6717275109374999 0.11756437812500001 0.67193225 0.11756437812500001 0.681554990625
0 0.1436139796875 0.6056513140625001 0.1491712234375 0.6007375703125 0.1519498578125 0.5950048734375 0.1377094015625 0.5784210015625 0.12346895 0.56122290625 0.11862105781250001 0.561053178125 0.11912734843749999 0.6126124421875 0.12781055 0.61240770625 0.1377094015625 0.6093366171875 0.1436139796875 0.6056513140625001
5 0.1939765453125 0.7971999000000001 0.21412157031249998 0.8010899468750001 0.23426659375 0.8010899468750001 0.25876506250000003 0.794743028125 0.2764787875 0.7851202921875 0.291515328125 0.772631196875 0.29915654687500004 0.7644416281249999 0.29220998593749997 0.7552283640625 0.28005350625 0.7671032390625 0.270328321875 0.7744738484375 0.25851916406250003 0.7806160281250001 0.246015359375 0.7857345078125 0.2307329203125 0.78901033125 0.2163188078125 0.7892150765625 0.199647065625 0.7861439875 0.183856396875 0.7797970671875001 0.17117893125 0.77222171875 0.16110641406249998 0.7634179328124999 0.15141845468749998 0.75419340625 0.14535062031249998 0.7642368875 0.1618487015625 0.77959233125 0.1778257875 0.7898292921875 0.1939765453125 0.7971999000000001
3 0.184158825 0.45889345156249994 0.32523186718749997 0.4582235328125 0.325515984375 0.4153842609375 0.35392805156249996 0.45122506875 0.35790574531249997 0.44519576406250005 0.3630199265625 0.4338071046875 0.3673547703125 0.417369475 0.44389813437500003 0.4183611265625 0.44347757187500003 0.23746471875 0.4430570109375 0.0392144796875 0.232400225 0.038222828125000004 0.1836804859375 0.0372948328125 0.1844429421875 0.189692090625 0.183874709375 0.3296521484375 0.184158825 0.45889345156249994
0 0.23109965156249998 0.43182881249999994 0.22742551562500002 0.42570485781249995 0.22147088906249998 0.4201783609375 0.208294678125 0.4369072140625 0.19803244375 0.44870702968750004 0.19410492343750002 0.45408416406249996 0.193982225 0.45839160156250003 0.23553395156249998 0.45871446875000005 0.235407259375 0.44796020625 0.2335068453125 0.4386995921875 0.23109965156249998 0.43182881249999994
3 0.0014144296875 0.215277703125 0.0005510515625 0.2865278875 0.0011266328125 0.45883121562499996 0.190204603125 0.45883121562499996 0.18991679687500002 0.282456446875 0.1962481875 0.2817778765625 0.1976871359375 0.1698675515625 0.1976871359375 0.0396357640625 0.009070439062500001 0.03823825 0.009184746875 0.134902953125 0.00947254375 0.215277703125 0.0014144296875 0.215277703125
0 0.35467371718749996 0.452122665625 0.3593787046875 0.444594759375 0.3634115625 0.43667063125 0.3671083296875 0.4239920328125 0.367780459375 0.41012482187500005 0.32247135 0.409502384375 0.3224109859375 0.417256534375 0.327788103125 0.42042618125000003 0.35467371718749996 0.452122665625
5 0.3264216734375 0.54106260625 0.3262557828125 0.50803069375 0.3262557828125 0.46930615624999994 0.31935777656250003 0.4694813875 0.31895645781250004 0.49842650156249996 0.31895645781250004 0.54125818125 0.3264216734375 0.54106260625