5 0.23384619375 0.0270252921875 0.23384619375 0.0092128171875 0.1974054890625 0.0092128171875 0.1776624703125 0.009228799999999999 0.17794985937500002 0.025655103125000002 0.207905353125 0.025655103125000002 0.23384619375 0.0270252921875
5 0.10383317343750001 0.7730943640625 0.10383317343750001 0.7548251578125 0.0911786546875 0.7562134484375 0.09148039218750001 0.7730943640625 0.0911715734375 0.7936472203125 0.103524353125 0.7936472203125 0.10383317343750001 0.7730943640625
5 0.1374945015625 0.8420606156250001 0.154479575 0.842517346875 0.17547930312499999 0.8416038859375 0.185361528125 0.8288154421874999 0.1970966703125 0.8123731578125 0.1890673625 0.8050654734375 0.1711558296875 0.8306423625000001 0.1464502671875 0.8306423625000001 0.1202006078125 0.8292721734375 0.1029067140625 0.8059789343749999 0.095193975 0.81149488125 0.10167143593750001 0.82287795 0.10970074375000001 0.8338394734374999 0.1161859546875 0.842517346875 0.1374945015625 0.8420606156250001
5 0.20049368437499998 0.7712674421875 0.20018486562499999 0.7561953484374999 0.188472946875 0.754842834375 0.188140903125 0.7730943640625 0.1884497234375 0.7936472203125 0.2008025046875 0.7936472203125 0.20049368437499998 0.7712674421875
5 0.252684184375 0.8278867328124999 0.2523753640625 0.8105309875 0.2381696671875 0.8109877171875001 0.22461082656250003 0.8105811390625 0.22458160781249997 0.82880019375 0.2434195984375 0.82880019375 0.252684184375 0.8278867328124999
5 0.320006840625 0.82880019375 0.320006840625 0.8100742562500001 0.30425704531250003 0.8100742562500001 0.2916357828125 0.8101242671875 0.2931395421875 0.82880019375 0.30641878125 0.82880019375 0.320006840625 0.82880019375
5 0.306643965625 0.7491102359374999 0.30639948281249996 0.7404323625 0.2878188421875 0.7404323625 0.27635955 0.7404513875000001 0.27657266406250003 0.7498333921875 0.2914860734375 0.7487486578125 0.306643965625 0.7491102359374999
5 0.3335369984375 0.8058779875000001 0.33378148125 0.785268040625 0.3340259625 0.7639349359375001 0.33329251718749997 0.7530875953125 0.3208626796875 0.75311053125 0.320823928125 0.771166496875 0.320823928125 0.791414865625 0.32131289218750003 0.80660114375 0.3335369984375 0.8058779875000001
0 0.23435531406250001 0.46628726875000004 0.2674651796875 0.44211319375 0.2670460671875 0.43343532187499995 0.22769953593749998 0.434151784375 0.2284877421875 0.44645213124999994 0.23100241718749998 0.45760939531249994 0.23435531406250001 0.46628726875000004
0 0.23184064062499998 0.72238799375 0.2293259671875 0.7316857140625 0.22806863125 0.7422231312500001 0.23021462656249997 0.7497519828125 0.2674651796875 0.7496613078125 0.268303403125 0.737264346875 0.2360317625 0.7106108796874999 0.23184064062499998 0.72238799375
3 0.0918571625 0.8116468812500001 0.095210059375 0.8141262734374999 0.1161656703125 0.8444988296875 0.176517828125 0.8438789812499999 0.19998811249999998 0.8116468812500001 0.2016645609375 0.7583399484375 0.2020836734375 0.7409842015625 0.217590825 0.7403643546875001 0.217590825 0.441871759375 0.2284877421875 0.44249160625000006 0.23477442656249997 0.46666568125 0.2662078421875 0.443332196875 0.31985420468750003 0.44147265156250004 0.32027331718749996 0.2275836796875 0.25531092499999997 0.0106161625 0.06254192343750001 0.010664681249999999 0.06251930624999999 0.7552407078125001 0.09143805 0.7571002515624999 0.0918571625 0.8116468812500001
5 0.5105996890625 0.272069065625 0.5105996890625 0.2541347953125 0.47304723437499996 0.2541347953125 0.44374022343749997 0.25474536875 0.442535865625 0.272647590625 0.47774129062500004 0.272069065625 0.5105996890625 0.272069065625
5 0.6232570515625 0.272647590625 0.6228658796875 0.2535562703125 0.6048719953125 0.2535562703125 0.58458529375 0.25358796093749997 0.585704596875 0.272647590625 0.6044808234375 0.272647590625 0.6232570515625 0.272647590625
5 0.43432126562500006 0.7743638500000001 0.43432126562500006 0.7558510546874999 0.42222222656249997 0.75474536875 0.42180378125000006 0.7778349984374999 0.421412609375 0.79692631875 0.43432126562500006 0.79692631875 0.43432126562500006 0.7743638500000001
5 0.5313317718749999 0.7760994250000001 0.532114115625 0.7552725296875 0.51885759375 0.75474536875 0.5188142874999999 0.7743638500000001 0.518423115625 0.7946122203125 0.5313317718749999 0.7946122203125 0.5313317718749999 0.7760994250000001
5 0.5188142874999999 0.8067612421874999 0.50316743125 0.8293237124999999 0.4503592921875 0.8310592859374999 0.43393009375 0.8067612421874999 0.4253521171875 0.8114583312500001 0.4464475796875 0.8437868328125001 0.5062968031249999 0.8426297828125 0.5282024015625 0.811389440625 0.5188142874999999 0.8067612421874999
5 0.626386421875 0.7575866296875 0.62677759375 0.7390738328124999 0.5974397375 0.7384953078125001 0.5708920234375 0.738541665625 0.5708400828125 0.758165153125 0.5954838812500001 0.7575866296875 0.626386421875 0.7575866296875
0 0.5364169999999999 0.4641972640625 0.5297670875 0.48733825937499997 0.5407198859375 0.49370203281249997 0.554410884375 0.49370203281249997 0.554851334375 0.4381944421875 0.550108 0.434113971875 0.5438492578125 0.44337037031250004 0.5364169999999999 0.4641972640625
0 0.5391552 0.5503974687500001 0.5481521421875 0.5729599390625 0.5536285421875 0.5718028875 0.5544600984375 0.5128472203125 0.5391552 0.5180000765624999 0.5297670875 0.522628275 0.5391552 0.5503974687500001
0 0.5587137703125 0.5561827171875 0.55754025625 0.5654391140625 0.5564162796875001 0.5811342578125 0.595092709375 0.5827948609375 0.5947015390625 0.5729599390625 0.562625484375 0.54692631875 0.5587137703125 0.5561827171875
0 0.590789825 0.4225048453125 0.5943103671875 0.4074631984375 0.5954838812500001 0.3947356515625 0.554851334375 0.39537036875 0.5540197140625 0.39936384999999996 0.5872692828125 0.42597599375 0.590789825 0.4225048453125
3 0.5630166562500001 0.548102684375 0.5579314265625 0.55909465625 0.5563667421875 0.575293353125 0.5485433140625 0.575871878125 0.5489344859374999 0.7564102640625 0.588442796875 0.7581458390625 0.6510302203125 0.7558317390625 0.6510954671875 0.551041665625 0.5970485671875 0.5521523578124999 0.5978309109375 0.574136303125 0.593528025 0.575293353125 0.5630166562500001 0.548102684375
3 0.4229772953125 0.8113701265625 0.44449172187499997 0.8455030921875 0.505514459375 0.8443460421875001 0.5278112296875 0.813684225 0.5313317718749999 0.813684225 0.532114115625 0.7575673140625 0.5532373703125 0.7575673140625 0.55480205625 0.570703784375 0.55480205625 0.505889684375 0.3944444484375 0.5064814796875 0.393639440625 0.598434346875 0.393639440625 0.7558317390625 0.42180378125000006 0.7569887890625 0.4229772953125 0.8113701265625
3 0.555463384375 0.5121955125000001 0.5550722140625 0.366985771875 0.5538987 0.25299706093749996 0.39549694999999996 0.25300979375 0.39430076875000003 0.34033499843750004 0.394691940625 0.5127740375000001 0.45141179375 0.5127740375000001 0.555463384375 0.5121955125000001
4 0.15585646250000001 0.0277173171875 0.156451334375 0.0079192328125 0.1326564546875 0.006159403125 0.109456446875 0.0065993609375 0.088635928125 0.0065993609375 0.0788205390625 0.008359190625 0.0788205390625 0.0277173171875 0.1032102921875 0.028157275 0.1267077359375 0.028157275 0.15585646250000001 0.0277173171875
4 0.187747028125 0.2637739203125 0.1500630375 0.2617831734375 0.12516468593750002 0.2617831734375 0.101612190625 0.2617831734375 0.1022851203125 0.273727653125 0.10329451249999999 0.28666750625000004 0.142660825 0.2856721328125 0.187747028125 0.28467675937500003 0.187747028125 0.2637739203125