3 0.848813565625 0.8520137468750001 0.848660315625 0.862794028125 0.8710528140625 0.8906600484375 0.9276029593749999 0.890863446875 0.9499778078125001 0.862398065625 0.9501310578125001 0.8522279859375 0.957487178125 0.8520245875000001 0.957487178125 0.8261925828125 0.957487178125 0.7025677781249999 0.90344531875 0.702364378125 0.843589140625 0.7025036796874999 0.8436029828124999 0.7507414328124999 0.8429899703125001 0.8522171437500001 0.848813565625 0.8520137468750001
0 0.8538708890625 0.7423008531249999 0.8592347234375 0.7392498296875 0.8633725453125001 0.7357920078125 0.8673571046875 0.729079753125 0.869962390625 0.7209436890625 0.870575403125 0.71219741875 0.8437739140625 0.7121831953125 0.8437562328125001 0.7429110640625 0.848660315625 0.7433178609375 0.8538708890625 0.7423008531249999
0 0.8639855578125 0.7861810140625 0.8581619609375 0.7806891734375 0.8529513765625 0.77845175625 0.848813565625 0.777841553125 0.8431988953125 0.7782384671875 0.8436029828124999 0.809165396875 0.8708819140624999 0.8089619984375 0.8690428796875 0.7957408921875 0.8639855578125 0.7861810140625
5 0.9453625812500001 0.8685369812499999 0.9381597109375001 0.8593839093750001 0.9239072437500001 0.877690053125 0.87624575 0.8780968578125 0.8600660781249999 0.8593102671875 0.8531046265625 0.8675199734374999 0.871341665625 0.89111455625 0.9272787921875001 0.89091115625 0.9453625812500001 0.8685369812499999
5 0.8394032546875 0.8524855984374999 0.8392500046875 0.839061096875 0.8231585015625 0.8388576890625 0.8083213953125 0.83897878125 0.8087527734375 0.8524855984374999 0.8200934546875001 0.8524855984374999 0.8394032546875 0.8524855984374999
3 0.9574470265624999 0.7098358703125001 0.9574470265624999 0.6107018625 0.9572916749999999 0.5525779265625 0.8994999078125 0.5525779265625 0.89934455625 0.5577327078125001 0.8518556484375001 0.5573032671875 0.852272221875 0.6288357015625 0.8518061593749999 0.7098358703125001 0.9574470265624999 0.7098358703125001
0 0.8734003937500001 0.68697063125 0.8766628296875 0.681197278125 0.878837790625 0.672743434375 0.87914850625 0.664701978125 0.8516613484375 0.6647346015625 0.8519615125 0.6956306624999999 0.8608167046874999 0.69583685 0.8687397671875001 0.6923315984375 0.8734003937500001 0.68697063125
0 0.86889511875 0.5338255171874999 0.8615934749999999 0.5303202640625 0.8560007187500001 0.5294955015625 0.851650803125 0.5294955015625 0.8522442515625 0.5565303796875 0.8768181937499999 0.5573313125 0.8763521265625001 0.547021753125 0.8723129187499999 0.5381555328125 0.86889511875 0.5338255171874999
5 0.907733675 0.5509393890625 0.907733675 0.5418669734375 0.907733675 0.533000753125 0.8984879546875 0.5330861312499999 0.8988784890625 0.5433103125 0.8988784890625 0.55073319375 0.907733675 0.5509393890625
0 0.864700559375 0.5060006953125 0.8505633218750001 0.49919638749999995 0.8463687625 0.49816543125 0.8423348859375 0.4995943484375 0.8502526171874999 0.5235269515625001 0.8592631609374999 0.5177535921875001 0.8622148875000001 0.512598815625 0.864700559375 0.5060006953125
5 0.907733675 0.516928828125 0.9075783234375001 0.5016706796875 0.9078890390625001 0.48435061875 0.8982936531249999 0.48413660312499995 0.8984124203125001 0.5012582984375 0.8982570703125001 0.516928828125 0.907733675 0.516928828125
3 0.90723073125 0.46398700000000004 0.9073587265624999 0.4111713390625 0.90723073125 0.36311241875 0.8794387968749999 0.3627726515625 0.8254418578125 0.3625890765625 0.825418109375 0.403365753125 0.8252901125 0.46364723124999996 0.90723073125 0.46398700000000004
0 0.8355299765625 0.4040452890625 0.8402659078125 0.40217656718750006 0.8442338640625 0.398609015625 0.8479458062499999 0.3931727421875 0.8516577578125 0.383489384375 0.8519137609375 0.37380602343749997 0.825438240625 0.374051321875 0.825418109375 0.40506458749999996 0.8304100453125001 0.40506458749999996 0.8355299765625 0.4040452890625
5 0.90744414375 0.45079403906250004 0.907316146875 0.43499487343750004 0.90744414375 0.417326990625 0.8981214671875 0.41735314375000004 0.898612259375 0.432616509375 0.898612259375 0.4504542765625 0.90744414375 0.45079403906250004
3 0.8684713875 0.3700218 0.9070868515624999 0.3700218 0.90718411875 0.3120776640625 0.90718411875 0.263297290625 0.8927215796875 0.2634263921875 0.876380521875 0.233604865625 0.8278245515625 0.233346671875 0.8109971609375 0.2635466390625 0.7957575859375 0.2636014703125 0.795552184375 0.30665557187500003 0.795746721875 0.36937631249999997 0.8684713875 0.3700218
5 0.883474521875 0.268456471875 0.8908669015624999 0.2599360359375 0.8766657500000001 0.23372924374999998 0.8277398578125 0.23360014687500003 0.8121014421874999 0.2605367125 0.8199664953125 0.268585571875 0.8327086328125001 0.2467680921875 0.8705459484375 0.246509896875 0.883474521875 0.268456471875
0 0.8155659453125 0.3425762375 0.8115464671874999 0.340474659375 0.804969146875 0.33982802031250003 0.8049835390625001 0.3690737046875 0.8242138999999999 0.3694117765625 0.8234830875 0.3548623875 0.8195854125 0.346941053125 0.8155659453125 0.3425762375
3 0.640232303125 0.70697336875 0.6235837015625 0.7073186265625 0.623323565625 0.7521746671875 0.6231935 0.8189593000000001 0.6196816859375 0.8193045609375 0.6196816859375 0.8523501515625 0.6293066578125 0.8521775203124999 0.62917659375 0.863053171875 0.65618936875 0.8955074968750001 0.70808616875 0.8958619593750001 0.73435974375 0.8627171125 0.73435974375 0.852186721875 0.7441147828125 0.852186721875 0.7439847171875 0.7080963796875 0.7437245765625 0.62268163125 0.7438546421875001 0.5555563984375 0.72083275625 0.55538376875 0.7203124859375001 0.5493417390625 0.7190118140624999 0.542781821875 0.7162804046875 0.5370850515625001 0.7121182593750001 0.5317335390625 0.70821624375 0.5284535828125 0.7035338171875 0.5267272875 0.6976807953125 0.5268999171875001 0.6978108703125 0.55538376875 0.6871453562500001 0.5552111390625 0.6871453562500001 0.5605626515625 0.6508944171875 0.5599866796875 0.6506376781250001 0.5666808718749999 0.6411427703125 0.5934384296874999 0.640232303125 0.70697336875
0 0.6680666703125 0.5889500640625001 0.6657254671875 0.5803185937500001 0.6614332468749999 0.5741039375 0.6555802234375 0.568579796875 0.6508951 0.56559474375 0.641663040625 0.5948194625000001 0.664945065625 0.609838221875 0.6680666703125 0.600170978125 0.6680666703125 0.5889500640625001
0 0.6423133765625 0.7292241578125 0.6368505484375 0.7243905359375 0.632298196875 0.7237000171875 0.623713765625 0.7230095000000001 0.6232403843750001 0.7543276390625 0.6499873421875 0.754255421875 0.6499873421875 0.745969209375 0.6467356625 0.7352661859375 0.6423133765625 0.7292241578125
5 0.7279980109374999 0.8707434624999999 0.7213645875 0.8610762187500001 0.7041957140624999 0.881273853125 0.6602330109375 0.8814464859375001 0.6430867109375 0.8608808390625 0.6358100171875 0.8703982015625 0.6558403640625 0.89508420625 0.7087777 0.8952568390625 0.7279980109374999 0.8707434624999999
0 0.7161619 0.536661759375 0.7130402859375 0.5321733937500001 0.7093984015625 0.5294113234375 0.7041957140624999 0.5269945125 0.6976923546875 0.5268218828125 0.69710925625 0.5653790484375001 0.7208443156250001 0.5661813875 0.7204541109375 0.55081736875 0.719023375 0.5430490484375 0.7161619 0.536661759375
0 0.6062099328125 0.7936907640624999 0.600468875 0.78988090625 0.591713765625 0.788928440625 0.591515634375 0.8300047359375 0.6161132578124999 0.8296939343749999 0.61467799375 0.8074062578125 0.6103722015625 0.7984530890625 0.6062099328125 0.7936907640624999
3 0.6480765468749999 0.56617596875 0.695572078125 0.5668451578125 0.695672915625 0.5482488359375 0.6957737546875 0.4968765109375 0.6957737546875 0.4451026734375 0.618518321875 0.445857815625 0.6186980421875 0.5122607265625 0.6183955203125 0.56617596875 0.6480765468749999 0.56617596875
5 0.6958993953125 0.5161551281250001 0.695735871875 0.5010767781250001 0.6958176328125 0.48610115781249996 0.687011696875 0.48598481875 0.686987190625 0.5007454359375 0.686987190625 0.51626365 0.6958993953125 0.5161551281250001
5 0.6957794390625 0.419135328125 0.695897040625 0.4132045171875 0.6957794390625 0.4044643703125 0.686571275 0.4046834078125 0.6866071453125 0.41226807499999996 0.6864895546875001 0.419135328125 0.6957794390625 0.419135328125
3 0.62307968125 0.39474238125 0.6234393093749999 0.38996931875 0.6956040796875 0.3901284234375 0.69608358125 0.3428920734375 0.6958438250000001 0.26861685625 0.6780619796875 0.26893506093749997 0.6593628203125 0.23682188593750003 0.649892690625 0.237140090625 0.649892690625 0.2333216390625 0.648933696875 0.2272757625 0.64725544375 0.22202539531249998 0.6424604421875 0.21534310781250002 0.636466690625 0.21025184375 0.6315518171875001 0.20834261875 0.6269965625 0.20834261875 0.6272363171875 0.2363361 0.6178860625 0.236176996875 0.5997849296875 0.2689520203125 0.581448840625 0.2690063671875 0.5813252234374999 0.3260357359375 0.5814450953125 0.39426507499999996 0.62307968125 0.39474238125
5 0.60937598125 0.27451211249999996 0.614650484375 0.2652841921875 0.6220827328125 0.2512832125 0.6135761453125 0.2431633078125 0.60757785625 0.2533515375 0.6006251 0.265602396875 0.60937598125 0.27451211249999996
5 0.6764876234375 0.266441328125 0.6697746234374999 0.254349571875 0.664208821875 0.2433621015625 0.6562287421875 0.2514857359375 0.6619827468749999 0.26310018749999997 0.6682162453125 0.27439643125 0.6764876234375 0.266441328125
0 0.6600647484375 0.35532849375 0.655269746875 0.35882874062500003 0.65179336875 0.364238209375 0.6485567375 0.3718751109375 0.6471182421874999 0.3826940515625 0.6473579875000001 0.39001274375 0.6709555593750001 0.3892759890625 0.6708535 0.3538965765625 0.6659386171875 0.35357837187499996 0.6600647484375 0.35532849375
0 0.6074408640625 0.36360281875 0.6000086062500001 0.359784371875 0.5935353546875 0.359466165625 0.592693403125 0.39364943124999996 0.6166712375000001 0.39399131249999997 0.6166712375000001 0.38158135312499997 0.6140339906250001 0.37171702500000003 0.6074408640625 0.36360281875