5 0.361847803125 0.1816215765625 0.36288929531249997 0.1735334609375 0.33997643125 0.1735334609375 0.3188194484375 0.1735886359375 0.31984088437499997 0.1811722359375 0.34067076093750004 0.1816215765625 0.361847803125 0.1816215765625
5 0.517724715625 0.12771581406250002 0.517724715625 0.1196277 0.45245776718749997 0.1196277 0.4184722265625 0.119651203125 0.4191299640625 0.126817134375 0.45349926093750004 0.12771581406250002 0.517724715625 0.12771581406250002
5 0.5104342578125001 0.25266225468750003 0.510781421875 0.24592215781250001 0.480925265625 0.24547281875000002 0.46152778124999994 0.2459546921875 0.461484046875 0.253560934375 0.480925265625 0.253560934375 0.5104342578125001 0.25266225468750003
5 0.3923982890625 0.430675784375 0.3923982890625 0.3942792703125 0.3858333375 0.39428263124999996 0.386496490625 0.427979746875 0.3861493265625 0.47336305625 0.391703959375 0.4724643765625 0.3923982890625 0.430675784375
5 0.3923982890625 0.738982825 0.3923982890625 0.7138198015625 0.3858333375 0.7147608765625 0.3858021609375 0.7412295234374999 0.38510783125 0.7704366046875 0.3923982890625 0.7704366046875 0.3923982890625 0.738982825
5 0.3333803046875 0.8257203890625 0.34067076093750004 0.8207776515624999 0.3503913703125 0.8117908578125 0.34657255937500003 0.803253403125 0.3365047859375 0.8122401968749999 0.32747850624999997 0.817182934375 0.31984088437499997 0.818530953125 0.3083844515625 0.817182934375 0.3017883234375 0.8117908578125 0.2910262203125 0.8028040640624999 0.2889583375 0.81049981875 0.3000525015625 0.82167633125 0.310120275 0.8261697281249999 0.320882378125 0.828865765625 0.3333803046875 0.8257203890625
5 0.173292828125 0.8117782171875 0.23508812968749998 0.8122275562500001 0.2354352953125 0.802342084375 0.1760701453125 0.8032407625 0.1253841109375 0.8032407625 0.08201389375 0.8037576390625001 0.08233569843750001 0.8117782171875 0.121912465625 0.8113288781250001 0.173292828125 0.8117782171875
0 0.22052282812500001 0.3277160140625 0.234062246875 0.3501829984375 0.2382282234375 0.3501829984375 0.23826389374999998 0.31787126718750003 0.23128493125 0.3200772390625 0.22573029687499999 0.321874596875 0.22052282812500001 0.3277160140625
0 0.22017566406250003 0.5056995390625 0.2330207546875 0.5286158640624999 0.2382282234375 0.5281665249999999 0.23791667031250002 0.49586479531250005 0.23336791875000001 0.497611425 0.22677179062500002 0.4998581234375 0.22017566406250003 0.5056995390625
0 0.2660013921875 0.46121490937500004 0.2483333375 0.4841783515625 0.2725975203125 0.4850299140625 0.27294468437499997 0.4796378375 0.2715560265625 0.4719990625 0.2660013921875 0.46121490937500004
0 0.26009959375 0.6288486203125 0.2781521546875 0.6108750328125 0.2781521546875 0.607280315625 0.2535416703125 0.6073354890625 0.25385063125 0.6144697515625 0.2562807828125 0.6198618265625 0.26009959375 0.6288486203125
0 0.2208699921875 0.585712009375 0.22885477812500002 0.5973948421874999 0.2347565765625 0.6077296546875 0.2382282234375 0.6077296546875 0.23826389374999998 0.5781193796874999 0.23232642499999998 0.578522575 0.2264246265625 0.5803199328125 0.2208699921875 0.585712009375
0 0.403844928125 0.201870615625 0.399678953125 0.1982758984375 0.3944714828125 0.1960292 0.3872222265625 0.192916215625 0.386486696875 0.2256856203125 0.3909998359375 0.226134959375 0.3955129765625 0.21580014687500002 0.403844928125 0.201870615625
0 0.4288407796875 0.26927157031250004 0.432659590625 0.26118345625 0.43335392031250003 0.2557913796875 0.434742578125 0.247253925 0.4087500046875 0.24640416874999999 0.40939956093749996 0.25174732187500004 0.41738434687500003 0.258038078125 0.4288407796875 0.26927157031250004
0 0.42571629843750003 0.337601209375 0.40835806718749995 0.355574796875 0.4063194484375 0.3610212140625 0.431618096875 0.36006819375 0.431618096875 0.35422677812500003 0.4302294390625 0.3456893234375 0.42571629843750003 0.337601209375
0 0.37260011249999997 0.5596500296875 0.38718102656250003 0.5812183359375 0.3913470015625 0.5816676734375 0.39104167031250003 0.549802228125 0.384403709375 0.5520112546875 0.37989056875 0.5529099343749999 0.37260011249999997 0.5596500296875
3 0.2344285953125 0.3186989375 0.21984768125 0.3267870515625 0.2344285953125 0.350152715625 0.2344285953125 0.3762294203125 0.2774770078125 0.377577440625 0.3493400828125 0.3780267796875 0.3913470015625 0.3780267796875 0.3913470015625 0.3537624359375 0.3909998359375 0.35286375625 0.3903055078125 0.321484184375 0.3913470015625 0.224426809375 0.4052335859375 0.201959825 0.3913470015625 0.1934223703125 0.3913470015625 0.1741007640625 0.23340278125 0.1735886359375 0.2330399359375 0.2665755328125 0.23338710156250003 0.302522709375 0.2344285953125 0.30836412343749997 0.2344285953125 0.3186989375
3 0.2344285953125 0.7093262671875 0.2344285953125 0.8117757171875001 0.289974934375 0.8117757171875001 0.2969182265625 0.8212118500000001 0.3062916703125 0.825705246875 0.3191367609375 0.828850625 0.33163468749999997 0.8270532671874999 0.3427439546875 0.8203131718750001 0.3514230703125 0.811326378125 0.39138889374999997 0.8109492984375001 0.39169416562500003 0.703934190625 0.3913470015625 0.606876815625 0.2344285953125 0.60777549375 0.2344285953125 0.7093262671875
3 0.081203975 0.540668896875 0.13952763125 0.5395337234375 0.23819546875 0.5395337234375 0.23819546875 0.299974115625 0.14917515312500002 0.3011092890625 0.132949775 0.28294650625 0.11891701562500001 0.28294650625 0.1044457328125 0.3011092890625 0.053596496874999996 0.3005971828125 0.05313845625 0.38399593906249996 0.05357698125 0.5190816421875 0.081203975 0.5190816421875 0.081203975 0.540668896875
3 0.2377569453125 0.571824859375 0.08646625937499999 0.5729600328125 0.08646625937499999 0.568986925 0.081203975 0.5695545109375 0.05313845625 0.5701220984375001 0.05313845625 0.691037075 0.052719303125000005 0.8103105640624999 0.23731842187500002 0.811346565625 0.23731842187500002 0.6109883609375 0.2377569453125 0.571824859375
3 0.796562190625 0.12817529375 0.7962150265625 0.119637840625 0.7267821031249999 0.1191885 0.6795833375 0.119201725 0.679567715625 0.12727661562499998 0.7267821031249999 0.12817529375 0.796562190625 0.12817529375
0 0.6722772578125 0.3376276015625 0.6531832046875 0.355601190625 0.6514583375 0.35922329999999997 0.6781790562500001 0.3591959078125 0.6778318921875 0.3524558109375 0.6754017390625 0.3448170359375 0.6722772578125 0.3376276015625
5 0.9479391015624999 0.23738458750000002 0.9479391015624999 0.21003905625 0.9417261937499999 0.210047771875 0.9413925687500001 0.23276280625 0.9419877078125 0.2697370453125 0.9479391015624999 0.2697370453125 0.9479391015624999 0.23738458750000002
5 0.9479391015624999 0.539777446875 0.9479391015624999 0.49009331562499997 0.9479391015624999 0.44464581406250003 0.9476415328125001 0.40690127968749995 0.941428575 0.40730466718749997 0.9416901390625 0.44657155625 0.9413925687500001 0.49047846249999993 0.9419877078125 0.539777446875 0.9479391015624999 0.539777446875
5 0.7580699515625 0.630709953125 0.80657380625 0.6303248046875 0.80657380625 0.6226218390625 0.7592602296875001 0.6226218390625 0.7170053359375 0.6226218390625 0.6783212796875 0.6226218390625 0.67891641875 0.6303248046875 0.7155174875 0.6310951015625 0.7580699515625 0.630709953125
0 0.8241304171875001 0.3121022875 0.8172863156249999 0.3240418859375 0.8238328484374999 0.3282785171875 0.8300818109374999 0.33058940625 0.8354380656249999 0.3302042578125 0.8351785749999999 0.3002003375 0.8327599390625 0.3005478375 0.8291891015624999 0.30478446875 0.8241304171875001 0.3121022875
0 0.6765358609375001 0.40378044375 0.677726140625 0.3972329234375 0.678023709375 0.390685403125 0.653928575 0.3903529046875 0.6542181359375 0.3956923296875 0.672072315625 0.41302400468749995 0.6765358609375001 0.40378044375
0 0.8178814546875 0.4346180265625 0.819369303125 0.4376992140625 0.825320696875 0.4411655484375 0.8300818109374999 0.44232099375 0.8351404953125 0.44232099375 0.8351785749999999 0.41231314531249996 0.8321647984375 0.41343487031250004 0.8259158359375001 0.4219081328125 0.8178814546875 0.4346180265625
0 0.8491262703125001 0.1672479453125 0.8422821671875 0.15415290312500002 0.8348429265625 0.1445241953125 0.8319047656249999 0.1449375859375 0.8315696593749999 0.1753360609375 0.8378186218750001 0.17495091093749998 0.8446627250000001 0.172640021875 0.8491262703125001 0.1672479453125
3 0.6804042671875 0.6303248046875 0.742596328125 0.6310951015625 0.8068713765625001 0.6303248046875 0.8360332046875 0.62993965625 0.8354380656249999 0.6033644234375 0.8315696593749999 0.6033644234375 0.8220474296875 0.5887287875 0.8232377078124999 0.585262453125 0.8291891015624999 0.5821812671875 0.8351404953125 0.580255525 0.8351404953125 0.39303486875 0.756582103125 0.3918794234375 0.6357738140625 0.390738171875 0.635768815625 0.44193584531249996 0.6360663859375 0.529775378125 0.636661525 0.6295545078125 0.6804042671875 0.6303248046875
3 0.8354380656249999 0.35984781875 0.8351404953125 0.174180615625 0.8321647984375 0.1737954671875 0.8318672296875 0.120645 0.6360714328125 0.11989520625000001 0.6363639562500001 0.359077521875 0.785148790625 0.359077521875 0.8354380656249999 0.35984781875
1 0.1499348140625 0.31086019375 0.1499348140625 0.2998143984375 0.1328690625 0.2777228125 0.11458432968750001 0.278511796875 0.09812806874999999 0.3013923703125 0.097518578125 0.3013923703125 0.09812806874999999 0.31086019375 0.1499348140625 0.31086019375