5 0.28938013749999997 0.0917271203125 0.26216396406250003 0.060686384375 0.24383470312500002 0.068010603125 0.255498778125 0.0816127234375 0.2699400125 0.0990513390625 0.28938013749999997 0.0917271203125
5 0.11053099375 0.0798688625 0.120528771875 0.06766183125 0.10108864687500001 0.058942521875 0.0738724734375 0.0896344875 0.09442346093750001 0.09835379375 0.11053099375 0.0798688625
0 0.26160853125 0.5262974328125 0.2760497671875 0.52734375 0.27660519843750003 0.48932756718750003 0.22439457968749998 0.487932478125 0.22439457968749998 0.5015345984375 0.2327260609375 0.5123465406250001 0.2449455671875 0.5210658484375 0.26160853125 0.5262974328125
5 0.1849588984375 0.49421037968750003 0.1788491453125 0.483747209375 0.133303709375 0.48444475468750003 0.08720284375000001 0.483747209375 0.0866474109375 0.5064174109375 0.124972228125 0.5067661828125 0.1849588984375 0.5071149562499999 0.1849588984375 0.49421037968750003
5 0.1838480328125 0.46979631718750003 0.1732948234375 0.45270647343750003 0.1571872921875 0.45584542499999997 0.176627415625 0.488630021875 0.1916240828125 0.48409598125000003 0.1838480328125 0.46979631718750003
0 0.106472065625 0.3132512015625 0.0927144390625 0.316256009375 0.075966025 0.323392428125 0.0651991859375 0.3327824515625 0.0556286640625 0.345552884375 0.056226821875 0.357572115625 0.122024165625 0.3571965140625 0.12142600781249999 0.3132512015625 0.106472065625 0.3132512015625
0 0.193204928125 0.3936298078125 0.2075607125 0.3853665859375 0.21772939375 0.37334735625 0.21892570937500003 0.3605769234375 0.15253020625 0.3605769234375 0.15432467968750002 0.3996394234375 0.17645651406250001 0.39813701875 0.193204928125 0.3936298078125
0 0.2039717671875 0.7230318515625 0.197990190625 0.7136418265625 0.1884196671875 0.704627403125 0.17286756718750002 0.69598858125 0.156119153125 0.69110576875 0.1381744234375 0.69073016875 0.1393707375 0.732421875 0.20516808281249999 0.730919471875 0.2039717671875 0.7230318515625
0 0.10587390781249999 0.7962740390625 0.0951070703125 0.7868840140625 0.07835865625 0.780123196875 0.052637875 0.77862079375 0.052637875 0.8210637015625 0.11484627343750001 0.8210637015625 0.1130518 0.8086688703125 0.10587390781249999 0.7962740390625
5 0.23148702031249999 0.8954326921875 0.1961957171875 0.86200420625 0.17825098749999999 0.8721454328125 0.1949994015625 0.8856670671875 0.2153367625 0.9044471156249999 0.23148702031249999 0.8954326921875
5 0.3559038171875 0.8943058890625 0.2972843640625 0.8939302890624999 0.23627228125 0.8935546875 0.2368704390625 0.9089543265625 0.35710013125 0.9089543265625 0.3559038171875 0.8943058890625
5 0.40674721875 0.8819110578125 0.4193085296875 0.869140625 0.40256011562499994 0.8601262015625 0.366072496875 0.8946814906249999 0.38401722656250004 0.9029447109375001 0.40674721875 0.8819110578125
5 0.4545998328125 0.48527644218750005 0.3666706546875 0.48527644218750005 0.3666706546875 0.50030048125 0.410934321875 0.50067608125 0.455197990625 0.49992487968750005 0.4545998328125 0.48527644218750005
5 0.368465128125 0.47663762031249995 0.36786697031250004 0.46724759687499995 0.3439406625 0.46724759687499995 0.3445388203125 0.489408053125 0.368465128125 0.4886568515625 0.368465128125 0.47663762031249995
0 0.379231965625 0.4646183890625 0.394784065625 0.45710637031249995 0.40435458750000003 0.445462740625 0.40614906093750003 0.4338191109375 0.3433425046875 0.4338191109375 0.3457351359375 0.4679987984375 0.368465128125 0.4679987984375 0.379231965625 0.4646183890625
3 0.1800454609375 0.65204326875 0.15312836406250002 0.65655048125 0.140567053125 0.667818509375 0.1387725796875 0.684720553125 0.1399688953125 0.7684795671875 0.1399688953125 0.86651141875 0.17585835625 0.86688701875 0.22131833906249998 0.9089543265625 0.379231965625 0.908203125 0.42349563437500004 0.865760215625 0.47194640468750004 0.865760215625 0.4725445625 0.7808743984375 0.47194640468750004 0.7147686296875 0.471348246875 0.65204326875 0.3068548875 0.652794471875 0.1800454609375 0.65204326875
3 0.18379753906250001 0.5406605109375 0.18096988593750002 0.5553089484375 0.18238371250000002 0.6605113640625 0.2976106328125 0.6613991484375 0.47151138125000003 0.6605113640625 0.47221829531250004 0.5770596593749999 0.4708044671875 0.48561789843750003 0.34497384375 0.48783735781250004 0.2764032234375 0.48828125 0.19369433125 0.48961292656250005 0.180262971875 0.49582741406249997 0.1816768 0.5087002843749999 0.15834865 0.5246803984375 0.18379753906250001 0.5406605109375
0 0.6416237921875 0.28445513437500003 0.6623599375 0.2854567328125 0.6631574687499999 0.241887021875 0.596163809375 0.2423878265625 0.6009490703125 0.2589142703125 0.6113171625 0.27043269531249997 0.6240778453125 0.2799479234375 0.6416237921875 0.28445513437500003
5 0.65378635625 0.0769982 0.6314551125000001 0.0975310484375 0.6513937249999999 0.10704627656250001 0.6904733484375 0.0684845828125 0.674522465625 0.0579677546875 0.65378635625 0.0769982
5 0.7973441984375 0.054962946874999995 0.6856880875 0.054962946874999995 0.6856880875 0.070988584375 0.7287554390625 0.0699869859375 0.7981417296875 0.0699869859375 0.7973441984375 0.054962946874999995
5 0.856362396875 0.10003506250000001 0.811500571875 0.060722154687499995 0.7925589375000001 0.070988584375 0.8109024140625 0.088516625 0.83642385625 0.1115535 0.856362396875 0.10003506250000001
3 0 0.3572860625 0.36643895 0.3578840953125 0.36548699687499997 0.098719465625 0.2969453921875 0.10051358437499999 0.25791475468749997 0.0556604890625 0.2398273640625 0.0556604890625 0.23697143281250002 0.025160392187500002 0.2160281859375 0.0281505984375 0.193180959375 0.037719249999999996 0.1798534046875 0.05506245625 0.1750935703125 0.0436996625 0.16652585 0.03592513125 0.1503424390625 0.0281505984375 0.1236873296875 0.0263564796875 0.1227353765625 0.0559079671875 0.10560001249999999 0.055309925 0.0694252328125 0.09956497656249999 0 0.09954496874999999 0 0.3572860625
3 0.60136141875 0.262130321875 0.6115241671875 0.27094142187500003 0.62362266875 0.27944870312500003 0.6487875453124999 0.286132984375 0.6628217984375 0.286132984375 0.6637896734375001 0.25149622968749996 0.916406321875 0.2521039 0.916406321875 0.0995806609375 0.858817446875 0.0995806609375 0.8060679859375 0.055221310937500004 0.6778239265625 0.05461365 0.6303978328125 0.09988449687499999 0.5618239609375 0.0998465109375 0.5621623234375 0.25149622968749996 0.60039354375 0.25149622968749996 0.60136141875 0.262130321875
0 0.7094959546874999 0.3729231625 0.7298022484375 0.3648238921875 0.7374469765625 0.35657462500000003 0.7431805140625001 0.3453256140625 0.7431805140625001 0.3366263828125 0.677464 0.33647639687500003 0.6777225671875 0.376372859375 0.69396759375 0.375772915625 0.7094959546874999 0.3729231625
3 0.7756705984375001 0.24283718125 0.67843925 0.2429871671875 0.6782003609375 0.33737631874999996 0.67827015 0.38929046093749997 0.91617970625 0.3885217921875 0.9161423937500001 0.2425372109375 0.7756705984375001 0.24283718125
5 0.906332175 0.28236802499999997 0.89558178125 0.282667996875 0.8958206859375 0.32237764687500003 0.896298496875 0.34397573124999997 0.917154065625 0.343732003125 0.917560378125 0.32151455156250003 0.9168436953124999 0.282518009375 0.906332175 0.28236802499999997
5 0.9069798546875001 0.46696586093750003 0.9165994 0.4667365140625 0.9165994 0.4419290109375 0.9168429328125001 0.405482246875 0.905640425 0.405558696875 0.896177690625 0.4056064734375 0.895777346875 0.44166144375 0.8962644109375001 0.4667365140625 0.9069798546875001 0.46696586093750003
0 0.7370963328125 0.4955288875 0.747446475 0.4917829171875 0.7567007171875 0.4849025625 0.7633978734375 0.47924538281249995 0.7682685265625 0.4706067140625 0.768390296875 0.46150935625 0.7034678328124999 0.46159536093750003 0.704584709375 0.4981281375 0.7235802609374999 0.49766944375 0.7370963328125 0.4955288875
5 0.9778069265625 0.49469584843750003 0.9630827249999999 0.494568340625 0.9349544296875001 0.494377078125 0.91378085 0.4943212953125 0.9134266390624999 0.5075740734374999 0.948053890625 0.5078290812499999 0.9777053765625 0.50776533125 0.9778069265625 0.49469584843750003
0 0.6817607031249999 0.7048309578125 0.6934117375 0.7067631796875 0.7077007484375 0.7056590515625001 0.7074809109375 0.6645302562500001 0.646587734375 0.6643922390625 0.6463909875 0.664720028125 0.6463679109375 0.6777798015625 0.6501050296875001 0.6895111671875 0.660437084375 0.6972400734375 0.6817607031249999 0.7048309578125
0 0.7576023890625 0.642326915625 0.7692534078125 0.629491425 0.7707922265625 0.6156898156249999 0.7040048718749999 0.6161211093750001 0.70484295 0.6544723421875001 0.7233087390625 0.653782259375 0.7439728453125001 0.6493657421875 0.7576023890625 0.642326915625
5 0.6792490828125 0.8517835937499999 0.6179162453125 0.8521976499999999 0.5937224984375 0.8527497078125 0.59329518125 0.8664133015625 0.6361622125 0.8662752859375 0.6785896 0.8661372796875 0.6792490828125 0.8517835937499999
5 0.7298102203125 0.89870906875 0.740362096875 0.8965008187500001 0.7223359515625 0.8632389343750001 0.7120039140625 0.865033140625 0.70145200625 0.86820751875 0.7084866015625 0.8814570609375 0.7192583156250001 0.901055346875 0.7298102203125 0.89870906875
5 0.918456428125 0.9015211515624999 0.9265901515625 0.8877195375 0.9360428984375 0.8701914937499999 0.915420634375 0.8639290109375001 0.9087838421875001 0.876264203125 0.8986716421875001 0.8948963859375001 0.918456428125 0.9015211515624999
5 0.8894387328125 0.8950343875 0.8061227921875 0.8948963859375001 0.7445571359375001 0.894672096875 0.7439106203125 0.9084219499999999 0.811838390625 0.9084219499999999 0.8892188937500001 0.9082839390625 0.8894387328125 0.8950343875
3 0.9135117234375001 0.9075189953124999 0.9383361859375 0.8665223859375001 0.9950007062499999 0.8661835734375 0.994461028125 0.6650938203125001 0.5627764421875 0.663653859375 0.5616522374999999 0.8652487890625 0.6992659875 0.8649099640625 0.72516980625 0.90887425 0.9135117234375001 0.9075189953124999
3 0.995009690625 0.4951040171875 0.896902765625 0.4934528453125 0.896902765625 0.49906683125000006 0.7055574828125 0.499231946875 0.7037851859375001 0.673213909375 0.995009690625 0.672718559375 0.995009690625 0.4951040171875
1 0.24179480781249998 0.065973809375 0.24179480781249998 0.02169001875 0.115140384375 0.0225937703125 0.11657963906249999 0.0668775609375 0.146803990625 0.06778131093749999 0.1755890859375 0.06778131093749999 0.24179480781249998 0.065973809375