3 0.9027973171875001 0.6786047296875 0.9016273046875 0.6786047296875 0.898451559375 0.6790760484375 0.8947743765625 0.68190396875 0.891598625 0.6866171671875 0.8895928953125001 0.6927443281250001 0.8879214484375 0.7000497875 0.887085725 0.7106544859375 0.8870021484375 0.7214948390625 0.8585875625 0.7212591828125 0.8587547046875 0.82609018125 0.97065585625 0.8263258375 0.9705722796874999 0.7024063859375 0.97065585625 0.6107723421875 0.941643909375 0.61100800625 0.9036288453125 0.61074681875 0.90396733125 0.7212591828125 0.9026301765625 0.7212591828125 0.9027973171875001 0.6786047296875
0 0.8951922375000001 0.6800312515625 0.8923507781250001 0.6845087859375 0.8896764656249999 0.69087160625 0.88800501875 0.7010049828125 0.8869185765625 0.7163228796875 0.8869185765625 0.72834154375 0.9034518453124999 0.72734875625 0.9030480375 0.6779103078125 0.8989529921875 0.6779103078125 0.8951922375000001 0.6800312515625
0 0.9168057984375 0.6607322546875001 0.921235134375 0.65366245625 0.9239094453125001 0.6449430359375 0.9256644625 0.6338670171875 0.926667334375 0.6199630843749999 0.9269180484374999 0.6105366859375 0.9084689859375 0.6098634703125 0.9089499984374999 0.6645028109375 0.9126271828125001 0.6645028109375 0.9168057984375 0.6607322546875001
5 0.903935659375 0.82937685625 0.9040192375 0.80180464375 0.8937398390625001 0.80180464375 0.8845355734375 0.8018444406249999 0.8849647453125 0.82937685625 0.892569825 0.8291411999999999 0.903935659375 0.82937685625
5 0.946766740625 0.8291477296875 0.9470174609375 0.7996902359375 0.9362366296875001 0.7994545750000001 0.927251215625 0.799194396875 0.9277122546875001 0.8296190515624999 0.936403771875 0.8293833859375 0.946766740625 0.8291477296875
3 0.8852335015625 0.3970411984375 0.8852335015625 0.40731853281249997 0.8860910640625 0.4191072453125 0.8893745703124999 0.432105053125 0.8932336265625 0.4402664578125 0.8978430515625 0.4448005765625 0.9026668671875001 0.445405128125 0.9024524749999999 0.3973434734375 0.9041676125 0.3973434734375 0.9037388265624999 0.466866628125 0.9707362828124999 0.46807571875000004 0.9711650593750001 0.38466405625 0.9707362828124999 0.2199888578125 0.9469387828125001 0.2196865890625 0.9469387828125001 0.21696611250000003 0.9205328906249999 0.21696611250000003 0.9205328906249999 0.22119796093750002 0.8587436625 0.2187534671875 0.8588079359374999 0.3051819546875 0.8588079359374999 0.3973434734375 0.8852335015625 0.3970411984375
5 0.868241171875 0.48863038750000004 0.868241171875 0.469284821875 0.8681339781249999 0.44238238281250003 0.8576999828125 0.4423412671875 0.8574143859375001 0.457193840625 0.8574143859375001 0.48863038750000004 0.868241171875 0.48863038750000004
0 0.8865716828125001 0.42273453437499997 0.8910739078125 0.43754599375 0.8980416421875 0.44570740937500003 0.902865459375 0.44631194843750005 0.9025438671874999 0.390088884375 0.884245796875 0.3894657734375 0.8850709374999999 0.4055048890625 0.8852853250000001 0.413968575 0.8865716828125001 0.42273453437499997
0 0.9217805265625 0.4281268015625 0.9179518984374999 0.4198574671875 0.9131457515625 0.415263390625 0.9078508453125 0.414114871875 0.9079927890624999 0.467018359375 0.926342290625 0.467176453125 0.9260979078125 0.45431304062500005 0.9243872468750001 0.438463475 0.9217805265625 0.4281268015625
5 0.9471193687499999 0.24351949374999998 0.9471593328125 0.21654688125 0.9347648265625 0.21654688125 0.920626240625 0.216479975 0.9206238750000001 0.24351949374999998 0.9327938390625 0.24377275312500002 0.9471193687499999 0.24351949374999998
3 0.6960985671875 0.7640949765625 0.6960985671875 0.8256958953125 0.76160970625 0.8252471671875 0.76160970625 0.8283882421875 0.787693234375 0.8286873921875 0.787799325 0.8258454671875001 0.8079559953125001 0.8255463171875 0.8079559953125001 0.7599068828125 0.8079559953125001 0.6863479484375 0.8080090390624999 0.6093487953125 0.750738675 0.6094983671875001 0.7209854421874999 0.6096479453125 0.69613865625 0.6094818484375 0.696151609375 0.6488206046875 0.6960985671875 0.686497521875 0.6960985671875 0.7640949765625
0 0.7337675515625001 0.65347516875 0.73474356875 0.650612878125 0.73610999375 0.6446681125 0.7375154578124999 0.63696780625 0.7386476375 0.6281607499999999 0.7390770843750001 0.6208949296874999 0.7392332484375 0.6092255796875 0.7196874984375 0.6091059140625 0.7195177 0.61615526875 0.72615461875 0.6321180609375 0.7337675515625001 0.65347516875
0 0.7509836671875 0.630812834375 0.7530491828125 0.6435941734374999 0.7558605796875 0.65297795 0.760393240625 0.6623617187499999 0.7646963999999999 0.666730028125 0.7695159375 0.6673771796875 0.7694585593750001 0.6096184546875001 0.75004335 0.6093211625 0.7502377859375 0.6168989625 0.7505246640625 0.62304695625 0.7509836671875 0.630812834375
5 0.7876472765625 0.8289597265624999 0.7878214859375 0.8004679843750001 0.7768463921875 0.8003042421875 0.761582815625 0.7998019015625 0.7616322390625 0.8287959828125 0.7708071859375 0.8286322390624999 0.7876472765625 0.8289597265624999
0 0.72701380625 0.5434528578125 0.7300176781250001 0.5539678484375 0.7337466187499999 0.564190759375 0.7398579437499999 0.5726611765625 0.7472122453125001 0.574413671875 0.7472675265625 0.518299571875 0.7255636671875 0.5189178671875 0.725667246875 0.532645778125 0.72701380625 0.5434528578125
5 0.7047970859375 0.6005363453125 0.7047970859375 0.5800124859375 0.7047970859375 0.5626461453125 0.695039434375 0.5626750203124999 0.69490593125 0.5793108203124999 0.695030346875 0.6010625968750001 0.7047970859375 0.6005363453125
3 0.696172425 0.407269028125 0.6962387515625 0.46746983750000004 0.7092163640625 0.46765685625 0.7680704328125 0.46765685625 0.8077981578125 0.4680309 0.8077981578125 0.321840328125 0.8079308125000001 0.2197667640625 0.79360495 0.2201408078125 0.7934723 0.2162133671875 0.7481037015625 0.2164003875 0.7481037015625 0.2195797453125 0.725615803125 0.2197667640625 0.725615803125 0.21677443125 0.710825678125 0.21677443125 0.710693034375 0.21995378593749998 0.69622091875 0.2197026453125 0.696172425 0.248361034375 0.6961061015625 0.33005928125 0.696172425 0.407269028125
5 0.7260179640625 0.2439024328125 0.72588531875 0.21641036093750002 0.71799283125 0.2162233359375 0.710714725 0.2161974984375 0.711028871875 0.243341371875 0.7166663625 0.24371541562500001 0.7260179640625 0.2439024328125
0 0.7581899859375001 0.41528198125 0.755251775 0.42246254531250005 0.7520197390625001 0.43130016250000003 0.7505506328125 0.44234718281249996 0.74976710625 0.45035627656250005 0.7493753515625 0.45864154062500007 0.7488295765624999 0.4666065796875 0.7692572453125 0.4669268046875 0.76886548125 0.40920612343749996 0.7628911203125 0.4103108234375 0.7581899859375001 0.41528198125
3 0.5988305515625 0.82920793125 0.598622384375 0.7417442671875001 0.5982060421875001 0.7422026828125 0.5931058765625 0.7419091843750001 0.59331404375 0.6292512593749999 0.562296725 0.6289577546875 0.53115599375 0.627900271875 0.5309671453125 0.719186228125 0.5309671453125 0.8297949250000001 0.5988305515625 0.82920793125
0 0.5729133890625 0.65755075625 0.575827771875 0.6725193703125 0.5795748296875 0.6833789484375 0.5850913375 0.6910100078125 0.5932099609375 0.6933580234375001 0.5933815140625 0.637435028125 0.5721847984374999 0.6375926046875 0.5719766234375 0.6466911718749999 0.5729133890625 0.65755075625
5 0.5790544046874999 0.83358951875 0.5791584890625 0.8027717796875 0.5678132234375 0.8027717796875 0.5510733671875 0.802459628125 0.5514718859375 0.8338830171874999 0.56281715 0.83358951875 0.5790544046874999 0.83358951875
0 0.6097076390625 0.704852475 0.6066693609375 0.7112780421875 0.6030885328125 0.7256590859375 0.6005928109374999 0.7403461124999999 0.5996162203125001 0.7403461124999999 0.5998332359375 0.763600559375 0.6205074125000001 0.763552415625 0.6204501078125 0.6999567984375 0.6149161078125001 0.6999567984375 0.6097076390625 0.704852475
3 0.56207396875 0.221102296875 0.54699105625 0.221102296875 0.54699105625 0.224218815625 0.5310629796875 0.224218815625 0.53099796875 0.27167055625000003 0.5311930031250001 0.3422211890625 0.5311930031250001 0.39004935 0.530152803125 0.389866025 0.5302942484375001 0.46592616875 0.5312694359375 0.46574284062500004 0.5309852234375 0.5270557015625 0.5444203234375 0.5270557015625 0.5444203234375 0.5127548453124999 0.5907382921875 0.5127548453124999 0.5906493187499999 0.5305681984375 0.617875415625 0.5305681984375 0.6179643890625 0.46987900781249997 0.6429661375 0.46987900781249997 0.6428771578125 0.21583210468749997 0.6429661375 0.11752244375000001 0.6309546234375001 0.1170206578125 0.6309546234375001 0.114511734375 0.5803079203125 0.113508171875 0.5803079203125 0.11727155625 0.5662141640625 0.1166778640625 0.566494825 0.22495211249999997 0.56207396875 0.224218815625 0.56207396875 0.221102296875
5 0.5625121921875 0.24781635 0.5624604375 0.22096460625 0.5553185953125 0.22067273906249998 0.547083521875 0.22066657812499998 0.5468829375 0.24796228125000003 0.552782721875 0.2482541484375 0.5625121921875 0.24781635
5 0.5302736625 0.46712685 0.539950915625 0.46712685 0.539879228125 0.42711488124999997 0.5398075453125 0.3897198890625 0.5297849515624999 0.3894997390625 0.529771875 0.4232635375 0.5298435578125 0.46712685 0.5302736625 0.46712685
0 0.5993819968749999 0.4903401703125 0.596273196875 0.5023938218749999 0.5953405593750001 0.5144474796875 0.5953956546875 0.530189528125 0.614615115625 0.5300076609375 0.614848278125 0.522994621875 0.605521878125 0.50107888125 0.5993819968749999 0.4903401703125
1 0.77954954375 0.26947682500000003 0.783118909375 0.266795465625 0.783118909375 0.217190278125 0.7593231359375 0.217190278125 0.7588472203125 0.21920129843749997 0.7588472203125 0.26813614375 0.7666998265625 0.26545478437500003 0.7707451078124999 0.249366615625 0.77954954375 0.26947682500000003
5 0.7593538171875001 0.2179383421875 0.755959425 0.2183367671875 0.75143356875 0.2183367671875 0.7481806093750001 0.21873519218749998 0.7480391765625 0.2450312265625 0.7553936921875 0.24702335 0.7592123843749999 0.24662492500000002 0.7593538171875001 0.2179383421875
5 0.7937387671875 0.21908151718750002 0.7894376046875 0.2200639453125 0.7854851859374999 0.21973646875 0.7819977578125 0.2203914203125 0.782230253125 0.24462465312499998 0.78815888125 0.2449521296875 0.7939712625 0.2449521296875 0.7937387671875 0.21908151718750002