3 0.9932293328125 0.7599252859375001 0.9932293328125 0.7021870906250001 0.9936466156250001 0.6227916921875 0.9560904890625 0.6230847749999999 0.8669874156249999 0.6233504953125 0.8663730734374999 0.6576690734375 0.8659557890625 0.75963219375 0.9932293328125 0.7599252859375001
0 0.9026773484374999 0.6585483328125 0.9131096062499999 0.6532727656249999 0.9214554109374999 0.6444801484375 0.9260455984375 0.6348082703125 0.926880165625 0.6233778640625001 0.8758597890625 0.6226180890624999 0.8768053296874999 0.6617723 0.8876548718749999 0.6617723 0.9026773484374999 0.6585483328125
5 0.9635009546875001 0.7605800484375 0.963715178125 0.7479411421875 0.9290106249999999 0.7476402171875 0.8952134078125 0.7475206171875 0.8960198671875 0.7605800484375 0.923226521875 0.760429584375 0.9635009546875001 0.7605800484375
3 0.6743182890625 0.7592165390625001 0.706480246875 0.7592165390625001 0.73189550625 0.781974325 0.826221240625 0.782311478125 0.8523828312499999 0.7587108109375 0.8766242999999999 0.7587108109375 0.8768643109375001 0.71153643125 0.8763842890625 0.6458186703125001 0.8771043234375 0.5797637546875001 0.8152619765625 0.5799323281250001 0.7463778 0.5797637546875001 0.67427741875 0.5794863421875001 0.6743118140625 0.633378175 0.6743118140625 0.6963277890625 0.6743182890625 0.7592165390625001
0 0.8258676578124999 0.5998859484375 0.828146671875 0.6056217265625 0.8384022281249999 0.615492603125 0.85302588125 0.6214951640625 0.8655604421875 0.6245631359375 0.8773353437500001 0.62496330625 0.8772446515625001 0.5893666671875 0.8254878218749999 0.5882809984375 0.8251079859375 0.59401678125 0.8258676578124999 0.5998859484375
5 0.9936905890625001 0.580841765625 0.9934754140625 0.562554725 0.9934754140625 0.5450233484375 0.975896446875 0.5452048359375 0.9756155703125 0.562554725 0.9758307453124999 0.580841765625 0.9936905890625001 0.580841765625
3 0.8773303421875 0.5860388296875 0.8770384390625001 0.508572571875 0.87791415 0.4130642046875 0.8317927078125 0.412654159375 0.6747570765625001 0.41248594375 0.6741624109375 0.495451040625 0.6744543281250001 0.5858338078124999 0.8773303421875 0.5860388296875
5 0.8497514484375 0.42427594375 0.8497514484375 0.4127466453125 0.7858655609375 0.4122792421875 0.7274965203125 0.4123470765625 0.7270816515625 0.42427594375 0.7758833875 0.42412014375 0.8497514484375 0.42427594375
0 0.8433280562500001 0.545446078125 0.832997809375 0.5518480140625 0.827528859375 0.5591035468750001 0.8235790640625 0.5678528578125001 0.823882890625 0.5766021796875 0.87766093125 0.5763887765625 0.8782571656249999 0.54158635 0.862469396875 0.540964721875 0.851835325 0.5420317109375 0.8433280562500001 0.545446078125
0 0.9135129328125 0.4686683109375 0.9025750359375 0.4641869578125 0.8892064828124999 0.462479775 0.8770532546875 0.462479775 0.8782571656249999 0.4986583265625 0.9280968140624999 0.4991842234375 0.9268814875 0.48531335625 0.922324028125 0.4763506421875 0.9135129328125 0.4686683109375
5 0.968506278125 0.42557330625 0.9688101281250001 0.41212923281249997 0.9454151546875 0.41212923281249997 0.9196772234375 0.41173574375 0.9189818953125 0.42471971093749994 0.9402500406250001 0.42471971093749994 0.968506278125 0.42557330625
3 0.14266610625 0.760910753125 0.1755258265625 0.7832906703125 0.2636496609375 0.7839900453124999 0.2970072453125 0.760211378125 0.3134371234375 0.760211378125 0.3124413515625 0.755315765625 0.41898653281250003 0.7556654578125 0.418488665625 0.7360830171875 0.418488665625 0.5840253890625 0.3657139625 0.598712209375 0.364718190625 0.557099540625 0.356254334375 0.5567498515625 0.29800301875 0.5591976578125 0.2994966203125 0.5801788390625 0.110340834375 0.5794453171875 0.11030425625 0.6745382296875 0.1108021421875 0.759861696875 0.14266610625 0.760910753125
0 0.32888615625 0.7254191703124999 0.321758971875 0.7316333109375 0.3173352140625 0.7376748359375 0.3148775625 0.7482043546875 0.314631803125 0.7557994109374999 0.36430415 0.75534310625 0.364522071875 0.7186871859374999 0.3502677171875 0.7186871859374999 0.3379794703125 0.72162164375 0.32888615625 0.7254191703124999
5 0.15615138906249998 0.7516566546875 0.14312585 0.7601147859374999 0.174337996875 0.7822095046875 0.263512690625 0.7818642796875 0.29767401875 0.7585612546875 0.28561543437500003 0.7486571265624999 0.25593194375 0.76909076875 0.182202465625 0.7692633796874999 0.15615138906249998 0.7516566546875
3 0.28640491875 0.585766190625 0.3653155625 0.586114759375 0.36481924062500004 0.5627602015625001 0.41891521875000004 0.5645030796875 0.41877730468749996 0.5370368640625001 0.4190252421875 0.471415496875 0.42051288906249995 0.41325146406249996 0.2577906984375 0.4126565953125 0.2580386359375 0.3861867359375 0.246633325 0.3861867359375 0.23473212187499998 0.38810231875 0.2230788734375 0.39297834374999996 0.212417378125 0.40743228125000003 0.20349148437500003 0.3961129296875 0.19530940624999998 0.3903661859375 0.180432909375 0.38705745468749997 0.16679612187499998 0.3863608796875 0.1665481828125 0.413004884375 0.11107786718749998 0.412805934375 0.1107170765625 0.46620473437500004 0.112205953125 0.586114759375 0.28640491875 0.585766190625
5 0.40166906718749995 0.4241441984375 0.401099309375 0.41267264062500003 0.3661544734375 0.41267264062500003 0.326413296875 0.4122 0.3260818390625 0.42454436875 0.3614065328125 0.42401080625 0.40166906718749995 0.4241441984375
5 0.28638906249999996 0.42401080625 0.28619913124999996 0.41213907812499995 0.2738544921875 0.41213907812499995 0.2584798046875 0.4120333328125 0.25733165625 0.4241441984375 0.27024605468749996 0.4238774171875 0.28638906249999996 0.42401080625
5 0.1679851359375 0.4237946484375 0.1679851359375 0.41261973125000007 0.1518566109375 0.41231357187500006 0.135806046875 0.412224528125 0.1361639921875 0.4242538953125 0.1512027625 0.42394773125 0.1679851359375 0.4237946484375
5 0.8534950359375 0.7592868187499999 0.8368014031250001 0.750167446875 0.8171400078125 0.7681456421874999 0.741091246875 0.7681456421874999 0.7173919875 0.7501392265625 0.7039942890625001 0.75902626875 0.7318170078125 0.7827366328124999 0.8230755125 0.78299719375 0.8534950359375 0.7592868187499999
0 0.3349195796875 0.7732515656250001 0.3236562046875 0.780652103125 0.318932840625 0.7883078390625 0.3178428546875 0.797239528125 0.315459909375 0.8073994062500001 0.3687097265625 0.8069367921874999 0.3672563796875 0.7678925453125001 0.35235966093750004 0.7689133140625 0.3349195796875 0.7732515656250001
5 0.406859878125 0.80846794375 0.40649655156250003 0.7959635734375 0.3890564671875 0.7959635734375 0.37135384375 0.7959207 0.37197974375 0.808212746875 0.3857864484375 0.80846794375 0.406859878125 0.80846794375
1 0.2622757625 0.42302234843750003 0.26139564375 0.3804113390625 0.1645824421875 0.38411664375 0.1672228 0.42425745 0.20066736093749998 0.42425745 0.2182697625 0.42302234843750003 0.2622757625 0.42302234843750003