3 0.814118309375 0.5761995421874999 0.8411068531250001 0.5765389703125 0.8654791718749999 0.6089542734375 0.92717794375 0.6089542734375 0.952345009375 0.576047921875 0.9853150078124999 0.576596475 0.9853150078124999 0.47536915156250004 0.9849228734375 0.3631150328125 0.9511873062499999 0.3633662515625 0.8807979734375 0.3633662515625 0.8146869015625 0.36323137656250004 0.81464814375 0.41639261562499996 0.81464814375 0.4828932234375 0.814118309375 0.5761995421874999
0 0.8346568968750001 0.40925766250000006 0.8299143843750001 0.3971048703125 0.8257525937500001 0.387184221875 0.8194615078125 0.3719312265625 0.8148118734375001 0.3722065296875 0.8147189953125 0.4166981484375 0.823042584375 0.4159541015625 0.8284625953125 0.4140939796875 0.8346568968750001 0.40925766250000006
5 0.951292890625 0.577705346875 0.9430660859375 0.5677847 0.9225474703125001 0.5950664828125001 0.8712627656249999 0.5950664828125001 0.852216328125 0.5703799328125 0.844432275 0.5800615015624999 0.8661255515624999 0.6088313796875 0.927447446875 0.6087073734375 0.951292890625 0.577705346875
3 0.73393930625 0.576405028125 0.7460043203125 0.5765525578124999 0.7547554875 0.6014856859375 0.80104454375 0.60133815625 0.8091048265625 0.5758148921874999 0.8205043703125 0.5755198296875 0.8203892171874999 0.5629873640625 0.8205043703125 0.4777445765625 0.8205043703125 0.41816471718750003 0.7337803468749999 0.417193703125 0.7340544515625 0.45739284375 0.7340544515625 0.5157924359375 0.73393930625 0.576405028125
0 0.7801289687499999 0.43627513437500004 0.7846197 0.44276660156250003 0.8124852468749999 0.42270207343750005 0.8123701015625 0.41783347656250003 0.77784864375 0.41737804218749996 0.777941175 0.424472471875 0.7792077984375 0.4296361359375 0.7801289687499999 0.43627513437500004
5 0.809376284375 0.5771065171875 0.7988979171875 0.57135271875 0.793946596875 0.587286315625 0.7614751703125 0.587286315625 0.7561025234375001 0.57130025 0.7462757828125001 0.5765163859375 0.75456635625 0.6011544468750001 0.80097055625 0.6018921125000001 0.809376284375 0.5771065171875
3 0.58699690625 0.576039240625 0.7395501359375001 0.576039240625 0.7395501359375001 0.4857746640625 0.7395501359375001 0.40771240468750003 0.740026325 0.3263961921875 0.63772969375 0.3263961921875 0.586866646875 0.32606932187500004 0.58699690625 0.427632003125 0.5866794546875 0.5085414703125 0.58699690625 0.576039240625
0 0.6963719109375 0.345974190625 0.7005936140625 0.3555560328125 0.7297836828125 0.3351559796875 0.7300249187500001 0.3258832265625 0.694586634375 0.32541207499999997 0.6949244734375 0.3333014265625 0.6955275750000001 0.3394832625 0.6963719109375 0.345974190625
5 0.6437605859375 0.57723051875 0.6649897203124999 0.57723051875 0.6958894296875 0.576921428125 0.695793509375 0.5615733421875 0.6671608859375 0.5610032015625 0.6438812046875 0.5611577484375 0.6437605859375 0.57723051875
3 0.8147726593750001 0.37025369375 0.9144005500000001 0.37045609687500003 0.984855396875 0.37045609687500003 0.9850133640625 0.3219013046875 0.984697428125 0.2215532984375 0.984697428125 0.136779421875 0.8925771062500001 0.13657701875 0.8148324718750001 0.13661335624999998 0.8147726593750001 0.20839719843750001 0.8146146921874999 0.29053985625 0.8147726593750001 0.37025369375
5 0.9291674203125 0.15155473125000002 0.9288514843750001 0.13576741406249998 0.9005506531249999 0.1353626078125 0.864427165625 0.13560178125 0.864241540625 0.1519595359375 0.8895168234374999 0.1519595359375 0.9291674203125 0.15155473125000002
0 0.8339063265625001 0.308178409375 0.82742071875 0.30512553124999997 0.823449940625 0.30478635625 0.8205380390625001 0.30444718437499996 0.8144975875 0.3034734390625 0.8148465859374999 0.349557603125 0.821993990625 0.34972719375 0.8384065453125 0.31207890625 0.8339063265625001 0.308178409375
5 0.776472640625 0.1521198 0.7766318812499999 0.1357971703125 0.7621407015624999 0.1357971703125 0.7435262093749999 0.13592994375 0.7428722015625 0.15171174062499998 0.7576818703125 0.15191576874999999 0.776472640625 0.1521198
0 0.781249953125 0.2426669109375 0.777268859375 0.25286855625000004 0.7758356625 0.2614379390625 0.7745960937499999 0.2677299828125 0.8108692906250001 0.2685790921875 0.8110285328125 0.26245810468749997 0.7941486953125 0.25123629375 0.781249953125 0.2426669109375
0 0.6976805500000001 0.2273722875 0.6943126937499999 0.2370381234375 0.692830840625 0.24566832968750002 0.692561415625 0.251364265625 0.725027540625 0.25257249531250003 0.7251622531249999 0.24670395156249997 0.7119602656249999 0.237555934375 0.6976805500000001 0.2273722875
3 0.5874099890625 0.3331388 0.6931566109375 0.3331388 0.6924263171875 0.2092922921875 0.6918420796875 0.137086334375 0.648900771875 0.1361506375 0.5871558359375 0.1368342375 0.5866823890624999 0.16973111406250002 0.5869718140625 0.27362841250000003 0.5874099890625 0.3331388
5 0.6658887328125 0.151251725 0.6656834890625001 0.13613131875 0.6418758812500001 0.1358683546875 0.6141585843749999 0.135894203125 0.6135530328125001 0.1509887609375 0.638592075 0.1511202421875 0.6658887328125 0.151251725
0 0.6769157671875 0.2811502375 0.67202755625 0.28506465937500003 0.6882197546875 0.322447390625 0.69203866875 0.322055946875 0.6922209953125 0.27565343750000004 0.686233915625 0.2774315328125 0.6814984640625 0.2789973046875 0.6769157671875 0.2811502375
3 0.348245953125 0.4869085359375 0.3486277875 0.556515375 0.349136896875 0.62465454375 0.4075364453125 0.6253068453124999 0.5338528499999999 0.62498069375 0.5339801234375 0.5470657328125 0.5338528499999999 0.46262778281249994 0.5338528499999999 0.3902486671875 0.49701154062499997 0.3904117421875 0.40572662031249995 0.3902486671875 0.36360986875 0.38982696875 0.348245953125 0.4107787015625 0.348245953125 0.41779091562500004 0.348245953125 0.4869085359375
0 0.3692466109375 0.4602571125 0.3595735828125 0.43677434843749996 0.35359158125 0.42236433125 0.3481369171875 0.4224280109375 0.3486277875 0.4677585515625 0.3563916640625 0.46743240156250004 0.36237367656249997 0.46498627968750006 0.3692466109375 0.4602571125
5 0.481986690625 0.625317275 0.481986690625 0.609825175 0.4594427859375 0.6096621015625 0.43149535937500005 0.6096621015625 0.3958923515625 0.60968025 0.3964233890625 0.6254803484375 0.42993051250000003 0.625317275 0.481986690625 0.625317275
3 0.36318362187500003 0.3921328125 0.3675318953125 0.3971176359375 0.45637026562500005 0.39763268906250004 0.5336128546875 0.3968379234375 0.5338609812499999 0.354581796875 0.5337369140625 0.2716421375 0.5337369140625 0.14279043593750002 0.48241253906250003 0.1429493875 0.482784721875 0.11148513593750001 0.4826606640625 0.01852295625 0.46105898281249996 0.01852295625 0.45138230625000003 0.0120058765625 0.43936521093750003 0.00405821875 0.436015596875 0.01025739375 0.43489905625 0.0156618 0.433162215625 0.0089857671875 0.42993666093750005 0.0042171734375 0.409466778125 0.01852295625 0.3635744265625 0.0181129328125 0.36364134375 0.125114453125 0.3634124921875 0.2743033390625 0.36318362187500003 0.3921328125
5 0.5163064359375 0.032800567187500004 0.5161316921875 0.0180234125 0.5032878078125 0.0180234125 0.4895861234375 0.017932040625 0.4897449359375 0.032800567187500004 0.5016277125 0.032688617187500005 0.5163064359375 0.032800567187500004
0 0.4670278546875 0.0696076375 0.463183425 0.0722943921875 0.47122177499999995 0.09188531718750001 0.47926012656249994 0.10990896562500001 0.48240557031250003 0.10979701875 0.4825923484375 0.065070084375 0.4767262984375 0.066025296875 0.47200813750000004 0.06725672656250001 0.4670278546875 0.0696076375
0 0.3793837515625 0.3393101 0.3721168171875 0.33638905 0.36855459218750003 0.33565878437499996 0.3632290875 0.3346825859375 0.3632825 0.38075249843750003 0.3674146875 0.3809350609375 0.38380091875 0.343143975 0.3793837515625 0.3393101
3 0.25768392812499996 0.0709974703125 0.26373600937499997 0.085357278125 0.270684690625 0.1017274625 0.27046054375 0.12326717499999999 0.2751677125 0.12384157031250001 0.2751677125 0.20966729687500002 0.27539186875 0.3267974109375 0.368862875 0.3282333921875 0.3686387265625 0.2504338484375 0.36953533437499997 0.1387604546875 0.36975948281250004 0.01847118125 0.339274934375 0.018183990625 0.27086974375 0.018013875 0.270684690625 0.0672639171875 0.2668741296875 0.0675511140625 0.25768392812499996 0.0709974703125
5 0.338510403125 0.031551115625 0.33839975624999996 0.0175160703125 0.3129508796875 0.0172325328125 0.292022946875 0.017394615625000002 0.2921491859375 0.031551115625 0.30863563437499997 0.031267576562499996 0.338510403125 0.031551115625
3 0.136020178125 0.2294656484375 0.136020178125 0.25256956875 0.136020178125 0.3271971484375 0.2029454328125 0.3275790328125 0.28058806875000003 0.327388090625 0.28043903281250004 0.2812006109375 0.2807370921875 0.18443399375 0.2808861171875 0.1101882953125 0.2613636921875 0.109997353125 0.23772742500000002 0.09319450312500001 0.23504494999999997 0.1008321640625 0.23310760468749997 0.1101882953125 0.207028028125 0.10980641093750002 0.14057289687500002 0.10931509375 0.14049096249999998 0.1706862078125 0.14049096249999998 0.229083765625 0.136020178125 0.2294656484375
0 0.1555426078125 0.130417915625 0.1495815609375 0.12774473125000002 0.145557853125 0.1265990859375 0.1402084375 0.1260153484375 0.14034193749999999 0.1718522109375 0.1448127234375 0.172425034375 0.1606094984375 0.134618625 0.1555426078125 0.130417915625
5 0.202336821875 0.12469984375000001 0.2021877875 0.108851703125 0.1843046484375 0.1090426453125 0.161456528125 0.10883794375 0.161652678125 0.12469984375000001 0.1793867921875 0.12469984375000001 0.202336821875 0.12469984375000001
3 0.27239663125 0.5541290484375 0.2883745921875 0.5541290484375 0.2886603953125 0.5225534921875 0.29796011718750004 0.5209433046874999 0.30600313749999997 0.516434775 0.3037410375 0.508383840625 0.2974574359375 0.49421419375 0.2886603953125 0.475858059375 0.289163075 0.320704671875 0.2698095921875 0.321348746875 0.257996409375 0.3123316984375 0.24115636562499998 0.3007383515625 0.23814024531250003 0.3087892875 0.23587814375 0.3203826328125 0.13586447968749998 0.3203711 0.1356183140625 0.43792373125 0.1363529359375 0.5541290484375 0.27239663125 0.5541290484375
0 0.24773905312500002 0.3051369859375 0.2410309140625 0.301845328125 0.2377482015625 0.310074475 0.236463671875 0.3166577921875 0.23575003906249997 0.32086380000000003 0.235665934375 0.3265578015625 0.2714316546875 0.327264246875 0.2711461953125 0.321595278125 0.2583008140625 0.313183265625 0.24773905312500002 0.3051369859375
0 0.29640878593750003 0.52029690625 0.3029742015625 0.517736725 0.30568600625000003 0.5138964578125 0.29555241875 0.4899502421875 0.2894151875 0.47623499843749995 0.2826134734375 0.4762187015625 0.282849771875 0.5215769906250001 0.290699728125 0.5210283812500001 0.29640878593750003 0.52029690625
5 0.1919151921875 0.5553981765625 0.21503688593749998 0.5552153093750001 0.24374271875 0.5550324421874999 0.243520275 0.5390534312499999 0.22160229999999997 0.539854234375 0.19177246718750002 0.539854234375 0.1919151921875 0.5553981765625
5 0.2896408890625 0.6085874890625 0.289526178125 0.5952126 0.2894114671875 0.5765465421875 0.2770709078125 0.5764911359375 0.277251934375 0.591244225 0.277251934375 0.608293534375 0.2896408890625 0.6085874890625
5 0.3096008828125 0.62474710625 0.3091420296875 0.60975546875 0.300768015625 0.60990245 0.2931396421875 0.6100977484375 0.2928528453125 0.625188034375 0.3009974375 0.6250410609375 0.3096008828125 0.62474710625
5 0.3115510015625 0.570675303125 0.3115510015625 0.56215065 0.3021445640625 0.56215065 0.292135346875 0.5619833640625 0.2914762984375 0.570675303125 0.30191514218750004 0.570675303125 0.3115510015625 0.570675303125
0 0.325896809375 0.54581813125 0.31836532812499996 0.5411488765625 0.31512598125 0.5472707890625 0.3137492625 0.553288940625 0.31302040781249996 0.558477 0.3128584375 0.5630424953125 0.31238662968750003 0.5700803828125001 0.3474384578125 0.57030578125 0.34711452187499997 0.560552225 0.33512893906249996 0.5521475671875 0.325896809375 0.54581813125
5 0.111051409375 0.124494025 0.1107968125 0.10948890468750001 0.085974140625 0.1091627078125 0.060212682812499994 0.1090667953125 0.0600058125 0.1243309296875 0.077954515625 0.1243309296875 0.111051409375 0.124494025
1 0.4692740890625 0.031382435937499994 0.468413825 0.020921623437500002 0.4469072203125 0.0027528453125 0.4284115421875 0.0033034140625 0.41240963906249994 0.0135151109375 0.40247205625 0.01908015625 0.4021734859375 0.031382435937499994 0.4692740890625 0.031382435937499994