5 0.474875053125 0.7896842484375 0.42743615312500005 0.79007716875 0.4081640984375 0.7896842484375 0.38068636875 0.7896921515625 0.3814797171875 0.8069727671875 0.43410724843750004 0.8069727671875 0.47561628593750005 0.8073656874999999 0.474875053125 0.7896842484375
5 0.5835185265625 0.8132961546875 0.5536648953125 0.8129975671875 0.554228171875 0.8550984140625 0.5840818015625 0.8550984140625 0.5835185265625 0.8368845734375 0.5835185265625 0.81986508125 0.5835185265625 0.8132961546875
5 0.8604349234375 0.87750318125 0.8592933359374999 0.8603574015625 0.8025944984375 0.8605591171875 0.723444446875 0.8601556859375 0.6568518515624999 0.8601556859375 0.61080783125 0.85975225625 0.6103737125 0.8599598859375 0.6115688890625 0.8779066125 0.7017542875 0.8781083265625 0.7938423296875 0.8781083265625 0.8604349234375 0.87750318125
5 0.9119033359375001 0.8386437234375 0.91121913125 0.823954753125 0.9122454390625 0.8143434515625 0.8992455546875 0.8136180703125 0.8828246500000001 0.814524796875 0.8824825484375 0.8415452468750001 0.8831667515625 0.8571409437499999 0.9119033359375001 0.857503634375 0.9119033359375001 0.8386437234375
0 0.62922135 0.6410993484375 0.605563346875 0.6304027015625 0.565205575 0.6145421578125 0.5018856265625 0.6458943953125 0.50113691875 0.6459005078125 0.5554640453124999 0.6635991890625 0.6041717 0.6599106906250001 0.6354837625 0.6473697953124999 0.62922135 0.6410993484375
3 0.5073602390625 0.6531932328125001 0.5058966109374999 0.8055351406250001 0.55785538125 0.8051472140625 0.557123565625 0.8753621546874999 0.9098577421874999 0.8745862984375 0.909125928125 0.8051472140625 0.9676710203125 0.8051472140625 0.9669392078125 0.7336103421875 0.9925526843749999 0.7336103421875 0.9918208703125 0.6785245875 0.9669392078125 0.6785245875 0.9676710203125 0.610637215625 0.896685096875 0.6110251437499999 0.56071323125 0.611805678125 0.5615144484375 0.612460809375 0.496383034375 0.6500898109375 0.5073602390625 0.6531932328125001
5 0.9726074062500001 0.5315153734375 0.9726074062500001 0.5057280265624999 0.9744431421874999 0.49064486250000006 0.9533321734375001 0.4896717546875 0.9381904265625 0.490000796875 0.94048201875 0.5320019265625 0.94048201875 0.5543833968749999 0.9726074062500001 0.555356503125 0.9726074062500001 0.5315153734375
0 0.528117053125 0.5288228687500001 0.5647610609375 0.5178155624999999 0.5928547984375 0.49968588125 0.5989621328125 0.47961373281249997 0.503687715625 0.47831875625000003 0.5073521171875 0.5294703578125 0.528117053125 0.5288228687500001
3 0.9663089796875 0.61917859375 0.967807028125 0.4309765546875 0.8464651953125 0.4293883515625 0.7460960265625001 0.42859425 0.72961750625 0.42065323593750004 0.7281194578125 0.40397710625 0.546855734375 0.40397710625 0.5077736203125001 0.4037165296875 0.5064084578125 0.558032784375 0.5633342546875 0.6152080875 0.58280886875 0.61838449375 0.9663089796875 0.61917859375
0 0.6828860671875 0.3318957234375 0.677535096875 0.3451327265625 0.6873452078125 0.36451548125 0.71142456875 0.379407109375 0.7488813515625 0.3895712359375 0.75066500625 0.38815298593750003 0.7711770546875 0.3422962265625 0.6828860671875 0.3318957234375
0 0.6177826125 0.323858971875 0.6026215328125 0.31062196875 0.5794340015625 0.2988032171875 0.5357344203125 0.29218471562500004 0.5329270921875 0.34183194375000003 0.5687320625 0.3422962265625 0.621349925 0.3418234765625 0.6177826125 0.323858971875
0 0.7509418906249999 0.263335178125 0.7342917812499999 0.252743890625 0.7043215859374999 0.2439178171875 0.67268638125 0.2434765140625 0.67102136875 0.26510039218750003 0.67102136875 0.28981339687499996 0.76009945 0.2880481828125 0.7509418906249999 0.263335178125
5 0.971333340625 0.314492 0.9704227671875 0.293012434375 0.9544877296875001 0.292529746875 0.9414928421875001 0.2934160421875 0.9417396984374999 0.3210082734375 0.9417396984374999 0.3306620109375 0.96951219375 0.3309033546875 0.971333340625 0.314492
5 0.970057515625 0.3681764953125 0.9696965421874999 0.36320142031249997 0.944067390625 0.362244675 0.94262349375 0.379274740625 0.9422625203124999 0.3955394109375 0.958145375 0.3955394109375 0.96897459375 0.395922109375 0.970418490625 0.38042283593750004 0.970057515625 0.3681764953125
0 0.73867318125 0.3229229359375 0.7642954328125 0.3316855984375 0.7981829265625 0.33278093124999997 0.7985961890625 0.2905010890625 0.7989490796875 0.290431115625 0.71305093125 0.29006295625 0.7147039796875 0.30342601406249997 0.722142696875 0.314160275 0.73867318125 0.3229229359375
5 0.5453417953125 0.11512616093750001 0.54691734375 0.1003016328125 0.504377509375 0.099884040625 0.46813987343749996 0.099884040625 0.4429310828125 0.09967524531250001 0.4279633625 0.099257653125 0.4175727328125 0.09946894843750001 0.4169345171875 0.11512616093750001 0.4405677578125 0.11533495625000001 0.48468314218749997 0.11533495625000001 0.5453417953125 0.11512616093750001
3 0.708423053125 0.07478375312499999 0.6846371875 0.075124528125 0.6852800484375 0.10136420156249999 0.340063559375 0.1017049765625 0.3104919421875 0.10136420156249999 0.3104919421875 0.34226476250000004 0.6634227671875 0.3409016625 0.6627799046875 0.24108194374999997 0.7097087765625 0.2421042671875 0.708423053125 0.07478375312499999
3 0.9688394171875 0.288487946875 0.9683148125000001 0.182814346875 0.9688394171875 0.0749160390625 0.8901486625 0.0743598625 0.7841784453125 0.0749160390625 0.7222750515625 0.075472215625 0.686954096875 0.074915346875 0.6887003296875001 0.24065673906249999 0.6645684968750001 0.24121291562499997 0.6635192875 0.288487946875 0.9688394171875 0.288487946875