3 0.532505515625 0.7580773875 0.7453741953125 0.7580773875 0.7451254890625 0.7209847015624999 0.7456228828125 0.6240394703125001 0.6352918703125 0.6240394703125001 0.5323336359375 0.6240394703125001 0.532008121875 0.6439428625 0.532256828125 0.6929583 0.532505515625 0.7580773875
0 0.5705552843749999 0.6488282421875 0.580502940625 0.6405050078125 0.5839846234375 0.6310961296875 0.5834872484375 0.6233157109375 0.5473497468749999 0.6233435671875001 0.5479243734375 0.6537136218749999 0.5588667984375 0.653170803125 0.5705552843749999 0.6488282421875
0 0.717736365625 0.648239125 0.7251971078125 0.641182471875 0.7289274781249999 0.63285923125 0.7286787718750001 0.623812234375 0.692432565625 0.6237957234375 0.693364603125 0.6538482671875 0.7072913171875 0.6525816859375 0.717736365625 0.648239125
5 0.716492909375 0.7587548515625 0.715995515625 0.7468128109375 0.692121146875 0.7468128109375 0.6613287765625 0.7470084921875 0.66178080625 0.7589357875 0.6856551750000001 0.7589357875 0.716492909375 0.7587548515625
5 0.6142334968750001 0.7588022999999999 0.613238746875 0.7468602671875 0.5824010125 0.7464983859375 0.5599304218750001 0.7467824125 0.5610135578125 0.7586213625 0.5863800703125001 0.7586213625 0.6142334968750001 0.7588022999999999
3 0.6853592468749999 0.5951095265624999 0.6851105390625001 0.5524269937499999 0.685607934375 0.4788133734375 0.612492665625 0.4788133734375 0.612741353125 0.47410893749999994 0.5990633265625 0.474289875 0.5319370109375 0.47413177500000003 0.5324140390625 0.5296285625 0.5321653515625 0.5947476453125 0.6853592468749999 0.5951095265624999
5 0.5898617546875 0.48495568593750005 0.5903591296874999 0.47355647031250003 0.5692203609375001 0.47337553125 0.5505992843749999 0.4734535390625 0.5498224359375 0.4851366265625 0.5682255921875 0.4851366265625 0.5898617546875 0.48495568593750005
0 0.650791140625 0.5044972 0.6602414015625 0.5106491546874999 0.6731733656250001 0.513725134375 0.685607934375 0.5135441968750001 0.6852786953125001 0.48701824687500006 0.643827775 0.48766978437499997 0.64507123125 0.496535840625 0.650791140625 0.5044972
0 0.5749402703125 0.5721301578125 0.564992615625 0.566340078125 0.54783290625 0.5639878609375 0.5471778671874999 0.594405521875 0.5851366140625001 0.5945667078125 0.58439053125 0.5860625296875 0.5801627859375 0.5782821140625 0.5749402703125 0.5721301578125
0 0.720291921875 0.572776584375 0.7135280109375 0.5685264515624999 0.70553430625 0.5662895406249999 0.6938511828125 0.565394778125 0.693534096875 0.5952118 0.7289005296875 0.595257540625 0.72843935 0.5846322125000001 0.7252111218749999 0.5780333234375 0.720291921875 0.572776584375
5 0.6127597578125 0.439948609375 0.6127597578125 0.42195529218749994 0.612652184375 0.407397428125 0.5983430796875 0.407231246875 0.59823714375 0.423120971875 0.5984522906249999 0.4398703421875 0.6127597578125 0.439948609375
0 0.6473777015625 0.4047957234375 0.65200341875 0.4091787390625 0.6591033609375 0.41379655312499997 0.6659881578125 0.4169272765625 0.6749168796875 0.41841437187499997 0.6847061953125 0.418257834375 0.6849892718749999 0.39324679218749997 0.6442580265625 0.39282070625 0.64544135 0.399160421875 0.6473777015625 0.4047957234375
5 0.6914834187500001 0.33258348125000003 0.6915909921875001 0.3218607515625 0.673410828125 0.32170421718750003 0.655927815625 0.32185761562500004 0.655768540625 0.3325052125 0.672980528125 0.33242694375 0.6914834187500001 0.33258348125000003
0 0.700883528125 0.3642266515625 0.693783584375 0.36829659375 0.6891578593750001 0.3727578734375 0.6858230390625 0.37776703125 0.6852851640625001 0.384185015625 0.685527446875 0.38943285 0.7176652140625001 0.38982031875 0.7179879421875001 0.3615655375 0.7094895218749999 0.36203514531250003 0.700883528125 0.3642266515625
3 0.47785047656249996 0.7589767593750001 0.47809800312500006 0.717198078125 0.47809800312500006 0.6241348531249999 0.32045705468749996 0.6235328703125 0.320186525 0.69002511875 0.31993900937499997 0.7584365125 0.47785047656249996 0.7589767593750001
0 0.35533295625 0.650073228125 0.36102569687499997 0.6425098453125 0.36102569687499997 0.6331456578125 0.32076661562500003 0.63348478125 0.320681546875 0.6603378171875 0.33256203125 0.65961749375 0.3449375375 0.6567362078125 0.35533295625 0.650073228125
5 0.41619147187500005 0.758349975 0.4159655546875 0.7471726249999999 0.39337347500000003 0.7471726249999999 0.3666482578125 0.7470843406250001 0.36682778125 0.7588430921875 0.38829025625 0.7586787203124999 0.41619147187500005 0.758349975
0 0.2944037609375 0.77928439375 0.30353189999999997 0.7757001765625 0.3104866828125 0.769796753125 0.3155578734375 0.7628447703125001 0.317586353125 0.757152184375 0.3172965640625 0.7477699640625 0.2791076359375 0.7476497546875 0.2807839859375 0.7806548296875 0.2862898453125 0.7807602499999999 0.2944037609375 0.77928439375
0 0.3016483203125 0.690234084375 0.292520171875 0.6874932109375 0.2807839859375 0.6865444453125 0.2803761421875 0.7160377718750001 0.3165721078125 0.7162723875 0.3155578734375 0.7036222000000001 0.30874798124999997 0.6952941578125 0.3016483203125 0.690234084375
3 0.310759515625 0.23553592031249998 0.305106796875 0.238739315625 0.30016065625 0.24302342187499998 0.29639217812499996 0.24816435 0.2943901703125 0.253562325 0.2938013453125 0.258446209375 0.324442203125 0.258446209375 0.3246295265625 0.298103325 0.349427859375 0.2980030890625 0.349427859375 0.30020828125 0.35094331093750003 0.30491937343750003 0.35480083281249997 0.3106328234375 0.3600360296875 0.314842734375 0.36775107500000004 0.3189524078125 0.37794593593750003 0.321558546875 0.3844210625 0.32175901875 0.38430170625 0.2983144828125 0.47758284062499995 0.29771306875 0.47772060625 0.2362897796875 0.47758284062499995 0.191500321875 0.40179888906250005 0.1912998484375 0.32466056718749997 0.1911436609375 0.324891328125 0.23287977187500003 0.319356371875 0.2330511359375 0.310759515625 0.23553592031249998
5 0.398839503125 0.20161308125000002 0.398561759375 0.19135750468749999 0.369917565625 0.19120594375 0.3456590203125 0.191149628125 0.3456508265625 0.20171412187499999 0.36898162968750003 0.20171412187499999 0.398839503125 0.20161308125000002
5 0.4585257203125 0.20162579374999998 0.4583174125 0.19137021406250002 0.4439542796875 0.19137021406250002 0.4265814375 0.19131969375 0.4060160421875 0.1912127515625 0.4061702875 0.2016763125 0.42616811875 0.201575271875 0.4585257203125 0.20162579374999998
0 0.310608340625 0.23535447187499997 0.303431875 0.23902876874999998 0.2987804640625 0.2435732921875 0.29466064375 0.2519854921875 0.2935974640625 0.2584638546875 0.3265560453125 0.2583671640625 0.3265560453125 0.25972085 0.33851681718750004 0.2598175453125 0.33828008593750003 0.231502709375 0.32522706874999996 0.2324537125 0.31712031406249996 0.233323940625 0.310608340625 0.23535447187499997
0 0.3507433828125 0.3056186203125 0.35340133125 0.30909953125 0.3568566640625 0.31287051718750003 0.36071069375000003 0.31596466093750003 0.3688174375 0.31973565000000004 0.378518959375 0.3216694890625 0.38423354375 0.32195956406250004 0.38436645 0.29247881875 0.3485853953125 0.29227186875 0.349148615625 0.2981733375 0.3496801984375 0.3005906359375 0.3507433828125 0.3056186203125
3 0.29345635625 0.348849296875 0.2957254875 0.3530683765625 0.3000116078125 0.35884668125 0.3068189890625 0.3636160765625 0.3162736828125 0.36765171875 0.32446775 0.36902750625 0.32471988125 0.4748224859375 0.322324690625 0.4748224859375 0.3221986296875 0.4616149328125 0.32018162031249997 0.46143149375 0.3152651875 0.46198180781250003 0.3107269265625 0.4630824390625 0.30669292812500004 0.464916821875 0.3039195546875 0.46748495468750006 0.301650425 0.4708785640625 0.3011461734375 0.4688607421875 0.298624921875 0.46592573125000003 0.29358241875 0.46372447031249997 0.287783540625 0.4617983703125 0.281228290625 0.46152321250000006 0.2811022203125 0.47444583281249997 0.26484015 0.4745375515625 0.26463302031249997 0.5344330296875001 0.2650696203125 0.5946033859375001 0.3220458234375 0.5950798703125 0.42269633906250004 0.5950798703125 0.42269633906250004 0.6023859500000001 0.4781444421875 0.60270360625 0.47803305468749996 0.4877338703125 0.47764435625 0.36551259687500004 0.4031288421875 0.36551259687500004 0.4031288421875 0.3235965328125 0.3245071984375 0.3236179015625 0.32446775 0.342704115625 0.293330296875 0.342795834375 0.29345635625 0.348849296875
5 0.33945296406250003 0.45273907500000005 0.3395807625 0.43907640625 0.339197384375 0.4181565734375 0.3240045796875 0.41812529062500003 0.324245778125 0.4340506890625 0.32399019375 0.45273907500000005 0.33945296406250003 0.45273907500000005
0 0.3566146796875 0.34245744375 0.3631342109375 0.346951196875 0.37445760625 0.338719303125 0.3864672703125 0.32910767343749997 0.3864672703125 0.32361530781250003 0.3508781203125 0.323349740625 0.351296109375 0.3313478921875 0.3530117765625 0.3372147375 0.3566146796875 0.34245744375
0 0.36931060625 0.3549400859375 0.3765164125 0.35831040000000003 0.38372220625 0.36093175781250003 0.391785834375 0.362679325 0.4024229734375 0.3625545 0.4023768671875 0.33645092656250003 0.3950456015625 0.3367154296875 0.3814918359375 0.3457029328125 0.36931060625 0.3549400859375