5 0.08386001093749999 0.18788806875 0.0839404265625 0.1752641546875 0.0717246890625 0.1753104296875 0.0719586765625 0.204412934375 0.08402083906249999 0.204521296875 0.08386001093749999 0.18788806875
5 0.0574840859375 0.26768144375 0.04448875625 0.2759605734375 0.053624192187499996 0.2821474765625 0.05989651875 0.278300703125 0.06624925625 0.27364123125 0.0574840859375 0.26768144375
5 0.05893154375 0.287032359375 0.05253573593750001 0.2835928109375 0.0443765359375 0.289741353125 0.0579665703125 0.2978683390625 0.066490496875 0.29174601093749997 0.05893154375 0.287032359375
5 0.07155660781249999 0.3424873703125 0.050325028125000004 0.342444525 0.050085957812500005 0.35077689375 0.060137759375 0.35077689375 0.07171743593749999 0.35077689375 0.07155660781249999 0.3424873703125
5 0.0607006609375 0.41999939375000006 0.0501481703125 0.419780565625 0.0502467875 0.42812637656249997 0.07171743593749999 0.428072196875 0.07171743593749999 0.41994521406249996 0.0607006609375 0.41999939375000006
5 0.0236364546875 0.4144833375 0.0383522921875 0.42472333593749995 0.04678789375 0.41876690781250003 0.0395585078125 0.4137789984375 0.032562456249999996 0.409119528125 0.0236364546875 0.4144833375
5 0.029989192187500003 0.38390306406249997 0.02990878125 0.36965375312500004 0.0177833953125 0.369753628125 0.017927029687500002 0.4010363703125 0.030069609375 0.400982190625 0.029989192187500003 0.38390306406249997
5 0.0380306359375 0.34574766874999996 0.02370809375 0.3558009421875 0.0322407953125 0.36151401562499996 0.039076021875 0.35696290625 0.046956632812499996 0.3514907375 0.0380306359375 0.34574766874999996
5 0.38464052187500003 0.1355650984375 0.3234398578125 0.1355375453125 0.3235883484375 0.14413476875 0.3503965203125 0.144266609375 0.38503188125 0.14400292812499998 0.38464052187500003 0.1355650984375
0 0.351570596875 0.21615526875 0.34609155937499997 0.220374184375 0.3437433921875 0.22538414375000002 0.342569315625 0.22973490000000002 0.34237579687499997 0.23579869062499997 0.3811182796875 0.23606327500000002 0.3815096375 0.23131699218750001 0.351570596875 0.21615526875
0 0.5100714390625 0.27932125937499996 0.5083103046875 0.27299288437499997 0.504396715625 0.2678510796875 0.497352228125 0.262181915625 0.48913365156250005 0.257831159375 0.47797990312499994 0.255589859375 0.46244686562500004 0.2556768046875 0.46408662968750003 0.2840675328125 0.5102671125 0.283408325 0.5100714390625 0.27932125937499996
5 0.47621876875 0.4170268265625 0.47641446875 0.37378295 0.46266204687499995 0.37378472500000004 0.46271686718750005 0.3947456828125 0.46330388593749994 0.417422353125 0.47621876875 0.4170268265625
0 0.28386845625 0.3454709453125 0.28934749375 0.34929433906249996 0.2975660578125 0.3524585234375 0.307741415625 0.354304303125 0.31654701093750004 0.35404062187499996 0.3155686203125 0.324640053125 0.2730874734375 0.3243070828125 0.2729103671875 0.3301773796875 0.27428013125 0.3357147078125 0.277998059375 0.3412520296875 0.28386845625 0.3454709453125
0 0.24512380625 0.3488988125 0.2511898890625 0.34415253749999997 0.25608189531250003 0.3396699359375 0.25862573437499997 0.33347340625 0.259408453125 0.32899080937499997 0.25960412499999996 0.3245082125 0.2169252 0.3240168921875 0.21753291875 0.354831665625 0.2277082890625 0.3541724578125 0.237883646875 0.352062996875 0.24512380625 0.3488988125
0 0.1979649203125 0.294316603125 0.1899420296875 0.2972171078125 0.18289755624999998 0.3013041796875 0.17741851250000001 0.306445984375 0.1727221921875 0.3135654046875 0.17233083437500002 0.3213440265625 0.2169252 0.3212600734375 0.216554528125 0.2926026703125 0.2085316375 0.29286635156249996 0.1979649203125 0.294316603125
3 0.2284308265625 0.13633181562500002 0.0716023140625 0.13584711562500001 0.0716023140625 0.175286646875 0.071842103125 0.20404550000000002 0.0716023140625 0.2648291078125 0.062729746875 0.2648291078125 0.0351528609375 0.2826014296875 0.062010343749999995 0.3010200203125 0.071842103125 0.3006968875 0.0716023140625 0.32961730624999996 0.21668068906250001 0.329778878125 0.21620107656249998 0.294557359375 0.21599544062499998 0.24788890624999999 0.22962981093749998 0.24799161406249998 0.22939002031250003 0.20192785156249998 0.2284308265625 0.13633181562500002
3 0.26686878593749996 0.42229083906250003 0.2662614703125 0.32510622499999997 0.071913653125 0.3253108234375 0.0716099765625 0.3420879578125 0.042761478125 0.3418833578125 0.017253323437500002 0.35886509218749996 0.01694965625 0.411037890625 0.042457800000000004 0.42801962812500005 0.070828575 0.4289742671875 0.071913653125 0.459958990625 0.266565128125 0.46016358906250004 0.26686878593749996 0.42229083906250003
3 0.47574538281249995 0.4597053 0.47603526562500004 0.4173000578125 0.47574538281249995 0.3747203828125 0.47574538281249995 0.3247185703125 0.3560184984375 0.3251092078125 0.260352971875 0.3251092078125 0.2585689375 0.40048995937500004 0.25919339375 0.4597053 0.3632658953125 0.4597053 0.47574538281249995 0.4597053
5 0.6294370328125 0.2135257546875 0.62920773125 0.1770662984375 0.6150098015625 0.1771828859375 0.6159086515625 0.1935966453125 0.6159086515625 0.214143709375 0.6294370328125 0.2135257546875
5 0.6289784453125 0.29312901406249997 0.6294370328125 0.256824046875 0.6155140921875 0.2567526015625 0.6159086515625 0.27273643281250004 0.6159086515625 0.293283496875 0.6289784453125 0.29312901406249997
3 0.46382667499999997 0.332890815625 0.55397854375 0.33302005156250003 0.6287854203125 0.3331492859375 0.6287854203125 0.29307251875 0.62916903125 0.25699513125 0.6289772250000001 0.21380980468750002 0.6287854203125 0.1777393328125 0.6285935890625 0.13599633125 0.5365236015625 0.136125565625 0.46344304375 0.135867096875 0.463220371875 0.203403753125 0.46305942031249997 0.2563696953125 0.46382667499999997 0.2823598140625 0.46382667499999997 0.332890815625
5 0.4838362125 0.5458827171875 0.45328577187499997 0.5453829406249999 0.4530907984375 0.5541363453125 0.4677429109375 0.5544600187500001 0.48407641874999996 0.5541363453125 0.4838362125 0.5458827171875
0 0.44900740937499994 0.5858561765625 0.45861535781249996 0.58181028125 0.46606151718750005 0.5759841906250001 0.470144890625 0.56934891875 0.47134588749999995 0.5609334546875 0.42343836250000005 0.5605219546875 0.42354635625 0.5897402375 0.43699747968749997 0.5894165671875 0.44900740937499994 0.5858561765625
0 0.534998521875 0.6253441375000001 0.5405230984375 0.618708865625 0.544126075 0.6101315625 0.5438858859375 0.605276484375 0.5005661796875 0.6045141453125 0.500650115625 0.6345687828125001 0.5138610406249999 0.6342451109375 0.5251503843750001 0.6310083921875 0.534998521875 0.6253441375000001
0 0.574871490625 0.5858561765625 0.5712685140625 0.5831049703125 0.5633419734375 0.5800300875 0.554694815625 0.5792209109375 0.5436204078125 0.57940119375 0.5453270734375 0.60543831875 0.5525330265624999 0.60543831875 0.574871490625 0.5858561765625
5 0.6293965874999999 0.593300628125 0.6293965874999999 0.5667595453125001 0.6157296359375 0.5669337718749999 0.615945471875 0.5784117281250001 0.6161856609374999 0.5937861390625 0.6293965874999999 0.593300628125
0 0.5912050125 0.6378228078125 0.5972099859375 0.64203054375 0.60537673125 0.6447817515625001 0.615945471875 0.64672378125 0.629636809375 0.6465619453125 0.629636809375 0.6166223109375 0.5787146890625 0.6166223109375 0.5799156703125 0.6243904312499999 0.5842392484375 0.632644059375 0.5912050125 0.6378228078125
5 0.62881129375 0.7005697171875 0.62967008125 0.652081246875 0.6159460109375 0.6522193234375 0.6161010984375 0.6745317562500001 0.6162728640624999 0.7006854437500001 0.62881129375 0.7005697171875
0 0.30576681250000004 0.714582340625 0.3134775125 0.7158522671875 0.324443853125 0.7160831625 0.32478656250000004 0.6881447765625001 0.3148483125 0.68791388125 0.2910307921875 0.7088099484375 0.297542059375 0.71250428125 0.30576681250000004 0.714582340625
0 0.23688449375 0.7493445046875 0.24339575 0.7453038265624999 0.248536228125 0.740916809375 0.2517918578125 0.7353753109375 0.253676696875 0.7301801578125 0.2541907484375 0.724754103125 0.21255292812499998 0.7244077609375 0.21255292812499998 0.72463865625 0.21218675937499998 0.724099028125 0.21221022500000003 0.753846975 0.2194068875 0.753846975 0.22831703281250001 0.7526924921875 0.23688449375 0.7493445046875
0 0.282634684375 0.7558095859375 0.28777516406250003 0.759388471875 0.29514316875 0.7623901156249999 0.302168475 0.7640063796875001 0.3139915640625 0.7648145171875 0.31416290625 0.7347980703125 0.2719175984375 0.7346445453125 0.2716683453125 0.7412631515625 0.27303914375 0.7462274109375 0.2778369140625 0.75199980625 0.282634684375 0.7558095859375
3 0.3065026921875 0.686737246875 0.313894653125 0.6863815046874999 0.3141586421875 0.6888716968749999 0.2914548125 0.7086459921875 0.2991107515625 0.7132706359375 0.3141586421875 0.7166501859375 0.313630646875 0.739061925 0.3661699828125 0.740129153125 0.46358528593750004 0.7397734125000001 0.46332127968750003 0.7451095375000001 0.6291120953125 0.7447537953125 0.6293760828125 0.651136584375 0.6293760828125 0.6047122640625 0.553080625 0.6050680093749999 0.42398556875000004 0.605779490625 0.42372156250000004 0.6381520078125 0.3594313484375 0.6373968828125001 0.3595663171875 0.6413451625000001 0.30729469374999996 0.640989421875 0.3065026921875 0.686737246875
3 0.629288696875 0.762243246875 0.62857010625 0.7344051078125 0.469406296875 0.735131321875 0.2660514640625 0.7356154625 0.2664107359375 0.724964346875 0.259943615625 0.724964346875 0.25958434375 0.79255805 0.258865778125 0.8702627765625 0.502460490625 0.8702107140625 0.628929425 0.869748584375 0.628929425 0.8460256453125 0.629288696875 0.762243246875
5 0.0609799625 0.760697609375 0.071763096875 0.7607757296875 0.071542509375 0.752632753125 0.05008086874999999 0.75265116875 0.049964925 0.760697609375 0.0609799625 0.760697609375
5 0.0384860984375 0.7560103625 0.0239839421875 0.7655289484375001 0.032456810937500004 0.7717126375000001 0.0388339359375 0.767728478125 0.046834334374999995 0.7620256609375 0.0384860984375 0.7560103625
5 0.0479938078125 0.7198976703125 0.036224217187500005 0.719532515625 0.0360511921875 0.7279441109375 0.060400220312499996 0.7279441109375 0.060400220312499996 0.7197414281250001 0.0479938078125 0.7198976703125
5 0.029905959375000003 0.7921928171875 0.0300219109375 0.7797716140625 0.0176088 0.779628790625 0.017731453124999998 0.81117616875 0.0300219109375 0.8113324093750001 0.029905959375000003 0.7921928171875
5 0.0394136765625 0.82416093125 0.032271628125 0.8191771250000001 0.023644785937500003 0.8253327421875 0.038602042187500005 0.8347853562499999 0.046834334374999995 0.829160659375 0.0394136765625 0.82416093125
5 0.059820479687500004 0.8300981078125 0.0499945265625 0.8298379796875001 0.05008086874999999 0.8383007906250001 0.0722268859375 0.8383007906250001 0.0721109421875 0.8300981078125 0.059820479687500004 0.8300981078125
0 0.11489564999999999 0.8944988781250001 0.11222885625000001 0.889186665625 0.10759094531249999 0.8836400921875001 0.10098193281250001 0.87965593125 0.0940250578125 0.8762967390625 0.0855608875 0.8741874781250001 0.0786040125 0.8739531156250001 0.0712875046875 0.8741149203124999 0.07187904843750001 0.9031702875000001 0.11605513281249999 0.90277968125 0.11489564999999999 0.8944988781250001
3 0.017200901562500003 0.8207942812500001 0.04406995625 0.8388975359374999 0.0719625890625 0.8388975359374999 0.07221849375 0.8695868640625 0.1753445015625 0.8702765156250001 0.2664433859375 0.8699316937500001 0.2661875 0.8249137234375 0.26669930625 0.78058540625 0.2659316125 0.724896340625 0.1709942609375 0.724896340625 0.08424560156250001 0.724896340625 0.0719625890625 0.72817216875 0.07145080000000001 0.75230984375 0.042534576562499996 0.7524822546875 0.0177126921875 0.7695694828125 0.017200901562500003 0.8207942812500001