0 0.2964859515625 0.8088580109375 0.276934375 0.8112375875 0.2573827984375 0.82035930625 0.2473276921875 0.8326537843749999 0.24704834999999997 0.8544665703125001 0.2685551203125 0.8544665703125001 0.29592736875000003 0.8540699796875 0.2964859515625 0.8088580109375
5 0.194259046875 0.8477244468749999 0.1747074703125 0.8715202203124999 0.0886804390625 0.872710009375 0.0635426765625 0.845741459375 0.0423152484375 0.8556563593750001 0.0417566140625 0.8568461468749999 0.06968747187499999 0.8889704421875001 0.1881142765625 0.8889704421875001 0.2154865 0.8564495578125 0.194259046875 0.8477244468749999
5 0.322297365625 0.7767106781249999 0.3225887828125 0.7634698249999999 0.3225887828125 0.7554011796875 0.31064105937500003 0.7547805140625 0.299567534375 0.7549873984375 0.2992761296875 0.76864203125 0.299567534375 0.78871020625 0.3214231421875 0.7889170953125 0.322297365625 0.7767106781249999
0 0.22541455625 0.649069725 0.2395728484375 0.6538311125 0.2589473 0.6543601609375 0.2600650578125 0.6271144468750001 0.2592267390625 0.62625474375 0.213119215625 0.624733753125 0.21200145781250002 0.630553221875 0.21423697343749998 0.63822435 0.22541455625 0.649069725
0 0.250005234375 0.6070108015625 0.2427398234375 0.5972235015625 0.23547437968749999 0.5914040265625 0.21833540937499998 0.5858490734374999 0.2090207640625 0.5861135984375 0.20939334375000002 0.6183852234375 0.20939334375000002 0.6186497531249999 0.2507503953125 0.6186497531249999 0.250005234375 0.6070108015625
5 0.2736886375 0.47229705156249996 0.23510559999999997 0.471851646875 0.2053056734375 0.4720743515625 0.19056257031249998 0.4720743515625 0.17942680625000001 0.471962996875 0.1802110234375 0.4874408484375 0.2175393203125 0.48810895781249997 0.2736886375 0.48810895781249997 0.2736886375 0.47229705156249996
0 0.3828504015625 0.44312298125 0.36967570625 0.4433456859375 0.35148206875 0.450917578125 0.3426989296875 0.45938029062499997 0.3383073734375 0.4720743515625 0.33799368125 0.48649435781249994 0.33862106718749996 0.48655004062499996 0.3847325015625 0.48655004062499996 0.3828504015625 0.44312298125
3 0.31086490625 0.5072128953124999 0.30901798281250004 0.47377569062499997 0.2526859546875 0.4744313203125 0.2235964796875 0.47344787187500004 0.1875809390625 0.4731200578125 0.162647103125 0.4731200578125 0.1453319390625 0.4729561484375 0.1455628359375 0.6180146109375 0.3113266578125 0.6183424375000001 0.310403196875 0.5534349140625 0.31086490625 0.5072128953124999
3 0.1900354390625 0.8907742046875 0.2194077640625 0.8580853562499999 0.2440170734375 0.8580853562499999 0.24481094531249997 0.8022888437500001 0.21226313281250003 0.7786176015625 0.21226313281250003 0.6154281187499999 0.1582814984375 0.6143009078125 0.1598691703125 0.476782265625 0.014595003125 0.476218665625 0.01340423125 0.47660004999999994 0.014595003125 0.8580853562499999 0.0487304875 0.8575217374999999 0.078102884375 0.8902106125 0.1900354390625 0.8907742046875
5 0.692782178125 0.87252249375 0.666511340625 0.8721033609375001 0.6369935843750001 0.87252249375 0.6139697203125001 0.8727320562499999 0.608361334375 0.8727320562499999 0.5983252828125 0.8730464031249999 0.5980301234375001 0.88844940625 0.6629692078125 0.8888685374999999 0.693372525 0.88949723125 0.692782178125 0.87252249375
0 0.7555963859375 0.7941806984374999 0.7695667234375 0.78907980625 0.7815413109375 0.7763275734375 0.7847345578125 0.7652756390625 0.7360378828125 0.765488175 0.7360378828125 0.77972816875 0.7364370484375 0.7955976171875 0.7555963859375 0.7941806984374999
0 0.7310865859375 0.718021346875 0.7363593078124999 0.70592714375 0.736764915625 0.6981522984375 0.736764915625 0.6978643453125 0.7083731921875 0.6981522984375 0.687687803125 0.6984402578125 0.6880934109375 0.7364506109375 0.7055340453125 0.7352987796875 0.72419143125 0.72838780625 0.7310865859375 0.718021346875
3 0.75503521875 0.85448801875 0.8483730796875 0.8540180312500001 0.8470491578124999 0.7130260421875 0.8285139593749999 0.71349601875 0.7815140640625 0.71349601875 0.7801900828125 0.6979869 0.6676550921875 0.6979869 0.6676550921875 0.71349601875 0.5379088249999999 0.7139659953125 0.5379088249999999 0.7299450796875 0.5392327765625 0.8864461890625 0.7007536046875 0.8869161765625 0.7556972078124999 0.8864461890625 0.75503521875 0.85448801875
0 0.6536346984375 0.669953415625 0.677189115625 0.6718829578125 0.6762831499999999 0.6535523000000001 0.6762831499999999 0.6400454984375 0.6278154484375 0.6397239124999999 0.6282684328125 0.652909128125 0.6377807875 0.6628784296875 0.6536346984375 0.669953415625
0 0.6751507546875 0.599203509375 0.6565789859375 0.6049921390625 0.6484255390625 0.6143182609375 0.6493315046875 0.6265386984375 0.6949681328125 0.6265386984375 0.6955343734375 0.6265386984375 0.6950813890624999 0.5979171453125 0.6751507546875 0.599203509375
0 0.8162847390625 0.5569305671875 0.7972970453125 0.5590451609375 0.780543196875 0.5664462296874999 0.7708631718750001 0.5804554000000001 0.77011856875 0.5873278203125001 0.7693739640625 0.595521865625 0.8174016625 0.5944645671875 0.8162847390625 0.5569305671875
0 0.8531795203125 0.63588856875 0.869112325 0.6292900953125 0.8770787265625 0.61860685 0.8823896609374999 0.6101231 0.881504478125 0.601010925 0.828727065625 0.6013251328125 0.8288377234375 0.6135794406249999 0.8288377234375 0.6371454156249999 0.8531795203125 0.63588856875
5 0.8154588 0.8409281515625 0.7991071921875 0.8400351531249999 0.7890446328125 0.8400351531249999 0.7789821031249999 0.8402584 0.7792965671875 0.8565556703125001 0.798792728125 0.8567789265625001 0.8157732640625 0.8570021750000001 0.8154588 0.8409281515625
5 0.93749889375 0.67859945 0.9165530984375 0.6789299078125001 0.9044510750000001 0.6789299078125001 0.8951418468749999 0.67859945 0.8878689874999999 0.67843421875 0.8879271781250001 0.693635378125 0.9107348140625 0.6938006046875 0.9372661546875 0.693635378125 0.93749889375 0.67859945
3 0.8704310390625001 0.6922153421874999 0.9572743453125 0.692478821875 0.9576454812499999 0.652692671875 0.97514678125 0.652787634375 0.9977270062500001 0.651981196875 0.998098109375 0.4734811203125 0.9175639562500001 0.47400809062500004 0.852988165625 0.47400809062500004 0.836753840625 0.474445021875 0.829421765625 0.47414777656249996 0.8291945984375 0.641641221875 0.8291945984375 0.652787634375 0.870059903125 0.65190221875 0.8704310390625001 0.6922153421874999
5 0.6509380515625 0.47158707812499995 0.6326427390625 0.47158707812499995 0.6035366046874999 0.4718822828125 0.5956363734375001 0.4718822828125 0.5902309359375 0.47158707812499995 0.5910625453125 0.48811845312499996 0.622663490625 0.48811845312499996 0.6521854593749999 0.4878232546875 0.6509380515625 0.47158707812499995
5 0.794384475 0.471372825 0.7559981125 0.47162516875 0.7346723546875 0.47162516875 0.7190334765624999 0.471372825 0.7089925765625 0.47080505781250004 0.7087260046875 0.48827966875 0.7488895375 0.48827966875 0.794029034375 0.48827966875 0.794384475 0.471372825
3 0.8379068625 0.47390685781249997 0.7981754624999999 0.47357105625000007 0.710198790625 0.473235246875 0.6813462109375 0.47390685781249997 0.6660921906249999 0.47390685781249997 0.6652644828125001 0.5947971812499999 0.7593900328125 0.5951329984375 0.8379068625 0.5951329984375 0.8379068625 0.47390685781249997
3 0.6964820109375001 0.5887526656250001 0.67425131875 0.58908848125 0.675670296875 0.550806546875 0.674724325 0.48599589062500004 0.67425131875 0.47390685781249997 0.613708246875 0.473235246875 0.576814803125 0.47390685781249997 0.5522191609375 0.47390685781249997 0.537083403125 0.4742426671875 0.5375563890625 0.6364371921875 0.6047213671875 0.63677299375 0.6960090046875 0.636101375 0.6964820109375001 0.5887526656250001