3 0.8545626625 0.6358560640625 0.8543910968749999 0.7307136421875 0.8980805953125 0.7307136421875 0.9958707859375 0.7304690578125 0.9953561078125001 0.6879123 0.9953561078125001 0.58645109375 0.9495422437500001 0.5857173578125 0.8731363109375 0.5855782234375 0.8729197624999999 0.6177572171875 0.8545626625 0.6175126328125 0.8545626625 0.6358560640625
0 0.890323325 0.6217720609375 0.893989009375 0.6185235796875 0.89745655 0.6138627171875 0.9000324453124999 0.60793070625 0.9017166765625 0.59931516875 0.902212040625 0.585332575 0.880529053125 0.5852185000000001 0.8807132828125 0.623466921875 0.8861622765625 0.6236081578125 0.890323325 0.6217720609375
0 0.951786721875 0.6086611765625001 0.9550652671875 0.6148930515625 0.959946653125 0.6205017374999999 0.9654108953125 0.6233060828125 0.9700008625000001 0.623617675 0.9696365796874999 0.5853955046875 0.9487761578124999 0.58531294375 0.9489453140625 0.5960935562499999 0.9496738796875 0.6019099765625 0.951786721875 0.6086611765625001
5 0.9566299687500001 0.7305171515625 0.9565381500000001 0.716249246875 0.9377151593749999 0.71611835 0.9057539140624999 0.716067609375 0.9056701625000001 0.73077895 0.9251358875 0.7309098453125 0.9566299687500001 0.7305171515625
3 0.8596184375 0.7299005421875 0.8594951671875 0.6857997859375 0.8597417171874999 0.6178174671875001 0.8428534000000001 0.6178174671875001 0.8428534000000001 0.5860277078125 0.8089408421875 0.5860277078125 0.7570431875 0.58637918125 0.718801746875 0.5863178062500001 0.71865995625 0.65347345 0.7187832281250001 0.7300762765625 0.8596184375 0.7299005421875
5 0.7640341765625001 0.73047304375 0.7639508937499999 0.71622640625 0.74904406875 0.7158702421875 0.730363609375 0.7159145921875 0.7301398734375 0.73059176875 0.7431312984375 0.73047304375 0.7640341765625001 0.73047304375
0 0.8170554328125 0.607575228125 0.8200052359375001 0.614074265625 0.8251003625 0.61999985 0.831134059375 0.6236316656249999 0.8364973453125 0.6238228109375 0.8368995953124999 0.5854020609374999 0.8145345765625001 0.5851889828125 0.8143737906249999 0.5968709421875 0.8154464515625 0.6020319328125 0.8170554328125 0.607575228125
3 0.870405090625 0.472803421875 0.8899841234375 0.47307180468750004 0.88970173125 0.5000372484375 0.870405090625 0.50017144375 0.8703109625 0.5468559609375 0.9140963890625 0.5468559609375 0.9708724343749999 0.5464533859375 0.9957227359375 0.5460508046875 0.9956286078125001 0.45590237968749997 0.99544035 0.40854690312499997 0.90172235625 0.40854690312499997 0.865796540625 0.4084739984375 0.8656044656249999 0.4575198359375 0.870405090625 0.45765402968749996 0.870405090625 0.472803421875
5 0.9193584453125 0.4222335265625 0.9193584453125 0.408185578125 0.9085785328125 0.407997015625 0.8987069109375 0.40797072187500005 0.8987244984375 0.4222335265625 0.9070574390624999 0.4223278078125 0.9193584453125 0.4222335265625
0 0.9079171890625 0.487446196875 0.906065421875 0.48235499375 0.9028248328125 0.4783008875 0.899716515625 0.4758495671875 0.8962775203125 0.47471818906249996 0.894425759375 0.47462390781249997 0.88969105625 0.4742930578125 0.88986248125 0.49932566874999995 0.9094382781249999 0.49970279531250006 0.9094382781249999 0.4931030890625 0.9079171890625 0.487446196875
0 0.909233575 0.519437465625 0.9046213921874999 0.5148208703125 0.9005979906249999 0.5127224171875 0.895004490625 0.5125825203125001 0.8943802859375 0.5466234437499999 0.9146308140625001 0.546717340625 0.9146308140625001 0.53510590625 0.9123737843749999 0.5257328203125 0.909233575 0.519437465625
5 0.9957788187500001 0.540214671875 0.9959465828124999 0.5202632015625 0.9958627 0.48546414687499995 0.9855711312500001 0.48533543593750006 0.9860483484375001 0.505906703125 0.9860483484375001 0.540095084375 0.9957788187500001 0.540214671875
0 0.8006411828125 0.4849707515625 0.7946532984375 0.4806220453125 0.7902471281250001 0.47949460468750005 0.7884394593749999 0.4791724765625 0.783016478125 0.47885035 0.7831267875 0.510392696875 0.80753289375 0.510257665625 0.80753289375 0.5005938765625 0.804934384375 0.4922185921875 0.8006411828125 0.4849707515625
5 0.780443865625 0.42251568281249996 0.7802799421875 0.40849445781249993 0.757740740625 0.4082607703125 0.7298785125 0.40836919375 0.72995605625 0.4222819953125 0.7488889859375 0.42216515 0.780443865625 0.42251568281249996
3 0.3645588140625 0.5598709937499999 0.3630579265625 0.560584221875 0.360806584375 0.669332171875 0.3555534640625 0.6696887796875 0.3555534640625 0.7309691921875 0.4538619 0.7313258 0.5772515484375 0.7309691921875 0.576751259375 0.6301047453125 0.5770014031249999 0.499641409375 0.5765010953124999 0.4087051 0.4327487703125 0.40912801875 0.43410016718750005 0.5406138859375 0.3645588140625 0.5409705078125 0.3645588140625 0.5598709937499999
5 0.44701422968750004 0.73074736875 0.4471586828125 0.7167437828125001 0.4113339234375 0.7159200390625 0.361374528125 0.7156281328125 0.36164153125 0.7309533 0.395732828125 0.7309533 0.44701422968750004 0.73074736875
5 0.567507815625 0.7306935390625 0.567396628125 0.71626900625 0.543360478125 0.7161104921875 0.502465403125 0.716205534375 0.5023510984375 0.7308520546875 0.5272574234375 0.7308520546875 0.567507815625 0.7306935390625
0 0.32683866875 0.681593475 0.32151783125 0.67709841875 0.312846825 0.6754127765625 0.31245269531250003 0.7127779624999999 0.311837565625 0.7130057109375 0.334524334375 0.713620784375 0.334524334375 0.6987308984375 0.3313712453125 0.6888979546875 0.32683866875 0.681593475
5 0.348386690625 0.71455748125 0.3482931546875 0.700956128125 0.3442710625 0.700956128125 0.339401278125 0.70080435625 0.3393136078125 0.71455748125 0.34361630781249997 0.71455748125 0.348386690625 0.71455748125
0 0.3521445578125 0.5951498468749999 0.356863478125 0.591390465625 0.3610272375 0.582288790625 0.3632479171875 0.5733849828124999 0.36338670624999997 0.5599303421874999 0.3420009328125 0.559761253125 0.34145756875 0.5971284703124999 0.34673166875 0.5973263375 0.3521445578125 0.5951498468749999
0 0.346592878125 0.51821301875 0.35061783750000003 0.5239510234375 0.3564471078125 0.52850185625 0.3622763671875 0.5308762078125 0.36935475625 0.5314697921875 0.369254078125 0.49993340000000003 0.343400659375 0.5000096765625 0.3443721984375 0.5124750062500001 0.346592878125 0.51821301875
0 0.3448576046875 0.44034256406249994 0.34851104374999997 0.4482449203125 0.354558134375 0.4547104796875 0.3621169921875 0.4584820625 0.3692979046875 0.4592004546875 0.3695195359375 0.42753252656249996 0.3433458265625 0.426333846875 0.34321984843750003 0.43315860624999997 0.3448576046875 0.44034256406249994
0 0.32052919687500003 0.44488155625000003 0.32506450937500003 0.440571178125 0.3297258109375 0.4335668234375 0.33224543125 0.423688878125 0.33287533593749996 0.40914136250000005 0.31074809375 0.4091314828125 0.311458565625 0.4466775453125 0.3156159375 0.44649794375 0.32052919687500003 0.44488155625000003
3 0.08910412031250001 0.6140163140625 0.085480415625 0.617374196875 0.0817661125 0.6224110203125 0.07941070312500001 0.6275632234375 0.0782329984375 0.6345372859375 0.0781424046875 0.6407364546875 0.097166871875 0.6406073046875 0.09689509843750001 0.6704407921875 0.09734806093750001 0.730216275 0.20570141406250003 0.730345421875 0.27842669531249997 0.730603721875 0.27824551249999996 0.65856594375 0.27824551249999996 0.593502225 0.27797373125 0.5443672625 0.2118886734375 0.5437215156249999 0.21206985625 0.514146325 0.2072427453125 0.514275471875 0.2033472625 0.515825265625 0.19936118281249998 0.519312296875 0.1960092546875 0.5244782671875 0.19347265625 0.5297733921875001 0.191660803125 0.5355851109375 0.1907548765625 0.53145233125 0.189014628125 0.5269321062500001 0.1857532921875 0.5211203875 0.1813142484375 0.5166001609374999 0.1766034234375 0.5145337718749999 0.1710772703125 0.514017175 0.1710772703125 0.5442407140625 0.12871483749999998 0.5435949671875 0.097011009375 0.5438417546875 0.09734806093750001 0.6114333281250001 0.0930902 0.6119499234375 0.08910412031250001 0.6140163140625
0 0.090329253125 0.61260996875 0.08671419999999999 0.615057946875 0.08337027500000001 0.618923171875 0.08065898437499999 0.6238191234375 0.07858032968749999 0.6323226203125001 0.0782188265625 0.6400530703125 0.1061451125 0.6404395921875 0.1061610921875 0.609511525 0.09710747812500001 0.6105485171875 0.093492425 0.6110638796875 0.090329253125 0.61260996875
3 0.0841392109375 0.4356579515625 0.080665659375 0.44241055156250003 0.07813944375000001 0.45073875625 0.07750788593749999 0.45951714062500004 0.0970860890625 0.46019240000000006 0.09661241875 0.4867166390625 0.0771921140625 0.48694172656249995 0.07750788593749999 0.49752080000000004 0.0824024390625 0.5074246140625001 0.08840220625 0.5139521265625 0.09724397500000001 0.5186789484375 0.096928190625 0.5501910859375 0.21349384374999997 0.5506412609375 0.27791241875 0.55131651875 0.278386090625 0.49191763125000004 0.2782282046875 0.3807607921875 0.24405785156249998 0.3807607921875 0.1865402765625 0.3807607921875 0.0969978 0.380571796875 0.09661241875 0.42980569687500003 0.08919165 0.43138130468749997 0.0841392109375 0.4356579515625
0 0.0865075421875 0.43340708437500003 0.082244546875 0.439934596875 0.0786131078125 0.44848789062499994 0.07782366406249999 0.459742225 0.1060857390625 0.46064257499999994 0.1064672515625 0.42781984843750004 0.0974018625 0.42935552499999996 0.091086315625 0.43048095937499997 0.0865075421875 0.43340708437500003
0 0.080665659375 0.505197740625 0.08492865468750001 0.511725259375 0.09061264999999999 0.5160019 0.0974018625 0.518928034375 0.1058748375 0.5186598484375 0.10640151093750001 0.48719080625 0.07813944375000001 0.48674063125 0.07782366406249999 0.4946186640625 0.080665659375 0.505197740625
1 0.21507531562499999 0.5504303687500001 0.214423571875 0.5105172062500001 0.1948712703125 0.5105172062500001 0.1896573234375 0.5253686156249999 0.1824881453125 0.5105172062500001 0.16814979218749998 0.5105172062500001 0.1674980484375 0.5439328765625 0.1674980484375 0.544861090625 0.16814979218749998 0.5513585828124999 0.21507531562499999 0.5504303687500001