3 0.15762214375 0.47368124375000004 0.15762214375 0.53039544375 0.13958322343750001 0.5317298765625 0.13582511875 0.7536585062500001 0.2004645296875 0.8230500078125 0.39287954375 0.8203811453125001 0.39267616250000004 0.113280815625 0.3440241671875 0.1125754859375 0.29667206562500004 0.076545290625 0.290659071875 0.081215871875 0.27712986875 0.10323432031249999 0.271116934375 0.0872209140625 0.2620974453125 0.0792141921875 0.2215099453125 0.11124103593750001 0.0020672843749999998 0.11189465000000001 0.002036521875 0.1109679625 0.00278813125 0.4723467875 0.15762214375 0.47368124375000004
3 0.6022631703125 0.5424332109375001 0.6753070859375 0.5419456828125 0.748350959375 0.5414581546874999 0.747801765625 0.464915090625 0.747801765625 0.39422245624999996 0.601713975 0.3937349078125 0.6006155875 0.39324738125 0.6022631703125 0.46637769375 0.6022631703125 0.5424332109375001
3 0.9908449609375 0.54392696875 0.992492584375 0.4512952390625 0.9913941968750001 0.321123278125 0.85134758125 0.323073409375 0.7382119265625 0.323073409375 0.7387611203125 0.3895048046875 0.7376627328125 0.5430784609375 0.9908449609375 0.54392696875
3 0.7495230687500001 0.332374159375 0.9920808125 0.3315086859375 0.9920808125 0.254965640625 0.990982425 0.1121177578125 0.961874646875 0.11309283125 0.7372509609375 0.11309283125 0.73834935 0.172572146875 0.7372509609375 0.3324837796875 0.7495230687500001 0.332374159375
0 0.733986046875 0.41186895 0.7373896249999999 0.3944959171875 0.67612545 0.3933628953125 0.6774017984375 0.39374056562500004 0.6774017984375 0.3990280171875 0.72164815 0.43037501718750004 0.7263280453125 0.4247098953125 0.733986046875 0.41186895
0 0.756534678125 0.337467046875 0.738240503125 0.3340679609375 0.7389089828125 0.38757056875 0.7458985375 0.389208465625 0.7816359765625001 0.3487972875 0.7705743968750001 0.3427544765625 0.756534678125 0.337467046875
0 0.765043590625 0.31419701875 0.7739779421875 0.31155329374999996 0.782061415625 0.305888171875 0.7446221875 0.2650992890625 0.7369641859375 0.26774301562499997 0.7369641859375 0.32023980937499996 0.748025765625 0.3187291046875 0.765043590625 0.31419701875
0 0.7390914140625 0.255279753125 0.6948450625 0.22279973125 0.6888888171875001 0.2299755421875 0.6846343625 0.245460215625 0.680400496875 0.26061430625000004 0.6795290265625 0.2635886 0.7378150640625 0.2632109171875 0.7390914140625 0.255279753125
0 0.193054421875 0.5177267390625 0.201581159375 0.5108156140625 0.16599124062499998 0.47263984687500005 0.1589473953125 0.47263984687500005 0.157464503125 0.523321465625 0.1748887265625 0.523321465625 0.193054421875 0.5177267390625
0 0.0862232203125 0.47034206718749993 0.137445165625 0.47132345625000005 0.137445165625 0.4588175921875 0.1329964078125 0.4476281484375 0.1252111171875 0.43775510000000006 0.0859139140625 0.4653996203125 0.0862232203125 0.47034206718749993
5 0.0034687484375 0.7086093453125 0.0193378734375 0.7086093453125 0.017895246875 0.6864111875 0.017895246875 0.659517275 0.0029878359375 0.6582366484375 0.0029878359375 0.659944171875 0.005392253125 0.6898263015625 0.0034687484375 0.7086093453125
5 0.005392253125 0.8096168828125 0.017895246875 0.8100437812499999 0.017414334375 0.7861380671875 0.017414334375 0.7545483890625 0.0044304999999999995 0.753267746875 0.0034687484375 0.754975278125 0.0044304999999999995 0.7767465546875 0.005392253125 0.8096168828125
5 0.034476909374999996 0.8237553890625 0.05537960468749999 0.8210563875 0.05689980625 0.8092482484374999 0.034096865625 0.8089108640625 0.0172000640625 0.8099719328124999 0.0169946609375 0.810935125 0.0169946609375 0.8220685124999999 0.034476909374999996 0.8237553890625
5 0.137470184375 0.822743265625 0.13785022656249998 0.8105977421875 0.118467734375 0.810260371875 0.104785975 0.8105977421875 0.1066862203125 0.8210563875 0.121128065625 0.8217311421875 0.137470184375 0.822743265625
5 0.1945798890625 0.81348429375 0.20522124375 0.8080862796874999 0.18089813125 0.7794093671875 0.1653160984375 0.760516346875 0.1542947 0.7672638546874999 0.1523944546875 0.76625173125 0.177097640625 0.79222964375 0.1945798890625 0.81348429375
5 0.37776350000000003 0.8107852921875001 0.312015009375 0.8111226890625 0.2109219796875 0.8101105390625 0.21168209531249998 0.8215813093750001 0.2949128328125 0.82225605 0.37776350000000003 0.8225934203125 0.37776350000000003 0.8107852921875001
5 0.18393850625 0.124409896875 0.1843185484375 0.1129391265625 0.10374817031250001 0.11327649687500001 0.034959290625 0.11395124999999999 0.0353393484375 0.1247472671875 0.1132493953125 0.124409896875 0.18393850625 0.124409896875
5 0.918741509375 0.1246080109375 0.9192182109375 0.11318300156250001 0.85725088125 0.11275983593750001 0.8082119640625001 0.11379403125000001 0.8110136984375 0.1241848609375 0.868214309375 0.12630060625 0.918741509375 0.1246080109375
5 0.8906179046875 0.5420926703125 0.9492485453124999 0.541669528125 0.9492485453124999 0.5281287734375 0.883944528125 0.5298213765625001 0.8266860625 0.5288884281249999 0.8281739109374999 0.528975059375 0.82674388125 0.5425158453125001 0.8906179046875 0.5420926703125
5 0.7156793453125 0.54336213125 0.7156793453125 0.5298213765625001 0.67468558125 0.5310908046875 0.6432252515625 0.5306676609375 0.6427485875000001 0.5425158453125001 0.675638946875 0.541669528125 0.7156793453125 0.54336213125
5 0.6705242765625 0.1256696765625 0.715613596875 0.1260437578125 0.7151922093749999 0.11332505 0.6755810109375 0.112950975 0.6402062640625 0.1122847671875 0.640605159375 0.112950975 0.63976238125 0.124547434375 0.6705242765625 0.1256696765625
1 0.3506275859375 0.12894143593750002 0.3492944015625 0.11238014999999998 0.2919674578125 0.0650621921875 0.275969240625 0.08517232500000001 0.2666369484375 0.0662451421875 0.2270919140625 0.0944536234375 0.207576203125 0.1038989859375 0.20264407968749998 0.1301243859375 0.3506275859375 0.12894143593750002