3 0.593004009375 0.10999048281249998 0.592325259375 0.35253976875 0.8378207796874999 0.3460358828125 0.8378207796874999 0.11081222187499999 0.593004009375 0.10999048281249998
3 0.967325325 0.5836799625 0.9954784875 0.5847639265625 0.9954784875 0.41132713593750003 0.8492403203125001 0.4120579390625 0.8479559343749999 0.590183828125 0.8749829874999999 0.5880159 0.9234064609375 0.625955203125 0.967325325 0.5836799625
3 0.250019915625 0.4310685625 0.2832738796875 0.45788658125000004 0.307327165625 0.45683417187500003 0.32810045312499997 0.439293965625 0.3383048921875 0.42982224999999996 0.41120766093750005 0.43174900625 0.4090867484375 0.42902700156250007 0.408669565625 0.112223890625 0.3432494265625 0.1155576859375 0.3413253046875 0.1100013578125 0.339016334375 0.1029633421875 0.3367074234375 0.0966661671875 0.3347833015625 0.09148026249999999 0.330935059375 0.08740561875 0.32747160468750003 0.0829605546875 0.2862954109375 0.1177802125 0.286680259375 0.112223890625 0.2103414171875 0.11303686718749999 0.2111369109375 0.3310342890625 0.248606009375 0.32899277968749996 0.250019915625 0.4310685625
5 0.0782277140625 0.78941698125 0.09378089375000001 0.794861015625 0.10884428906250002 0.7995104656249999 0.12267669375000001 0.8027382921875 0.1398624265625 0.8043521890625 0.15620984375 0.8039487187500001 0.17423392499999998 0.8019313359375 0.20106041874999997 0.7946687578125 0.224952840625 0.78256445625 0.24130022499999998 0.7757053468749999 0.24842600625000003 0.7708636546875 0.2383660875 0.760373234375 0.22914448437499998 0.7660218999999999 0.218665375 0.77167058125 0.2065095703125 0.77610881875 0.18680885625000002 0.7853887796875 0.172138103125 0.7890201078125 0.1520182015625 0.79144093125 0.1415390921875 0.7926513734375 0.11890420937499999 0.7894235468749999 0.10591011875 0.7861957375 0.09040105000000001 0.7809505734375 0.07698777031250001 0.774898421875 0.0648320296875 0.768039284375 0.056867900000000006 0.7611801765624999 0.0514401328125 0.7595523921875 0.046414346875 0.769001834375 0.05772575625 0.7792094078125 0.0633814875 0.7812509171875 0.0782277140625 0.78941698125
0 0.25471347187500004 0.557261078125 0.253036840625 0.5584715124999999 0.24800688124999998 0.5612958453125 0.24004271875 0.5645236640625 0.279444209375 0.6089060953125001 0.2798633359375 0.5516124203125 0.263096759375 0.5540332671875 0.26142012812500004 0.5544367453125 0.2597434328125 0.5552436937499999 0.25471347187500004 0.557261078125
0 0.304898428125 0.7520530437499999 0.3015951640625 0.7568224703124999 0.3015951640625 0.7655664265625 0.365182815625 0.7647715328125 0.31728562656250003 0.7282058546875 0.3099378265625 0.743209778125 0.311504959375 0.7425141625 0.30820169375 0.7472835875 0.304898428125 0.7520530437499999
0 0.32141469218749996 0.486232509375 0.33875675625 0.4894121171875 0.33574877187499996 0.44024401874999997 0.2999435625 0.4782834453125 0.30985329375 0.4822579765625 0.31893722812499997 0.486232509375 0.32141469218749996 0.486232509375
0 0.236355909375 0.5347217796875 0.24626570625 0.536311659375 0.2561754390625 0.5379014171875001 0.2603045046875 0.5379014171875001 0.259478703125 0.4782834453125 0.25212130625 0.47997723125 0.21901384531249998 0.524388065625 0.2231429109375 0.5267727171875001 0.2297494421875 0.5339268859375 0.236355909375 0.5347217796875
0 0.328021221875 0.8458519796875 0.32884702187500003 0.848236753125 0.3750925484375 0.8124659703124999 0.30985329375 0.810876090625 0.31716489062500003 0.8226762078125001 0.3222404921875 0.8307487484375 0.32471795625 0.8355182046875 0.3263695578125 0.8418774484375 0.328021221875 0.8458519796875
5 0.028082290625 0.2693911953125 0.0265994140625 0.2816197640625 0.06954167343749999 0.28320958281249997 0.0720191390625 0.26969616875 0.028082290625 0.2693911953125
5 0.1636843890625 0.2712859890625 0.16533599062499998 0.2840045375 0.20580084687500003 0.28320958281249997 0.20580084687500003 0.2712859890625 0.1636843890625 0.2712859890625
5 0.227342796875 0.11145166718749999 0.22644617656250002 0.1250232203125 0.2685626359375 0.1258181140625 0.2685626359375 0.112304746875 0.227342796875 0.11145166718749999
5 0.35330021562499997 0.11145166718749999 0.3527956171875 0.1234334015625 0.39573787656250003 0.1218435828125 0.39656367812500004 0.112304746875 0.35330021562499997 0.11145166718749999
0 0.33875675625 0.105945471875 0.33875675625 0.09958621250000001 0.3321502890625 0.08766261875 0.32884702187500003 0.0828931765625 0.2830944421875 0.11641831875 0.3486665515625 0.1218435828125 0.3445374859375 0.1154843375 0.33875675625 0.105945471875
5 0.28507889999999997 0.807696484375 0.2826014984375 0.7647715328125 0.2665754359375 0.76009639375 0.2685626359375 0.8172353359375 0.313156559375 0.8220047906250001 0.311504959375 0.807696484375 0.28507889999999997 0.807696484375
3 0.6489075578125 0.59259750625 0.654688225 0.598161825 0.6712044875000001 0.6045211 0.6868949515625 0.6172395890625 0.70919188125 0.6251886515625 0.7331404765625 0.6323428203125 0.752134203125 0.6315479265625 0.77030206875 0.625983546875 0.7942506640625 0.6164446953125 0.8239799250000001 0.599751675 0.8338897203125001 0.58941786875 0.8404961875 0.5838535499999999 0.8603157171875001 0.5838535499999999 0.8578382515625 0.3382274953125 0.8264573890625 0.3382274953125 0.5919264359375 0.33902238906250004 0.5919264359375 0.5870331859375 0.642301028125 0.5862382312500001 0.6489075578125 0.59259750625
5 0.668721421875 0.1104400515625 0.668240228125 0.12433580625 0.8029765765624999 0.12294622968749999 0.8032088171874999 0.1127983140625 0.668721421875 0.1104400515625
5 0.8772478593749999 0.11066914218749999 0.8763514296875 0.12493506562500001 0.9682608609375001 0.1230823015625 0.9663360484375 0.11242888437500001 0.8772478593749999 0.11066914218749999
5 0.9813249078125 0.2825767515625 0.9812532796875001 0.3525497828125 0.9937645406250001 0.3506970078125 0.9942456984374999 0.28168143125 0.9813249078125 0.2825767515625
5 0.9576744109374999 0.5719208046875 0.9225467421875001 0.60434423125 0.8850686781249999 0.5719835015625 0.8782762046875 0.581184640625 0.9225467421875001 0.6214823140625 0.9658548546875 0.5784054796875 0.9576744109374999 0.5719208046875
5 0.6814649234375 0.611755328125 0.6949385359375 0.6168503953125 0.7151490109374999 0.62055594375 0.7348782546875 0.6256510828125 0.7613443234374999 0.621945515625 0.7815547609375 0.6173135984375 0.8065772484375 0.607586559375 0.8200508609374999 0.5997123125 0.8383365234375001 0.58442696875 0.8277500734375 0.5733103765625 0.8205320546875001 0.580258253125 0.8075396359375 0.5895220906249999 0.7945472171875 0.5992491109375 0.7675999171875 0.6103657203124999 0.7445022796874999 0.6126816796875 0.7315098234375 0.6136080671874999 0.7112993859375 0.60990251875 0.6925325296875 0.60480745 0.6838709296875 0.5997123125 0.6713596671875 0.5895220906249999 0.6617356421875 0.5835006 0.6492244171875 0.5709944171875 0.6444124046875 0.586742928125 0.6588484421875 0.5987859265625 0.6679912734375 0.601101884375 0.6814649234375 0.611755328125
0 0.8955994796875 0.2366580578125 0.8917498546875 0.23156295624999998 0.8883814609374999 0.22368869062500002 0.8864566484375 0.217667209375 0.8835694484375001 0.21118250781249998 0.8797198234374999 0.2079401625 0.8441109234375 0.2399004046875 0.8369405625 0.2397445515625 0.8373740984375001 0.24592189375 0.8960806734375 0.244532321875 0.8955994796875 0.2366580578125
0 0.8128328421875001 0.3320755640625 0.823419290625 0.333465153125 0.8344868984374999 0.335317909375 0.8340057046875 0.27973489375 0.7955096046875 0.3228117265625 0.8008028109374999 0.3279068484375 0.8056148234375 0.32929645625 0.8128328421875001 0.3320755640625
0 0.8263064921875 0.36088723125 0.8229380609374999 0.3636663765625 0.8186072796874999 0.36783510937499997 0.8513289421874999 0.40905916875 0.8495741921875 0.354349625 0.8421861109375 0.35532892656250004 0.8325620859375 0.3571817 0.8291936921874999 0.3590344578125 0.8263064921875 0.36088723125
3 0.0416646828125 0.76833023125 0.0626977578125 0.7845269296875 0.07636924843750001 0.7906007203125001 0.0958248671875 0.79869906875 0.1173837609375 0.8027482234375001 0.15051083125 0.8078096953125 0.19099952343749999 0.8002174875 0.21255841874999998 0.79313145625 0.23674644531250003 0.78199619375 0.24936629843749997 0.7723793859375 0.250943796875 0.7673179140624999 0.2714510125 0.76833023125 0.273028509375 0.7647871765625001 0.283019228125 0.7622564406250001 0.28144173125 0.538033209375 0.257779521875 0.5390454984375 0.257779521875 0.32119725 0.2209716390625 0.32069110156249997 0.2204458203125 0.27695751562500004 0.2225491375 0.27088374375 0.1631306828125 0.271389903125 0.1279002984375 0.2440579421875 0.12421948593750001 0.2496255546875 0.1226420296875 0.25569932500000003 0.11948707656249999 0.2622792375 0.11843539843749999 0.2703776046875 0.11843539843749999 0.27341448125 0.11685794218750001 0.27189604218749996 0.11475462656249999 0.2643038328125 0.11212549218750001 0.25924236093749997 0.1105479953125 0.256205484375 0.1084446796875 0.25367474843750004 0.1058155453125 0.2496255546875 0.102536628125 0.2434905390625 0.07111097968749999 0.27149235156249996 0.005908459374999999 0.27250465 0.006434278125 0.770354828125 0.0416646828125 0.76833023125
1 0.1170043703125 0.26250099531250004 0.11149285 0.2518905078125 0.1036848609375 0.2434905390625 0.062807778125 0.276427259375 0.062807778125 0.2839430421875 0.1671530546875 0.284020390625 0.1663783890625 0.27067991406249997 0.127108825 0.24216422343750002 0.12159730312499999 0.25034314375 0.1170043703125 0.26250099531250004
0 0.290665515625 0.45090745468750004 0.29386411875 0.4459812125 0.2961031328125 0.44074709843750004 0.2967428546875 0.44305626875000004 0.29898188124999997 0.4482903828125 0.30170068906249997 0.45260083125 0.3052191609375 0.4559876140625 0.33608569374999997 0.4328959171875 0.33592575468749997 0.4253526328125 0.25617073281249997 0.42556584375 0.25628052343749996 0.43335775156249995 0.2855477421875 0.4567573375 0.290665515625 0.45090745468750004