3 0.8665955609375 0.2305798765625 0.8668173875 0.282058546875 0.8542937953124999 0.28665019687500004 0.8461534421874999 0.29537433125 0.8561723296875 0.3128226 0.8658781093749999 0.3311892015625 0.8658781093749999 0.36792240625 0.8665042796875 0.5373053703124999 0.99956745 0.5373053703124999 0.9992543656249999 0.282107484375 0.999880559375 0.1003515515625 0.9009441593749999 0.1003515515625 0.8055602609375001 0.0999405578125 0.8048594828125 0.1419857 0.8050202125 0.2303441515625 0.8665955609375 0.2305798765625
0 0.8529183281250001 0.28923722343749997 0.8474534531250001 0.296073190625 0.8585439453125 0.3149310359375 0.8683486031250001 0.3323745453125 0.8714025 0.3321388171875 0.8712971328125001 0.2836895390625 0.8636873749999999 0.2845227625 0.8591868765624999 0.28593710156249996 0.8529183281250001 0.28923722343749997
5 0.9719466156250001 0.5383085390625 0.9719466156250001 0.52440088125 0.961981240625 0.52440088125 0.9231734171875001 0.5246366046875 0.8893895781250001 0.5246135875 0.8899733296875001 0.5380728203125 0.926620215625 0.5380728203125 0.9719466156250001 0.5383085390625
5 0.8292348875 0.5381891125 0.8291005390624999 0.525578909375 0.8063951546875 0.525381875 0.7864282328125001 0.525168121875 0.78677985625 0.5379920734375 0.804917290625 0.5379920734375 0.8292348875 0.5381891125
0 0.8281600828125001 0.3837876765625 0.8339371859375 0.39521566875 0.8445509453125 0.38122623125 0.8578517328125 0.3638872078125 0.857717384375 0.359355415625 0.8249078000000001 0.3587450703125 0.824935646875 0.367433825 0.8260104531250001 0.37610333281249997 0.8281600828125001 0.3837876765625
3 0.49808467500000003 0.4531952640625 0.5068638187500001 0.46034812187499996 0.5181791640625 0.46635652656250004 0.5179840609374999 0.566164653125 0.5177889718750001 0.6828535375 0.633283478125 0.6828535375 0.6328933 0.518955803125 0.633283478125 0.403125271875 0.5685129124999999 0.402266925 0.5178196546875 0.4022481375 0.5175938828125 0.41943378124999997 0.5060834468750001 0.43888955 0.49808467500000003 0.4531952640625
0 0.5072539968750001 0.437458978125 0.4986699484375 0.45376749531250005 0.5041325265625 0.45834532968749997 0.5134969515625001 0.46378149375 0.5228613625 0.4666426375 0.52269968125 0.4158327703125 0.519544803125 0.414855953125 0.5154478734375 0.42372549687500005 0.5072539968750001 0.437458978125
5 0.6031399484375 0.6830623015625 0.6031399484375 0.6697172953125 0.573659528125 0.6698761640625001 0.5412908140625 0.6697844328125 0.5412848296874999 0.6830623015625 0.56782511875 0.6833800343750001 0.6031399484375 0.6830623015625
3 0.37021775 0.62595850625 0.37012998750000004 0.68257174375 0.3828452578125 0.6824430296874999 0.4430372359375 0.6824430296874999 0.5229185375000001 0.6824430296874999 0.5229185375000001 0.66726859375 0.5229185375000001 0.6185068609375 0.5229185375000001 0.5512172843750001 0.5230063015625 0.48289800625 0.47222043437499994 0.48302671718749995 0.44179003281250007 0.48354157343750004 0.41473934375 0.48315543125 0.3702695125 0.48378752656249996 0.370042215625 0.51531315625 0.37021775 0.5791274734375 0.37021775 0.62595850625
0 0.506462421875 0.51737035625 0.509502921875 0.5097098953125 0.5120756484375 0.5013634234375 0.51355691875 0.4925596109375 0.5137908046875 0.4824981078125 0.48179823437499997 0.48246037187499996 0.4816706625 0.4882148703125 0.49305304687499996 0.501706428125 0.506462421875 0.51737035625
5 0.4682077515625 0.68262940625 0.4681019875 0.6705312250000001 0.43294374375 0.6704536734375 0.40682539531249995 0.6702713171875 0.407020584375 0.68262940625 0.4317730796875 0.6824743046874999 0.4682077515625 0.68262940625
3 0.48499945 0.32168048125 0.4851108625 0.4105411265625 0.5704833578125 0.4103777328125 0.6330978234375 0.41005094218749993 0.633209234375 0.369219659375 0.633209234375 0.310260259375 0.6330978234375 0.2150446359375 0.6329864109375001 0.135510734375 0.600086778125 0.1361643171875 0.588499759375 0.10005406562500001 0.5134299999999999 0.10005406562500001 0.499391875 0.14317008281250002 0.4852266453125 0.1431544765625 0.48499945 0.2151906140625 0.4851108625 0.27807148593750003 0.48499945 0.32168048125
5 0.5822673109375 0.1124646265625 0.5932972624999999 0.1469409265625 0.600873384375 0.13942476875 0.5888407171875001 0.0997198296875 0.51330226875 0.0995564375 0.504708803125 0.1250460265625 0.497810321875 0.143971103125 0.5057223843750001 0.1544425859375 0.5170865796874999 0.1199662796875 0.5195376765625 0.1121378359375 0.5822673109375 0.1124646265625
0 0.5039505046875 0.33079435625000003 0.4993825390625 0.32785325 0.4945917578125 0.32572911875 0.4903580359375 0.3244219625 0.4852266453125 0.323628746875 0.485344421875 0.37229663749999997 0.48768410624999997 0.37229663749999997 0.508852696875 0.33602299062499996 0.5039505046875 0.33079435625000003
0 0.4573031203125 0.2635707765625 0.45311209531249996 0.2743799484375 0.45036625937499997 0.2834935578125 0.44935462656249997 0.2915474453125 0.4493769515625 0.299296840625 0.48201570781249997 0.299389390625 0.48201570781249997 0.2945146703125 0.46944264062499996 0.2760755015625 0.4573031203125 0.2635707765625
5 0.44609938437499996 0.1552611984375 0.44609938437499996 0.143021934375 0.42451327499999997 0.1426688765625 0.4043835390625 0.1428089453125 0.4041308578125 0.1550258265625 0.42258738124999995 0.154908140625 0.44609938437499996 0.1552611984375
3 0.0029995078125000002 0.6316207515625 0.0029995078125000002 0.726921690625 0.003120790625 0.7891670671875 0.1289199140625 0.7889891984374999 0.12879863125 0.7509437609375 0.1289557828125 0.68637590625 0.135089209375 0.6853764609375 0.1407682984375 0.6820449703125 0.1478103671875 0.6757151328125001 0.1407682984375 0.661389725 0.128728621875 0.64140078125 0.128728621875 0.6111019703125 0.1289557828125 0.46257075312499996 0.04899420625 0.4629039046875 0.04899420625 0.467901140625 0.0028979484375 0.46712559374999996 0.003242078125 0.49898585781250004 0.0029995078125000002 0.5667262734375 0.0029995078125000002 0.6316207515625
0 0.06764414375 0.48887466249999995 0.0724955234375 0.498123953125 0.0841388328125 0.48336066093749996 0.096388575 0.4671743984375 0.096388575 0.463083365625 0.0637419703125 0.46254262187500006 0.06376304375 0.4714433015625 0.065097171875 0.47926962656249994 0.06764414375 0.48887466249999995
0 0.14733343125 0.67560485625 0.1387314609375 0.657983465625 0.1313583375 0.6455683921875 0.1268525375 0.638559884375 0.12315894375 0.6390535328125 0.12316597968750001 0.6874192015625 0.13381605000000002 0.685817259375 0.141871859375 0.681011421875 0.14733343125 0.67560485625
5 0.097282859375 0.7892470375 0.097215621875 0.7768222375 0.0671854140625 0.7767236296875 0.0357573125 0.7766132875 0.0359050640625 0.7895428703125 0.053846685937500006 0.7895428703125 0.097282859375 0.7892470375
0 0.15662085312500001 0.7506033140625 0.1527946515625 0.7598116828125 0.15024385468749998 0.76815676875 0.148968453125 0.77779678125 0.14800445 0.78870570625 0.1808534390625 0.78873171875 0.1808534390625 0.7822570843750001 0.165744859375 0.7621137765625 0.15662085312500001 0.7506033140625
5 0.24760174531249998 0.7889973453125 0.24747968125000003 0.7772716125 0.23185508437500002 0.7773611203125 0.2158131890625 0.77741574375 0.21562015156249997 0.789176365625 0.23008510937499999 0.78908685625 0.24760174531249998 0.7889973453125
0 0.192411290625 0.6993495015625 0.1887550828125 0.7016764296875 0.1827533796875 0.7084521234375 0.191583471875 0.7239312515625 0.2033109359375 0.7433560406249999 0.20655323281250001 0.74325486875 0.206311603125 0.6961626140625 0.19999965 0.6963143781250001 0.19613648749999998 0.6976295984374999 0.192411290625 0.6993495015625
0 0.1045947796875 0.322719746875 0.0994352234375 0.31884406875 0.09490488750000001 0.3162602921875 0.0902487125 0.3153375109375 0.08486534999999999 0.315040884375 0.0844599515625 0.36369115 0.087731859375 0.36369115 0.10862174218750001 0.3269645296875 0.1045947796875 0.322719746875
5 0.2162422578125 0.1477906875 0.2236141453125 0.138747446875 0.2064995421875 0.0992524953125 0.1321940875 0.09943705 0.1116218609375 0.1450912921875 0.119525240625 0.1548038078125 0.13726905625000002 0.1125405171875 0.20151866875 0.1129096296875 0.2162422578125 0.1477906875
0 0.07021802656250001 0.17439315 0.0729048015625 0.1678830453125 0.075007503125 0.157089978125 0.075474771875 0.14321317656250002 0.042252784375000005 0.14346091249999998 0.04229885625 0.15040855625 0.0671807875 0.1815885296875 0.07021802656250001 0.17439315