5 0.397208346875 0.821383278125 0.35827454531249997 0.8236568796875 0.3575111375 0.8469612906249999 0.38041337343750004 0.8480980921875 0.42011058281249997 0.8480980921875 0.4197288796875 0.821383278125 0.397208346875 0.821383278125
5 0.58462498125 0.843550890625 0.5727921593749999 0.82763568125 0.546072884375 0.8702657015625 0.5101927125 0.8685605015625001 0.481946621875 0.8304776828125 0.47545765468749995 0.8361616859375 0.4710586390625 0.8452724281249999 0.48843558906249995 0.8708341015625001 0.5056122656250001 0.8947069140625 0.5552337781250001 0.8924333125 0.58462498125 0.843550890625
5 0.6764466078125 0.8240160828124999 0.6477462390625 0.8229820968749999 0.6398767828125 0.8229820968749999 0.630155690625 0.8229820968749999 0.62364074375 0.823679378125 0.6234435078125 0.8471084375 0.6498293296875 0.8477977624999999 0.6759836984375001 0.8474531000000001 0.6764466078125 0.8240160828124999
0 0.6507478875 0.5958432890625 0.65321198125 0.58667000625 0.6353473046875 0.5848353484375 0.6233348484375 0.5839180203125001 0.6156345578125 0.58345935625 0.6099443890625 0.5846886687499999 0.6107063703125 0.608227221875 0.615018534375 0.6247391296875 0.633499234375 0.611896534375 0.6507478875 0.5958432890625
0 0.597679865625 0.5675363625000001 0.561125203125 0.5685732015625 0.553814271875 0.56701794375 0.5496365953125 0.5742758125 0.5572956671875 0.5825705203125 0.5726138109375001 0.5970862578125 0.5875838156250001 0.60849148125 0.5945466078125 0.5877547125 0.597679865625 0.5675363625000001
3 0.72844706875 0.6348311234375 0.72844706875 0.5866115625 0.644829275 0.5853908140625 0.6247446078125 0.5847804390625 0.6038401609374999 0.5847804390625 0.6038401609374999 0.8441894734375 0.6813095875 0.8441894734375 0.7292668515625 0.8441894734375 0.72844706875 0.6348311234375
0 0.438732840625 0.5593383375000001 0.44513039687499995 0.570651271875 0.4519277984375 0.5688650187500001 0.45152795 0.5307582921875 0.451874115625 0.5067463796875 0.43993238281249997 0.5045599171874999 0.4231388 0.5158728515625 0.43113574374999997 0.53611705 0.438732840625 0.5593383375000001
5 0.289040378125 0.5766683734375 0.289040378125 0.5439861453125 0.289345203125 0.5344538296875 0.27276874218749997 0.5340031671875 0.27349426875 0.6188829171875 0.27379909375 0.6533808249999999 0.2881259015625 0.654742584375 0.289040378125 0.5766683734375
3 0.45181728125 0.678553671875 0.45120762968749994 0.49723996093749995 0.44419664062499997 0.4940625234375 0.360979234375 0.4945164421875 0.289040378125 0.4945164421875 0.27439412343749997 0.494964190625 0.2753232234375 0.8437804890624999 0.378049471875 0.8446883296875001 0.4509028046875 0.844234409375 0.45181728125 0.678553671875
3 0.5524146296875 0.8882987375000001 0.581333671875 0.8452350187500001 0.6095558703124999 0.8447161781249999 0.6095558703124999 0.7575510578125 0.6099042921875 0.5671367796875 0.5520662062499999 0.5676556203125 0.4931828546875 0.5671367796875 0.46391538906249996 0.5677782828125 0.446009746875 0.5671382140625 0.445797434375 0.8441973390624999 0.47367121093750003 0.8436784984375001 0.5025902546875 0.8877798984374999 0.5524146296875 0.8882987375000001
5 0.2897778078125 0.3634786484375 0.2849479328125 0.3613209796875 0.27770311875 0.3613209796875 0.2721994625 0.3620525328125 0.2723902546875 0.4418739578125 0.2892948203125 0.44259318125 0.2897778078125 0.39224756875 0.2897778078125 0.3634786484375
0 0.664576165625 0.530338390625 0.663127203125 0.49509646093750004 0.6529844625 0.49581568593750003 0.6351139234375001 0.5490381890625 0.6404267859375 0.5562304203124999 0.6558823890625 0.5634226499999999 0.665059153125 0.5569496421875 0.664576165625 0.530338390625
0 0.49214960156250004 0.43540095 0.4820068625 0.4339625046875 0.45737449531249996 0.44475085 0.44191889375000004 0.452662303125 0.44336785624999997 0.47136210156249997 0.45592553281250003 0.4886234546875 0.45689150781250004 0.4886234546875 0.4675172359375 0.47423899374999995 0.49214960156250004 0.43540095
5 0.3689877703125 0.1043140203125 0.339042540625 0.1043140203125 0.30813133593750003 0.10503324375 0.30761079375 0.105757075 0.3071653609375 0.1316444953125 0.3308317515625 0.13236371875 0.3694707578125 0.13236371875 0.3689877703125 0.1043140203125
5 0.45785748281250005 0.10359479687499999 0.43274212968750003 0.10359479687499999 0.4124566515625 0.10359479687499999 0.4003819625 0.102875575 0.39549528125 0.1043185609375 0.3955520875 0.1294868265625 0.41873549062500004 0.1294868265625 0.45785748281250005 0.1294868265625 0.45785748281250005 0.10359479687499999
3 0.487319725 0.44306806718749997 0.49263258906249996 0.43515661406249995 0.49214960156250004 0.10862935781250001 0.44578279375 0.10934858125 0.3892732484375 0.10862935781250001 0.3520832046875 0.10862935781250001 0.3047504234375 0.10862935781250001 0.28591390781250003 0.10934858125 0.27509675312500004 0.10863410625 0.27480519375 0.5027635781249999 0.381545446875 0.5020443546875 0.4515786453125 0.5020443546875 0.487319725 0.44306806718749997
0 0.549302990625 0.459372753125 0.554132865625 0.47159954531250003 0.5633096296875 0.47231876718750004 0.5647585921875 0.44426907031249996 0.5652415796875 0.42556927031249997 0.5646647640625 0.40017314531250003 0.5435071390624999 0.40615024843749997 0.5319154375 0.41262325625 0.5410922015625 0.43563839375 0.549302990625 0.459372753125
0 0.5628266421875 0.26230564375 0.5478540265625 0.2644633125 0.5343303749999999 0.27309398906250004 0.5401262265625 0.2903553421875 0.5564558796875 0.33064492031250003 0.557996765625 0.3313510546875 0.5613776796875001 0.31696659375 0.5628266421875 0.26230564375
5 0.6667538937499999 0.3591945140625 0.6667538937499999 0.3471235375 0.6667538937499999 0.3389578765625 0.6598398234375 0.3403779921875 0.652409809375 0.3409751921875 0.65244891875 0.3638098875 0.65244891875 0.3787210921875 0.6662770609375 0.3787210921875 0.6667538937499999 0.3591945140625
5 0.66648426875 0.2621942625 0.6666962187500001 0.2483070171875 0.6666962187500001 0.235682246875 0.653555246875 0.23536662812500003 0.653555246875 0.2530413046875 0.653555246875 0.292809328125 0.6662723171875 0.2934405671875 0.66648426875 0.2621942625
5 0.666574428125 0.12084094375000001 0.6668062578125 0.1097938484375 0.6526646 0.1101390703125 0.6526646 0.1280906 0.65243276875 0.1577796703125 0.6661107671875001 0.157434446875 0.666574428125 0.13706636562500002 0.666574428125 0.12084094375000001
0 0.6649516140625 0.047305404687500004 0.664487953125 0.0293538734375 0.6540555828125 0.029008653125 0.6359728062500001 0.0783753609375 0.64547785625 0.0856250171875 0.6554465656249999 0.088386790625 0.6658789359374999 0.09045812187499999 0.6649516140625 0.047305404687500004
5 0.618353690625 0.0027718 0.5998072546875 0.0017361359375 0.5729149203125 0.0027718 0.5571504484375 0.0027718 0.556819321875 0.0026594140624999997 0.5569186187499999 0.0238303265625 0.5937796625 0.025211214062499997 0.618585521875 0.025211214062499997 0.618353690625 0.0027718
5 0.5288671328125 0.087123184375 0.5288671328125 0.0753856453125 0.528403471875 0.0598506671875 0.5193620828125 0.05846978125 0.5135537796875 0.059508649999999996 0.5131026609375 0.08021875 0.5131026609375 0.105074715625 0.5288671328125 0.10472949375 0.5288671328125 0.087123184375
0 0.5633014734375 0.25784536875 0.5564000203125 0.2508137078125 0.5364221296875 0.23675038593750003 0.5204398171875 0.22539154843749998 0.5168074734375 0.24324115000000002 0.515570146875 0.26489164375 0.5331530203125 0.26704061874999996 0.5636647078125 0.2686633078125 0.5633014734375 0.25784536875
3 0.563859075 0.266464753125 0.563859075 0.21761292812500002 0.6648500671875001 0.21809186875000003 0.6642068125 0.060041846875000006 0.66517169375 0.0040059296875 0.6236817640625001 0.0030480515625 0.5580697828125001 0.0044848703125 0.5152933421875 0.0044848703125 0.5154658015625 0.0052860484375 0.5156149703125 0.10841473125000001 0.4863468796875 0.1079357921875 0.48666850781250004 0.26502793593749996 0.563859075 0.266464753125