3 0.7895770390625 0.7867130265625 0.831281778125 0.8241566125 0.836060440625 0.8241566125 0.9785516671875 0.8228427984375 0.9776828312499999 0.68558466875 0.9785516671875 0.4918677390625 0.8921011984374999 0.4918677390625 0.7710994984374999 0.4926327796875 0.7713312265625001 0.72365015 0.7661181125 0.7446710999999999 0.7895770390625 0.7867130265625
0 0.7868306984375 0.50766291875 0.781111496875 0.505068471875 0.7711406000000001 0.502531925 0.7715794953125 0.56387595625 0.777298696875 0.5644525015624999 0.7952188640625 0.5137166296875 0.7868306984375 0.50766291875
5 0.798650390625 0.7678803109375 0.7891183875000001 0.7482778140625 0.7780551625000001 0.7280085484375001 0.7670041328125 0.74337719375 0.778442534375 0.764997590625 0.7868306984375 0.7811408171875 0.798650390625 0.7678803109375
5 0.832012396875 0.7990136796875 0.8159986312499999 0.7846000828124999 0.7997525828125001 0.7690697875 0.7917873375 0.78863589375 0.8093262296875 0.80391430625 0.8253399953124999 0.8180396359375001 0.832012396875 0.7990136796875
5 0.9522294375 0.8240933437500001 0.9518481484375 0.8016081328125001 0.8936845515625 0.8016081328125001 0.840047790625 0.80076618125 0.8408956453125 0.8243816109375001 0.8856960609375 0.8243816109375001 0.9522294375 0.8240933437500001
3 0.6760546859375001 0.742764834375 0.7678096375 0.742387615625 0.77816248125 0.7301278250000001 0.7782872125 0.6569764515625 0.77816248125 0.5628991921875001 0.7712831828125 0.562521965625 0.76953691875 0.5540344187499999 0.7661691312500001 0.5434721390624999 0.7374805359375001 0.5670486609375 0.728125559375 0.55215835 0.728000828125 0.49217967500000004 0.6763058828124999 0.49235067499999996 0.6756804828125 0.5623233046875 0.6760546859375001 0.6560333921875 0.6760546859375001 0.742764834375
0 0.7661741953125001 0.5428232656249999 0.75390865 0.5522033953125 0.74192506875 0.5620098890625 0.7352988453125 0.5688318 0.7346161015625 0.57434105625 0.771813528125 0.5754405234375 0.771954509375 0.5658472125 0.769980740625 0.5545484234375 0.7661741953125001 0.5428232656249999
5 0.743165946875 0.7447991875 0.743165946875 0.723267528125 0.724838115625 0.7230543453125 0.6968819921875 0.72297398125 0.6967824421875 0.7450123671875 0.7152512546875001 0.7447991875 0.743165946875 0.7447991875
3 0.6091278140624999 0.316346540625 0.5769541046875 0.3155219484375 0.5316928015625 0.41441024843749996 0.5314201484375001 0.61678080625 0.5316928015625 0.7441357890625 0.6830182578125 0.7433111984375 0.6824729484375001 0.603197075 0.6830182578125 0.393014903125 0.60502616875 0.3921307140625 0.6047652828125 0.3344874859375 0.6091278140624999 0.3344874859375 0.6091278140624999 0.316346540625
0 0.6229935484375 0.4189412265625 0.62901541875 0.429653965625 0.6628441421875 0.400997384375 0.66266703125 0.3932306546875 0.619624203125 0.3922537140625 0.620513953125 0.4036755703125 0.6219308671875 0.41063885625 0.6229935484375 0.4189412265625
5 0.620513953125 0.7444514843750001 0.6203368421875 0.7224903703125001 0.591290184375 0.722758190625 0.5571567265625 0.722533884375 0.5569301140625 0.7452549484375 0.5815489281249999 0.7449871234375001 0.620513953125 0.7444514843750001
5 0.545465690625 0.7116026953125 0.5453569109374999 0.676903784375 0.5453569109374999 0.649598215625 0.5313133296875 0.6490939375 0.5311065421875 0.6675190078125001 0.5309977546875 0.71143820625 0.545465690625 0.7116026953125
3 0.771423146875 0.4998870703125 0.9284229765625 0.501816384375 0.9772259578125 0.501816384375 0.9775449265624999 0.385131371875 0.9772259578125 0.2860513515625 0.9769069890625 0.20890444375 0.8676601984375001 0.20890444375 0.7998782765625 0.209145609375 0.7998782765625 0.21734519843750003 0.7711908203125 0.2173170234375 0.77126365625 0.253265846875 0.77126365625 0.3800669125 0.771423146875 0.4998870703125
5 0.9400925875 0.228965490625 0.9399288328125 0.2087848890625 0.8875913296875 0.208413465625 0.8353180734375 0.208402696875 0.8354998234375 0.2293369125 0.8736090328125 0.228965490625 0.9400925875 0.228965490625
0 0.794904675 0.470113665625 0.787315721875 0.4474859859375 0.779406103125 0.4252814046875 0.7770545984375 0.41687684062499997 0.7715115046875 0.417262284375 0.7713896 0.4802961203125 0.7811162890625 0.479164734375 0.7881708093750001 0.4757705859375 0.794904675 0.470113665625
0 0.7333219765625001 0.29841259062500003 0.7297692484375 0.31172627343750003 0.72822458125 0.32106920625 0.7274038328125 0.33450948281250004 0.7691582640625 0.33461645624999997 0.7688493234375 0.326674959375 0.7498499234375 0.3103248265625 0.7333219765625001 0.29841259062500003
5 0.7789788875 0.081448853125 0.778837896875 0.060555290625 0.7570746265625 0.060661889062499995 0.7316521421875 0.06062943125 0.7315346765624999 0.081448853125 0.751626209375 0.0813422515625 0.7789788875 0.081448853125
5 0.609261603125 0.22149777187500003 0.6090678703125 0.20216324062500002 0.60897100625 0.17288020937499998 0.5966160640625 0.17278358124999998 0.5965721578125 0.19586487187499999 0.596669021875 0.22179071874999998 0.609261603125 0.22149777187500003
0 0.637823715625 0.29941830937499997 0.6349237421875 0.3079306109375 0.6327914109375 0.3156690671875 0.631341428125 0.325213165625 0.631117484375 0.33425544218750003 0.672708665625 0.3343703359375 0.6726233734375 0.3270188015625 0.655138253125 0.31218676093750003 0.637823715625 0.29941830937499997
3 0.264738625 0.72514254375 0.2620516859375 0.7254134109375 0.2620516859375 0.7443740484375 0.2824724234375 0.7860874531250001 0.324994565625 0.8231961343749999 0.4707969671875 0.8229252734375001 0.47043871406250004 0.767939415625 0.47043871406250004 0.6312096953124999 0.47043871406250004 0.49258390937499996 0.4438670296875 0.49177131249999995 0.335824178125 0.49204217968749997 0.2650802609375 0.49215722656249994 0.264738625 0.5534999468749999 0.264738625 0.6523228265625 0.264738625 0.72514254375
0 0.285152525 0.6113200109375 0.288139625 0.6014541984374999 0.28413062031249997 0.597888240625 0.2783136296875 0.59445184375 0.2726538578125 0.591955671875 0.264879859375 0.590240925 0.2647930625 0.653226771875 0.2698239734375 0.653226771875 0.2766628625 0.634683796875 0.285152525 0.6113200109375
5 0.2901393296875 0.766603446875 0.2816383265625 0.749504421875 0.2739492359375 0.7329445640625 0.26271157968750003 0.7451387125 0.2700898046875 0.76187393125 0.27899179375 0.7798218453125 0.2901393296875 0.766603446875
5 0.32574728125 0.7992120703125 0.3077829078125 0.7829619296875 0.2904993328125 0.7676432140625 0.2825205109375 0.7852789828125 0.3011264640625 0.8022438125000001 0.318850240625 0.8176450609374999 0.32574728125 0.7992120703125
5 0.441179603125 0.8233987828125 0.4412598015625 0.8026616609375001 0.4304109515625 0.80254039375 0.36649065 0.802297853125 0.335234746875 0.8023418625 0.33573338124999996 0.8237625906250001 0.3783698796875 0.8233987828125 0.441179603125 0.8233987828125
3 0.27830545624999997 0.3077870203125 0.277874775 0.3413260421875 0.277874775 0.40854085781249994 0.2654927171875 0.40854085781249994 0.264416015625 0.50131696875 0.29197954843749996 0.5019682140625 0.439774975 0.5009913453125 0.47046093593749994 0.5014797828125 0.47046093593749994 0.4243335046875 0.47067628125 0.3579327421875 0.47035326875 0.2765620640625 0.47046093593749994 0.20918443281250002 0.45112001562500004 0.20918443281250002 0.45122768437499994 0.1620040171875 0.45122768437499994 0.059150993750000005 0.45090467968750003 0.019425167187500002 0.39515990625 0.019262353125 0.38163576875 0.007702790625 0.3726991515625 0.0016787906250000002 0.3681770140625 0.016494571875 0.36558475156250003 0.007051548437500001 0.36300066875 0.001515978125 0.34189734375 0.019262353125 0.319932653125 0.019425167187500002 0.2933223828125 0.0191627953125 0.2931639171875 0.23048661093749997 0.2933792625 0.3081126421875 0.27830545624999997 0.3077870203125
5 0.331244290625 0.039528523437500004 0.33134257031250003 0.0193176421875 0.31713109375 0.01916903125 0.3014038796875 0.0190510328125 0.3012165828125 0.039379915625 0.312669675 0.039305609375 0.331244290625 0.039528523437500004
5 0.4352000546875 0.039281496875 0.4352000546875 0.019071040625 0.42010660624999996 0.018917348437500002 0.40527197968750006 0.018934421875 0.40552135 0.0394351859375 0.416447584375 0.0393583421875 0.4352000546875 0.039281496875
0 0.288506078125 0.4753662078125 0.2809155171875 0.45312778906249995 0.274273775 0.434476215625 0.2701938453125 0.4229983203125 0.2651297984375 0.42274416718749996 0.264975334375 0.48627020937500004 0.275127715625 0.484405053125 0.2808206359375 0.48124863125 0.288506078125 0.4753662078125
3 0.06974998906249999 0.31208394375 0.0245277796875 0.41669746874999997 0.0245277796875 0.5003813765625 0.0248440265625 0.74418375 0.1768662421875 0.74418375 0.1762337734375 0.6638726859374999 0.17560128125000002 0.4779317609375 0.2157636671875 0.4779317609375 0.214814940625 0.418183025 0.2849084625 0.4175001671875 0.2843400546875 0.316698415625 0.29987638906249997 0.31784441406249997 0.300065853125 0.18753329375 0.183853878125 0.18781979375 0.1836644125 0.0890235296875 0.183853878125 0.0194348765625 0.17021223125 0.0194348765625 0.162444071875 0.0137049 0.14633934375 0.0002394625 0.143118390625 0.00711543125 0.1408447875 0.0171428890625 0.1397079859375 0.009693918749999999 0.13648703281250002 0.0010989578125 0.11356148125000001 0.01914838125 0.0903316421875 0.01904404375 0.0887243375 0.06541364375 0.08935680625 0.3154313046875 0.06974998906249999 0.31208394375
5 0.10319679687500001 0.24566673906249997 0.10331542187500001 0.202814390625 0.10331542187500001 0.1631717359375 0.0889009765625 0.16298554999999998 0.08872434375 0.1827109671875 0.08908022812500001 0.24530798125 0.10319679687500001 0.24566673906249997
5 0.27343193593750004 0.04000459375 0.27332622500000003 0.0187442734375 0.2510599578125 0.0185844203125 0.22373513437499998 0.0186148234375 0.2232180859375 0.0398447453125 0.2456293171875 0.0396848890625 0.27343193593750004 0.04000459375
0 0.159920015625 0.171581046875 0.16462716718749998 0.1749704765625 0.17157580781249998 0.1785293828125 0.178188228125 0.1814103921875 0.1840161203125 0.1814103921875 0.1837933984375 0.11819831875 0.17897274999999999 0.11837968437499999 0.1706792140625 0.14073723437500002 0.159920015625 0.171581046875
0 0.23374228437500003 0.3875757015625 0.22536146875 0.382583365625 0.222567865625 0.3944881734375 0.2201552046875 0.4086971421875 0.21967469374999998 0.4174983 0.26142438437500004 0.418681821875 0.26142438437500004 0.4115773375 0.24542464218750001 0.3971763578125 0.23374228437500003 0.3875757015625
5 0.1405909859375 0.7444510421875 0.1405909859375 0.7245659125 0.10379282812499999 0.724391478125 0.07057881875000001 0.7240594296875 0.07010925 0.7446254765625 0.09710225156249999 0.7442766140625 0.1405909859375 0.7444510421875
5 0.19487689531250002 0.7452804296875 0.19499225781250001 0.72347655625 0.1866867125 0.72347655625 0.1776300953125 0.7236235390625 0.17734298125 0.7452804296875 0.18380284375 0.7451059953125 0.19487689531250002 0.7452804296875
5 0.258816925 0.7443640140625 0.258816925 0.723257865625 0.2510881625 0.72343229375 0.24154345937500002 0.72340559375 0.24128301093750001 0.7445384484375001 0.2490117734375 0.7445384484375001 0.258816925 0.7443640140625
0 0.2182120671875 0.7101397625 0.2071380109375 0.71851245 0.19710215 0.726187415625 0.19653723125 0.742588596875 0.23851449531250002 0.7431244046875001 0.238053075 0.7221926859375001 0.23655346875 0.7138199953125001 0.2337849546875 0.7035113828124999 0.23101643906249997 0.6994994718750001 0.2182120671875 0.7101397625
1 0.1303595390625 0 0.10361912031250001 0.022722243750000003 0.10194784374999999 0.0235638078125 0.1047333046875 0.03787040625 0.1754839953125 0.037028840625 0.1754839953125 0.0193559859375 0.156542865625 0 0.1303595390625 0
1 0.403891734375 0.038711970312499996 0.40277755 0.0210391140625 0.3799367765625 0.0008415640625 0.3604385546875 0 0.33369813593750003 0.01767285625 0.3325839515625 0.0269300671875 0.3325839515625 0.038711970312499996 0.403891734375 0.038711970312499996