5 0.211174728125 0.8253926265624999 0.20773235625000003 0.8168753859375 0.2048637125 0.811380390625 0.194919084375 0.8190733828125 0.1947123015625 0.8192613468750001 0.200465128125 0.8339098671875 0.2060111703125 0.8459988546874999 0.21614704218749997 0.8366573640625001 0.211174728125 0.8253926265624999
5 0.23049025625000003 0.8374816140625001 0.2193981703125 0.8374816140625001 0.21920692812499998 0.8539665968750001 0.22743037031250002 0.8545160968750001 0.2415823421875 0.8550655953125 0.2423473140625 0.8385806125 0.23049025625000003 0.8374816140625001
5 0.2522919421875 0.84544935625 0.2570730140625 0.83308561875 0.2628103 0.8182491328125 0.2587942 0.8149521375000001 0.25305691406249997 0.8119298890625 0.248467084375 0.822645128125 0.24712838593750003 0.826766375 0.24253855624999998 0.8380311125000001 0.2522919421875 0.84544935625
5 0.33071443437500003 0.9099763125000001 0.3572658234375 0.912198359375 0.39180840625 0.90331016875 0.4144930875 0.88442276875 0.42892879375000004 0.85442513125 0.41603977031249995 0.8499810359375 0.4075330140625 0.8681277546875 0.393097309375 0.8814600390624999 0.372217090625 0.8896075453125001 0.3521102125 0.8914592515624999 0.3273632875 0.8896075453125001 0.3111231171875 0.8825710625 0.29823409375 0.8725718499999999 0.2812205828125 0.8499810359375 0.2747760703125 0.8496106937500001 0.27053236406250003 0.854431621875 0.278642778125 0.8762752624999999 0.291016240625 0.8899778859374999 0.3090608734375 0.9025694874999999 0.33071443437500003 0.9099763125000001
0 0.299559771875 0.5747167859375 0.2931470734375 0.62139509375 0.3098200875 0.62139509375 0.3264931015625 0.61095389375 0.33376082500000004 0.5857721734375 0.3123851671875 0.5796302921875001 0.299559771875 0.5747167859375
0 0.31024760156250003 0.5536808375 0.32350050937499997 0.546464125 0.3329057984375 0.529266853125 0.33760844375 0.504699321875 0.2999194015625 0.505114090625 0.299987284375 0.5059276984375 0.30041479843749996 0.5556769484374999 0.31024760156250003 0.5536808375
0 0.24575900781249999 0.34012495625 0.2567042171875 0.3368278890625 0.26464832031249996 0.3266830671875 0.27012092499999996 0.312226696875 0.271533209375 0.2965022234375 0.2494662546875 0.2954877421875 0.23633496874999999 0.2954913359375 0.23622608281250002 0.2954877421875 0.23587301093750002 0.340632196875 0.24575900781249999 0.34012495625
5 0.3073699453125 0.2911761921875 0.3077230171875 0.277734303125 0.2951889859375 0.276719821875 0.2951672953125 0.2772297828125 0.2951889859375 0.3036035984375 0.294835915625 0.3112122140625 0.307193409375 0.3112122140625 0.3073699453125 0.2911761921875
5 0.33985250312500004 0.3370815109375 0.345854715625 0.32541496406250003 0.35026810625000004 0.31400204062500003 0.34603125 0.308676009375 0.3412647890625 0.30436446093749997 0.3287017203125 0.330154471875 0.328554221875 0.3299801359375 0.3370279328125 0.3434220234375 0.33985250312500004 0.3370815109375
5 0.36121331562500003 0.31400204062500003 0.36915741875 0.3145092828125 0.3762188453125 0.3145092828125 0.3928131953125 0.3137484203125 0.3928131953125 0.2977703265625 0.3737473453125 0.2977703265625 0.35317596875 0.2980276625 0.3530926765625 0.2977703265625 0.3525630703125 0.31400204062500003 0.36121331562500003 0.31400204062500003
5 0.40128690625 0.3269366875 0.40817179687499994 0.341393059375 0.4171751140625 0.33200909843750004 0.4094075453125 0.31501652343750003 0.404242428125 0.305129378125 0.4042880125 0.3053789421875 0.39563776562499997 0.3142556609375 0.40128690625 0.3269366875
5 0.3052515171875 0.2522860890625 0.3041923046875 0.2464528171875 0.303133090625 0.2411267859375 0.2978370203125 0.2423948875 0.29304933125 0.2449338859375 0.2943063078125 0.253300571875 0.29571859375 0.26167004843749997 0.3059576609375 0.258626603125 0.3052515171875 0.2522860890625
0 0.23510905312500002 0.230893384375 0.23097074687500002 0.215699809375 0.22614272343750003 0.20149711875 0.21556705156249997 0.1899367890625 0.20361194375 0.18696413437499998 0.20404229843750002 0.23948748125 0.2130380859375 0.239811353125 0.2346492421875 0.2401416484375 0.23510905312500002 0.230893384375
5 0.27740937187500003 0.04644126875 0.2566936546875 0.04644126875 0.248876403125 0.0458797359375 0.2383231140625 0.0458797359375 0.23949570156250002 0.06777956406249999 0.26294745625 0.0683410984375 0.27740937187500003 0.06777956406249999 0.27740937187500003 0.04644126875
3 0.26986965 0.051592610937500005 0.2229300546875 0.05225374687499999 0.1934777609375 0.09059966875 0.19301756875 0.2413388109375 0.3020830984375 0.24067767343750002 0.30254329062499996 0.115722859375 0.3020830984375 0.052914882812499994 0.26986965 0.051592610937500005
3 0.449589571875 0.43731764531249995 0.44891865312499996 0.3390019546875 0.4200691 0.337074196875 0.4026251828125 0.29948290312500003 0.34693883593749997 0.29851902343750003 0.32815307968749996 0.337074196875 0.30198720625000003 0.3380380765625 0.3011979984375 0.3396582328125 0.30198720625000003 0.5761162671875 0.4053088625 0.577080146875 0.4482477328125 0.5741885078125 0.449589571875 0.43731764531249995
3 0.262612096875 0.817887421875 0.2711339671875 0.8168671734374999 0.2711339671875 0.8566568421874999 0.2812452515625 0.8796695812499999 0.298119890625 0.8944060140625 0.32349659218750004 0.905582675 0.365995015625 0.9087774390625001 0.4015750921875 0.8928036140625 0.412199696875 0.8821543984375 0.41961221249999997 0.8715051828125 0.42594794843750006 0.8576770890625 0.42807841562500004 0.817887421875 0.4486729359375 0.8168671734374999 0.4486729359375 0.56588619375 0.42381747968749994 0.5689469375 0.30451129374999997 0.5679266890625 0.2959894234375 0.6138378437500001 0.2931488 0.6301618109375 0.2533800703125 0.5883316468750001 0.19159651093750002 0.5862911515625 0.19195894687499998 0.588068246875 0.192306665625 0.808705190625 0.21077071875 0.851555603125 0.2476988234375 0.85257585 0.262612096875 0.817887421875
0 0.5140732156250001 0.44662658593750004 0.5137138859375 0.4920551265625 0.52521360625 0.490506271875 0.538510159375 0.48276199843749995 0.5478536828125 0.4646920296875 0.5496505140625 0.4466220609375 0.5140732156250001 0.44662658593750004
5 0.5102778109375 0.43029989375 0.5014289421875 0.4299898265625 0.4865369421875 0.429059625 0.48644412187499997 0.4290616421875 0.48675276875 0.4451831234375 0.4953858125 0.4451831234375 0.509846159375 0.4451831234375 0.5102778109375 0.43029989375
5 0.57135659375 0.4296797609375 0.5515005937499999 0.429059625 0.5363927671875001 0.42812942343750005 0.536176940625 0.42812942343750005 0.5363927671875001 0.444252921875 0.5473998984375 0.444252921875 0.570924940625 0.444252921875 0.57135659375 0.4296797609375
3 0.6616077421875 0.43209528124999996 0.652555775 0.43202249843749996 0.47559245 0.43126131718750005 0.4755234046875 0.43113146875 0.47501992499999995 0.7658194671875 0.661921496875 0.765385653125 0.66190965 0.5509648578124999 0.6616077421875 0.43209528124999996