3 0.6091634078125 0.7029242296875 0.633752078125 0.7028346515624999 0.633896859375 0.7244361078125 0.6759408078125 0.7246061984375001 0.6760855890624999 0.7030047421875001 0.6765336234375 0.7030104265625 0.7081147015625 0.7025912046875 0.7082931234375 0.7248100703125 0.750758090625 0.7246004625 0.750758090625 0.7028008140625001 0.759144021875 0.7028008140625001 0.759144021875 0.613760415625 0.7589656 0.559702871875 0.7236032546875 0.5590740375000001 0.6770345265625 0.5590740375000001 0.6094805562500001 0.5586919984375001 0.609235796875 0.5764315203125 0.6093805828125001 0.670025375 0.6091634078125 0.7029242296875
0 0.6394384625 0.574426409375 0.6426687484375 0.57904631875 0.646320375 0.5824287499999999 0.65228938125 0.58531619375 0.6575561515625 0.5857286859374999 0.6572752609375 0.5589211093750001 0.636423221875 0.5589149875 0.636840190625 0.56683655625 0.6379637671875 0.5714564671875 0.6394384625 0.574426409375
5 0.7503489234375 0.7243817875 0.750274890625 0.7030729078125 0.7449051984375 0.7029859328125 0.74475713125 0.7182935359375 0.713440675 0.7181195875 0.7135147078124999 0.7031598812500001 0.7079954515625 0.7031322875 0.7080754125000001 0.7244687640625 0.7286569140625 0.7246427140625 0.7503489234375 0.7243817875
5 0.6762370546875001 0.724210621875 0.67601495 0.7029887140625 0.6705364203124999 0.7029887140625 0.6704623875 0.7182963171875001 0.6394420671875001 0.7181223703125 0.639368034375 0.7031626640625 0.6337347265625 0.7032409609375 0.6337414375 0.7082941890625001 0.633889503125 0.7247324703125 0.6762370546875001 0.724210621875
0 0.6710087984374999 0.5530174171875 0.6737608234375 0.550361675 0.6675687609375001 0.5413552609375001 0.661966409375 0.5338499140625 0.660197253125 0.5314251109375 0.6573158546875 0.5318156296875001 0.6575435046875 0.5565968875 0.6628509921875 0.5565968875 0.66776533125 0.555211284375 0.6710087984374999 0.5530174171875
3 0.6576190359375 0.501417675 0.7125061890625 0.501417675 0.75905395625 0.501103996875 0.7591429562500001 0.42239929218750005 0.75905395625 0.3794424578125 0.6949059625 0.3793379 0.657553953125 0.37954237968750004 0.6574410312500001 0.413203715625 0.6576190359375 0.45866995624999995 0.6576190359375 0.501417675
5 0.7475068874999999 0.3857177515625 0.7474178874999999 0.3789214484375 0.7368267125 0.3789214484375 0.72256131875 0.379019809375 0.722408471875 0.3859268703125 0.73121961875 0.3857177515625 0.7475068874999999 0.3857177515625
0 0.6771039296875 0.47975131875 0.67194185 0.4730595734375 0.6674917765624999 0.470445609375 0.6623296890625 0.46908634843749997 0.6574426390625 0.4692937265625 0.6575236125 0.4942849546875 0.6805749875 0.49459862968749996 0.67995198125 0.4855020375 0.6771039296875 0.47975131875
3 0.4368941609375 0.70293550625 0.4645597078125 0.70293550625 0.4718377 0.7102981374999999 0.47901460937499996 0.7144544609375 0.48720235 0.7174232640625 0.4972095828125 0.718610784375 0.50677521875 0.7174232640625 0.5160748749999999 0.7140982015625 0.5230496171875 0.7098231265625 0.530024359375 0.7026980015625 0.558846828125 0.7029049640625 0.5591704984375 0.6164280609375 0.5593323453125 0.5540870171875001 0.490396346875 0.5533265140625 0.43684094375000004 0.5533156499999999 0.4368941609375 0.595146571875 0.43669198906249995 0.6539098765625 0.4368941609375 0.70293550625
0 0.45794418124999997 0.5855023296875 0.455697984375 0.5807952484375 0.452480465625 0.5769439984375 0.448291615625 0.5736727140625 0.4436171046875 0.5718184078124999 0.43991391718750006 0.5714618109375 0.4366733 0.5715775828125 0.43669639531250004 0.596128925 0.45958329375 0.5964142046875 0.4593404609375 0.590993928125 0.45794418124999997 0.5855023296875
5 0.4882611265625 0.7181862421874999 0.5000974968749999 0.7187997140625 0.5083655499999999 0.7173682828125 0.5176779875 0.713482975 0.5244309203124999 0.7090864406249999 0.52956581875 0.7044854171875 0.5254753109375 0.69906643125 0.521036665625 0.703462965625 0.5153795765625 0.7068370500000001 0.509548425 0.709393175 0.5019766296875 0.7112335843750001 0.4937956078125 0.71133583125 0.4837869078125 0.7090864406249999 0.4759540140625 0.7045876609375 0.468407471875 0.6986997890625 0.46511057187500005 0.7041786828125 0.4730305 0.7112335843750001 0.4795579109375 0.7149144062499999 0.4882611265625 0.7181862421874999
0 0.4270957375 0.6764110140625 0.42089827343749997 0.673555815625 0.4144577671875 0.6729847734375001 0.41418547187500004 0.7026499765625001 0.4360881390625 0.70282159375 0.4358450953125 0.6892594046875 0.43171345937499994 0.681264846875 0.4270957375 0.6764110140625
0 0.428797003125 0.6351838390625 0.43256408906250005 0.630615521875 0.43548054374999995 0.6254761671875 0.43706028437500005 0.6199085296875 0.43669573437500003 0.611913978125 0.41509737343750003 0.6116793515625 0.41567295625 0.63903835625 0.4238147296875 0.6380390359375 0.428797003125 0.6351838390625
3 0.4573792515625 0.55702780625 0.5138117703125 0.5573599625 0.559190559375 0.5575260375 0.5590491953125001 0.444462821875 0.559190559375 0.379387084375 0.5129313468750001 0.37922100937500003 0.5129313468750001 0.3822104 0.5019047203125 0.382376475 0.457082534375 0.3818563625 0.4572378875 0.42969079375 0.457520628125 0.5010774671875 0.4573792515625 0.55702780625
0 0.47674653125 0.4902824453125 0.4795738703125 0.4849679765625 0.4811289046875 0.4781588046875 0.48127026875 0.47301040937499994 0.45743929687499996 0.472537390625 0.457520628125 0.4992506203125 0.46487170468750005 0.4989184640625 0.47250552187499995 0.4952647625 0.47674653125 0.4902824453125
5 0.5471418609375001 0.3857366203125 0.5471418609375001 0.37859529531249997 0.53512566875 0.378429221875 0.5228548953125001 0.37853623281250004 0.5226853734375 0.3857366203125 0.5332878953125 0.3857366203125 0.5471418609375001 0.3857366203125
3 0.40948905937499996 0.3858484609375 0.5176818265625001 0.385612640625 0.5176818265625001 0.3636818296875 0.5178825515625001 0.272459059375 0.5178825515625001 0.181236296875 0.4815506625 0.1810004765625 0.4811492109375 0.1190062234375 0.409514459375 0.118800175 0.4090876 0.20079638593750002 0.4092883328125 0.30003686875 0.40948905937499996 0.3858484609375
5 0.47388759843750006 0.12533291875000002 0.473678753125 0.1188719328125 0.4564139734375 0.11895371875 0.43849519531250003 0.1186597484375 0.4384530375 0.12516935 0.4524458625 0.125087565625 0.47388759843750006 0.12533291875000002
5 0.481266903125 0.147896753125 0.4813365171875 0.13907273281250002 0.481266903125 0.1288496578125 0.47584765156250003 0.128674090625 0.47604569999999996 0.1374283234375 0.47604569999999996 0.1477331828125 0.481266903125 0.147896753125
5 0.4814061328125 0.18002502812500001 0.4813365171875 0.17046494843749999 0.4813365171875 0.15770654687500002 0.47593472031250006 0.1576952484375 0.4759760796875 0.1687387515625 0.47604569999999996 0.1799432453125 0.4814061328125 0.18002502812500001
0 0.4878941015625 0.1937946625 0.48908614375 0.1970073625 0.49083914999999995 0.20054957031249998 0.4942750421875 0.2046684171875 0.49869261875 0.20788111874999998 0.5036711546875 0.21018767500000002 0.5084393328125 0.21043480468750003 0.5083692078125 0.181446903125 0.487274634375 0.181275509375 0.4875435 0.186226346875 0.48747338124999995 0.18943904843749998 0.4878941015625 0.1937946625
5 0.5180458015625 0.22999889062499998 0.5180458015625 0.2139353859375 0.5179055640625 0.190839453125 0.512181225 0.1906851 0.512436184375 0.208169 0.5122959453125 0.2299165109375 0.5180458015625 0.22999889062499998
5 0.512394775 0.3474005953125 0.5178696453125 0.3474887015625 0.5179446421875 0.30935217812500004 0.5178696453125 0.28645358125 0.5123556078125 0.286359875 0.5120197828124999 0.286362778125 0.512244775 0.3209359859375 0.512394775 0.3474005953125
0 0.4473299 0.3606281140625 0.4429598828125 0.36429516875 0.4398384421875 0.3685734 0.43775748124999997 0.37346280468750004 0.4369250953125 0.3782299765625 0.4363609109375 0.3856707359375 0.45835898906250006 0.3856863203125 0.4582549421875 0.3575722359375 0.45274039374999997 0.358305646875 0.4473299 0.3606281140625
3 0.7174899453125 0.2600273015625 0.71737919375 0.20553112499999998 0.71737919375 0.13816078125 0.6915072078125 0.13816078125 0.6871928890625 0.1328261828125 0.6812122265625 0.12944326718750002 0.674677796875 0.1263205765625 0.6673681015625 0.125149565625 0.659172378125 0.12527967812500002 0.653302475 0.1261904625 0.6473218109375 0.12840236875 0.6404551281249999 0.13256595625 0.63513898125 0.13816078125 0.60937098125 0.13789256562500002 0.609320509375 0.2026686578125 0.6094312609375 0.2602875265625 0.7174899453125 0.2600273015625
5 0.66325721875 0.13205244375 0.6723389609375 0.13296322968750002 0.6778766109375 0.1354353625 0.68274974375 0.1388182765625 0.6867368500000001 0.1420710796875 0.6906132046875 0.1364762578125 0.686515346875 0.13270300468750001 0.6800916703125 0.128799640625 0.67156369375 0.125416725 0.662703453125 0.124636053125 0.6552829984375 0.125416725 0.6490808312499999 0.1274985203125 0.6436539328124999 0.130230875 0.6363675343749999 0.136592 0.640109840625 0.1422011890625 0.6480840531250001 0.13608592343749998 0.6559475234375001 0.13257289218749999 0.66325721875 0.13205244375
0 0.630049903125 0.23759463906249997 0.625030715625 0.234225203125 0.616187403125 0.23282127031250002 0.6158210578125 0.2600025265625 0.6381761921875 0.260057546875 0.6372201640624999 0.2496684515625 0.6339935421875 0.2419468265625 0.630049903125 0.23759463906249997
0 0.6596869734374999 0.29430599375 0.6625550796875 0.2916385265625 0.6543092781250001 0.2798454984375 0.6490510953124999 0.2724046625 0.6463116890625 0.2724571078125 0.64642199375 0.2980966109375 0.6525167125 0.29767543281250003 0.6568188765625 0.2962715 0.6596869734374999 0.29430599375
5 0.717963259375 0.28983278437500004 0.717963259375 0.27640874375 0.7177347296875001 0.2613738171875 0.71202410625 0.2613552703125 0.7122499078125 0.2761402625 0.7122499078125 0.28983278437500004 0.717963259375 0.28983278437500004
5 0.7181917999999999 0.3255192671875 0.718077534375 0.31746484218750004 0.718077534375 0.30430928281249997 0.7121670203125 0.3042938859375 0.7122499078125 0.31397459375 0.7121356421875 0.3255192671875 0.7181917999999999 0.3255192671875
0 0.670085375 0.3064571328125 0.6656289578125001 0.3044435265625 0.6614010828125 0.30390656250000003 0.6575740265625 0.3037906984375 0.657630265625 0.32874103906249996 0.6601441421875001 0.32900952031249997 0.6737419203125 0.3103501015625 0.670085375 0.3064571328125