5 0.0345991078125 0.5187800703125001 0.0366477828125 0.46230195625 0.0192340421875 0.46230195625 0.004469828125 0.46077902187499997 0.0028446375 0.5111478921875 0.0028446375 0.5607570453124999 0.0335747703125 0.5615202640625 0.0345991078125 0.5187800703125001
5 0.02967936875 0.72465671875 0.028957375 0.6789312484375001 0.016683465624999998 0.675165621875 0.005075412499999999 0.676251046875 0.0036875609375 0.7294982390625 0.00296556875 0.77576165625 0.02967936875 0.77683755 0.02967936875 0.72465671875
0 0.5322459578125 0.7955623265625 0.5142800125 0.7961997625 0.48433677187499996 0.8076735953125 0.46551530625000004 0.8242469109374999 0.4569600953125 0.8344458734375 0.45439353125000004 0.864405328125 0.47920364531250004 0.8650427625000001 0.5322459578125 0.8637678921875 0.5322459578125 0.7955623265625
0 0.43252546093750005 0.8120987734374999 0.4573897640625 0.8088294796875 0.47347843125000005 0.80610506875 0.485910584375 0.7968420703125 0.46324018906250003 0.771777484375 0.43212830625 0.7525383578125 0.4332567625 0.7532514875 0.43252546093750005 0.777771190625 0.43252546093750005 0.8120987734374999
0 0.2628631484375 0.6099474484375 0.2621318453125 0.6284734453125 0.28041442031249997 0.65353803125 0.3016222109375 0.6633459109375 0.3409791578125 0.6675326484374999 0.34184387968749996 0.6671600875 0.3433064859375 0.608857684375 0.2628631484375 0.6099474484375
0 0.34184387968749996 0.55199959375 0.34184387968749996 0.535653125 0.3016222109375 0.5411019484375 0.27895181562500004 0.5525444765625 0.2643257546875 0.5727051203125 0.259937934375 0.5950452937499999 0.3447690921875 0.5939555296875 0.34403778749999997 0.58469253125 0.3433064859375 0.5678011796875 0.34184387968749996 0.55199959375
0 0.5355780265625001 0.363903725 0.49743270468749995 0.368210009375 0.4720024890625 0.38371263125 0.462177178125 0.40179902187499994 0.46016562499999997 0.4236307859375 0.48991923125000003 0.4246223265625 0.5378898640625 0.4246223265625 0.5355780265625001 0.363903725
0 0.29833758593750004 0.3024453265625 0.3016038671875 0.2829760890625 0.2539161515625 0.282002628125 0.2323586921875 0.282002628125 0.21794255156250003 0.28282197343750004 0.24215753593749997 0.30439225 0.2780866375 0.32434821875000003 0.291151765625 0.3165605234375 0.29833758593750004 0.3024453265625
1 0.6449291203125 0.3850813984375 0.655870478125 0.38272432031250003 0.6777531921875 0.3605321359375 0.7117929703125 0.3301877203125 0.680792459375 0.317506471875 0.7148322359375 0.3075426328125 0.6917338156249999 0.28535045000000003 0.6704589546874999 0.265422771875 0.6427842375 0.2525968171875 0.6424977078125 0.25283409375 0.6437134140625 0.3547369828125 0.6449291203125 0.3850813984375
5 0.664988275 0.1601935390625 0.66620398125 0.139360059375 0.6668118359374999 0.1307549265625 0.6479683859375001 0.131207828125 0.64006629375 0.1325665328125 0.64006629375 0.162005146875 0.6406741484375 0.2086540234375 0.664380421875 0.2077482203125 0.664988275 0.1601935390625
3 0.7077294796875 0.3341200703125 0.7077294796875 0.32024448125 0.69913431875 0.319177128125 0.7148921140625 0.2978300671875 0.656158509375 0.2380582984375 0.65329345625 0.08435946250000001 0.338137528125 0.08435946250000001 0.3338399484375 0.28395447812499996 0.21350768437499998 0.28395447812499996 0.16480176875000002 0.282887125 0.1289211328125 0.283612628125 0.130421121875 0.42271037187499994 0.65329345625 0.423777725 0.65329345625 0.383218309375 0.7077294796875 0.3341200703125
0 0.9335274265625 0.86932255 0.9344002546875 0.8537146390625001 0.83838926875 0.8530643093749999 0.84799036875 0.86151859375 0.8575914671874999 0.8686722203125001 0.87417518125 0.87907749375 0.9108339203125 0.90183903125 0.9256719828125 0.8875317796875001 0.9335274265625 0.86932255
5 0.9919377984375 0.7645950171875 0.9926838953124999 0.72290218125 0.9926838953124999 0.678985728125 0.9665705250000001 0.678985728125 0.965011825 0.6795534015625 0.9635861406249999 0.7640391125 0.965078334375 0.83019174375 0.9896995109375 0.8307476484375 0.9919377984375 0.7645950171875
5 0.8474629203124999 0.5409628546875 0.8487384546875001 0.5219552765625 0.8487384546875001 0.505798834375 0.8493762203124999 0.4924935296875 0.8353453625 0.4924935296875 0.82447106875 0.49344604218750004 0.8245033375 0.555693728125 0.823865571875 0.58325471875 0.8455496218749999 0.582779528125 0.8474629203124999 0.5409628546875
0 0.8453912750000001 0.655589378125 0.933739253125 0.6561334000000001 0.9293583625 0.6349165375 0.9257076203124999 0.6207719640625 0.908914203125 0.6049953234375 0.8833590015624999 0.6234920749999999 0.863644990625 0.635460559375 0.851232465625 0.6441649125 0.8453912750000001 0.655589378125
3 0.9164836328125 0.9042479546875001 0.9425271171875 0.865438784375 0.9859329234375 0.8630132109374999 0.9833281578124999 0.64439326875 0.9261308250000001 0.645944021875 0.9292509140625 0.62811031875 0.9084518328125 0.6087258359375001 0.841894796875 0.6405163890625001 0.8408549578125 0.41255494062500003 0.8264165828125 0.4134736421875 0.733094096875 0.41266511718750004 0.6463958937500001 0.4174441421875 0.5366828203125 0.41751626406250003 0.5351490484375 0.418056690625 0.5366828203125 0.865438784375 0.8481194859375 0.864630259375 0.8936955843750001 0.8953541875000001 0.9164836328125 0.9042479546875001
3 0.47889174375000004 0.8099248734375 0.48858677500000003 0.7914922015625 0.47521431718749996 0.7785395140625 0.44044592343750005 0.75213595625 0.4397773 0.7147724328125 0.3421583515625 0.7117833515624999 0.3448328421875 0.6011415734375001 0.18772705781250001 0.5998403296875 0.1159738875 0.5985104 0.0104179640625 0.5985104 0.011858615625 0.8662192484375 0.4397773 0.867713790625 0.4397773 0.814408496875 0.47889174375000004 0.8099248734375
3 0.34128480781250004 0.5032534890625 0.21070771718749998 0.5039064484375 0.21246042968749998 0.4183688 0.15111548749999998 0.41640992343749994 0.15023913125 0.41249216874999994 0.0450763734375 0.41314512812500004 0.00995705 0.4129314296875 0.010898478125 0.6051151156250001 0.14673370624999998 0.6051151156250001 0.3430375203125 0.6090328703125001 0.34128480781250004 0.5032534890625