3 0.58113981875 0.8488963078125 0.8132125140625 0.8488963078125 0.9888858671874999 0.8486248703125 0.9896843703125 0.7118611421875001 0.9896843703125 0.5984414953125 0.7481234828125001 0.5987129328125 0.7481234828125001 0.5398387984374999 0.5823429578125 0.53933018125 0.5819383218749999 0.631814478125 0.58113981875 0.7449626874999999 0.58113981875 0.8488963078125
0 0.724949378125 0.5724088671875001 0.7321812609375 0.565457628125 0.734924384375 0.55630234375 0.7366700015625 0.5401958234375 0.6662659718749999 0.53959255625 0.66534871875 0.5471470593750001 0.6870443468749999 0.5561328 0.724949378125 0.5724088671875001
5 0.72971920625 0.848564990625 0.729842303125 0.8366808890625 0.7001597984375 0.8365971984374999 0.6366520421875 0.8364680390625001 0.6371276156250001 0.848564990625 0.6562293546875 0.848564990625 0.72971920625 0.848564990625
3 0.0695503046875 0.8493985687500001 0.38501957343750004 0.8492053890625 0.43048129218750003 0.8665911359375 0.49526424843749994 0.8561596921874999 0.5199840484375 0.821581371875 0.51600614375 0.7821942703125 0.4804891765625 0.7673403953125 0.4804891765625 0.7358528718749999 0.4799209140625 0.63756800625 0.4165683640625 0.63756800625 0.2281107921875 0.63756800625 0.069012478125 0.63773655 0.069266171875 0.680625428125 0.069266171875 0.7565122984375 0.0695503046875 0.8493985687500001
0 0.13889613437499998 0.6594322015625 0.1437264546875 0.6669660203125 0.15509188437500002 0.6779769953125 0.1667414453125 0.68377224375 0.1809482328125 0.68860161875 0.19515501875000002 0.6903401953125 0.20794112656250002 0.691112890625 0.20879354218750001 0.6376034296875 0.1368877859375 0.637012453125 0.137191325 0.645716775 0.137191325 0.6517052 0.13889613437499998 0.6594322015625
5 0.22137022499999998 0.8502599640625 0.2210616484375 0.8368341484374999 0.1812577828125 0.8370439234375 0.1274281484375 0.8367112328124999 0.1278773703125 0.8502599640625 0.17416095625 0.8502599640625 0.22137022499999998 0.8502599640625
5 0.42937551718750006 0.851732628125 0.4115453265625 0.8450162750000001 0.39423153593750004 0.8379989125 0.3845590578125 0.8494392421875 0.403353065625 0.8571384703125 0.41973756875 0.8635271984375 0.42937551718750006 0.851732628125
5 0.4857575234375 0.8576299171875 0.4814204578125 0.845671528125 0.4575665296875 0.8491116140624999 0.4334075796875 0.852531159375 0.43829063125 0.8651653328125001 0.45973507187499996 0.862052875 0.4857575234375 0.8576299171875
5 0.5002144484375 0.8502583093749999 0.5064791109375 0.8409209375 0.5178037125 0.825522471875 0.4994041453125 0.819782434375 0.49105840624999997 0.8320750109375 0.48214329375 0.8438695828125 0.5002144484375 0.8502583093749999
5 0.519490346875 0.8160474859375 0.5187675109375001 0.8050719828125 0.5168399140625 0.7900011421875 0.497897375 0.790922621875 0.49900970468750006 0.8044167328125 0.501419190625 0.8167027421874999 0.519490346875 0.8160474859375
5 0.5064791109375 0.77738750625 0.49250409531250006 0.7721454734375001 0.4831310203125 0.7677938359375001 0.47346914218749997 0.7788618265625 0.48527563437500004 0.7836124171875001 0.4970821265625 0.788526825 0.5064791109375 0.77738750625
3 0.21532022187500002 0.6451018875 0.346160425 0.6448640171875 0.48051529843749996 0.6451018875 0.48086517500000003 0.5530826515625 0.4801654203125 0.427060096875 0.3356188890625 0.427060096875 0.335968765625 0.43110395312499994 0.21494784843749998 0.43161683125000005 0.21497033124999998 0.47460955781249997 0.21497033124999998 0.5718620249999999 0.21532022187500002 0.6451018875
5 0.44055461406249996 0.4395323859375 0.44055461406249996 0.426984496875 0.40228198906249996 0.4268524125 0.3710825921875 0.42680938125 0.37139189375 0.4394003046875 0.4053904234375 0.4394003046875 0.44055461406249996 0.4395323859375
0 0.2693396671875 0.619756059375 0.2813853796875 0.6107337296875001 0.2901644609375 0.6003233515625 0.2928185921875 0.5877142828124999 0.2928185921875 0.5806352265625 0.21380691562499998 0.5800800046875 0.21403292031249999 0.581379921875 0.2148277375 0.6293336078125 0.235652515625 0.628778390625 0.25484398750000004 0.62516945625 0.2693396671875 0.619756059375
0 0.1899940640625 0.376450284375 0.178508346875 0.38159697656249997 0.21427068437500002 0.421705684375 0.2252343109375 0.42206063125000004 0.225337165625 0.37390747343749997 0.2111382140625 0.3737882015625 0.20069665625000002 0.3746755625 0.1899940640625 0.376450284375
5 0.3531591640625 0.4082651421875 0.3529896015625 0.3939701109375 0.3529896015625 0.3766777265625 0.334910128125 0.37684197343750003 0.3346764765625 0.3892435234375 0.3348460390625 0.4081498625 0.3531591640625 0.4082651421875
5 0.3529896015625 0.3499506125 0.35265046093749997 0.3228776484375 0.352820025 0.2930256140625 0.334910128125 0.2930096875 0.335015603125 0.3225133671875 0.3348460390625 0.3499506125 0.3529896015625 0.3499506125
0 0.2082775234375 0.3034340328125 0.1928399 0.30460020625 0.180261096875 0.308357875 0.1733999328125 0.3115972453125 0.164283275 0.31622193125 0.20618105937500003 0.3546160703125 0.21551987343749998 0.3505992546875 0.2105645890625 0.3163915109375 0.2082775234375 0.3034340328125
3 0.069586446875 0.27555071875000003 0.1698974921875 0.2759656171875 0.235846425 0.2756544421875 0.3089517109375 0.275239540625 0.3522805703125 0.2751358171875 0.3525856984375 0.17373136875 0.3525856984375 0.121677953125 0.1590845609375 0.12115932656249999 0.06952808906249999 0.12136677656249999 0.069586446875 0.1710289875 0.069586446875 0.220281821875 0.069586446875 0.27555071875000003
5 0.1852357515625 0.1336008109375 0.1855408921875 0.1214649734375 0.1589903546875 0.12115379687500001 0.10432590312500001 0.1214621421875 0.1045281296875 0.1336008109375 0.1368722078125 0.13349708437500002 0.1852357515625 0.1336008109375
0 0.1250130140625 0.23729383906249998 0.108817653125 0.23318316874999998 0.0924063421875 0.2324491203125 0.09241918906249999 0.27573768125 0.15027780156249998 0.27575796406249997 0.148334353125 0.257847190625 0.13796930937500002 0.244634321875 0.1250130140625 0.23729383906249998
3 0.9890281249999999 0.6072476859375 0.9893929 0.49817944531249997 0.9890281249999999 0.42678115781250003 0.8438456656250001 0.42702916562500004 0.8438456656250001 0.43124520000000005 0.7355337796875 0.43140236249999997 0.7366002984375 0.5343613765625 0.7362355234375 0.6072476859375 0.9890281249999999 0.6072476859375
5 0.9523234703125001 0.43930131718750004 0.9523234703125001 0.4264574921875 0.9219410578125 0.4264574921875 0.8840181515625 0.4265442234375 0.88415779375 0.4395661390625 0.9116188359375 0.43943373125 0.9523234703125001 0.43930131718750004
0 0.7669249171875 0.490927059375 0.788104825 0.4849272453125 0.8020482671875 0.4758075296875 0.811579228125 0.46357430468749994 0.81475620625 0.4543345890625 0.8151092125 0.4443749 0.7355741421875 0.4442767015625 0.735331553125 0.492966996875 0.7490984984375 0.49284700312499996 0.7669249171875 0.490927059375
3 0.7200083562499999 0.4390762578125 0.8601844249999999 0.43888057031249994 0.8604722796875001 0.3121147984375 0.8601844249999999 0.2313258796875 0.7101253328125 0.2313258796875 0.5807453390624999 0.2313543375 0.5815437296875 0.3328475671875 0.581831571875 0.4384891875 0.7200083562499999 0.4390762578125
5 0.8010477375 0.24383964531250002 0.80075990625 0.2305326875 0.7695005625 0.23033699687500003 0.6930233 0.2301317921875 0.6928214484375 0.2440353375 0.7365724953125 0.2440353375 0.8010477375 0.24383964531250002
0 0.6813080125 0.40168892968750003 0.664613521875 0.391708709375 0.6470555265625 0.38720782656249997 0.6234529921874999 0.3856423015625 0.6231790609375001 0.4389424078125 0.695124121875 0.4388701390625 0.6959876390625 0.42360627187500005 0.689943090625 0.410886384375 0.6813080125 0.40168892968750003