0 0.21585688749999998 0.1105595765625 0.212690134375 0.12413821875 0.21250386250000003 0.1377168609375 0.24007316093750003 0.13672329375 0.23989293906250003 0.0864278203125 0.23522990937500002 0.08737653749999999 0.228151290625 0.091350771875 0.2207001390625 0.09896805625 0.21585688749999998 0.1105595765625
0 0.2680150171875 0.021470459375 0.265220834375 0.012859615625000001 0.24044570625 0.032068421875 0.2407123125 0.0474282359375 0.26987778906250004 0.047634176562500005 0.269318971875 0.0287565578125 0.2680150171875 0.021470459375
0 0.24112537656250002 0.25236410781249996 0.2411908203125 0.26130249375000003 0.26466199218750003 0.2818360390625 0.26689733437499996 0.27388756875000003 0.2683875609375 0.265276740625 0.26876013125 0.25269165312499997 0.24112537656250002 0.25236410781249996
0 0.19611130937500001 0.6602634093749999 0.19015037343750002 0.6642376453125001 0.184003178125 0.672186115625 0.1784148 0.6834464484375 0.1758069015625 0.6990122140625 0.1757770125 0.7158884140625 0.20486642656249998 0.7152403390625001 0.2041213 0.6592698546875 0.19611130937500001 0.6602634093749999
5 0.06335602500000001 0.6325870359375 0.0578668875 0.6241064453125 0.051222409375 0.6363003218750001 0.061466365625 0.6538058078125 0.06812990625000001 0.6419586609375 0.06335602500000001 0.6325870359375
5 0.091502040625 0.642489128125 0.0690223703125 0.64220424375 0.06882609843750001 0.6591105015625 0.1145758109375 0.659464146875 0.1146752625 0.642489128125 0.091502040625 0.642489128125
5 0.1255159578125 0.624453175 0.11583164531250001 0.64200964375 0.12223391406249999 0.6536289843749999 0.12740561875 0.6446110078125 0.1319805953125 0.6363003218750001 0.1255159578125 0.624453175
0 0.3259553421875 0.3849031453125 0.32278318125 0.373367190625 0.3175923671875 0.36439478125 0.3086526375 0.35824227343750004 0.30000129375 0.35747320312499997 0.2995341828125 0.40742687968749997 0.32797398437499997 0.408231409375 0.3275414234375 0.3938755546875 0.3259553421875 0.3849031453125
5 0.300289671875 0.316712828125 0.3004338546875 0.274414325 0.2904963328125 0.27454498906249997 0.2907731859375 0.2913337296875 0.291205746875 0.3174818953125 0.300289671875 0.316712828125
5 0.47861692031249997 0.178532203125 0.46087907499999997 0.1774232625 0.46072769375 0.1960429953125 0.49891816875000006 0.1964003578125 0.49891816875000006 0.178532203125 0.47861692031249997 0.178532203125
5 0.577711128125 0.17781747187500002 0.545314053125 0.177816553125 0.5449477234375 0.1964003578125 0.560625921875 0.1964003578125 0.5775101328125001 0.1960429953125 0.577711128125 0.17781747187500002
5 0.6640111078125 0.1779932859375 0.6270966234375 0.17663668125 0.6270266437500001 0.195861453125 0.6449158703125 0.19621881562500001 0.6640111078125 0.19550409062500002 0.6640111078125 0.1779932859375
0 0.61255446875 0.42357827031250006 0.620795565625 0.411070559375 0.6238106140624999 0.3967760375 0.6244136124999999 0.38248150625 0.597036003125 0.38193441875 0.5958712671875 0.43108289843750003 0.6031073484375 0.43072553750000003 0.61255446875 0.42357827031250006
0 0.64612188125 0.4933214453125 0.6557699968749999 0.49403616875 0.6561720015625 0.4393596015625 0.6272276531250001 0.43864487656250006 0.6268755890625 0.43738840625000003 0.6270266437500001 0.4543688515625 0.630644690625 0.47259438125 0.6376797765625 0.485459453125 0.64612188125 0.4933214453125
0 0.5629068609375001 0.5154970828125001 0.5659218953125 0.5079924546875 0.5677309187499999 0.497986290625 0.567638484375 0.48536987031249995 0.5416005968750001 0.4858359359375 0.54139959375 0.4944126578125 0.5629068609375001 0.5154970828125001
5 0.5717509640625 0.614167559375 0.56233366875 0.6131893421875 0.5619018453125 0.6316783515625 0.5828060984375 0.6313209890625 0.5830071078125 0.613810196875 0.5717509640625 0.614167559375
5 0.501254875 0.613823578125 0.4681731953125 0.6135826328125 0.467888471875 0.6316917328125 0.5382393390625 0.63204910625 0.5380383296875 0.6148956640625001 0.501254875 0.613823578125
0 0.52698319375 0.48186097187500004 0.5346212921875 0.48829351406250004 0.5432643921875 0.48829351406250004 0.54354578125 0.43974814999999995 0.5155260546875 0.44076420625 0.5159280578125001 0.4561308265625 0.5201491171875 0.4700679859375 0.52698319375 0.48186097187500004
0 0.49522480625 0.41574878593750003 0.49522480625 0.43075803125 0.523365146875 0.43218749218749997 0.5234316890625 0.38350758281249997 0.5149230421875 0.38287136875 0.504872921875 0.3896612671875 0.498239840625 0.4032410640625 0.49522480625 0.41574878593750003
0 0.5531135171875 0.361429575 0.550299478125 0.353924946875 0.525576175 0.3760814640625 0.5254209953125 0.384687453125 0.5563295609375001 0.3839434546875 0.554922540625 0.3703636515625 0.5531135171875 0.361429575
3 0.467888471875 0.632706475 0.5376363265624999 0.6316344 0.537837321875 0.6294902046875 0.542460384375 0.6291328546875 0.54266139375 0.5483687609375 0.5430633968749999 0.43329780781249994 0.47371754531250004 0.43329780781249994 0.42447193437499997 0.4340125375 0.42485053749999996 0.5246989390625 0.4248739375 0.6298475781249999 0.4676874625 0.6302049281250001 0.467888471875 0.632706475
3 0.5223601453125 0.441083340625 0.5225611390625 0.3145385328125 0.5221591359375 0.180527328125 0.49944585156250004 0.1790978734375 0.49944585156250004 0.177668421875 0.46125538906249997 0.1787405109375 0.46125538906249997 0.180169965625 0.42447193437499997 0.1798126 0.42440846875 0.31664816562500003 0.42427093281249995 0.4400112421875 0.47210951718749994 0.441440690625 0.5223601453125 0.441083340625
3 0.6011886718749999 0.38329241718749996 0.601072415625 0.2540391609375 0.6008399046874999 0.1804542921875 0.5777041734374999 0.1794207953125 0.577587909375 0.17797390156249998 0.5453839078125 0.179007396875 0.5453839078125 0.1804542921875 0.5189929046875 0.1802475921875 0.5185574921875 0.280965665625 0.5185278656250001 0.38329241718749996 0.5595676234375 0.383705815625 0.6011886718749999 0.38329241718749996
3 0.6277923125 0.45272732031249996 0.6289157796875 0.46321380312500005 0.63228619375 0.4741996390625 0.637482246875 0.48443643437499995 0.6467508843750001 0.4924261421875 0.6555982171875 0.4934248515625 0.6560195234374999 0.453199965625 0.67750590625 0.45270061093749997 0.6777867828125 0.4074955171875 0.691689740625 0.4072458484375 0.6915492921874999 0.2846004828125 0.6922514750000001 0.1799853625 0.6640242546875 0.1799853625 0.6640242546875 0.1782376140625 0.6266688359375 0.17873697187499998 0.6266688359375 0.1794860046875 0.5973181484375 0.1794860046875 0.5967564140625 0.30507407343750004 0.5958783875 0.45189207343750004 0.6046207171875 0.4519782890625 0.6277923125 0.45272732031249996
3 0.8721539187499999 0.546896140625 0.9664292718749999 0.546896140625 0.9671002906249999 0.4174586734375 0.967435778125 0.2880211921875 0.8620889421875001 0.289214165625 0.7766463234375001 0.286295890625 0.7782140765625 0.4174586734375 0.7785495640625 0.5474926250000001 0.8721539187499999 0.546896140625
3 0.1104112890625 0.0014215421875 0.0971450125 0.024370254687500002 0.08316161718750001 0 0.0688196859375 0.0313823625 0.032247790625 0.032019825 0.031889243750000004 0.2941881734375 0.03117215 0.6314750171875 0.04838244375 0.630200090625 0.063082934375 0.6601609125000001 0.1186578828125 0.6595234484375 0.1362267484375 0.6295626296875 0.1398122203125 0.630200090625 0.1398122203125 0.716257778125 0.21223894062499998 0.716257778125 0.21367315312500001 0.6958589374999999 0.2169000890625 0.696496378125 0.21725862343750002 0.6805597953125 0.20937056406250001 0.6818347218749999 0.2097291234375 0.2609377203125 0.2405642421875 0.2609377203125 0.2393696109375 0.029552871874999997 0.17136445625000002 0.0326572875 0.12367756562500001 0.0307449 0.1104112890625 0.0014215421875
2 0.08562872656250001 0.020871384375 0.1014641765625 0.040699200000000005 0.1131941390625 0.01252283125 0.1665563078125 0.04939289375 0.16942796875 0.0357672671875 0.106742659375 0 0.0979451875 0.019827815625000002 0.08445573125 0 0.0662742890625 0.032350645312499995 0.0662742890625 0.0365249234375 0.0709662734375 0.0438299078125 0.08562872656250001 0.020871384375