3 0.710596890625 0.8669420796875 0.7099936859375 0.9071679749999999 0.90526055 0.9065487734375001 0.905562140625 0.8669310781249999 0.9489918562499999 0.8669310781249999 0.9492934468750001 0.803186640625 0.9498966515625 0.6973477171875 0.8114135359375 0.6973477171875 0.686965109375 0.6971264421875001 0.686469271875 0.7862728875 0.6855644765625 0.866529278125 0.710596890625 0.8669420796875
0 0.7220574937500001 0.7082868875 0.704263371875 0.702714103125 0.684961296875 0.702094903125 0.686288178125 0.742257075 0.7461851125 0.7421363999999999 0.7446771359375 0.7283076421875 0.734121303125 0.7171620671875 0.7220574937500001 0.7082868875
5 0.7279793359375 0.89371848125 0.727744021875 0.8852680828124999 0.727744021875 0.8702911984374999 0.711232615625 0.8702807625 0.7118600875000001 0.8810767046875 0.7119777453125 0.8937990015624999 0.7279793359375 0.89371848125
5 0.8231295453125 0.905868546875 0.8823119078125 0.9059490671875 0.8826648875 0.8950068140624999 0.8447569359375 0.8949262953125 0.7993823546875001 0.8948457718749999 0.7749251890625 0.894765253125 0.7333059609375 0.8948291546875 0.7337633796875 0.9061906328125 0.7893502078125 0.9059490671875 0.8231295453125 0.905868546875
5 0.904573240625 0.8940972546875001 0.9046669749999999 0.8867270328125001 0.9042920406249999 0.8702409031249999 0.88830631875 0.870218225 0.8884508375 0.8794106984375001 0.8881696296875001 0.8937765140625 0.904573240625 0.8940972546875001
3 0.5402114296875 0.86683004375 0.6954875687500001 0.8666872140624999 0.6952788515625 0.815442115625 0.6961136734375 0.7423442031249999 0.6168059718750001 0.74205855 0.6072055703125 0.7319177 0.5401157078125001 0.731721334375 0.5406288390625 0.7657452953125 0.5408375484375 0.8115781249999999 0.5402114296875 0.86683004375
0 0.6508248078125 0.77796705625 0.6629296578125 0.772253903125 0.674199703125 0.7619702265625 0.6802521359375 0.7501355843749999 0.6810869578125 0.741994340625 0.6234845250000001 0.7417086859375 0.6236932265624999 0.7811092921875 0.638511240625 0.7813949499999999 0.6508248078125 0.77796705625
5 0.6630813109375 0.8673113265625 0.6630060359375001 0.856286725 0.6345755203125 0.856286725 0.6015392937499999 0.856179209375 0.6015809234375 0.8671567734375 0.6245392562500001 0.8672082921875001 0.6630813109375 0.8673113265625
3 0.687298378125 0.702740940625 0.82551679375 0.7029175203125 0.9485947937500001 0.7023877765625001 0.950142940625 0.6178427 0.948852815625 0.5186413296875 0.8233911968750001 0.5184647499999999 0.6874402671875 0.5185322218749999 0.6875563984374999 0.5548217953125001 0.687298378125 0.625956059375 0.687298378125 0.702740940625
0 0.7272922734375 0.6714953578125 0.7355490687499999 0.6656681546875001 0.7430318015624999 0.65577956875 0.7461280953125 0.6476568015625 0.7450959921875 0.6411232734375 0.6865362234375 0.6409836640625 0.687298378125 0.680854196875 0.70355395 0.6799712875 0.7149070578125001 0.6771459796875 0.7272922734375 0.6714953578125
5 0.891657803125 0.52938106875 0.891348621875 0.5179549703124999 0.858265696875 0.5180607687500001 0.8285405562499999 0.517947346875 0.8275016687500001 0.5292752734375 0.8545554609374999 0.52938106875 0.891657803125 0.52938106875
0 0.6795773171875 0.5955029640625 0.6711065703125 0.5893194640625 0.64400018125 0.605035865625 0.6342117546875 0.6117346609375 0.634059959375 0.6161872109375001 0.6863539109375 0.61662993125 0.6857891890625 0.6065817421874999 0.6831538421875 0.5993676531250001 0.6795773171875 0.5955029640625
5 0.640324928125 0.5292894265625 0.6406073796875 0.517594671875 0.6134915578125 0.5178846234375001 0.5800204578125 0.5176913234375 0.579173090625 0.5293860765625 0.60388803125 0.5294827296875 0.640324928125 0.5292894265625
5 0.5389506921875 0.6900631328125 0.5567924765625001 0.6899227812500001 0.5563823265625001 0.6720987046875 0.5561772515625 0.6476783187499999 0.5397078765625001 0.6476358875 0.5397710078125 0.6482397093750001 0.538335453125 0.6670462140625 0.5389506921875 0.6900631328125
3 0.229934340625 0.8666446062500001 0.26690759218750004 0.866431975 0.26597550625 0.9059812046875001 0.46116611562500004 0.9064064578125001 0.46116611562500004 0.8672824953125 0.5059068828125 0.8674951265624999 0.506528296875 0.7799368 0.506528296875 0.69661975 0.352528134375 0.6970450125000001 0.22895819999999997 0.696651578125 0.22900223125000002 0.7131935734375 0.22931292656250002 0.7850285968749999 0.229934340625 0.8666446062500001
0 0.2557224046875 0.7134062046875 0.2392553328125 0.7104293828125 0.2286915375 0.7104293828125 0.229745175 0.751911865625 0.2886565734375 0.7525301718749999 0.28741379375 0.739559721875 0.2790248859375 0.7282903203125 0.2557224046875 0.7134062046875
5 0.2849281859375 0.895148390625 0.28523888125 0.8855800296874999 0.28523888125 0.8692075000000001 0.267049975 0.8690743046874999 0.2662862015625 0.8821779484375 0.26690759218750004 0.895148390625 0.2849281859375 0.895148390625
5 0.4415536875 0.9072683156249999 0.44124299218749996 0.8936599765625 0.39149820625 0.8936599765625 0.288422515625 0.8932506796874999 0.28837870468750004 0.9059925375000001 0.36201455781249997 0.9072683156249999 0.4415536875 0.9072683156249999
5 0.44248577187500004 0.895361025 0.462991975 0.8949357640625 0.46237056093750006 0.8834537265625 0.46237056093750006 0.8689948718749999 0.443071428125 0.8685429546875 0.4421750765625 0.8726095890625001 0.44248577187500004 0.8811147984375 0.44248577187500004 0.895361025
3 0.258655034375 0.5283897843750001 0.2558587328125 0.7015102468750001 0.3740224984375 0.7027860265625 0.5066912796875 0.703423915625 0.506380584375 0.651564809375 0.5060698890625 0.469621325 0.24916418906249999 0.4692342375 0.249023346875 0.5275619265625 0.257722925 0.5277745609375 0.258655034375 0.5283897843750001
5 0.3233027578125 0.4804245921875 0.322934315625 0.4690780375 0.3122495421875 0.46920411093750003 0.2990873890625 0.46920050937499996 0.2985251328125 0.48036155625 0.30967045625 0.48036155625 0.3233027578125 0.4804245921875
5 0.4289106203125 0.48023575156250004 0.42872640312500004 0.469708671875 0.41546254375 0.46977170625 0.40461240624999995 0.46975184218750005 0.4052383203125 0.48004664375 0.41537043437500004 0.4801727171875 0.4289106203125 0.48023575156250004
0 0.296539984375 0.674656978125 0.3044346953125 0.6672895015625 0.3107145765625 0.659676440625 0.313585378125 0.65083546875 0.313585378125 0.6449414890625 0.2558686234375 0.6451771749999999 0.2550927609375 0.6831295796875 0.2689085015625 0.6830067859375 0.284339065625 0.6799370031249999 0.296539984375 0.674656978125
3 0.0965904453125 0.6384887859374999 0.18059280312499998 0.6387847265625 0.26361955937500003 0.6387847265625 0.263403346875 0.5893867140625 0.263835771875 0.5327382203125001 0.26448442499999997 0.4704669 0.21116402812500001 0.47002299062499997 0.21159646875 0.43764888593749995 0.19602894375 0.4385366984375 0.1828398015625 0.44257709375000004 0.17354252812499998 0.44612835312500004 0.1666236375 0.4514552390625 0.1610020390625 0.4582618171875 0.156461515625 0.4695074671875 0.096594153125 0.4696384625 0.09680665625 0.5154258375 0.09680665625 0.5769573125 0.0965904453125 0.6384887859374999
5 0.1563865875 0.480434809375 0.15627985 0.469551596875 0.1432587875 0.469551596875 0.128040825 0.469658621875 0.1278896578125 0.480434809375 0.14059053593749998 0.480434809375 0.1563865875 0.480434809375
0 0.1793168234375 0.44438513906250005 0.171977796875 0.447855253125 0.16597313593750002 0.452872915625 0.1606356625 0.4593516765625 0.1581003671875 0.46400892968749996 0.1567659984375 0.4702186046875 0.1567659984375 0.48016747656250003 0.21114823125 0.479812171875 0.21094134531250003 0.4380841484375 0.1985317265625 0.4388146984375 0.1886574 0.44091502812499994 0.1793168234375 0.44438513906250005
0 0.21916414999999997 0.6053021671875001 0.20915638749999999 0.6111465640625 0.20221767656249998 0.6184520625000001 0.1979476921875 0.6253922875 0.19581270625 0.633610971875 0.1954626765625 0.63799426875 0.2517227359375 0.63854218125 0.250788671875 0.59909249375 0.2338422 0.6005535937500001 0.21916414999999997 0.6053021671875001
0 0.177856775 0.83691835625 0.1702011578125 0.8472221031249999 0.16637335 0.8570019265625 0.16535259687499998 0.8669563968749999 0.224115734375 0.86632381875 0.22353529375 0.8246935765625001 0.21026554687500001 0.82521749375 0.1916368890625 0.8294088484375 0.177856775 0.83691835625
5 0.16305590781249998 0.8678295953124999 0.16331110937499999 0.85577945 0.13957868906249998 0.8556048109375001 0.11815386406249999 0.8556316953125 0.1168670203125 0.8680042328124999 0.1377923765625 0.8678295953124999 0.16305590781249998 0.8678295953124999
5 0.11301426249999999 0.8944619703125 0.11301426249999999 0.885380703125 0.1125038953125 0.8698377624999999 0.09581250625 0.869815125 0.0954063484375 0.881014709375 0.09515115468749999 0.8946366078124999 0.11301426249999999 0.8944619703125