5 0.19860823593750002 0.4690275421875 0.197884975 0.4565607390625 0.1309834609375 0.4565607390625 0.09194155625 0.4568172921875 0.09228907187499999 0.4687830953125 0.1429172453125 0.4687830953125 0.19860823593750002 0.4690275421875
5 0.18450467343750002 0.7697791171875 0.1841430421875 0.75804565625 0.1671730359375 0.7578247250000001 0.167508071875 0.7685568828125 0.16714644218750002 0.7793125562500001 0.18450467343750002 0.779557003125 0.18450467343750002 0.7697791171875
5 0.2655097484375 0.7482677718749999 0.3056506578125 0.7485122171875 0.3060122875 0.73677875625 0.2470666296875 0.7372676499999999 0.2134693328125 0.73728481875 0.2148815765625 0.737512096875 0.214519946875 0.7485122171875 0.2655097484375 0.7482677718749999
5 0.3566558234375 0.5511669140625 0.3566558234375 0.539922346875 0.32917195781249997 0.54016679375 0.31076389375 0.5401995296875 0.3118137265625 0.5519002562499999 0.334958034375 0.5519002562499999 0.3566558234375 0.5511669140625
5 0.427535265625 0.5514113609375 0.42681200468749997 0.54016679375 0.4018595484375 0.54016679375 0.3812934078125 0.5401995296875 0.38269316875000003 0.5511669140625 0.4047525875 0.5516558093749999 0.427535265625 0.5514113609375
5 0.4709308421875 0.5636337171875 0.47056921249999994 0.55507806875 0.45326968125 0.5541373234375 0.45321098125 0.5655892953125 0.45284935156249995 0.5756116265625 0.4702075828125 0.5758560734375 0.4709308421875 0.5636337171875
5 0.5483437437500001 0.5912653859375 0.5487053734375 0.58002081875 0.5016934984375 0.5795319250000001 0.47026910156249996 0.57981220625 0.47167822499999995 0.5915098328124999 0.5197749890625001 0.5912653859375 0.5483437437500001 0.5912653859375
5 0.58306020625 0.5912653859375 0.581975315625 0.5795319250000001 0.5685950125 0.5795319250000001 0.5585214171875 0.5795676828125 0.559915896875 0.5915098328124999 0.57184968125 0.5912653859375 0.58306020625 0.5912653859375
5 0.6413069671875 0.591266821875 0.6413069671875 0.5795333609375 0.626841775 0.5795333609375 0.6185619250000001 0.5795676828125 0.6196091781249999 0.591266821875 0.6333511109375001 0.591266821875 0.6413069671875 0.591266821875
5 0.6687908328125001 0.549450040625 0.6691524624999999 0.5435833109375 0.6518373890625 0.5431338015625 0.6521558609375 0.551650065625 0.65179423125 0.5587390328125 0.6691524624999999 0.558494584375 0.6687908328125001 0.549450040625
5 0.6695140921875 0.5066717953125 0.6691524624999999 0.500071721875 0.6518373890625 0.5008313765625 0.6514326015624999 0.5098496078125 0.65179423125 0.5149829968749999 0.6691524624999999 0.514494103125 0.6695140921875 0.5066717953125
5 0.6691524624999999 0.48661896875000005 0.6691524624999999 0.473418825 0.6695140921875 0.45630752656249995 0.6518373890625 0.4558392015625 0.652517490625 0.46779654062500003 0.652517490625 0.4809966859375 0.6521558609375 0.48661896875000005 0.6691524624999999 0.48661896875000005
5 0.6691524624999999 0.4218323203125 0.6691524624999999 0.4074099390625 0.6518373890625 0.40717918593749997 0.6521558609375 0.4218323203125 0.65179423125 0.43845472343749997 0.6687908328125001 0.43845472343749997 0.6691524624999999 0.4218323203125
5 0.6691524624999999 0.3758599375 0.6691524624999999 0.35923753281250004 0.65256076875 0.35900821562499996 0.6521558609375 0.372437678125 0.65179423125 0.390037871875 0.6687908328125001 0.39028231875 0.6691524624999999 0.3758599375
5 0.6691524624999999 0.28783448906250003 0.6691524624999999 0.276101028125 0.65256076875 0.27660406875 0.6521558609375 0.2907678546875 0.6528791218750001 0.3071458125 0.6691524624999999 0.3066569171875 0.6691524624999999 0.28783448906250003
5 0.8105497171874999 0.2511510984375 0.8098264578125001 0.2386842953125 0.75702850625 0.23892874218750002 0.7173032453125 0.2389475734375 0.71941900625 0.2511510984375 0.7660692515624999 0.25090665156249997 0.8105497171874999 0.2511510984375
5 0.43659839375000004 0.7487460859375 0.4362367625 0.7367681765625 0.40513659999999996 0.7367681765625 0.3892505828125 0.737040296875 0.390309778125 0.7485016390625 0.41924016249999996 0.7487460859375 0.43659839375000004 0.7487460859375
5 0.5512350421875001 0.7489905328125 0.5740177203125 0.7485016390625 0.5740177203125 0.7367681765625 0.5501501531249999 0.7370126234375001 0.520134878125 0.7367681765625 0.49739583749999994 0.7367957734374999 0.4973522 0.7492349796875 0.524836065625 0.7489905328125 0.5512350421875001 0.7489905328125
5 0.9020797437500001 0.69129360625 0.9020797437500001 0.6680711296874999 0.88327499375 0.667582234375 0.88327499375 0.682982403125 0.8843598828125 0.7098715875 0.9020797437500001 0.709627140625 0.9020797437500001 0.69129360625
5 0.8615772046875 0.74899945 0.8615772046875 0.736532646875 0.8138420703125 0.73677709375 0.786024309375 0.7365512515625 0.785996575 0.74899945 0.8261374828125 0.748755003125 0.8615772046875 0.74899945
5 0.7711697531249999 0.7617107 0.7711697531249999 0.752910603125 0.7534722265625 0.752934271875 0.7534498921874999 0.7656218531250001 0.753811521875 0.77442195 0.7715313828125 0.7746663984375 0.7711697531249999 0.7617107
0 0.735006771875 0.323041978125 0.7274125453125 0.33135318125 0.725604396875 0.3396643828125 0.7256221109375 0.34531494375 0.76393715625 0.34553111406250003 0.7642987859375 0.3142418828125 0.7494719640625 0.3147307765625 0.735006771875 0.323041978125
0 0.7230729874999999 0.5616958234375 0.7133089828125 0.5558290921875 0.7039066078125 0.5526512796875 0.69341934375 0.5528957265625001 0.694155096875 0.5842136140624999 0.73102884375 0.5836960640625 0.7313904734375 0.5775848875 0.728497434375 0.5680514484375 0.7230729874999999 0.5616958234375
0 0.7953989499999999 0.6179186624999999 0.7878047234375 0.612296378125 0.7776790890624999 0.60887411875 0.76574530625 0.606429646875 0.7545572953125 0.605976134375 0.7545347812500001 0.6323410421875 0.800823396875 0.6318521484375 0.8001001375 0.6245187343749999 0.7953989499999999 0.6179186624999999
0 0.8659167625 0.6125571484375001 0.85796090625 0.6186683265624999 0.8536213484375 0.6247795046875 0.8532597187500001 0.6318684703125 0.9006332234375 0.6321129171875 0.9014033609375 0.605976134375 0.8836366234374999 0.6062015234375 0.8731493578125 0.60864599375 0.8659167625 0.6125571484375001
0 0.9299252390625 0.7245547375 0.9212461234375 0.7206435828125 0.9013564828125 0.7181991125 0.9010416703124999 0.7480438171875 0.94258228125 0.7480216609375 0.9400508734375 0.737021540625 0.936434575 0.730177021875 0.9299252390625 0.7245547375
0 0.7133089828125 0.7162353734375 0.70282171875 0.7221021046875 0.6977589015625 0.7277243890625 0.69522749375 0.736035590625 0.6937934078125 0.7431533640625 0.7324753625 0.7426356625 0.7324753625 0.7133020078125 0.724157878125 0.7133020078125 0.7133089828125 0.7162353734375
0 0.7078845359375 0.769524846875 0.6981205312500001 0.7797916265625 0.6937934078125 0.7969483562499999 0.73283699375 0.796658478125 0.7335602531250001 0.7643914578125 0.7227113578125001 0.764147009375 0.7078845359375 0.769524846875
3 0.799376878125 0.3457674 0.9013564828125 0.3457674 0.9013564828125 0.27829999375000003 0.9020797437500001 0.23967734843750002 0.653284146875 0.23943661875000002 0.65291680625 0.2956557390625 0.652555175 0.34625629375 0.7259660265625001 0.3457674 0.799376878125 0.3457674
3 0.76393715625 0.3137693109375 0.7501952234375 0.3147470984375 0.7386230703125001 0.319147146875 0.73283699375 0.32476943125 0.728497434375 0.33014726875 0.725604396875 0.3391918109375 0.65291680625 0.3391918109375 0.652555175 0.5154953171875001 0.6380899828125 0.5186731296875 0.628325978125 0.523317625 0.6229015312499999 0.5269843328125 0.619735675 0.5308954859374999 0.6172042656250001 0.5367622171875001 0.6172042656250001 0.5423845 0.6515590984374999 0.5423845 0.6522823578125 0.5802738046875 0.651920728125 0.584184959375 0.90067998125 0.58372456875 0.900994853125 0.5252732015625 0.9013564828125 0.34016959999999996 0.764660415625 0.339925153125 0.76393715625 0.3137693109375
3 0.9007220359374999 0.5783263890625 0.8529869015625 0.5778374953125 0.7557084828125 0.5778374953125 0.7539003328125 0.7035241234375 0.7543012203125 0.7485328625000001 0.83743681875 0.748983128125 0.9007220359374999 0.748983128125 0.9007220359374999 0.5783263890625
0 0.474952575 0.641666003125 0.48869450781249996 0.6467993937500001 0.5006282921875 0.648266075 0.5009899203125 0.6177101859375 0.463758684375 0.6179577453125 0.4633804203125 0.6240658109375 0.4669967203125 0.6345770374999999 0.474952575 0.641666003125
3 0.49520384531249995 0.7484975578124999 0.5657216578125001 0.7492308984375 0.6206893874999999 0.7482531109375 0.6206893874999999 0.65852469375 0.6203277578125 0.6181909171875 0.5310051953125 0.6179464718750001 0.45326968125 0.6179577453125 0.4536164171875 0.7154971953125 0.4539780453125 0.7484975578124999 0.49520384531249995 0.7484975578124999
5 0.6206893874999999 0.7607199140625001 0.621412646875 0.7519198171875 0.6040544171875 0.7514309234375001 0.603370953125 0.7509780890625 0.6033311578125 0.75925323125 0.6029695265624999 0.7668310921875 0.6206893874999999 0.7670755390624999 0.6206893874999999 0.7607199140625001
0 0.3241167015625 0.5976503328125 0.31796899375 0.6015614859375 0.314352696875 0.6069393234375 0.312544546875 0.61256160625 0.3121829171875 0.6176949953124999 0.35738664375 0.6176949953124999 0.3574218796875 0.591304771875 0.3450912296875 0.591050259375 0.3335190765625 0.594228071875 0.3241167015625 0.5976503328125
0 0.38559376875 0.6421397078125 0.395719403125 0.634561846875 0.3993357015625 0.62429506875 0.3993357015625 0.6176949953124999 0.361038778125 0.6186913140625 0.3617262015625 0.6475175453124999 0.3772762828125 0.6460508625 0.38559376875 0.6421397078125
0 0.3241167015625 0.7037648671875 0.31833062343749996 0.7096315984375 0.314352696875 0.7164761171875 0.3136294359375 0.723076190625 0.35774827343750004 0.7233206375 0.3585069484375 0.6964495296875 0.3418365609375 0.6969203484375 0.3324341859375 0.699120371875 0.3241167015625 0.7037648671875
3 0.23913369687500002 0.6255091421875 0.2243068734375 0.6157312578125 0.2073102734375 0.6247758015625 0.19139856093750002 0.6250202484375 0.1765717390625 0.614509021875 0.16897751249999998 0.61475346875 0.16753099375 0.7487513 0.356663384375 0.7487513 0.35778356875 0.57981220625 0.271680378125 0.57979753125 0.2705954890625 0.61377568125 0.25215236875 0.6255091421875 0.23913369687500002 0.6255091421875
0 0.2275615421875 0.5658395609375 0.23298598906249998 0.570728503125 0.24455814375 0.5761063390625 0.2583000765625 0.5785508109374999 0.2684257109375 0.5787952578125 0.2680844953125 0.5536482781250001 0.22394524374999997 0.55239496875 0.22466850312500003 0.5599728296875 0.2275615421875 0.5658395609375
3 0.2680320375 0.550788690625 0.27815767187499996 0.550788690625 0.275264634375 0.45663378281250006 0.01598669375 0.45643234374999997 0.0145295421875 0.500179975 0.014891171875000001 0.5860054 0.2691169265625 0.5840498234375 0.2680320375 0.550788690625