5 0.6602463671875001 0.20293259843749997 0.698037425 0.20248884375 0.698037425 0.1949450109375 0.6739293359375 0.19538876562500002 0.6406992687499999 0.19538876562500002 0.606842628125 0.19451349375 0.60681763125 0.20293259843749997 0.632880428125 0.20248884375 0.6602463671875001 0.20293259843749997
5 0.9169649281250001 0.20293259843749997 0.9169649281250001 0.19450125625 0.8869927109375 0.1949450109375 0.8544142125 0.1949450109375 0.8211841453125001 0.193613746875 0.820532575 0.2020450890625 0.8700518921875 0.20248884375 0.9169649281250001 0.20293259843749997
5 0.6503656640625 0.5141475234375 0.6856900640625 0.5141475234375 0.6851781156250001 0.5057795734375 0.6565090390625 0.505430909375 0.6298877515625 0.5061282390625 0.595596525 0.5061383921875 0.5945633515625001 0.5137988578125 0.6273280125 0.5141475234375 0.6503656640625 0.5141475234375
5 0.7624822375 0.5137988578125 0.7609463937500001 0.5050822453125 0.7312534203125 0.5050822453125 0.7138760953125 0.5050920750000001 0.71384719375 0.5137988578125 0.742004325 0.5137988578125 0.7624822375 0.5137988578125
5 0.9529268265624999 0.5141475234375 0.9534387734375 0.5057795734375 0.9211860609375 0.5057795734375 0.896612565625 0.5057795734375 0.8618535656249999 0.5061383921875 0.8628240093749999 0.5141475234375 0.909923209375 0.5141475234375 0.9529268265624999 0.5141475234375
0 0.8730629656250001 0.7498913125 0.9058276265625 0.728971440625 0.9083873656250001 0.723741471875 0.8587813687500001 0.7237723203125 0.8597523234375 0.7328067500000001 0.8664076453125 0.741872028125 0.8730629656250001 0.7498913125
0 0.7276697859375 0.7226838375 0.7343251078125 0.7171052046875 0.7389326374999999 0.7125725671875001 0.7414923765625 0.705599275 0.7414923765625 0.697579990625 0.6944188484375 0.6986607140625 0.6938812296875 0.7035072875 0.7056560296875001 0.7104805796875 0.7276697859375 0.7226838375
0 0.729205628125 0.2703262453125 0.71999056875 0.26579360625000004 0.6902975953125 0.28462149062500003 0.689298521875 0.29094587031249997 0.735349003125 0.2908974515625 0.7363728984375 0.2853188203125 0.7333012109375 0.2762535421875 0.729205628125 0.2703262453125
0 0.796782740625 0.2755562125 0.7891035234375 0.2713722390625 0.7599224984374999 0.29229211093749996 0.7584229453125 0.2965262265625 0.8049739062500001 0.29682474999999997 0.8054858546875 0.29159478125 0.801390271875 0.2821808390625 0.796782740625 0.2755562125
0 0.7153830375 0.376715490625 0.7082157687499999 0.3725315171875 0.6774988984375 0.39414871875 0.6764977015625 0.3990652890625 0.72408615 0.399030021875 0.72408615 0.391708065625 0.71999056875 0.382991453125 0.7153830375 0.376715490625
3 0.6821064296875 0.3160129390625 0.6821064296875 0.29090909374999996 0.7507074375 0.29090909374999996 0.7501954890625 0.19467768125 0.5536098375 0.19503348125 0.553095578125 0.23824910781250003 0.55258363125 0.3160129390625 0.6467820296875 0.3160129390625 0.6821064296875 0.3160129390625
3 0.742004325 0.19467768125 0.740980428125 0.29753371875 0.8812541312500001 0.2971850546875 0.8812541312500001 0.357852684375 0.9979782343749999 0.35750401875 0.9984901828125 0.2661539109375 0.9985663140625001 0.1939871640625 0.9160665828125 0.1943290171875 0.84592973125 0.19363168749999998 0.742004325 0.19467768125
3 0.8812541312500001 0.371822546875 0.733813159375 0.3721712109375 0.733813159375 0.3923937546875 0.725110046875 0.39274241875000004 0.718454725 0.3805391609375 0.7077038203125 0.371822546875 0.678010846875 0.39274241875000004 0.5520716828125 0.3913477609375 0.5515597359375 0.5137639359375 0.9995903796875 0.5131138390625 0.9979782343749999 0.4457743515625 0.999514078125 0.3512513390625 0.8812541312500001 0.3512513390625 0.8812541312500001 0.371822546875
3 0.8134460875 0.8453882625 0.8650504281250001 0.8453882625 0.8660060640625 0.8512458265625 0.9453238468749999 0.8518966671875001 0.9467573 0.8450628421875 0.9974060046875 0.8453882625 0.9974060046875 0.721728575 0.8430708015624999 0.722704834375 0.8425929828125 0.697972896875 0.6710633265625 0.6983072906250001 0.670578515625 0.7464605125 0.6715341515625 0.8216325859375001 0.8134460875 0.82195800625 0.8134460875 0.8453882625