5 0.73068445 0.837620075 0.7307835218750001 0.8290404406249999 0.717210575 0.8288925125000001 0.7055681703125 0.8289865687500001 0.7056190796874999 0.837620075 0.71651706875 0.837620075 0.73068445 0.837620075
0 0.6708241015625 0.805931371875 0.6637899468749999 0.80134570625 0.6566567203125 0.8000143812499999 0.6563759109375 0.8367493078124999 0.6778582640625 0.8369955750000001 0.6779573359375 0.8248657421875001 0.6759758828125 0.8136234609375 0.6708241015625 0.805931371875
3 0.5750565187500001 0.76645295625 0.5747180359375 0.8177295796875 0.57962604375 0.817476884375 0.648813409375 0.81823496875 0.6489826484375001 0.786535371875 0.6488980296875 0.7184613515625 0.612464859375 0.7189667390625 0.5771401093749999 0.7183229359375 0.5749718984375 0.7204829015625 0.5753103796875 0.721240984375 0.5750565187500001 0.76645295625
0 0.5940650125 0.7423251640624999 0.5966215140625 0.7363776015625 0.597988940625 0.7314065000000001 0.5985240234375 0.7253701671874999 0.5985240234375 0.71871244375 0.5782998046875 0.7185277515624999 0.578131484375 0.7219081515625 0.5824121328125 0.72803325625 0.5940650125 0.7423251640624999
5 0.621591965625 0.8183581546875001 0.62153251875 0.8102801171875 0.61261449375 0.81019135 0.59711246875 0.8100323968750001 0.5970376859375001 0.8184469249999999 0.6060746124999999 0.8184469249999999 0.621591965625 0.8183581546875001
0 0.7038751953125 0.7728470140625 0.6979289171875 0.7710384546875 0.6930465124999999 0.771019946875 0.6927534421875 0.8022771390625 0.6955063515625 0.80244155625 0.70905066875 0.778272678125 0.7038751953125 0.7728470140625
5 0.6904674671875 0.77157014375 0.6904674671875 0.7663664234375 0.68172391875 0.766457715625 0.6730483921875 0.7664456875 0.6729192203125 0.7716614359375 0.680134178125 0.77157014375 0.6904674671875 0.77157014375
0 0.6646996453125 0.7445815046875001 0.6584595484375 0.7389102578125 0.6538473015624999 0.7371548703124999 0.650772471875 0.7371548703124999 0.650735034375 0.7713995015624999 0.6711206125 0.7717224796875 0.6710301765625 0.7611901578125 0.6687692734375 0.7503877828125 0.6646996453125 0.7445815046875001
0 0.7656781984375 0.822424246875 0.76249655 0.8147207406250001 0.7584550015625 0.809199890625 0.7564772203125 0.8068888390625 0.743286290625 0.838554309375 0.7606907515625 0.8552925484375 0.7658501765625 0.84245336875 0.7664521140625 0.8315400640625 0.7656781984375 0.822424246875
0 0.757509109375 0.611829109375 0.7601748109375001 0.60579469375 0.762668534375 0.597834403125 0.7625825453124999 0.589617328125 0.7400598484375001 0.5897408468750001 0.7403110203125001 0.6208165359375 0.748566103125 0.6200461859375 0.753381565625 0.6168363921875 0.757509109375 0.611829109375
3 0.6629704421875 0.582521184375 0.6629009421875 0.6292022390625001 0.6870533 0.6293060140625 0.7429878296875 0.6293060140625 0.7429183296875 0.6207094828125 0.74416935625 0.6207094828125 0.748756465625 0.6200868484375001 0.7519535484375 0.6180113984375 0.755637134375 0.6150019953125 0.757861190625 0.6111624109375 0.76022424375 0.606077553125 0.76223979375 0.59891725 0.7625873015625 0.5897852609374999 0.7429060171875 0.5900965828125 0.74304501875 0.5886437640625 0.744713059375 0.5883324484375 0.74519269375 0.47258847968750006 0.7453698515625 0.40252229531249994 0.7043026625000001 0.40239004375 0.7042140796874999 0.40635765 0.7019110828125 0.4060931421875 0.7021768171875 0.3766005984375 0.6985451687500001 0.3766005984375 0.6942049015625 0.37779088125000004 0.6911047140625 0.379510178125 0.687561640625 0.384271303125 0.6840185671875 0.390487221875 0.6816269890625 0.397232153125 0.6808298015625 0.4059608859375 0.662947003125 0.4060435671875 0.6628314421875 0.465411746875 0.6628314421875 0.504413634375 0.6629704421875 0.582521184375
0 0.6920349015625 0.37948964687500003 0.6890242718749999 0.38231724375 0.6866449015625 0.38528984843749997 0.6843140890625 0.3898497765625 0.68256598125 0.393982421875 0.68178904375 0.39768005 0.6813034578125 0.4018851953125 0.681206340625 0.40623534687499996 0.681206340625 0.4098566078125 0.701771853125 0.409573278125 0.7018922937500001 0.376589546875 0.6981047234375 0.3768795546875 0.6946085078124999 0.3779670921875 0.6920349015625 0.37948964687500003
5 0.7399808 0.5091527484375 0.7401369625 0.5442317578125 0.74509513125 0.5443483421875001 0.745134171875 0.5271616921875 0.7450560890625 0.48386980468749996 0.7450560890625 0.4651061796875 0.7450170484374999 0.44441893749999994 0.7399511703125 0.44429715937500003 0.740097921875 0.4611392546875 0.7400588828125 0.4845047953125 0.7399808 0.5091527484375
0 0.6835968078125 0.6062669796875 0.680822334375 0.601813740625 0.6767993546875 0.5981890109375 0.671944028125 0.5960141734375 0.6677823171874999 0.5959106109375 0.667390375 0.6290364640624999 0.6881746843750001 0.6291545593750001 0.6880359625 0.618487496875 0.68651000625 0.6124808015625 0.6835968078125 0.6062669796875
3 0.6007977437500001 0.3490001859375 0.6036731359374999 0.3514368875 0.6008754546875 0.35294532031250003 0.598932621875 0.356310290625 0.6085690796875001 0.3717427296875 0.6082582249999999 0.41604891874999994 0.628308275 0.4159328875 0.6282902484374999 0.40990533593749995 0.6581321796874999 0.410021371875 0.6660589406249999 0.40978930468749997 0.7089616640624999 0.4098221203125 0.7090362 0.3523028703125 0.7089616640624999 0.285656884375 0.676276434375 0.2853229796875 0.641392240625 0.2854342796875 0.608826634375 0.285394934375 0.6081805124999999 0.33081767812499996 0.5984663421875001 0.3464474515625 0.6007977437500001 0.3490001859375
5 0.61330483125 0.3299495359375 0.61330483125 0.32375441875 0.61330483125 0.316129659375 0.6085138109375 0.3161883640625 0.6083976265625 0.32345657656250004 0.6083976265625 0.330009103125 0.61330483125 0.3299495359375
5 0.61330483125 0.38735127343750003 0.61330483125 0.380798746875 0.61330483125 0.37305485 0.6083641171874999 0.3730519546875 0.608437525 0.38038176875 0.6083976265625 0.3872321359375 0.61330483125 0.38735127343750003
5 0.7091998937499999 0.3788194453125 0.7091334640625 0.33470196093750004 0.7091334640625 0.3040634640625 0.70383220625 0.3039061609375 0.7038854046874999 0.35204927656249996 0.7040182703125 0.3788194453125 0.7091998937499999 0.3788194453125
3 0.570312165625 0.6260999171875 0.569871265625 0.66711101875 0.6662817078125001 0.66711101875 0.665987778125 0.49293748125 0.6661347546874999 0.406075996875 0.6126387015625 0.405856559375 0.6130796078125 0.40300389687499993 0.5678306796875 0.40282198437499994 0.5682546234375 0.5291443859375 0.567666759375 0.6260999171875 0.570312165625 0.6260999171875
5 0.5977911781249999 0.41045346250000003 0.5977157296875 0.40256779062500003 0.5854175406250001 0.402342484375 0.5740347125 0.40244822031250005 0.57402474375 0.4109040734375 0.5850402953125 0.41079141874999997 0.5977911781249999 0.41045346250000003
5 0.5731193546875 0.52609950625 0.5731193546875 0.47036055625 0.5731193546875 0.43849191718749997 0.5675236 0.43848163749999997 0.567611578125 0.47981735781249996 0.5676870296875001 0.5259868546875001 0.5731193546875 0.52609950625
3 0.5777631359375001 0.817874534375 0.5777631359375001 0.75808749375 0.5776656609375 0.719097553125 0.5597647984375 0.6921721453125 0.5466053671875 0.6723783328125 0.4924376953125 0.672520834375 0.49252980468749996 0.757352021875 0.49243232187499997 0.8177289890624999 0.5777631359375001 0.817874534375
0 0.551739246875 0.7059759359375 0.55113029375 0.713931621875 0.5519675984375 0.7222282625 0.5547078828124999 0.7308658593749999 0.5580571078125 0.7364348390625 0.5734331203125 0.712573846875 0.5587579765624999 0.69088369375 0.5566108546875 0.6934741484375 0.5534899765625 0.6991567796875 0.551739246875 0.7059759359375
5 0.5556859046875 0.818425665625 0.55574933125 0.8101871718749999 0.5439644546875 0.8101871718749999 0.5144193296874999 0.810151675 0.5141356625 0.818425665625 0.526131159375 0.818520359375 0.5556859046875 0.818425665625
3 0.49527361875000003 0.8179011656249999 0.49527361875000003 0.7806940390625 0.49513956875 0.6968619406250001 0.49580983125 0.6188342734375001 0.47168038125 0.618433965625 0.3975535796875 0.6187592468750001 0.39766736874999997 0.7072485578125 0.397817453125 0.8179011656249999 0.49527361875000003 0.8179011656249999
5 0.4643317890625 0.62619654375 0.46428343749999995 0.618832853125 0.4466734671875 0.6189050453125 0.42344320937499996 0.618448521875 0.42344503125 0.6263409281250001 0.438947359375 0.6260521578125 0.4643317890625 0.62619654375
5 0.40257083437499996 0.746531959375 0.40267669218749996 0.72069815 0.4026237640625 0.6913913093749999 0.4026237640625 0.667766078125 0.39733621406249997 0.6678198640625 0.39727791875 0.7203736125 0.3973837765625 0.746531959375 0.40257083437499996 0.746531959375
0 0.4820638125 0.641328771875 0.47795362499999994 0.64618714375 0.4748709875 0.6530911484375 0.4730727828125 0.66089011875 0.47298715625 0.668816934375 0.49490813906250003 0.668561234375 0.4950184765625 0.63758131875 0.49156861249999995 0.63710965625 0.48677339843749995 0.6380046203124999 0.4820638125 0.641328771875
5 0.5620530546875 0.6265686359375 0.5620530546875 0.6184942 0.5399224421875 0.6183699765624999 0.520713590625 0.6183933390624999 0.5205373640625 0.6269413015625 0.5374265109375 0.6266928593750001 0.5620530546875 0.6265686359375
0 0.5880594390625 0.68117679375 0.5907233765625 0.687953303125 0.5957552625 0.6945824953125 0.6017738015625 0.6988546359375001 0.6090749671875 0.6998858453125 0.6090011921875 0.6678270734375 0.5863821421875001 0.66806573125 0.586776796875 0.6744002906250001 0.5880594390625 0.68117679375
3 0.4275793734375 0.40216829687500005 0.4275793734375 0.3685805984375 0.49012450625000004 0.368367878125 0.4898395671875 0.2907576859375 0.5050840484375 0.29097040625 0.50551146875 0.1891097 0.49069439687500005 0.18868425 0.49012450625000004 0.1586901859375 0.44706545000000003 0.1586901859375 0.38011336406249996 0.1581990625 0.380047325 0.2787161453125 0.3803617625 0.40237215937500004 0.4275793734375 0.40216829687500005
5 0.5057725093750001 0.27123116875000003 0.5057725093750001 0.24580570625 0.5056458484374999 0.2102526765625 0.500117984375 0.21032086093750002 0.50019956875 0.23709648125 0.50019956875 0.271325728125 0.5057725093750001 0.27123116875000003
0 0.46343544531249997 0.3411455375 0.45942317031249996 0.3482365765625 0.45672102968750006 0.3545940546875 0.45598408125 0.360829278125 0.45595475625 0.36817948437500003 0.47686428125 0.3685316125 0.4767824 0.3351548359375 0.469904215625 0.33625516875 0.46343544531249997 0.3411455375