5 0.16350104062499998 0.9028696046875 0.16350104062499998 0.8701999640625001 0.1224922203125 0.871220890625 0.0821614671875 0.871323525 0.0827852671875 0.9028696046875 0.12314315312499999 0.9028696046875 0.16350104062499998 0.9028696046875
5 0.29564057187500004 0.69249063125 0.29498963906250003 0.6710511796875 0.2748698 0.6742235375 0.2748106953125 0.7047417453125 0.2748106953125 0.7282230484375 0.29629150625 0.7292439749999999 0.29564057187500004 0.69249063125
0 0.21297199843749998 0.5444222421875 0.2045098609375 0.5566733578124999 0.198000525 0.5699453984375 0.19474585625000002 0.5821965140625001 0.1914911875 0.5995522578125 0.18958334062499999 0.6098856171875 0.23510374218750002 0.6097615203125 0.23510374218750002 0.5403385375 0.222736003125 0.5413594640625 0.21297199843749998 0.5444222421875
0 0.21752853437500003 0.6587659796875001 0.222736003125 0.63936838125 0.22403787031250003 0.6169080046875 0.1811198 0.6180555531249999 0.18107625 0.6822472828125 0.194094921875 0.6791845046875 0.2090663953125 0.67101709375 0.21752853437500003 0.6587659796875001
0 0.14397303125 0.75578805625 0.1498314328125 0.7690600984375 0.1628501078125 0.7823321390625 0.1758687796875 0.7894786218750001 0.18758558593750002 0.7874367703125 0.1863281328125 0.71915849375 0.1387655625 0.7220974921875001 0.140067428125 0.7404741625 0.14397303125 0.75578805625
0 0.21622666562499998 0.8375303265625 0.2071135953125 0.8293629156250001 0.190840253125 0.8293629156250001 0.18763021562499999 0.8988970546875 0.233150940625 0.899806825 0.23054720624999997 0.8691790375 0.22468880468750002 0.849781440625 0.21622666562499998 0.8375303265625
3 0.156991703125 0.6127902140625 0.2390093453125 0.6117692875 0.23835841093750001 0.5382626 0.2930368375 0.536220746875 0.2930368375 0.338161059375 0.2930368375 0.2085034296875 0.051562507812500005 0.2126225453125 0.053493253124999994 0.37695625625 0.053493253124999994 0.5372416734375001 0.05284231874999999 0.6127902140625 0.156991703125 0.6127902140625
5 0.5261108343750001 0.24014015 0.5248089671875 0.2074705109375 0.47598894375 0.2074705109375 0.4233073 0.20751633749999998 0.42391425 0.23809829843750002 0.480545478125 0.2411610765625 0.5261108343750001 0.24014015
5 0.566468721875 0.24014015 0.566468721875 0.2074705109375 0.5488935125000001 0.2074705109375 0.5320312578124999 0.20751633749999998 0.5300164359374999 0.24014015 0.5508463140625001 0.24014015 0.566468721875 0.24014015
5 0.5827420625 0.89877390625 0.582091128125 0.8661042671875 0.5443369765625 0.8661042671875 0.5138020921875001 0.867238559375 0.5150449625 0.89877390625 0.5527991140624999 0.8977529796875 0.5827420625 0.89877390625
0 0.5209033640625 0.42394095624999995 0.5137430953125001 0.43517114375 0.5104884265625 0.4525268890625 0.5079427171875001 0.47916666250000006 0.5501953796875 0.479070971875 0.5488935125000001 0.4076061359375 0.5319692375 0.4127107671875 0.5209033640625 0.42394095624999995
0 0.517648696875 0.778270525 0.5274127015625 0.7915425671875 0.541082309375 0.79868905 0.5495444453125 0.7966471984375 0.5488935125000001 0.728245140625 0.5092448 0.727328428125 0.5085356265625001 0.7466218125 0.5117902937500001 0.7629566328124999 0.517648696875 0.778270525
0 0.466875871875 0.560813240625 0.46101746875 0.5761271328124999 0.4571118671875 0.5914410265625001 0.4558593828125 0.610906859375 0.49486601874999997 0.6098177 0.4935641515625 0.5475412000000001 0.47794174375000004 0.5506039781250001 0.466875871875 0.560813240625
5 0.6185434140625 0.7017351453125 0.6172415453125 0.66906550625 0.5958333421875001 0.6701388859375 0.5957607359375 0.6935677359375 0.5944588671875 0.7272583 0.6172415453125 0.7282792265625 0.6185434140625 0.7017351453125
3 0.49681881875 0.9518620703125 0.49616788593749994 0.9008157578124999 0.615939678125 0.89877390625 0.6172415453125 0.7272583 0.5078846921875 0.7303210796874999 0.507233759375 0.599642521875 0.4929132171875 0.599642521875 0.4929132171875 0.5475752859374999 0.480545478125 0.5475752859374999 0.47013054062500004 0.556763621875 0.4629702703125 0.5710565875 0.4551590671875 0.5986215968749999 0.42196144999999996 0.6006634484375 0.421310515625 0.5914751125000001 0.37249049218749997 0.5914751125000001 0.37249049218749997 0.769116275 0.373177090625 0.90196078125 0.3920185015625 0.8997948328125001 0.39332036875 0.95084114375 0.49681881875 0.9518620703125
5 0.848361878125 0.24016476718750002 0.848361878125 0.2064742015625 0.7904287828125 0.2064742015625 0.7488281328124999 0.20649509375 0.7500708953124999 0.24016476718750002 0.810607725 0.24118569375 0.848361878125 0.24016476718750002
5 0.890672565625 0.24016476718750002 0.8893706984374999 0.207495128125 0.8750501578125001 0.207495128125 0.855598965625 0.20751633749999998 0.8555221468750001 0.2422066203125 0.8776538921875 0.2422066203125 0.890672565625 0.24016476718750002
5 0.9062949734375 0.8998194500000001 0.9049931046875 0.8681707359375 0.8633333515625001 0.867149809375 0.8385978734374999 0.8640870312500001 0.83924880625 0.8998194500000001 0.8867669640625 0.8998194500000001 0.9062949734375 0.8998194500000001
0 0.8581258828125 0.42597333906249996 0.8477109437499999 0.4127012984375 0.833390403125 0.411680371875 0.8327394703125 0.4811033546875 0.8737482906249999 0.48212428125000006 0.8737482906249999 0.4647685375 0.8691917546875001 0.442308159375 0.8581258828125 0.42597333906249996
0 0.7988909203125 0.5526363625 0.7923815828125 0.5638665515625 0.7871741140624999 0.581222296875 0.7845703796875 0.6047036 0.8320885359375 0.607766378125 0.832161465625 0.53635620625 0.81386239375 0.5393643203125 0.8067021234375 0.5444689515625 0.7988909203125 0.5526363625
0 0.7910797171875 0.6608545421875001 0.802796521875 0.68331491875 0.8190698640624999 0.68841955 0.8307866687500001 0.6894404765625 0.832161465625 0.6231617609375 0.7852213140625001 0.6251221234375001 0.785872246875 0.643498796875 0.7910797171875 0.6608545421875001
0 0.8548712140625 0.7527379015625 0.8633333515625001 0.7415077125 0.8717954890625 0.7210891890625 0.875701090625 0.6986288125 0.8295572999999999 0.69566993125 0.8327394703125 0.7629471640625 0.8477109437499999 0.7609053125 0.8548712140625 0.7527379015625
3 0.740957825 0.4974040890625 0.743561559375 0.4759646390625 0.9388416562499999 0.4810692703125 0.9407944562500001 0.38101850000000004 0.9407944562500001 0.2095028953125 0.6973958421875001 0.2105800625 0.6973452703125 0.28198865624999997 0.6973452703125 0.38612313125000003 0.699298071875 0.4974040890625 0.740957825 0.4974040890625
3 0.8216735984374999 0.9528735265625 0.8236263984375001 0.8977435109374999 0.8320885359375 0.8977435109374999 0.8314376031249999 0.8027973718749999 0.8327394703125 0.6139260203125 0.6966943359375 0.6129050953124999 0.6966943359375 0.7936090375 0.6980468828124999 0.8958333296875001 0.7175242125 0.8997853640625 0.7162223453125 0.9518526015625 0.8216735984374999 0.9528735265625
3 0.8242773328125 0.8997853640625 0.9394925890625 0.8997853640625 0.9388416562499999 0.853843684375 0.9402343828124999 0.694648690625 0.8242773328125 0.6894745624999999 0.8242773328125 0.7936090375 0.8242773328125 0.8997853640625
2 0.1054248640625 0.21031046875 0.120894815625 0.21390552031249999 0.1380836515625 0.18424635 0.1770450140625 0.23457706093750003 0.2074119578125 0.1887401640625 0.243508515625 0.2381721109375 0.26184327500000004 0.23727335 0.2629891953125 0.2354758234375 0.20798491874999997 0.1402069796875 0.1787638984375 0.196829028125 0.14610510937500001 0.1491946046875 0.1054248640625 0.21031046875