3 0.6726418265625 0.42720481406250005 0.6658841203125 0.4298629796875 0.66044040625 0.43491349531249995 0.6677612625 0.44660942812500004 0.6790241124999999 0.4649507828125 0.6790241124999999 0.4793048875 0.7352891125000001 0.47983651250000003 0.8237024890625 0.4795707 0.8233270515625 0.4192303125 0.8233270515625 0.31613595 0.7692267171875 0.31640176875 0.7692267171875 0.32038901875 0.69864618125 0.3193257484375 0.698083046875 0.31613595 0.677838909375 0.31558912656250004 0.6784609625 0.35971571562500004 0.6784609625 0.4256099125 0.6726418265625 0.42720481406250005
0 0.6666349796875 0.4293455125 0.6610035546875 0.43519348124999996 0.670952396875 0.45273738750000003 0.68015039375 0.46709148125000005 0.6837169656250001 0.4676231171875 0.6830045421875 0.4238632328125 0.6790241124999999 0.42402917812499996 0.6733926875 0.42588989687499995 0.6666349796875 0.4293455125
0 0.775436978125 0.34050265 0.779055378125 0.3472842984375 0.8004464984374999 0.32060982031249996 0.8003400765625001 0.31593801718750003 0.7702976765625 0.31562639375 0.771073615625 0.32332247812500003 0.7717121546875 0.3308576453125 0.775436978125 0.34050265
5 0.6361372937499999 0.4139042375 0.6360750953125 0.3978784078125 0.6360750953125 0.3748895828125 0.6287431781249999 0.374971878125 0.6289842812499999 0.39338164375 0.62885988125 0.4136399984375 0.6361372937499999 0.4139042375
3 0.555050971875 0.2718761328125 0.5585236328125001 0.27441421875 0.5626684156249999 0.2766350375 0.5696137359375 0.27853859999999997 0.569501715625 0.32419870781250004 0.6357886046875 0.324357340625 0.6355645562500001 0.3229296671875 0.6833976421875 0.32340555625 0.6832856234375 0.2772611046875 0.6832856234375 0.212882640625 0.6599509046875001 0.212882640625 0.597244446875 0.2125653796875 0.5696941953125 0.2125133609375 0.5698377796874999 0.2388810703125 0.5521384203124999 0.2691794265625 0.555050971875 0.2718761328125
0 0.5524744828125 0.26918788125000004 0.5574034203125 0.273153634375 0.5631165031250001 0.2766434921875 0.5684935234374999 0.278864315625 0.5745426734375 0.27981609375 0.5746707468750001 0.2368923421875 0.571630121875 0.23682733437499998 0.562108309375 0.25221445781249996 0.5524744828125 0.26918788125000004
0 0.65976785625 0.262087515625 0.663555334375 0.265084678125 0.667677003125 0.26760860000000003 0.674249390625 0.271078996875 0.6830497078125 0.27218321562500003 0.6832692453125 0.22926379375 0.6797078156249999 0.22927650625 0.6715758765625 0.24236935937499998 0.65976785625 0.262087515625
3 0.5433185203125 0.11860352968750001 0.5345526406250001 0.1339475046875 0.5263955124999999 0.1485000671875 0.5425880328125 0.15763749062500002 0.542709778125 0.1740158921875 0.567502603125 0.1928868765625 0.5690853296875 0.22081635937500002 0.6784954203125 0.2197819328125 0.678617171875 0.2316778265625 0.800360190625 0.23133301718750002 0.8236141046875 0.23116061562499998 0.8243445921875001 0.1296512859375 0.8244663375 0.051579740625 0.820083403125 0.0514073390625 0.820083403125 0.049683296875 0.77917276875 0.04916608125 0.681288665625 0.049338485937499996 0.641159184375 0.0489936765625 0.5684556062499999 0.0489419203125 0.5683986562500001 0.0775999125 0.542953271875 0.09673678125 0.5433185203125 0.11860352968750001
5 0.5525892734375 0.1023050203125 0.5602818609375 0.0967823609375 0.5703182890625 0.0881017953125 0.5663826921874999 0.07881483593750001 0.558478909375 0.08494389062499999 0.54856268125 0.09268831718750001 0.5525892734375 0.1023050203125
5 0.5700778953125 0.1818874375 0.561483828125 0.17516425468750002 0.552552346875 0.1682418171875 0.54862278125 0.17776466875000002 0.5574572390625 0.184658059375 0.5661114046875 0.1916743484375 0.5700778953125 0.1818874375
0 0.534865875 0.1337485453125 0.5266233578125 0.14756218593749998 0.5318410984375 0.1520596515625 0.5383443671875 0.155700453125 0.5434864890625 0.1576279421875 0.5503678546875 0.1577350234375 0.5498900156250001 0.1158941265625 0.5462844046875001 0.115907765625 0.5448476343750001 0.1178352515625 0.534865875 0.1337485453125
0 0.703954859375 0.2007554109375 0.690916371875 0.21542724687499998 0.682185240625 0.22696689375 0.68202030625 0.23176560156249998 0.711754675 0.23207730624999998 0.7110561875 0.22086736562499998 0.7086114625 0.21147079687499998 0.703954859375 0.2007554109375
5 0.8160341328125 0.220034584375 0.8240079031249999 0.220034584375 0.8242961140625 0.1938003578125 0.8241039703125 0.1054097265625 0.8240079031249999 0.0617404453125 0.8157498265625 0.061566464062500006 0.8156498531249999 0.12701129687499998 0.8156498531249999 0.1669929546875 0.8160341328125 0.220034584375
0 0.8108626718749999 0.24838420781249998 0.7989954625 0.268134196875 0.802054021875 0.270732878125 0.8074370875 0.2741977890625 0.814777625 0.2773162125 0.8234639390625 0.278182440625 0.8230895765625 0.2353402625 0.818937265625 0.2350443046875 0.8183255546874999 0.2364302671875 0.8108626718749999 0.24838420781249998
3 0.29808804375000003 0.2687019953125 0.29292890625 0.2747184546875 0.31083413125 0.3028669046875 0.3099236984375 0.37095893125 0.39643449999999997 0.371173809375 0.39643449999999997 0.343048265625 0.4164640890625 0.332304584375 0.41631234062500005 0.295142903125 0.39634441875 0.283324853125 0.39604093281249997 0.25904413593750003 0.34551176875 0.25861438593749997 0.3095691859375 0.25859752812500003 0.3097719609375 0.2644045203125 0.3053715203125 0.2648342703125 0.29808804375000003 0.2687019953125
0 0.297659171875 0.26827665 0.29339425625 0.2741818640625 0.3124442078125 0.3057210828125 0.3151927109375 0.30545266249999997 0.31544812968749997 0.263139546875 0.30808451875 0.263713528125 0.303440503125 0.2653240421875 0.297659171875 0.26827665
5 0.39109703125 0.3335838125 0.3955765828125 0.3442460578125 0.41625875625 0.3322341609375 0.41654468749999995 0.295523634375 0.39601793281250003 0.2814847265625 0.39100172031249997 0.2925687890625 0.408348065625 0.30242124531250003 0.40815744218749994 0.32413625156250003 0.39109703125 0.3335838125
3 0.3960780171875 0.26544589375 0.395939840625 0.23903047187499998 0.416390175 0.2194843515625 0.416390175 0.1445741109375 0.395939840625 0.1240287828125 0.39580166562499997 0.0958523328125 0.332211828125 0.096243675 0.2670397328125 0.09613069375 0.2665583875 0.1678379609375 0.26642021250000003 0.26544589375 0.3960780171875 0.26544589375
0 0.296023596875 0.2414653359375 0.2942651203125 0.23725787812500002 0.291900271875 0.23468188437499998 0.2701921875 0.26087116093749996 0.27022857031249997 0.26480659218749997 0.2992373609375 0.2649068859375 0.298873540625 0.25503224062499996 0.297903346875 0.24807705468750002 0.296023596875 0.2414653359375
5 0.4129441015625 0.13973937812499998 0.403945809375 0.1316078265625 0.3967974671875 0.1244560046875 0.39186916250000003 0.13311677500000002 0.40045305625000005 0.14217045781249998 0.40791216406249997 0.1493798734375 0.4129441015625 0.13973937812499998
5 0.4158448671875 0.2135671453125 0.41602246249999997 0.193037634375 0.4161408625 0.170999178125 0.41602246249999997 0.151299034375 0.40819969375 0.15147977968749998 0.40832655625000003 0.18397501562500002 0.40844495781249995 0.2135671453125 0.4158448671875 0.2135671453125
5 0.396486703125 0.2390725140625 0.40270262656250005 0.23342869375 0.41276650156250005 0.22311755625 0.4075333296875 0.21401153593750002 0.40033465625 0.2209651484375 0.3920467578125 0.22985116875 0.396486703125 0.2390725140625
3 0.2239110953125 0.265603703125 0.2711748890625 0.26517097500000003 0.27188792500000003 0.1571711390625 0.271786065625 0.09560228750000001 0.18477310625 0.0953138015625 0.1357045453125 0.0951960703125 0.135759025 0.1901874921875 0.13606460468749998 0.26517097500000003 0.2239110953125 0.265603703125
5 0.1434109125 0.2327977703125 0.1434109125 0.1625139 0.143302140625 0.12840958281249998 0.1356433546875 0.12847940468750002 0.135688275 0.20277102343750003 0.135688275 0.23272075937499997 0.1434109125 0.2327977703125
0 0.24512266249999998 0.2339618234375 0.24118067812500002 0.243772846875 0.23926941093749998 0.2532455546875 0.23832455624999999 0.26508053125000003 0.26841621875 0.26509344218750003 0.26841621875 0.26052624375 0.255037353125 0.2439489984375 0.24512266249999998 0.2339618234375
5 0.2655482703125 0.37092198125000003 0.265279403125 0.35950000625 0.24627958749999998 0.359626915625 0.2266680140625 0.35935339375 0.2267420375 0.3713027140625 0.2433220671875 0.3711758 0.2655482703125 0.37092198125000003
0 0.19652170156249998 0.2952058265625 0.199918315625 0.297545753125 0.20450834062499998 0.30092564843749997 0.211944178125 0.3040455546875 0.21882921562500002 0.3048255296875 0.21863017812500002 0.263974359375 0.2158916015625 0.26413676875 0.20606894687500002 0.279866290625 0.19652170156249998 0.2952058265625
5 0.143562871875 0.3362675 0.143562871875 0.319121534375 0.1434526921875 0.28105176875 0.13521201562500001 0.281151640625 0.13551969218749998 0.3006941140625 0.1356298703125 0.336423521875 0.143562871875 0.3362675