3 0.7806347578125 0.8998804859374999 0.809534515625 0.8995148296875 0.8098339890625 0.9070107999999999 0.8795184390624999 0.9070107999999999 0.8796681765625 0.9000633140625001 0.9072202734375001 0.9000633140625001 0.9076694968749999 0.823314315625 0.9075197609375 0.765742815625 0.940761965625 0.76519433125 0.9413609265625 0.7067184328125 0.9620250078125 0.706901265625 0.9611265609374999 0.6197212921874999 0.9176861187500001 0.620086946875 0.8573170140625 0.620086946875 0.7808043453125 0.6197985546875 0.7806347578125 0.688069925 0.7806347578125 0.82403588125 0.7806347578125 0.8998804859374999
5 0.974810084375 0.9001158406249999 0.9749192328125 0.8907203109375 0.962635746875 0.8907869484375001 0.9440088187500001 0.8907125265625 0.94419341875 0.9003157453125 0.957673484375 0.900182475 0.974810084375 0.9001158406249999
0 0.8912821421875 0.8251642421875 0.8872584296875001 0.8283225046875 0.8838095328125 0.833469303125 0.9043113015625 0.8574487109375 0.90756859375 0.8575656859375 0.9075423125000001 0.821558340625 0.9006707984375 0.8217720343750001 0.8957848640625 0.8231757046875 0.8912821421875 0.8251642421875
0 0.8833860171874999 0.7897890453125 0.8867798125 0.7939327875 0.8925141468750001 0.7977907515625 0.901408234375 0.80093428125 0.9078447390625 0.8005056140625 0.9077908156250001 0.7643368390624999 0.9039828328124999 0.76435505625 0.8950887546875 0.7749287390624999 0.8833860171874999 0.7897890453125
5 0.9808147875 0.43321473906249996 0.9809506000000001 0.4235139046875 0.9693384593750001 0.4235139046875 0.955156709375 0.42352613906250003 0.9550100265625 0.43321473906249996 0.96485658125 0.4331318265625 0.9808147875 0.43321473906249996
5 0.9442115843750001 0.432906421875 0.944347396875 0.4233714125 0.93273525625 0.42328850156250003 0.918126571875 0.423422540625 0.918271009375 0.4328235109375 0.9296115234375 0.4328235109375 0.9442115843750001 0.432906421875
0 0.928457096875 0.33259552187499997 0.9253333625 0.3291131703125 0.9077453828125 0.351250975 0.907679996875 0.3551519765625 0.9340254953124999 0.355326253125 0.9340254953124999 0.34869320312499996 0.9313092046874999 0.3388140046875 0.928457096875 0.33259552187499997
3 0.76335345 0.3013965515625 0.7684395 0.3053115171875 0.7783904703125 0.30949648125 0.778501034375 0.432835040625 0.7907739015625 0.432835040625 0.79099503125 0.46820473125 0.8958309734375 0.4684747296875 0.8959415375 0.4325722390625 0.904565715625 0.4324372375 0.9047868453125 0.3659115984375 0.9046762812500001 0.297360978125 0.9050079828125 0.246083009375 0.9027966562499999 0.2387930703125 0.838350178125 0.23811807968749998 0.7785730203125001 0.2380363890625 0.778495221875 0.27483314999999997 0.7606998546875 0.2988315734375 0.76335345 0.3013965515625
0 0.7604729046875 0.2981752859375 0.76522725625 0.302090253125 0.77053444375 0.30614021875 0.777831825 0.309245190625 0.784686934375 0.3100551859375 0.7845414078124999 0.2731211171875 0.7809276781250001 0.27306550625 0.7674385828125 0.2884553734375 0.7604729046875 0.2981752859375
5 0.7992816890625 0.4580841359375 0.799171125 0.45025420625 0.799171125 0.43283936093750003 0.7903493828125 0.4328578375 0.7905469546874999 0.4420192796875 0.7905469546874999 0.457949140625 0.7992816890625 0.4580841359375
5 0.875441353125 0.46901184999999995 0.8751096593750001 0.4583541359375 0.8417391671875001 0.4582191390625 0.8102624437499999 0.458159325 0.8102072109374999 0.4692818484375 0.838401628125 0.469146846875 0.875441353125 0.46901184999999995
5 0.8959414953125 0.45848798593750006 0.8959414953125 0.45038805625 0.8958309312500001 0.433783196875 0.8874034296875 0.43353254375 0.8876490203125 0.444583103125 0.88753845625 0.4582179875 0.8959414953125 0.45848798593750006
5 0.7601168375 0.43358487500000004 0.7601168375 0.4233249640625 0.7425367953124999 0.423459959375 0.722290965625 0.42341195000000004 0.7219714484375 0.43358487500000004 0.7374507359375 0.433449871875 0.7601168375 0.43358487500000004
5 0.7625493015625 0.1209293046875 0.762659865625 0.11053439375 0.7404360328124999 0.1106693953125 0.7168978453125 0.1105168953125 0.7166642640625 0.1209293046875 0.7372296078125 0.1209293046875 0.7625493015625 0.1209293046875
0 0.8886586734374999 0.2666643703125 0.880250846875 0.27650824531249996 0.882669534375 0.27932078125 0.8885434999999999 0.2832583328125 0.89545404375 0.286774003125 0.904552928125 0.2876177609375 0.904807503125 0.2520011640625 0.9013280046875 0.2514766765625 0.8959147484375001 0.2582267640625 0.8886586734374999 0.2666643703125
3 1 0.028799989062499996 0.9582394046875 0.028799989062499996 0.9252294843750001 0.0616793375 0.9080192421875 0.061526220312500005 0.907822465625 0.13673495 0.9081110203125 0.20473470625 0.9122806984375 0.2055832171875 0.99995968125 0.2060074734375 1 0.0968850421875 1 0.028799989062499996
5 0.9341145828125 0.06677794687500001 0.9447704140625 0.056171548437499996 0.95670031875 0.0433024515625 0.9507199328124999 0.035728321875 0.9382842546875001 0.047969265625 0.9277442468749999 0.0585756671875 0.9341145828125 0.06677794687500001
5 0.99083965625 0.0390294375 0.9907238328125001 0.0285644578125 0.9785622828125 0.0285644578125 0.9639356828125001 0.02848370625 0.9636209484375 0.0390294375 0.97543503125 0.039170856250000004 0.99083965625 0.0390294375
0 0.9242770921875 0.1765960140625 0.9188333453125 0.1838083640625 0.9162852140625001 0.191303553125 0.9155902703125 0.1985159015625 0.9148277203124999 0.205004940625 0.9447779875 0.20586967656250002 0.9447779875 0.20148569374999997 0.93331138125 0.1872024109375 0.9242770921875 0.1765960140625
3 0.7785551015625 0.1433868421875 0.7784120125 0.24589652968750003 0.8942666796875001 0.24554713593750002 0.9071438374999999 0.24572182968749998 0.9144408921875 0.20538552812500002 0.9144408921875 0.1278574609375 0.9142978140625001 0.062557103125 0.9078592359375 0.062731796875 0.881516575 0.018533546875 0.8277730875 0.018533546875 0.8015895375 0.0618333015625 0.7768548796875 0.0613796890625 0.77712430625 0.119911384375 0.7785551015625 0.1203268828125 0.7785551015625 0.1433868421875
5 0.8104618312499999 0.0661180265625 0.818188128125 0.0535398671875 0.830492965625 0.031178696875000002 0.823564021875 0.025145590625000002 0.8138957421875 0.040262921875 0.8021632249999999 0.0593048546875 0.8104618312499999 0.0661180265625
5 0.8717615609375 0.0285686765625 0.8716184734375 0.017912179687499998 0.8518735046874999 0.017912179687499998 0.8373397578124999 0.0181607046875 0.8369932296875 0.0289180671875 0.8540196968749999 0.0289180671875 0.8717615609375 0.0285686765625
5 0.9071022031249999 0.0589658953125 0.8947973640625 0.040098653125 0.8858350296875 0.024054203125 0.8784862953125 0.031189126562500002 0.8899326578125001 0.0502310640625 0.8990897515625 0.065254971875 0.9071022031249999 0.0589658953125
0 0.8847019671874999 0.22272602031250002 0.88979789375 0.230100234375 0.8994235140625 0.2365526703125 0.9086716656249999 0.2402397734375 0.9147562390624999 0.2033378515625 0.9105590421875001 0.202216484375 0.89791360625 0.21235603125 0.8847019671874999 0.22272602031250002
3 0.47002785625000004 0.24618299062500001 0.5674957375 0.24568505312500002 0.5673598015625 0.14033351875 0.5672238640625 0.0641763484375 0.5540378375 0.0641763484375 0.5278816156249999 0.0204558484375 0.4742661828125 0.0204558484375 0.4479659015625 0.0640563796875 0.42342975625 0.0637244234375 0.423701628125 0.0761727421875 0.34126018281250003 0.075736459375 0.34113424999999997 0.167536153125 0.34127018593749997 0.24551907812499998 0.47002785625000004 0.24618299062500001
5 0.40479793124999996 0.0854723328125 0.40479793124999996 0.0755490828125 0.38773678125 0.0753975828125 0.36881983906250004 0.0754526921875 0.3687523765625 0.085623834375 0.382649459375 0.08554808281250001 0.40479793124999996 0.0854723328125
5 0.455812496875 0.0690391609375 0.4638117234375 0.05531610625 0.47626620781250006 0.0342988109375 0.46872265312500005 0.028453931249999998 0.4599639921875 0.043076621875 0.4485220671875 0.06261034062500001 0.455812496875 0.0690391609375
5 0.5180000953125 0.0308186859375 0.518202603125 0.0201864078125 0.4994702421875 0.0199391453125 0.484172821875 0.0198034421875 0.48407933124999997 0.03106595 0.501697878125 0.03106595 0.5180000953125 0.0308186859375
5 0.5523916609375 0.06108854375 0.5412535 0.04234710625 0.5324229375 0.026754728125 0.5251892703125 0.033044046875 0.5380487796875 0.054796534375 0.5454049953125 0.06702283906249999 0.5523916609375 0.06108854375
0 0.54226048125 0.12649978281250002 0.5498098546875 0.132474153125 0.5583378453125001 0.13640016562499999 0.567564853125 0.137595040625 0.5672535390625 0.0998574015625 0.5633707578125 0.10038324843749999 0.5523263046875 0.11369756093750001 0.54226048125 0.12649978281250002
5 0.349005096875 0.2849420015625 0.349083290625 0.2725311546875 0.3491614796875 0.25200552656249997 0.34072707343749997 0.25195203125 0.3408733453125 0.26718494531250003 0.340951534375 0.2849420015625 0.349005096875 0.2849420015625
0 0.43464765937500005 0.3328834140625 0.4395326671875 0.3309856296875 0.4445286984375 0.327732278125 0.449080634375 0.3221744734375 0.42931855625 0.2976387859375 0.42492758906250006 0.2976223703125 0.4249886703125 0.3336967546875 0.431316971875 0.33342564218750004 0.43464765937500005 0.3328834140625
3 0.4147551421875 0.5559218546875 0.4148957453125 0.5531752796875 0.4389372140625 0.5536902625 0.43921839531250007 0.5554068734375 0.44427975625 0.5554068734375 0.4444203578125 0.5008369296875 0.444701540625 0.424475175 0.3943691 0.4246468359375 0.3408129546875 0.424937525 0.3409436140625 0.4792167765625 0.34108420625 0.55557853125 0.4147551421875 0.5559218546875
0 0.4198843484375 0.462803553125 0.4221338515625 0.4655501359375 0.42803877031250004 0.4703566453125 0.4374585234375 0.47378986718749994 0.44448819375 0.47430484999999994 0.44438267500000006 0.4367341953125 0.4402703921875 0.4372260484375 0.43422488281250005 0.4442641515625 0.4198843484375 0.462803553125
5 0.40270909843749997 0.55581779375 0.40270909843749997 0.5456319859375001 0.379174890625 0.5453103296874999 0.357405865625 0.545271053125 0.3573091484375 0.5559250125 0.37408166249999997 0.55581779375 0.40270909843749997 0.55581779375
0 0.44539805781249997 0.388831984375 0.4493640796875 0.383549353125 0.44023021093750003 0.371369953125 0.42977434687500005 0.3586035890625 0.4254128 0.35921251249999997 0.42496704999999996 0.395435275 0.432298175 0.39484831875 0.43926875625 0.392500478125 0.44539805781249997 0.388831984375
0 0.3608487234375 0.364973390625 0.353117671875 0.360882975 0.34744823125 0.359152415625 0.34103315156249997 0.3589777140625 0.3411345375 0.395966175 0.34603087499999996 0.395966175 0.3666470109375 0.37063704999999997 0.3608487234375 0.364973390625
0 0.57638665 0.259556303125 0.5827075015625 0.2672739046875 0.6020418624999999 0.2430996515625 0.602134815625 0.23833289687499998 0.5725888718750001 0.23840626875 0.5730403203125001 0.2476394171875 0.5745275765625 0.25422207812500003 0.57638665 0.259556303125
0 0.582335684375 0.085642353125 0.588470625 0.0951758640625 0.60854861875 0.070661125 0.60854861875 0.0653269 0.578517978125 0.06525967499999999 0.5789893546875 0.073611975 0.5796400265625 0.07940017499999999 0.582335684375 0.085642353125
5 0.6348089421875 0.42604098281249997 0.6349057703125001 0.4155189015625 0.6218338828125 0.41575535468749997 0.6076010140625 0.41571078593750005 0.6072127375 0.42615920625000003 0.6168956156250001 0.42604098281249997 0.6348089421875 0.42604098281249997
3 0.129450271875 0.432949178125 0.1372991140625 0.4414676109375 0.1486363171875 0.453979065625 0.15430493437499998 0.44599303125 0.15822934375 0.432949178125 0.1634619046875 0.432949178125 0.1634619046875 0.429488559375 0.1817758625 0.4292223578125 0.204450284375 0.459036890625 0.227560746875 0.4305533640625 0.2511072484375 0.459036890625 0.2720374953125 0.43188436875 0.2868630671875 0.43268297499999997 0.286208990625 0.3078772171875 0.250671209375 0.3081434140625 0.250671209375 0.2051803390625 0.1965802421875 0.20491413593750002 0.09085741562500001 0.2049539828125 0.0912865921875 0.3313029140625 0.0912865921875 0.43188436875 0.129450271875 0.432949178125
0 0.1476152609375 0.45360143906249994 0.1522579515625 0.4460432859375 0.15561100625 0.43880005000000005 0.1572875375 0.43092697187500006 0.15741650000000001 0.42305389531250004 0.1276163578125 0.4226433546875 0.127496925 0.429194896875 0.1336871765625 0.435808284375 0.1476152609375 0.45360143906249994