0 0.1474936015625 0.2487833796875 0.152652815625 0.2415533171875 0.1548024828125 0.23535611875 0.1556623484375 0.2229617125 0.10547986406250001 0.22169316249999999 0.10578994531250001 0.2614360015625 0.12083765312500001 0.2609195609375 0.1380350421875 0.2567880984375 0.1474936015625 0.2487833796875
5 0.25669696875 0.222703496875 0.15748577187499999 0.222261515625 0.1573820953125 0.23613076562500002 0.20553475156249998 0.23613076562500002 0.25626705 0.23561433437499998 0.25669696875 0.222703496875
5 0.3362348671875 0.2224452796875 0.280408828125 0.2219773390625 0.2799134515625 0.23561433437499998 0.303559853125 0.23561433437499998 0.3362348671875 0.23561433437499998 0.3362348671875 0.2224452796875
5 0.46994453125 0.222703496875 0.4123147234375 0.22169316249999999 0.4127632484375 0.23613076562500002 0.4415688484375 0.23587255 0.46994453125 0.23587255 0.46994453125 0.222703496875
5 0.2721746234375 0.265323059375 0.27260454218749997 0.236919225 0.25626705 0.23640279375 0.2579867828125 0.288046128125 0.27260454218749997 0.28856255937499997 0.2721746234375 0.265323059375
5 0.3749289765625 0.32653421875 0.30972125 0.3262701 0.3087190515625 0.33531359374999997 0.3439736953125 0.3350553703125 0.375358925 0.33531359374999997 0.3749289765625 0.32653421875
0 0.24336899375 0.4763827640625 0.23004101875 0.479223146875 0.22101240625 0.48387105 0.21198379374999998 0.49135932968749996 0.208974246875 0.501429784375 0.2090189 0.50984809375 0.257556834375 0.5096927171875001 0.257126915625 0.4768991953125 0.24336899375 0.4763827640625
0 0.31989734531249997 0.48929360156249996 0.3100088671875 0.48206353125 0.2919516109375 0.4766409796875 0.27647395625 0.4766409796875 0.2761538 0.5101322703125 0.32505657499999996 0.5096927171875001 0.32505657499999996 0.49807296875 0.31989734531249997 0.48929360156249996
0 0.42050201718749997 0.5484528453124999 0.43125039374999996 0.5430302953125 0.4355497546875 0.5350255765624999 0.434689859375 0.5277955046875 0.382529521875 0.5280353875 0.38481748437499996 0.5531007406249999 0.40502442031249997 0.552842525 0.42050201718749997 0.5484528453124999
0 0.356871721875 0.549743925 0.3409641484375 0.5546500437499999 0.3302157734375 0.561621890625 0.3241967078125 0.57349985625 0.326268584375 0.5879966203125 0.3719194296875 0.5874435578125 0.3723493765625 0.54922749375 0.356871721875 0.549743925
5 0.3862033921875 0.5754628796875 0.37220051718749997 0.5752052671875 0.37203962343749997 0.5876444640625 0.3780450625 0.5875764109375 0.386543325 0.5876444640625 0.3862033921875 0.5754628796875
5 0.4377595109375 0.5755309328125 0.41630977187499996 0.5752801625 0.41611727343749993 0.5877125171875 0.4611014 0.5874403046875 0.46098809375 0.5753948265625 0.4377595109375 0.5755309328125
5 0.20799030468750002 0.6821865703125 0.1452410109375 0.681872175 0.1452838296875 0.6947403125 0.274139528125 0.6947403125 0.2726640703125 0.6817434984374999 0.20799030468750002 0.6821865703125
0 0.061921078124999994 0.6201405234374999 0.0533142984375 0.6213220500000001 0.0456911640625 0.6239804921875 0.0378221125 0.6278204578125 0.030444875 0.6335804125 0.026510354687499998 0.640521890625 0.025176976562499998 0.6503395734375 0.07200329375 0.6502695015625 0.072986921875 0.6201405234374999 0.061921078124999994 0.6201405234374999
0 0.1408574859375 0.6185080187499999 0.1359393296875 0.6114188484375 0.12585709843749998 0.6052158249999999 0.115528984375 0.6006374015625 0.1007745109375 0.6000466359375001 0.07682614531250001 0.6009276625 0.0781509953125 0.6272217953125 0.14184111562499999 0.6264833375000001 0.1408574859375 0.6185080187499999
3 0.077855284375 0.508173134375 0.2718207625 0.5096113359375 0.271022553125 0.33407318125 0.49811381718750003 0.3331143796875 0.4985129078125 0.2221071109375 0.4123060234375 0.22186740624999998 0.411507840625 0.200773709375 0.334480403125 0.200773709375 0.334480403125 0.22258651093749998 0.26663238906250003 0.22235963124999997 0.0764112640625 0.2224159234375 0.0774561796875 0.27559892656249996 0.077057075 0.40701925625 0.077855284375 0.508173134375
3 0.4971991828125 0.50806198125 0.497927228125 0.4297596765625 0.497927228125 0.32700661875 0.258407715625 0.32788111249999996 0.2594997578125 0.3709499484375 0.2582278796875 0.43528059687500004 0.259135759375 0.5093737328125 0.3566908140625 0.509155103125 0.4971991828125 0.50806198125
3 0.3257172359375 0.693762709375 0.3257172359375 0.6323907531249999 0.32502447968750003 0.5758037359375 0.273758696875 0.5751796140625001 0.21002282343749998 0.5753876531250001 0.0785077375 0.5751657234375 0.07977998281250001 0.6301023078125 0.07943358125 0.69459486875 0.3257172359375 0.693762709375
5 0.9040515250000001 0.321496596875 0.791263346875 0.3210154890625 0.791561840625 0.3352636953125 0.8433495515624999 0.33500874999999997 0.9044760000000001 0.33500874999999997 0.9040515250000001 0.321496596875
5 0.68713746875 0.3656023015625 0.6050129078125 0.365066121875 0.6047865328124999 0.378349615625 0.645113025 0.3786045609375 0.68713746875 0.3786045609375 0.68713746875 0.3656023015625
0 0.8896188468749999 0.44744006406250003 0.8760352296875 0.44998951875 0.8649985125 0.457382965625 0.8590556515625 0.4680907109375 0.8589483437500001 0.4775776140625 0.9015045687500001 0.47701382968750006 0.9010800953125001 0.44744006406250003 0.8896188468749999 0.44744006406250003
0 0.7796761171875 0.4553434 0.7686394 0.44973458125 0.7482639171875001 0.44616532812500004 0.7473847984375 0.4775776140625 0.7894393843749999 0.4772687828125 0.7881659062499999 0.46375662812499996 0.7796761171875 0.4553434
0 0.6969007078125 0.49233788437500003 0.694778253125 0.5027906765625 0.74911289375 0.5030456296875 0.7497187624999999 0.47561357343750005 0.730859865625 0.4750015296875 0.7138802875 0.4793356203125 0.7019945937500001 0.48545432968749996 0.6969007078125 0.49233788437500003
5 0.5767702375 0.5369943953125 0.5767702375 0.5209327765625 0.5555328421875 0.5207865171875 0.5555457781250001 0.5604494515625 0.577194725 0.5607043968750001 0.5767702375 0.5369943953125
0 0.7300108890625 0.605319990625 0.7380761765625 0.60684968125 0.7580271859375001 0.575236334375 0.7072405921875 0.5740962015625 0.7062394734375 0.58466934375 0.71090885625 0.5935924625 0.720247621875 0.6009859078125 0.7300108890625 0.605319990625
0 0.834435259375 0.55688020625 0.8293413749999999 0.550251596875 0.8204271125 0.5436229953125 0.8021740546875 0.5397988046875 0.7837946578125 0.5395851953124999 0.7834965234375 0.5642736421875 0.8348597328125 0.5637637515625 0.834435259375 0.55688020625
5 0.879431134375 0.60738684375 0.8472785171874999 0.6063625890625 0.8463209828125 0.6203890999999999 0.9108433343750001 0.6206440453125001 0.9104188609375001 0.606876953125 0.879431134375 0.60738684375
5 0.6867129671875001 0.682113375 0.639555596875 0.6815573015624999 0.6400191390625001 0.69486069375 0.7431700609375 0.69511563125 0.743594534375 0.6818584296875 0.6867129671875001 0.682113375
3 0.6374722125 0.6943508031250001 0.742321084375 0.6946057406249999 0.8051454859374999 0.6940958484374999 0.8038720359375 0.6076690625000001 0.796655696875 0.608433903125 0.7970801984375 0.5758007765625 0.65020688125 0.575290884375 0.5555328421875 0.5754990875 0.5568192421875 0.6252603546875 0.5555457781250001 0.6943508031250001 0.6374722125 0.6943508031250001
3 0.7495373953125 0.5086408125 0.7486884203125 0.4250184265625 0.7486884203125 0.3653609921875 0.5559702671875 0.365106046875 0.5555328421875 0.438577371875 0.556394753125 0.5089556609375 0.667186459375 0.50966059375 0.7495373953125 0.5086408125
3 0.7376517015624999 0.4214559984375 0.735953721875 0.47754417499999996 0.9757902171874999 0.4749947109375 0.9753656875000001 0.41123087031249994 0.9745167406249999 0.321999671875 0.7291619125000001 0.321999671875 0.7273126953125 0.3653467 0.7283129359375 0.37811512812500003 0.7368026984375 0.37786017968749996 0.7376517015624999 0.4214559984375
1 0.41411382343750003 0.19842604218749998 0.331095721875 0.19901310156250002 0.32914235468749997 0.234236659375 0.331095721875 0.23541077812500003 0.416067190625 0.23482371875000002 0.41411382343750003 0.19842604218749998