3 0.23415191875 0.2651169296875 0.3097821859375 0.2645493015625 0.309171034375 0.12518114687499998 0.3090182515625 0.0597542921875 0.3116156421875 0.057105353125 0.3035178640625 0.046888023437499995 0.278766140625 0.047077232812499994 0.27088701406250004 0.0446175078125 0.2585111515625 0.0364814859375 0.24781595312500002 0.030048353125 0.24506576875000002 0.035157018750000005 0.243690671875 0.040076473437499996 0.2426211515625 0.046888023437499995 0.10573620312500001 0.046888023437499995 0.02984639375 0.046623496874999996 0.029398601562499998 0.1516440328125 0.0297041765625 0.2647385109375 0.23415191875 0.2651169296875
5 0.1550688671875 0.060505842187500006 0.1549674078125 0.0468105390625 0.087799603125 0.0468733625 0.0648496171875 0.0469008984375 0.0648286109375 0.060631487500000004 0.1247832546875 0.060380196875 0.1550688671875 0.060505842187500006
5 0.224865346875 0.061772046875 0.2246624296875 0.046820293750000005 0.215122871875 0.046757471875 0.1848830984375 0.046693715625 0.1849915328125 0.061960515625000004 0.1956447640625 0.06183486875000001 0.224865346875 0.061772046875
0 0.2577478609375 0.0365465984375 0.24772959375 0.0305351078125 0.24516293125000002 0.036174378125000003 0.24350701875 0.0419161828125 0.2422650859375 0.047350390625 0.2410895515625 0.0606540515625 0.2796886984375 0.060846734375 0.279771490625 0.0511061734375 0.265530646875 0.0418782734375 0.2577478609375 0.0365465984375
0 0.2740585984375 0.24178946875000001 0.266938175 0.23717551874999998 0.26205323593749996 0.2347351828125 0.2595693640625 0.24077562968750002 0.258161840625 0.246722496875 0.2567543171875 0.253182028125 0.2563403375 0.2584111703125 0.2558439734375 0.26545481406250004 0.2938467453125 0.26578200937499996 0.2936811546875 0.25491359375 0.2833317046875 0.2481464671875 0.2740585984375 0.24178946875000001
0 0.21814061875 0.6165498 0.214269403125 0.6259602921874999 0.212548859375 0.6343054421875001 0.2118328140625 0.6501949609375 0.25097423124999996 0.65064063125 0.25097423124999996 0.6383892390625 0.23061452187499998 0.6245398421874999 0.21814061875 0.6165498
3 0.30510266875 0.6509665484375 0.3369104890625 0.6913538578125 0.4091321984375 0.6916031609375 0.44134265 0.6504679328125 0.4753649390625 0.6504679328125 0.47516363124999994 0.5777059484375 0.47556626093750004 0.46259710781249996 0.4753649390625 0.3387626125 0.36630043125 0.33826400156249997 0.2735147234375 0.3376766234375 0.2738987921875 0.5577790421875 0.2738987921875 0.6509665484375 0.30510266875 0.6509665484375
0 0.28287155468749997 0.3924131421875 0.2882457515625 0.37936878749999997 0.295984590625 0.361399525 0.29211516875 0.3582049890625 0.285343684375 0.3554097703125 0.279969490625 0.353812503125 0.2731980046875 0.353812503125 0.27352045468749997 0.401464328125 0.2790021359375 0.401464328125 0.28287155468749997 0.3924131421875
5 0.44235761562500003 0.6507087031250001 0.43311400000000005 0.640074784375 0.4043083140625 0.6761464171875 0.342181390625 0.676412628125 0.3131042578125 0.6400353875 0.3049131109375 0.6509935453125 0.337158284375 0.6911728218750001 0.4091476640625 0.691705246875 0.44235761562500003 0.6507087031250001
3 0.7105384390625 0.6510140921875001 0.7350713109375 0.680179796875 0.7630387734374999 0.680179796875 0.78659031875 0.6494950390625001 0.7868356546874999 0.5207436046875 0.7868356546874999 0.4008026390625 0.6467723828125 0.4008026390625 0.5359822624999999 0.40048115468749995 0.5358708609375 0.4949410578125 0.5358708609375 0.6510140921875001 0.7105384390625 0.6510140921875001
5 0.6757229203125 0.6513404078125 0.6755314984375 0.6356954234375001 0.6449200265624999 0.6355769015625 0.5868252875 0.63533985625 0.5866950203125 0.651577453125 0.616001140625 0.6513404078125 0.6757229203125 0.6513404078125
5 0.7626980390625 0.6800122453124999 0.7865814984374999 0.6502470890625001 0.7775681484375 0.639213453125 0.7579874156249999 0.66410328125 0.7396499000000001 0.6646164765625 0.7158188546875001 0.6356764421875 0.708203509375 0.6457656328125 0.716491646875 0.6573124609375001 0.7343111515625 0.6797556499999999 0.7626980390625 0.6800122453124999
0 0.771827678125 0.43273809375 0.7761513234375 0.42126456562500003 0.7777984234375 0.412085740625 0.77800431875 0.3998473125 0.738577584375 0.3991617140625 0.7378561296874999 0.4092811 0.750209409375 0.41820495781249994 0.771827678125 0.43273809375
3 0.7804219328124999 0.6382432828125 0.7842078921875 0.650440625 0.8117863625 0.651191228125 0.8345158609375 0.6797142453125 0.9248746499999999 0.6797142453125 0.9482102765624999 0.650252975 0.9816984109375 0.650440625 0.9818499562499999 0.4165969125 0.9818499562499999 0.338385671875 0.8488102218750001 0.33801037031250003 0.7806072484375 0.337920978125 0.7807249921875 0.3942795265625 0.7807249921875 0.5519761671875 0.7804219328124999 0.6382432828125
0 0.7975448203125 0.351333621875 0.790422915625 0.34964475781250004 0.7803924234374999 0.34906038125 0.7804219328124999 0.396932915625 0.788907609375 0.397120565625 0.8058789734375 0.35752611875 0.7975448203125 0.351333621875
5 0.94898103125 0.6499408640625 0.9403036 0.6389228765625 0.9196535015625 0.6647675375000001 0.8395811249999999 0.6647675375000001 0.8198240921875 0.6398652328125001 0.8115855609375 0.6506209875 0.8345423140625 0.6794581890625 0.9252796484375001 0.680138309375 0.94898103125 0.6499408640625
3 0.9097994765624999 0.3452603875 0.9817167953125001 0.345425621875 0.98185021875 0.122026746875 0.98185021875 0.04714900625 0.9571661656250001 0.0469837734375 0.9316931374999999 0.014928495312500002 0.8612349765625 0.0152589609375 0.8350832234375 0.0472037765625 0.80975921875 0.047067746875 0.8092968781250001 0.22487463437500002 0.8096971640625 0.34559085624999997 0.9097994765624999 0.3452603875
5 0.9522514671875 0.062412184375 0.9603842171875 0.050845850000000005 0.9315639265625 0.014329271874999999 0.8601717296875 0.014824971875 0.8339419234375001 0.0465228234375 0.84318741875 0.05828135156249999 0.8661369078125001 0.029530743749999998 0.9262331546875 0.029861209374999996 0.9522514671875 0.062412184375
0 0.8301125484374999 0.28459773125 0.825194675 0.28277067499999997 0.8196866515625001 0.2811872265625 0.8158507109375 0.28094362031250003 0.8095267875 0.2804009390625 0.8097525437499999 0.32832527031250003 0.8174244328125001 0.328568878125 0.8349320671875 0.28886086093749996 0.8301125484374999 0.28459773125
0 0.7680072484375 0.1788790109375 0.766211075 0.186046328125 0.7657121421875 0.19111288125 0.765094134375 0.19753621562499998 0.8035315546874999 0.1979094765625 0.8034317718749999 0.192225053125 0.7714000234375 0.17072309531250002 0.7680072484375 0.1788790109375
5 0.7801813125 0.062311209374999996 0.7799817375 0.04649368125 0.7690051265625 0.0463701078125 0.7345786453125001 0.0463402671875 0.73467826875 0.062311209374999996 0.75543404375 0.062311209374999996 0.7801813125 0.062311209374999996
3 0.690457925 0.264760078125 0.690457925 0.2148338640625 0.6903260890625 0.12084771718750001 0.6891395140625 0.047410684375 0.6887439859375 0.0474221125 0.630701203125 0.047095571875 0.536039065625 0.047226275 0.536086628125 0.180395409375 0.5359547828125 0.264107 0.690457925 0.264760078125
5 0.6455401281250001 0.0619347171875 0.645472446875 0.0465959796875 0.6193521171875 0.046679798437499996 0.5888608843750001 0.046635065625 0.5890296421875 0.062018535937499994 0.611292071875 0.062018535937499994 0.6455401281250001 0.0619347171875
0 0.6026341093750001 0.240853146875 0.5990468625 0.2336447796875 0.584968609375 0.24336769375 0.5716371703124999 0.2522524265625 0.567576134375 0.2555213390625 0.5675084515625 0.2648251640625 0.605761628125 0.264641615625 0.6057475703125 0.2562757046875 0.6049353609375 0.25049224375 0.60412315625 0.245127878125 0.6026341093750001 0.240853146875
0 0.5816902546875 0.3032790546875 0.5805970203124999 0.30882980937500004 0.5803130234375 0.3159808484375 0.6188603671874999 0.31641132656250004 0.6188603671874999 0.31004826875 0.6011499031249999 0.2979990703125 0.5865005046875 0.2894698640625 0.5838767328125 0.2961036921875 0.5816902546875 0.3032790546875
5 0.5481930296875 0.37996196718749997 0.548411684375 0.356298153125 0.548411684375 0.333959753125 0.535041646875 0.33398841875 0.5355114671875 0.3450517859375 0.53507416875 0.3796912 0.5481930296875 0.37996196718749997
3 0.42983169375 0.3455723671875 0.47555535000000004 0.3452941203125 0.47555535000000004 0.11839107499999998 0.475551321875 0.05445013125 0.44454462031249997 0.015495629687500002 0.4229128125 0.0156347515625 0.4120155203125 0.008122096875 0.39823841875 0 0.3959915484375 0.0036701546874999998 0.39453109531249997 0.008956835937500001 0.3932953203125 0.01424351875 0.3927335953125 0.0104871921875 0.391497828125 0.005757003125 0.38823987656250003 0 0.364918309375 0.01521738125 0.32885616406249996 0.014800012500000001 0.30243350625 0.0471240765625 0.30307371875 0.18900725000000002 0.303860121875 0.34543324375 0.42983169375 0.3455723671875
5 0.324194225 0.018529809375 0.311948825 0.034250732812500004 0.3020069828125 0.0468182 0.3110500828125 0.0601276546875 0.323744853125 0.043850234375000005 0.3341927671875 0.029798790625 0.324194225 0.018529809375
5 0.47193392031250003 0.048993690625 0.458122115625 0.03147228125 0.4488588578125 0.0200781734375 0.439509865625 0.03126369375 0.450795121875 0.0456562796875 0.4625856875 0.0600488640625 0.47193392031250003 0.048993690625
0 0.3260897828125 0.3208156609375 0.31637266875000003 0.2980288984375 0.3083095265625 0.2795946625 0.30318231875 0.28008287187500003 0.3035543421875 0.329520715625 0.3107904921875 0.328752625 0.31802664062499997 0.3261923140625 0.3260897828125 0.3208156609375
1 0.3857724921875 0 0.35556139375 0.0153387984375 0.3617585421875 0.028760246875 0.37802605625 0.031636271875 0.43070181874999997 0.029718921875 0.43070181874999997 0.0153387984375 0.40591322500000004 0 0.3857724921875 0