3 0.7649441890625 0.5954410875 0.76507555625 0.7861735234375 0.7395901328125001 0.7859842234375 0.7393274015625 0.8406713859374999 0.76131835 0.8402927874999999 0.76131835 0.873589190625 0.8539086687499999 0.8737784906250001 0.8539086687499999 0.8258959921875 0.8504930999999999 0.8258959921875 0.8506011828125001 0.73296363125 0.9061256140625 0.732334303125 0.9064109218749999 0.633912675 0.9104053000000001 0.633912675 0.91011998125 0.5693982531249999 0.9059829484374999 0.5693982531249999 0.9062682671875001 0.5367353875 0.9326596671875 0.53714651875 0.962760125 0.5007834921875001 0.9626174703125001 0.4876273609375 0.9660412218750001 0.4876273609375 0.9658985578125 0.39247285 0.9120248859375 0.39247285 0.8391444218749999 0.3922555390625 0.8394882890625001 0.4452085 0.76507555625 0.44464060625 0.7649441890625 0.5954410875
5 0.923988615625 0.407897975 0.923988615625 0.39217458125000004 0.900657884375 0.3920711375 0.8781924640625001 0.39203831875 0.8781168078125001 0.4080014171875 0.8947713593750001 0.4080014171875 0.923988615625 0.407897975
0 0.9307343875 0.4862575890625 0.9286495484374999 0.49647189999999997 0.9291707578124999 0.5107418953125 0.933027715625 0.5235097859375 0.9375101140625001 0.530569678125 0.958023303125 0.5050925734375 0.938761021875 0.47183738281250004 0.9339658937499999 0.4790474859375 0.9307343875 0.4862575890625
0 0.8875243375 0.662861178125 0.8824387 0.6691901640625 0.8776998046875001 0.6778508875 0.8748102359375001 0.6903423109375 0.8743479078125 0.7003354484375001 0.9063643234375001 0.7001688984375 0.9062701484375 0.6572265265625 0.9003540234375 0.6568652953125 0.893419059375 0.6586973703125001 0.8875243375 0.662861178125
5 0.8264528625 0.8736154546874999 0.826332171875 0.8583984703124999 0.8091341828124999 0.8582245625 0.794357075 0.85821959375 0.794289603125 0.8737024078125 0.8079273062500001 0.873876315625 0.8264528625 0.8736154546874999
3 0.5696303984375 0.8071525890625001 0.5695485296875 0.8407595078125001 0.5976425328125 0.8409954359375 0.6111499578124999 0.8723736265625 0.6486582875 0.8722556656249999 0.6619201203125 0.8402876562499999 0.6882800609374999 0.84064154375 0.6885256531249999 0.7838084656250001 0.6884437906249999 0.737113925 0.6884437906249999 0.67544435625 0.621776703125 0.6752084296875001 0.575328221875 0.674933065625 0.56946666875 0.679094925 0.56930294375 0.732159471875 0.5696303984375 0.8071525890625001
0 0.5822373234375 0.697261246875 0.58559371875 0.7048108890625 0.5915697265625 0.7133042359374999 0.59803691875 0.7181407234375 0.604749696875 0.7206179515625 0.6098252171875 0.7214436890625 0.6095796265625 0.6752021421875 0.5801272453124999 0.674933065625 0.5799451578125 0.6829877093750001 0.5804363359375 0.688767903125 0.5822373234375 0.697261246875
5 0.6162105421875 0.8530276750000001 0.6112168890625 0.8426469187500001 0.6088977515625 0.8360314765625001 0.599346728125 0.8450061828125 0.6028668484375 0.853263603125 0.6067144140625 0.8623467609375 0.6162105421875 0.8530276750000001
5 0.636184715625 0.8719327234375 0.636286978125 0.857638915625 0.6304068546875 0.857638915625 0.62346215625 0.8575574125 0.6237086296875 0.8718590453124999 0.6291285671875 0.8719327234375 0.636184715625 0.8719327234375
5 0.6529757140625 0.8618043156249999 0.655745746875 0.854768346875 0.6602529171875 0.8447628375 0.6509219015625 0.836618765625 0.6471539515625 0.8449585859375001 0.6436796734375 0.8531446624999999 0.6529757140625 0.8618043156249999
3 0.45154724999999996 0.786598896875 0.41209293281250003 0.7870636328125 0.4119854296875 0.8404836359375001 0.4336083109375 0.8407934625 0.43371581406250004 0.8736348906250001 0.56920485 0.8733250640625 0.569097346875 0.8404836359375001 0.576192671875 0.8406385515625001 0.57662269375 0.7262078359374999 0.576407678125 0.6754130843749999 0.57554764375 0.6752746843749999 0.5429522109375 0.63112465625 0.5269625453125 0.6314344796875 0.48836826718750004 0.6314344796875 0.45099319531250004 0.631037521875 0.4513322421875 0.6689150234375 0.4513322421875 0.7231095890625 0.45154724999999996 0.786598896875
0 0.53353043125 0.679024015625 0.5391791921875 0.682766425 0.5443085187500001 0.683702028125 0.5507364171875 0.68351490625 0.5566448859375 0.681363021875 0.5622936468749999 0.6773399312499999 0.56969546875 0.6673339703125001 0.5478295734375 0.6381829109375 0.525609184375 0.6719134343750001 0.5293100953125001 0.6760300859374999 0.53353043125 0.679024015625
5 0.47483939218750004 0.8740123625 0.512290896875 0.8739188 0.5479445046875 0.8739188 0.5478295734375 0.8578388468749999 0.5113290640625 0.8581071187499999 0.47483939218750004 0.858200678125 0.47483939218750004 0.8740123625
0 0.4633296984375 0.7216809828125 0.46940592968750006 0.7174183281250001 0.475402209375 0.7099421609375 0.47947967968749994 0.70026478125 0.4809987390625 0.6896657515625 0.4810786875 0.6836749921874999 0.45139224999999994 0.6837779671875001 0.45141708437499994 0.7230634671875 0.4578930671875 0.7228330515625 0.4633296984375 0.7216809828125
5 0.4223777875 0.668668528125 0.4223278515625 0.6576589703125 0.4223777875 0.6475129109375 0.41203383593750004 0.64745264375 0.411941 0.6578748453125 0.41199093593749997 0.668740484375 0.4223777875 0.668668528125
0 0.4752822265625 0.5686445906250001 0.47689330312499995 0.5754802046874999 0.4813685171875 0.58437939375 0.48772331874999997 0.59237576875 0.49497316874999997 0.5962449828125 0.5044606203125 0.5972767703125 0.504660703125 0.5566390875 0.4744766875 0.556263109375 0.47456619375000003 0.56180898125 0.4752822265625 0.5686445906250001
5 0.422548584375 0.5953285234375 0.422621621875 0.5807104 0.422475540625 0.5481890609375 0.4118205421875 0.5481296375 0.41181191093749997 0.5671223109375 0.41195798906250003 0.59543376875 0.422548584375 0.5953285234375
3 0.43822785625 0.5098952437500001 0.49321551250000006 0.5097473515625001 0.5486387546875 0.51033893125 0.5486387546875 0.4214850859375 0.5484334859375 0.35495562187499996 0.4761978046875 0.3546598296875 0.412337959375 0.3542811671875 0.412158403125 0.43774574062499993 0.412158403125 0.5097473515625001 0.43822785625 0.5098952437500001
5 0.4997674328125 0.36900572343750004 0.49987006718749993 0.35421614218749997 0.4867745046875 0.35436403906249997 0.44987385937499996 0.353542003125 0.45009178906249997 0.3693015140625 0.473390078125 0.369449409375 0.4997674328125 0.36900572343750004
0 0.531409040625 0.4745859875 0.522377109375 0.46645171875 0.515603159375 0.46364169843749997 0.5111898234375001 0.463493803125 0.5113083125 0.5093207546875 0.540646246875 0.5097851890625 0.54013306875 0.4938124421875 0.53684873125 0.48405131875 0.531409040625 0.4745859875
3 0.542366184375 0.3781076734375 0.5424971984375 0.49454250625 0.542366184375 0.579280271875 0.6883726343750001 0.5796578593749999 0.6886346640625 0.5211622859375 0.688503659375 0.4273725234375 0.6883726343750001 0.3539623234375 0.669113128125 0.3539623234375 0.6689821140625 0.317336521875 0.6125405890625 0.317336521875 0.5574938828125 0.317319696875 0.5584812796875 0.35431978124999997 0.542366184375 0.3541309875 0.542366184375 0.3781076734375
5 0.650363015625 0.33281753125 0.6504940203125 0.31639255781250003 0.642633009375 0.31639255781250003 0.602634009375 0.3165813515625 0.57578450625 0.3163761359375 0.57594535 0.33319511875 0.6086996015625 0.333006321875 0.650363015625 0.33281753125
0 0.5908812906249999 0.5402053890625 0.5841994140625 0.5351079828125 0.5771245046875 0.5326536765625 0.5720148390625 0.5326536765625 0.5721336109374999 0.579157984375 0.6020177359375001 0.579836590625 0.6014936671875 0.5619012765625 0.5974321406249999 0.5511400875 0.5908812906249999 0.5402053890625
5 0.373338165625 0.8408338046875 0.3732572453125 0.82520839375 0.3667025296875 0.82520839375 0.3583020359375 0.8252584187500001 0.35852936562500004 0.8408338046875 0.36395116562499996 0.8408338046875 0.373338165625 0.8408338046875
5 0.31768926875000003 0.8405909953125 0.317635340625 0.8254372015625 0.3079819015625 0.8253594890624999 0.30043553749999996 0.8254518171875 0.30043172500000004 0.840979553125 0.3070111671875 0.8408241296875 0.31768926875000003 0.8405909953125
0 0.341204046875 0.7921396656249999 0.33533811406249997 0.7971918484375 0.3302138453125 0.8035018984375 0.326438071875 0.8111669718750001 0.3244153359375 0.817870828125 0.32299942187499997 0.8257405765625 0.3229921796875 0.84019841875 0.3538798609375 0.8404113343749999 0.354216984375 0.789613575 0.34821620000000003 0.7894192609374999 0.341204046875 0.7921396656249999
3 0.115813996875 0.8409843859375 0.138069159375 0.8411363734374999 0.1378582046875 0.865910228125 0.16244694375 0.9071841468749999 0.249173896875 0.90764010625 0.273327603125 0.8650999953125 0.273327603125 0.8406463140625 0.29146924531249996 0.8404943296875 0.29146924531249996 0.7110501546875 0.29146924531249996 0.6472399890625 0.20712278281250002 0.6473919765625 0.1536822234375 0.6475439640625 0.116245278125 0.647225796875 0.11602494375000001 0.6960067 0.11602494375000001 0.7803188859375 0.115813996875 0.8409843859375
0 0.2729644484375 0.6704967828124999 0.26907685312499996 0.6743061046875 0.2651892578125 0.6804682421875 0.262390190625 0.68775076875 0.260213134375 0.6968259156250001 0.259357865625 0.707469609375 0.2912866609375 0.7071334921875 0.2913630109375 0.6652551296875 0.2847827421875 0.665567071875 0.2781738296875 0.667023578125 0.2729644484375 0.6704967828124999
5 0.201761415625 0.9070998749999999 0.23474674687500002 0.906998096875 0.23460547968749998 0.8913240046875 0.2041297453125 0.890916884375 0.1769623265625 0.8911092046875 0.17672689375 0.8913240046875 0.17708005468750002 0.906896315625 0.201761415625 0.9070998749999999
5 0.162125075 0.881633871875 0.15774586875000002 0.8747128453125 0.1540823140625 0.8682185125 0.1459502546875 0.8783769187500001 0.1503294640625 0.8859086234375001 0.15393171875 0.891913634375 0.162125075 0.881633871875
5 0.2572649703125 0.8923350234375 0.260747296875 0.8859328046874999 0.2650701796875 0.8783193546874999 0.2569048234375 0.8678444375 0.25318224843750003 0.8745126265625001 0.24879932187499998 0.8818665296875 0.2572649703125 0.8923350234375
3 0.2462368546875 0.47389800937500004 0.2462368546875 0.5793438578125001 0.3232146515625 0.5793438578125001 0.392907621875 0.5781425890625 0.3927408953125 0.4570930421875 0.3927408953125 0.354062534375 0.37323353593749997 0.35382228437499996 0.3734002625 0.31780980625 0.3324557125 0.317089046875 0.33295589375 0.282972996875 0.3239525046875 0.282972996875 0.3162829328125 0.2882585796875 0.3106141359375 0.2947454359375 0.3059457015625 0.30411533749999997 0.3027778359375 0.31732930625 0.26216196875 0.31736014218749997 0.2625763609375 0.3550363546875 0.2462368546875 0.3552766140625 0.2462368546875 0.47389800937500004
5 0.3555928796875 0.3326887421875 0.35527153437500003 0.317037603125 0.3460810703125 0.317037603125 0.33777758593749996 0.31730954843750003 0.3379189046875 0.332966571875 0.345631184375 0.3328739609375 0.3555928796875 0.3326887421875
5 0.29668450625 0.33252086406250003 0.2965906046875 0.317434128125 0.2878110125 0.3173664734375 0.27945977499999997 0.3174302625 0.2795009171875 0.332385559375 0.28673116875 0.33245321250000004 0.29668450625 0.33252086406250003
0 0.320823103125 0.2855045796875 0.3159610765625 0.2890599015625 0.31102648125 0.2948111625 0.30739810156249997 0.301375465625 0.3048582359375 0.30660388437499997 0.3038422890625 0.31204143906250004 0.30318917968750003 0.317897271875 0.3031571125 0.3321505 0.3325064890625 0.332431159375 0.33221621875 0.283308640625 0.3267010828125 0.283622346875 0.320823103125 0.2855045796875
0 0.3040634 0.5412076171875 0.29955469843750004 0.5476891687500001 0.29614812343749997 0.554907996875 0.29414425624999996 0.5616936890625001 0.2934429015625 0.5697787796875 0.293379665625 0.5789195078125 0.3231001375 0.579155559375 0.3226993625 0.532978153125 0.3120788671875 0.5351438015625 0.3040634 0.5412076171875
3 0.1051088953125 0.47297112031250005 0.1527792390625 0.4734889015625 0.15313855781250002 0.5225052796874999 0.11085808593749999 0.5225052796874999 0.11085808593749999 0.5237134296875 0.1109778578125 0.5306171453124999 0.1162479484375 0.5304445484375 0.1162479484375 0.5714940625 0.1163677203125 0.65672734375 0.252785746875 0.65741771875 0.2529055203125 0.52404941875 0.2526659640625 0.45935468593750006 0.252785746875 0.3687802203125 0.2719497015625 0.3684350328125 0.271710146875 0.3177111203125 0.1936737234375 0.31719334374999997 0.1158269453125 0.317047321875 0.1163677203125 0.35222049843750003 0.1055879953125 0.35222049843750003 0.1051088953125 0.47297112031250005
5 0.186952503125 0.3326192359375 0.1868932375 0.3171613828125 0.1734988984375 0.3172467859375 0.1596803421875 0.317156321875 0.1595118890625 0.3327900390625 0.1710096828125 0.3326192359375 0.186952503125 0.3326192359375
0 0.1358872671875 0.5679779515625001 0.14261376875 0.5598292328125 0.1471276046875 0.550391553125 0.1496057921875 0.540061125 0.1502253359375 0.5301133 0.11636266718749999 0.5303561890624999 0.11579626093749999 0.5729518640625 0.127833159375 0.571931575 0.1358872671875 0.5679779515625001
5 0.126594071875 0.6025348234375 0.12668257656249998 0.58888845 0.1267710828125 0.5737116421875 0.1159198859375 0.5735406515625 0.11579626093749999 0.583787003125 0.11579626093749999 0.602407284375 0.126594071875 0.6025348234375
0 0.23482165937500002 0.583135515625 0.22966778125 0.5907743359375 0.24910526875 0.622178371875 0.2527866109375 0.6217539984375 0.2530862765625 0.57855295 0.2495470234375 0.5788917265625 0.243656878125 0.5793161078125 0.23482165937500002 0.583135515625
5 0.1062983734375 0.622582184375 0.10636398437500001 0.6079278343750001 0.09389787968749999 0.607833290625 0.08297873125 0.6079198124999999 0.08326888593750001 0.6227712734375 0.093504215625 0.6227712734375 0.1062983734375 0.622582184375
0 0.08253527656250001 0.38528538437500004 0.08755828593750001 0.3934281828125 0.0959718125 0.39885671562499997 0.1056411 0.40102812343750005 0.10576667343749999 0.3519903828125 0.07588972499999999 0.3518450046875 0.0765076734375 0.3653807609375 0.077763425 0.37424736406250003 0.08253527656250001 0.38528538437500004
0 0.10391125781249999 0.510305425 0.1120298609375 0.51407818125 0.121022778125 0.513718871875 0.12090840624999999 0.4734767609375 0.1155151328125 0.47365579843749994 0.097029696875 0.5050954265625001 0.10391125781249999 0.510305425
0 0.8633588484375 0.708967265625 0.8613558749999999 0.7174662828125 0.860754984375 0.7229402296874999 0.861083490625 0.7318341687500001 0.89059929375 0.7321595000000001 0.89059929375 0.7255331484374999 0.8681659859374999 0.699027734375 0.8633588484375 0.708967265625
0 0.7809832890624999 0.60158736875 0.775930584375 0.5986803015625 0.7701199765625 0.59759015 0.7645846546875 0.5982493484375 0.764562003125 0.64119616875 0.7694883875 0.6415595578125 0.7876781140625 0.6088550421875001 0.7809832890624999 0.60158736875