5 0.08057717187499999 0.32088166875 0.08057717187499999 0.29637943906249997 0.06941716249999999 0.2974945515625 0.06940756249999999 0.3225151515625 0.06940756249999999 0.3530068140625 0.08057717187499999 0.3535513078125 0.08057717187499999 0.32088166875
5 0.025876421875 0.4439736671875 0.025106104687500002 0.40313661874999995 0.014715517187499999 0.40315903906250006 0.015091971874999999 0.44125119843749994 0.0143216546875 0.48916666875 0.025876421875 0.48916666875 0.025876421875 0.4439736671875
5 0.223462959375 0.2103312109375 0.214604303125 0.2016193078125 0.2069011234375 0.2168651390625 0.1992372625 0.2337690609375 0.208441759375 0.24136736875000003 0.216530096875 0.2261215375 0.223462959375 0.2103312109375
5 0.3216784890625 0.2103312109375 0.313975309375 0.19944133125000002 0.3016502234375 0.2157761515625 0.29014985625 0.23213507500000002 0.2989541109375 0.24300085 0.31166435625 0.22448805468750002 0.3216784890625 0.2103312109375
5 0.49965719843749995 0.29747044843750003 0.4992720390625 0.2702457484375 0.4881024296875 0.2697012546875 0.488872746875 0.2963814609375 0.4881024296875 0.3301400875 0.49965719843749995 0.331229075 0.49965719843749995 0.29747044843750003
5 0.49965719843749995 0.4597841921875 0.49965719843749995 0.412957709375 0.4881024296875 0.411868721875 0.4881024296875 0.44943880625 0.4877172703125 0.50497719375 0.49965719843749995 0.5055216875 0.49965719843749995 0.4597841921875
0 0.5158338734375 0.3927568953125 0.5181448265624999 0.383500496875 0.5189151453124999 0.3704326421875 0.4881544015625 0.3704793015625 0.4884875875 0.409636209375 0.49965719843749995 0.409636209375 0.5089010125 0.403646775 0.5158338734375 0.3927568953125
0 0.32286924375 0.488061521875 0.3271059921875 0.47826062968749994 0.3290317875 0.4641037859375 0.3024769875 0.46307189375 0.30245582031249996 0.501129378125 0.314395746875 0.49895140156249995 0.32286924375 0.488061521875
0 0.2504593640625 0.3197947015625 0.245452296875 0.3138052671875 0.2408303890625 0.309993809375 0.23004593906249998 0.30727133906250004 0.2288994234375 0.34651415937499996 0.25623674687500003 0.34647490625 0.25623674687500003 0.339940978125 0.2546961125 0.3301400875 0.2504593640625 0.3197947015625
0 0.1757106640625 0.363345803125 0.1807177296875 0.3736911890625 0.18996154375000002 0.3796806234375 0.199205359375 0.3796806234375 0.1992372625 0.344880171875 0.17301455 0.34483300781250004 0.17301455 0.3535449125 0.1757106640625 0.363345803125
0 0.3151382 0.366086453125 0.31167176875 0.3584635375 0.30589438593749996 0.351929609375 0.3005021609375 0.3486626453125 0.2916907484375 0.345969496875 0.2920286640625 0.381876778125 0.31706399531249996 0.382421271875 0.31706399531249996 0.37479835625 0.3151382 0.366086453125
0 0.204597584375 0.48153735624999994 0.2080640140625 0.47609241718749995 0.1872953546875 0.45217864687500003 0.187650590625 0.489160271875 0.193042815625 0.489160271875 0.199205359375 0.486437803125 0.204597584375 0.48153735624999994
3 0.01548454375 0.5289083328124999 0.18957638593749998 0.5283638390625 0.18996154375000002 0.4880349265625 0.20113115312500002 0.48422346875000005 0.2069085375 0.47823403593749997 0.19073186250000002 0.4526428171875 0.190346703125 0.4172507078125 0.176095821875 0.41398374374999997 0.17301455 0.40581633437500003 0.1868802734375 0.3878480328125 0.1868802734375 0.3802251171875 0.20036083593749998 0.3802251171875 0.2007459953125 0.34102155 0.18572479687500001 0.34102155 0.1864951140625 0.232667246875 0.1837990015625 0.23430072968750001 0.16415589531250002 0.2337562359375 0.11562586875 0.23321174218750002 0.070958053125 0.2337690609375 0.0697919546875 0.36501564375 0.014714226562499998 0.3655601375 0.01548454375 0.5289083328124999
3 0.29472477656249996 0.3453593234375 0.2943396171875 0.24735040625 0.28971770937499997 0.23373805625 0.2743113515625 0.23210457343750002 0.22347037187500002 0.1852780921875 0.20036083593749998 0.23210457343750002 0.18267268125 0.2337690609375 0.182258365625 0.299621828125 0.18187320625 0.3464483109375 0.29472477656249996 0.3453593234375
3 0.29011871875 0.2489870859375 0.29011871875 0.3257607375 0.2908890359375 0.38837754687500003 0.3609879640625 0.387833053125 0.3944967921875 0.38837754687500003 0.3941600265625 0.2337690609375 0.36715050625 0.21631744687499999 0.3224720703125 0.188003759375 0.2889632421875 0.2337412546875 0.29011871875 0.2489870859375
3 0.39026004375 0.38134120625 0.3166946859375 0.3807967109375 0.3166946859375 0.3726293015625 0.31592436875 0.36337290312500004 0.31053214218749997 0.35411650625 0.3051399171875 0.3497605546875 0.2939703078125 0.3443156140625 0.293199990625 0.33832618124999997 0.18458516875 0.33941516875 0.1838148515625 0.345949096875 0.173415559375 0.3443156140625 0.173415559375 0.361194928125 0.17919294375 0.3715403140625 0.1884367578125 0.38351918125 0.21154629531250002 0.3851526625 0.24890671250000002 0.3851526625 0.262387275 0.384063675 0.262387275 0.5761081531250001 0.2978218984375 0.5766526468750001 0.29820705625 0.4635540734375 0.376394321875 0.4624650859375 0.3775497984375 0.53869424375 0.49964518281250003 0.5392387375000001 0.4992600234375 0.408542003125 0.508888996875 0.40146358125 0.5162070171875001 0.38839572499999997 0.519673446875 0.37314989375 0.49964518281250003 0.37314989375 0.498170196875 0.23322439843749998 0.39334131562499997 0.23265798906250001 0.39026004375 0.2315690015625 0.39026004375 0.38134120625
5 0.7557129796875001 0.5144668734375 0.7557129796875001 0.47846977187500006 0.74372408125 0.47849794062499995 0.7440726203125 0.5108671625000001 0.7440726203125 0.5514924640625 0.7549854578125 0.5504639765625 0.7557129796875001 0.5144668734375
5 0.7444350328125 0.5870096609375001 0.7440726203125 0.6199212968750001 0.7440726203125 0.6646605531249999 0.7553492187499999 0.6641463078125 0.7553492187499999 0.62249251875 0.7549854578125 0.5870096609375001 0.7444350328125 0.5870096609375001
5 0.894669765625 0.41931450625 0.894669765625 0.3925738015625 0.88488685625 0.391563784375 0.8837569296875 0.4254854375 0.8837569296875 0.46508225000000003 0.8950335265625 0.46611073750000004 0.894669765625 0.41931450625
5 0.8953972890624999 0.5057075515625 0.8953972890624999 0.476395625 0.884523034375 0.476440328125 0.8844844515625001 0.5175351703125 0.8844844515625001 0.5519895390625 0.8953972890624999 0.55044680625 0.8953972890624999 0.5057075515625
5 0.894669765625 0.6183613953125 0.8943060046875001 0.5849355140625 0.884523034375 0.58446501875 0.8844844515625001 0.6245323265625 0.8844844515625001 0.6646433828125 0.8950335265625 0.665157628125 0.894669765625 0.6183613953125
1 0.7258845593750001 0.4552944390625 0.7549854578125 0.4532374609375 0.755366371875 0.3946502046875 0.724793275 0.39564209687499996 0.724793275 0.4239255359375 0.7258845593750001 0.4552944390625
3 0.7262483203125 0.4531889484375 0.7448001421875 0.45164621718750003 0.7448001421875 0.6980035828125 0.8030019390625001 0.6969750953125 0.8950335265625 0.6969750953125 0.8950335265625 0.5843555890625 0.8947100390625 0.3693795578125 0.7448001421875 0.36885288125 0.7448001421875 0.3930223640625 0.7255207984375 0.3935366078125 0.7262483203125 0.4531889484375