0 0.4446120765625 0.273938653125 0.4350270390625 0.27612776875 0.4268113140625 0.28214783906249996 0.41859558906250005 0.28980974375 0.41640473437500003 0.2999344078125 0.4162207140625 0.3099208109375 0.451184640625 0.310059065625 0.45091079375 0.2736650140625 0.4446120765625 0.273938653125
5 0.3608116125 0.296650734375 0.25932165625 0.29636906875 0.25948425468749997 0.311700903125 0.30384919843749997 0.3119745453125 0.3610854609375 0.3119745453125 0.3608116125 0.296650734375
0 0.2545548125 0.4485792015625 0.24551750781249998 0.4395490984375 0.2340154828125 0.4348972265625 0.2233350375 0.433802671875 0.223183678125 0.469530215625 0.258662675 0.46964944375 0.2589365421875 0.4597984234375 0.2545548125 0.4485792015625
0 0.40435499531249997 0.5314919765624999 0.413666146875 0.531218328125 0.4131184140625 0.4950979140625 0.3767700875 0.4951279515625 0.37833849062499997 0.5106953734374999 0.3843633609375 0.519999115625 0.39367453124999996 0.52738736875 0.40435499531249997 0.5314919765624999
0 0.2855007421875 0.6585631609375 0.2764634375 0.648712140625 0.2624966890625 0.6437866265625 0.25318551875 0.6426920671875 0.25318551875 0.6810015968750001 0.289608603125 0.68018068125 0.2890608890625 0.6675932640625 0.2855007421875 0.6585631609375
5 0.30655583750000004 0.6677895484375 0.29623880625 0.667735296875 0.29601035625 0.6827632984374999 0.3193214265625 0.6823935703124999 0.3191364125 0.6677895484375 0.30655583750000004 0.6677895484375
5 0.234032525 0.6681592765625 0.2232016828125 0.667735296875 0.2227470125 0.6823935703124999 0.2464280921875 0.6822087109375 0.2464280921875 0.667974409375 0.234032525 0.6681592765625
5 0.0836702140625 0.6990639828125 0.0835353484375 0.689361728125 0.0834004921875 0.6788509515625 0.06867894218750001 0.6787920890625 0.0688354984375 0.6793899640625 0.069374946875 0.714156378125 0.0836702140625 0.6990639828125
5 0.1303321125 0.698524965625 0.0831307625 0.6983902125 0.0833607375 0.6976263125 0.0682960578125 0.7126740890625001 0.189536096875 0.71200031875 0.1742968 0.69812070625 0.1303321125 0.698524965625
5 0.18778289374999999 0.713213103125 0.188052625 0.6793899640625 0.17352772968750002 0.67953359375 0.17348762812500002 0.6877446859375 0.173352771875 0.6986597234375 0.18778289374999999 0.713213103125
3 0.26058524375 0.4683791015625 0.3218529234375 0.468086178125 0.3224392359375 0.504114525 0.3781371328125 0.5044074375 0.379896009375 0.5114373546875 0.386638396875 0.52110349375 0.399243703125 0.5298908859375 0.412728478125 0.5313554578125 0.4136079265625 0.5044074375 0.4798590984375 0.503821603125 0.4801522359375 0.4000832890625 0.4795659625 0.299028203125 0.45113069375 0.299028203125 0.4505444203125 0.274423484375 0.44233629375000005 0.2750093109375 0.4276789734375 0.2794030109375 0.41478051093749996 0.2987352859375 0.36025517812499996 0.299028203125 0.36025517812499996 0.2969778078125 0.259119503125 0.29727071875 0.2594126390625 0.299028203125 0.21279236093749998 0.2979021546875 0.212215996875 0.3714247921875 0.21280228750000002 0.4686720140625 0.26058524375 0.4683791015625
3 0.067139584375 0.6806482296875 0.0675475671875 0.7132620890625 0.1895391375 0.7132620890625 0.189131153125 0.6814635734375 0.2193230375 0.68024054375 0.2197310484375 0.6247533437499999 0.2197310484375 0.4840405828125 0.2193230375 0.29854915000000004 0.0312357109375 0.29854915000000004 0.031453290625000005 0.45993143593749997 0.0304197140625 0.507386996875 0.030827698437500002 0.6806482296875 0.067139584375 0.6806482296875
5 0.6496176593749999 0.3341330125 0.569649490625 0.3340600078125 0.57005735625 0.349464559375 0.60870094375 0.34974847656249997 0.6496176593749999 0.349464559375 0.6496176593749999 0.3341330125
0 0.6714967609375 0.4797826984375 0.6712125890625 0.48971980937500004 0.707014746875 0.48971980937500004 0.7071323875 0.45342015937499996 0.6942282421875 0.45508186406249995 0.683146653125 0.46104414218749995 0.6754747437499999 0.47069732656249996 0.6714967609375 0.4797826984375
0 0.7493521671875001 0.42924538125 0.743385134375 0.421579603125 0.7320194125 0.41419775156250005 0.7169597640625 0.41135857500000006 0.71713114375 0.446858475 0.7521936171875 0.44713217812500006 0.751341178125 0.43861465937500005 0.7493521671875001 0.42924538125
5 0.787758790625 0.3342982 0.7292251484375 0.3340142828125 0.7286922062500001 0.333747546875 0.7283727109375 0.3487779921875 0.7562188265625001 0.3487779921875 0.7883270765625 0.34849407656250003 0.787758790625 0.3342982
5 0.9281258984375 0.3342982 0.855551425 0.33437246875 0.8553850468749999 0.3499136640625 0.8914713390625 0.349629746875 0.9281258984375 0.349629746875 0.9281258984375 0.3342982
0 0.85936305 0.425435721875 0.8499863015625 0.4172021109375 0.8371998359375 0.4120916015625 0.8281072187499999 0.4123755171875 0.8280548453125001 0.44717093593749996 0.8639093578124999 0.44758127812500004 0.8627727859375 0.4350889171875 0.85936305 0.425435721875
3 0.8735702609375 0.481935296875 0.9659170296875 0.479947890625 0.9650645921875001 0.40925242500000003 0.9647804578124999 0.336285621875 0.9286941656250001 0.336285621875 0.9289782984375 0.3340142828125 0.8536801890625 0.3340142828125 0.854248475 0.3360017046875 0.8121193281249999 0.3359347734375 0.8124793218749999 0.445877778125 0.8735702609375 0.44616170312500003 0.8735702609375 0.481935296875
3 0.7057624921875 0.5089250984375 0.70547238125 0.4497566 0.704892121875 0.3364097359375 0.6497691734375 0.336699625 0.6497691734375 0.33409061875 0.56969583125 0.33582995625 0.5694057015625 0.33698951718750003 0.5168938437499999 0.3361198484375 0.5165490984375001 0.42435470000000003 0.5174740828125 0.5095048765625 0.6085720234374999 0.5092149874999999 0.7057624921875 0.5089250984375
0 0.67268871875 0.5767902921875 0.6692072796875 0.5912847796875 0.706922971875 0.5918645578125 0.7060551171875 0.5545204484374999 0.6973489828125 0.5553384625 0.6848738156249999 0.5596868046875 0.6764603078125 0.5680936078125 0.67268871875 0.5767902921875
0 0.721429028125 0.6957070875 0.728972165625 0.686140728125 0.7327437546875 0.67657436875 0.7327437546875 0.6672978984375 0.69744120625 0.667458378125 0.698219353125 0.70382399375 0.71214515 0.7012149859375 0.721429028125 0.6957070875
5 0.5747302390625 0.7268626968749999 0.5748851421875 0.72005261875 0.560930075 0.7200260703125 0.5604796359375 0.748840671875 0.5750400328125 0.733982321875 0.5747302390625 0.7268626968749999
5 0.6128351171875 0.7335179984375 0.5747302390625 0.732744128125 0.5597051421875 0.7471381515625 0.614384103125 0.7476024734375 0.6803706 0.7476024734375 0.6648808171875 0.7325893546875 0.6128351171875 0.7335179984375
5 0.6797510109375 0.7485311234375 0.6797510109375 0.7203621734375 0.6648342421875 0.7203667390625 0.6648808171875 0.7265531484375 0.6648808171875 0.7341371 0.6797510109375 0.7485311234375
5 0.759146796875 0.7096155265624999 0.7266657390625 0.7089543140625 0.726618246875 0.7237000015625 0.794618415625 0.7237000015625 0.794618415625 0.7093059734375 0.759146796875 0.7096155265624999
5 0.8849352265625001 0.7098030765625001 0.850499065625 0.709635653125 0.850393003125 0.723732778125 0.9256733671875 0.723887553125 0.9252086890625 0.7096482984375 0.8849352265625001 0.7098030765625001
0 0.85350099375 0.5421663390625 0.8633234421875 0.5421663390625 0.863025803125 0.5076664640625 0.82748195625 0.50770355 0.8284984171875 0.5204552140625001 0.8335584609375 0.530567246875 0.8415950140625 0.5382999749999999 0.85350099375 0.5421663390625
3 0.8490362484375 0.7251388078125001 0.9264252328125 0.7245439828125 0.9261275734375 0.7218672671874999 0.96601268125 0.7215698640625 0.9657150015625 0.589752375 0.96601268125 0.47346399687499996 0.8734435484375 0.47405882187500004 0.8743365046875 0.5079638765625 0.8124253109374999 0.5082612890625 0.812752865625 0.5820036265625 0.8118300125 0.7218672671874999 0.8487386109375 0.7221646890625 0.8490362484375 0.7251388078125001
3 0.559687165625 0.7215789328125 0.559687165625 0.74802261875 0.68003884375 0.748652228125 0.6797237984375 0.7215452578125 0.705873484375 0.7202860375 0.705873484375 0.6566615859375 0.7065036171875 0.5467943921875 0.6529439609375001 0.5474240015625 0.6529439609375001 0.5017771765625 0.5172932765625 0.502402609375 0.5168394484375 0.595656640625 0.5171545046875 0.7222085421875 0.559687165625 0.7215789328125
4 0.11429862187499999 0.3117453375 0.1506946125 0.311193696875 0.1799216953125 0.311193696875 0.18102460468749998 0.29850595625 0.12146752812499999 0.2979543140625 0.07368973281249999 0.29766503437499997 0.073430378125 0.30647937812500003 0.0723880875 0.31064205624999996 0.11429862187499999 0.3117453375