5 0.532112078125 0.8342278875 0.5786410015625 0.834520196875 0.579030359375 0.8226329124999999 0.5365897484375 0.8225354749999999 0.49359898125 0.82264874375 0.49395447187499997 0.8340330125 0.49492788125000003 0.8340330125 0.532112078125 0.8342278875
5 0.430129059375 0.8341589125000001 0.429934365625 0.8225639390625 0.3908033515625 0.8224665 0.34458429218750003 0.82240525625 0.3448584796875 0.8341589125000001 0.38593631093749997 0.8341589125000001 0.430129059375 0.8341589125000001
0 0.456431759375 0.8085330421875 0.44552957343750005 0.8135997546875 0.43599018437500003 0.8205177640624999 0.4326805875 0.8237331812500001 0.43272696718750003 0.8334839625000001 0.49283722656249995 0.8334768562500001 0.49361595625000004 0.8039535156250001 0.474731825 0.804635571875 0.456431759375 0.8085330421875
3 0.0275501328125 0.8338207609375001 0.3275977171875 0.8334720375 0.3289912421875 0.7510269421875 0.32968801718749996 0.6813102328125 0.32968801718749996 0.6027010875000001 0.2762723296875 0.6023523671875 0.10765659062499999 0.6021780062500001 0.027973074999999997 0.6024234500000001 0.028246909375 0.6361599046874999 0.0278985078125 0.7142459640625 0.0275501328125 0.8338207609375001
5 0.0508915828125 0.8010501 0.05054318125 0.7705554296875 0.050194809375 0.7349856890625001 0.0275971375 0.7350995250000001 0.027201759375000002 0.7496134624999999 0.027201759375000002 0.8012244578125 0.0508915828125 0.8010501
5 0.24459064375 0.8345219281249999 0.24389386875 0.8217935421875 0.18745638281250002 0.8219679 0.11822644375 0.8220252296874999 0.12056750624999998 0.8348706515625001 0.1797920421875 0.8348706515625001 0.24459064375 0.8345219281249999
0 0.2960327234375 0.5746368140625 0.2842931796875 0.578817496875 0.27481125624999997 0.5855969796875 0.27029605 0.593732359375 0.268715734375 0.6011897875 0.328090675 0.6010767984375 0.3287211671875 0.5705325546875 0.3174799484375 0.5709081 0.3068692046875 0.57215100625 0.2960327234375 0.5746368140625
5 0.048649065625 0.600695359375 0.048649065625 0.588345646875 0.048649065625 0.570383440625 0.0273106015625 0.5703787874999999 0.027600225 0.585234221875 0.0279030875 0.6008469390625 0.048649065625 0.600695359375
3 0.6170240203125 0.7340654875 0.617491803125 0.707845475 0.6179595499999999 0.6011300078125 0.6179595499999999 0.5405211890625 0.6338631765625 0.5356049359374999 0.6455570125000001 0.5283476109375 0.6544443015625 0.5194515375 0.6553798296875 0.51032135625 0.616556275 0.51032135625 0.616556275 0.5021276 0.3967595625 0.5014193890625 0.3943733625 0.625477159375 0.3948411265625 0.734533703125 0.6170240203125 0.7340654875
0 0.44528145625000004 0.5295311734375 0.45272555 0.522199925 0.4541663390625 0.5139072031249999 0.455367 0.5101814859375 0.3952981125 0.5105959046875 0.395333965625 0.54178998125 0.41622545468750005 0.54034776875 0.4335149796875 0.5354202109374999 0.44528145625000004 0.5295311734375
5 0.6160926625 0.7033239296875 0.6163955296875 0.683327515625 0.6163955296875 0.6503710296875 0.6163955296875 0.6260465140625 0.5934090875 0.62606060625 0.5939838046875 0.6670326890625 0.5942866609374999 0.7033239296875 0.6160926625 0.7033239296875
0 0.6165469578125 0.5403383234375 0.6332043203125 0.535563559375 0.6436530281249999 0.5296519484375 0.6515274125 0.52268331875 0.6542531687500001 0.5168474953125 0.654707453125 0.5104811453125 0.59435605625 0.510625 0.5939838046875 0.540565690625 0.6107925921875 0.540489903125 0.6165469578125 0.5403383234375
0 0.44329825156249997 0.469626421875 0.45105308125 0.46253895624999997 0.4550990625 0.4562952421875 0.4550990625 0.4478577828125 0.39563238749999996 0.44809100781250005 0.3957578421875 0.47958262500000004 0.41598780625 0.478738878125 0.4318346 0.47485765 0.44329825156249997 0.469626421875
5 0.6164150171875 0.4945319140625 0.61609495625 0.485401025 0.61609495625 0.45497753750000003 0.593695009375 0.45506876875 0.5940103546875 0.469301828125 0.5940103546875 0.4944518171875 0.6164150171875 0.4945319140625
3 0.395424615625 0.446758653125 0.5214120359375001 0.446849690625 0.6158187109375 0.446849690625 0.61636441875 0.4138118109375 0.6161825203125 0.37467909062500004 0.6160006078125 0.327630725 0.4793365890625 0.327357603125 0.396356434375 0.32762765781250003 0.3950608203125 0.35984924375 0.39524271718750004 0.40653344843749994 0.395424615625 0.446758653125
0 0.42143647968750003 0.36459304062500003 0.43125914062500004 0.3619528734375 0.44308271250000003 0.356399425 0.45108636406249997 0.35020868906249997 0.45399677812499994 0.343016515625 0.4545424734375 0.3367347421875 0.395948246875 0.3366140421875 0.395424615625 0.366595921875 0.410158615625 0.3663228015625 0.42143647968750003 0.36459304062500003
5 0.616237746875 0.4041964 0.616237746875 0.38790965312500003 0.616237746875 0.3712358765625 0.5937878750000001 0.37123106093749997 0.5941288874999999 0.37964047500000003 0.5938260328125 0.40427219062499997 0.616237746875 0.4041964
3 0.31472672031250004 0.3352313859375 0.38990576093749996 0.3355430640625 0.5240324890625 0.33512749531249997 0.6159902921875 0.3352313859375 0.6164054625000001 0.2899565609375 0.6159902921875 0.22909791406250002 0.6159902921875 0.172083278125 0.524084628125 0.172083278125 0.5244997828125 0.1520217484375 0.520348203125 0.151813965625 0.5087237265625 0.151813965625 0.49772201093749996 0.1533723484375 0.48464448281249994 0.1562813296875 0.47381332187499997 0.1609564765625 0.466132878125 0.16708610937499999 0.461981284375 0.1731118546875 0.4555463015625 0.165839403125 0.44641280468750005 0.159605875 0.4352034984375 0.1553462984375 0.42440934218750004 0.152956778125 0.412162153125 0.15150228906250002 0.4001225234375 0.15160618125 0.4001225234375 0.172030778125 0.315230128125 0.1720239546875 0.3141039734375 0.2400994078125 0.31451914375 0.2897432390625 0.31472672031250004 0.3352313859375
5 0.398999090625 0.183118890625 0.3988476609375 0.1715988265625 0.3752244984375 0.1715230375 0.3451136328125 0.1715151515625 0.3441812375 0.183118890625 0.36492721562499997 0.1830431015625 0.398999090625 0.183118890625
5 0.57759080625 0.1830410015625 0.57728795 0.1718240953125 0.5556333765625 0.17174830624999998 0.5254166625 0.17170454531249998 0.5251958390625 0.1830410015625 0.5485161453125 0.1830410015625 0.57759080625 0.1830410015625
0 0.37003966250000003 0.30970821718749997 0.355099946875 0.306037584375 0.3314680421875 0.304542140625 0.33096369375 0.3355160640625 0.39231341249999996 0.33567456562500003 0.3912269046875 0.32547835625 0.3830779703125 0.316777590625 0.37003966250000003 0.30970821718749997
5 0.616339796875 0.27970998125 0.616339796875 0.2524365296875 0.616936678125 0.2310275015625 0.593523746875 0.2309447390625 0.5936586187499999 0.2456546875 0.5938575890625 0.279610403125 0.616339796875 0.27970998125
3 0.330065846875 0.375503425 0.330065846875 0.31271238437500004 0.3305523125 0.22096058749999997 0.3310387796875 0.1720217640625 0.2536894015625 0.1720217640625 0.0275011265625 0.1722471765625 0.026992509375 0.2462562125 0.0274789765625 0.37501646875 0.330065846875 0.375503425
5 0.242650015625 0.1829836890625 0.24298745624999998 0.1718373765625 0.179648534375 0.171921815625 0.12074243437500001 0.1718923265625 0.1207135125 0.1828992484375 0.150024246875 0.183152571875 0.242650015625 0.1829836890625
0 0.171995803125 0.35147855781250004 0.1619450265625 0.3571886765625 0.15461065937500001 0.36385048750000004 0.1510793140625 0.36915274375 0.15023444375 0.37545022499999997 0.21328550000000002 0.37595050625000004 0.21328550000000002 0.34468079375 0.1918257375 0.3467201234375 0.171995803125 0.35147855781250004
0 0.295448934375 0.3414187390625 0.2859414359375 0.34536144062499996 0.278335428125 0.35025583125000004 0.2720876359375 0.3584131453125 0.26909956875 0.36711428437500004 0.329132625 0.3676581015625 0.3299586015625 0.3362098828125 0.3139206328125 0.3369322140625 0.3071295625 0.338427721875 0.295448934375 0.3414187390625
3 0.3293716875 0.56868799375 0.3290034796875 0.5174654750000001 0.3297398984375 0.40914283124999995 0.13622467031250002 0.4087742515625 0.028184187500000003 0.408762934375 0.027373210937499996 0.4513253671875 0.027373210937499996 0.56868799375 0.3293716875 0.56868799375
5 0.0500853390625 0.513853340625 0.049880884375000004 0.4943084765625 0.0494719765625 0.4644283640625 0.0271568 0.46427393125 0.026981721874999996 0.4837685734375 0.0275950984375 0.5137510125 0.0500853390625 0.513853340625
0 0.27295528281250003 0.42954184531250006 0.280003590625 0.43582542343749997 0.29145706875 0.44155780624999996 0.3112804078125 0.44740043281249997 0.328240384375 0.44850281562500005 0.328700309375 0.41737667187499994 0.2683298390625 0.41675421406249996 0.2694311359375 0.4239196953125 0.27295528281250003 0.42954184531250006
1 0.5244684640624999 0.1508733171875 0.50459993125 0.1514625453125 0.4929818859375 0.1538194453125 0.48069035624999995 0.1569339265625 0.47109283125 0.162573653125 0.4648628875 0.16863425781250002 0.46166371406250006 0.1725063109375 0.458801303125 0.1678766828125 0.4510559640625 0.162152778125 0.4439840828125 0.158112375 0.43590197656249996 0.1549978953125 0.4220950296875 0.15179924218750002 0.41081375 0.15070496718749998 0.40003759531250005 0.1506207953125 0.4012162375 0.1828598515625 0.524636846875 0.183449078125 0.5244684640624999 0.1508733171875
1 0.269731071875 0.6208098046875 0.2752669296875 0.626019171875 0.2814540359375 0.6318797078125 0.2970846625 0.6382286203125 0.30392304375 0.639856546875 0.2895949875 0.643763578125 0.27884894375 0.6492985234375 0.27103361875 0.6553218625 0.266474684375 0.6637870703125001 0.266474684375 0.6702987796875 0.3302997140625 0.6689964328125 0.3289971890625 0.609577121875 0.268102878125 0.609577121875 0.266474684375 0.6144608984375 0.269731071875 0.6208098046875