3 0.8017144734375 0.3959223046875 0.80230356875 0.47611565 0.8021562984375 0.5500945046875 0.834994365625 0.5500945046875 0.8632708265625 0.586628196875 0.942490796875 0.5875697859375 0.9703254390625 0.548964596875 0.9952732109375001 0.549889696875 0.9952732109375001 0.3812257 0.9950464953125 0.263859771875 0.9094034578124999 0.26356986875 0.834853809375 0.2641374421875 0.8357345875 0.328921253125 0.8020090156249999 0.32910956874999997 0.8017144734375 0.3959223046875
0 0.8520765140625001 0.3176747625 0.8555719937499999 0.3148518125 0.8600793296875 0.3088530484375 0.848305071875 0.293091584375 0.84002629375 0.28344651249999997 0.8352661984375 0.28367353125 0.8354269734375 0.3214386953125 0.84103814375 0.32120344843750004 0.8466493140625 0.32002721875 0.8520765140625001 0.3176747625
5 0.8873793265625001 0.5872054109375 0.9420132796875 0.5873230328125 0.9565471375 0.5682825796875 0.9708050328125 0.5468752218749999 0.963814065625 0.53734776875 0.9373759984375001 0.57315010625 0.9099060609375 0.5730324859375 0.8673462593749999 0.5730324859375 0.8549280921875001 0.5559897109375 0.8403942343749999 0.5374052984375 0.83342544375 0.54879996875 0.8338208046875 0.5489779828125 0.8642307421875 0.5866172984375 0.8873793265625001 0.5872054109375
3 0.6436292890625 0.55016085625 0.807820728125 0.55016085625 0.8075632359375 0.4965439546875 0.8083357343750001 0.3283617546875 0.7915984203125 0.329020265625 0.791340928125 0.32605692343750003 0.7113137328125 0.3267154484375 0.710798746875 0.206552703125 0.635609590625 0.206552703125 0.635867084375 0.262856346875 0.61990225 0.262527090625 0.6201597624999999 0.20721122812499998 0.5417546046874999 0.2066054984375 0.5413792374999999 0.4685567625 0.643886803125 0.46789823906250005 0.6436292890625 0.55016085625
0 0.6857197625 0.2837496765625 0.692878490625 0.2900128359375 0.6975253921875 0.2929035265625 0.7039305703125 0.295794221875 0.7110892984375 0.29643659375000003 0.7111209781250001 0.25688089999999997 0.7063168156249999 0.25693048125 0.6979021609375 0.2672084953125 0.6857197625 0.2837496765625
5 0.6246905968750001 0.46938027031249996 0.6245962203125 0.456346775 0.5950560140625 0.455984734375 0.568612490625 0.45615872968750004 0.56853589375 0.4691389078125 0.5931684609375 0.4691389078125 0.6246905968750001 0.46938027031249996
5 0.74803368125 0.5506926875 0.74803368125 0.5381419125 0.726704334375 0.5381419125 0.6912539390625 0.5377341203125 0.69140709375 0.550813365625 0.7165115453124999 0.5506926875 0.74803368125 0.5506926875
0 0.6850963906249999 0.1274023640625 0.6889026421875 0.13042328593750002 0.6946776359375 0.13428335625 0.7032088875 0.1383112578125 0.7108213937500001 0.1389825703125 0.7108204953125 0.09901891093750001 0.7068838921875 0.09954272187499999 0.6959901375 0.1128012265625 0.6850963906249999 0.1274023640625
5 0.696955246875 0.058575190624999995 0.696876415625 0.045068815625 0.6763818203125 0.045169609375 0.6581848984375 0.045111196874999995 0.6580943390625 0.058877571875 0.6723617281250001 0.058675982812500006 0.696955246875 0.058575190624999995
5 0.5953158234375 0.058754640625 0.59515816875 0.0451474734375 0.5837284921875 0.045248265625 0.5650204140625 0.045237134375 0.564889228125 0.058553053125 0.5775801171875 0.058653843750000004 0.5953158234375 0.058754640625
5 0.8055441703125 0.0591210125 0.805408975 0.045117971875 0.77607106875 0.04494509375 0.74843324375 0.044972076562500005 0.7482203296875001 0.05929389375000001 0.76931118125 0.0591210125 0.8055441703125 0.0591210125
3 0.9097185812499999 0.2727048125 0.9955114671875 0.27244848906249997 0.9955114671875 0.196350003125 0.9949101234375 0.0464598515625 0.9487268390624999 0.046972484375 0.8358951015624999 0.046181239062500004 0.835219175 0.169450496875 0.8354196234375 0.2711669109375 0.9097185812499999 0.2727048125
5 0.9413061562499999 0.0588063265625 0.9411991359374999 0.0453951125 0.9138762015624999 0.044984565625 0.8849260937500001 0.0453461484375 0.8845843625 0.05839578125 0.9081292546874999 0.05839578125 0.9413061562499999 0.0588063265625
0 0.8563619656249999 0.13493925 0.8618558578125001 0.1283399890625 0.8498692 0.1130126671875 0.83954734375 0.1008785375 0.835412421875 0.1008618359375 0.83521883125 0.1404741203125 0.843376421875 0.1404741203125 0.8502021578125 0.13791956562500002 0.8563619656249999 0.13493925
3 0.2574692796875 0.6391731640625 0.256637275 0.7257715171875 0.298376728125 0.7254675484375 0.322347203125 0.7579920796875 0.4111615171875 0.7582960484375 0.4342200171875 0.7248596171874999 0.458365109375 0.7256794140625 0.458793234375 0.5902492374999999 0.458365109375 0.42963735312500007 0.37480373437500003 0.42963735312500007 0.306326015625 0.429274465625 0.307152025 0.5026755078125 0.2575881453125 0.5028274875000001 0.2574692796875 0.6391731640625
0 0.2784780546875 0.5546615140625 0.28201263593750003 0.5486760187499999 0.2723641953125 0.5362164203125 0.2644352734375 0.526566340625 0.261473871875 0.52302390625 0.2574992828125 0.5236904609375 0.2574616421875 0.5617463828125 0.26615479999999997 0.5613799234375 0.272268659375 0.5590590171875001 0.2784780546875 0.5546615140625
5 0.43501534375000006 0.7228817109375 0.42842383906250003 0.712376559375 0.40528909375 0.7447470843749999 0.3785130546875 0.7443806265624999 0.3267413515625 0.7447470843749999 0.3036233015625 0.712376559375 0.29692706874999997 0.7246989515625 0.32236306875 0.7584217015625 0.41084647500000004 0.7587881578125 0.43501534375000006 0.7228817109375
0 0.11687174375 0.5448646671875 0.12654638125 0.552247321875 0.1338803703125 0.5558388796875 0.14277479531249998 0.5572356 0.1428976203125 0.5168644484375 0.1382495625 0.51693030625 0.1284188859375 0.52950076875 0.11687174375 0.5448646671875
5 0.014022918749999998 0.5624431296875 0.013730532812499998 0.54337526875 0.014022918749999998 0.5229365109375 0.0031069937499999998 0.522811884375 0.0035943125 0.540384228125 0.0036917734374999995 0.5624431296875 0.014022918749999998 0.5624431296875
0 0.1167791015625 0.4244907171875 0.12484430625000001 0.43045289999999997 0.13278349843749998 0.4351259640625 0.142738990625 0.43738192187499997 0.14314284531250002 0.3978865265625 0.139336475 0.3974191859375 0.1320273875 0.40595960781249996 0.1167791015625 0.4244907171875
5 0.014313234375000001 0.4813310921875 0.014678215625 0.45630162500000004 0.014313234375000001 0.408076303125 0.0033779296875000005 0.4080299328125 0.0029989171875 0.4310834203125 0.003120575 0.4813310921875 0.014313234375000001 0.4813310921875
3 0.1362167609375 0.38622161093749996 0.1368592359375 0.40059805937500004 0.2733026796875 0.40100880937500005 0.27233898125 0.3159823828125 0.2710540828125 0.24332241406250002 0.4588745453125 0.24373316250000002 0.4588745453125 0.046225343749999995 0.3921622640625 0.047046859375 0.37481585625 0.0026852375 0.37449463125000004 0.049922143749999995 0.333472965625 0.049922143749999995 0.315805309375 0.0014529734375 0.3125930125 0.0030959953124999997 0.3138779359375 0.0491006375 0.2717968546875 0.0495113875 0.2528443 0.0014529734375 0.25188060156250003 0.0458145875 0.13842082656250002 0.0454038296875 0.0044997203125 0.0457797328125 0.0041913765625 0.2051440125 0.0045126 0.38663235937499996 0.1362167609375 0.38622161093749996
5 0.10920445781250002 0.058701795312500006 0.1093347875 0.0447028265625 0.0805315640625 0.0447028265625 0.0526832734375 0.044602690625000004 0.052901321875 0.0588684484375 0.0764912953125 0.058368485937500006 0.10920445781250002 0.058701795312500006
0 0.20646165781249998 0.69344866875 0.201571171875 0.689749609375 0.1830959625 0.7161053828124999 0.18290917499999998 0.7253492421875001 0.2128012 0.725353015625 0.212076671875 0.7107879921875 0.209721990625 0.699228440625 0.20646165781249998 0.69344866875