3 0.79355038125 0.6207205890624999 0.7862250546875 0.620912434375 0.776773015625 0.6234064578125 0.7694476890625 0.6283945109375 0.7654305609375001 0.63510919375 0.764012759375 0.6437423578125 0.71415325625 0.6431668140625 0.713916959375 0.6974393671875 0.9142407499999999 0.6980149109375 0.9142407499999999 0.6625230156249999 0.9142407499999999 0.5856226140625 0.7932918046874999 0.5854144859375 0.794259290625 0.6443179 0.7930777859375 0.6443179 0.79355038125 0.6207205890624999
0 0.77617026875 0.6243283984375 0.7687266484374999 0.62904014375 0.765572571875 0.63467375625 0.7643109421875 0.6413316578125 0.7631131203125 0.647358428125 0.7938330921875 0.6477847 0.79370693125 0.620845803125 0.7833615671875 0.6215628109375 0.77617026875 0.6243283984375
5 0.7963563515625001 0.6991823484374999 0.7963563515625001 0.684432534375 0.7802074906249999 0.6843301046875 0.7607462421875 0.6842172375 0.76103070625 0.6990799171875001 0.7784412078125 0.6990799171875001 0.7963563515625001 0.6991823484374999
5 0.8718144640625001 0.6991407125 0.8719039984375 0.6844568859375 0.8528329046875 0.6843115 0.8370884640625 0.6843051765625 0.8368060296875001 0.698995328125 0.849072409375 0.69906801875 0.8718144640625001 0.6991407125
0 0.8135309453125 0.61356631875 0.8192612265625 0.6117490140624999 0.8261554765625 0.6078236359375 0.8308113265625 0.6025171015625 0.83484043125 0.5951751890625 0.83555671875 0.5860159703125001 0.8028219468750001 0.5858492281250001 0.8033238875000001 0.6142932421875 0.8080692718750001 0.61414785625 0.8135309453125 0.61356631875
3 0.7621074265625001 0.47760136875 0.7615949765625001 0.481207128125 0.7636447765625001 0.48717049843750004 0.7670611203125001 0.49244045625000005 0.7726980890624999 0.49757172968749996 0.7826054828125 0.5006227578125 0.7921712390625 0.501316171875 0.792000425 0.477477471875 0.7935377828125 0.47761615312499994 0.7933669671875 0.5135128890625 0.9137699187500001 0.5140676171874999 0.9139407328125 0.44711327343749996 0.9139407328125 0.384728078125 0.7932723109375 0.384728078125 0.7140299999999999 0.3847160140625 0.7140806546875 0.42048612968750004 0.71425146875 0.4778787359375 0.7621074265625001 0.47760136875
0 0.7641652125 0.4886720890625 0.768054015625 0.4931384234375 0.7741243265625 0.49775876874999997 0.7804791921875001 0.49999193750000004 0.787023753125 0.5010700171875 0.7922404249999999 0.5014550468750001 0.7918610359375 0.473270934375 0.76149111875 0.472825515625 0.7616043015625 0.47973941875000004 0.7622682390625 0.48497581093750003 0.7641652125 0.4886720890625
5 0.730683625 0.5236203984375 0.730683625 0.5136137515625 0.7305887765625 0.5001377406249999 0.7115491078125 0.50043955625 0.7117138859375001 0.5112994718749999 0.711429340625 0.5236203984375 0.730683625 0.5236203984375
0 0.8258043625000001 0.49239937031250003 0.8196439734375 0.4881528171875 0.8123212453124999 0.4856048859375 0.8030225468750001 0.4846612078125 0.8033620140625001 0.5130478625 0.8339407234375 0.5131602984375 0.8338244828124999 0.5043840859375 0.8306861765625 0.497495234375 0.8258043625000001 0.49239937031250003
5 0.8726391046875 0.398314221875 0.8722904015624999 0.3836922359375 0.8586984984375 0.3835391140625 0.8251069546875 0.383350378125 0.8245223515625 0.39812548593749997 0.839516503125 0.3984085890625 0.8726391046875 0.398314221875
3 0.42528520312499996 0.697963903125 0.42544504375000003 0.701467790625 0.497694203125 0.7013380140625001 0.497694203125 0.6977043546874999 0.598287084375 0.6980936734375 0.59812724375 0.6407614140625 0.5984469265625 0.586407034375 0.4981651046875 0.586796353125 0.3982721171875 0.5866832375000001 0.39843152656249997 0.643869065625 0.3981118390625 0.697963903125 0.42528520312499996 0.697963903125
0 0.47227911718750004 0.6031409062499999 0.47531614375000003 0.5966522296875 0.47611535937499994 0.5865298890624999 0.44138150468750004 0.586521090625 0.44126953125 0.5904230953125 0.46668460312500004 0.6097593625 0.47227911718750004 0.6031409062499999
0 0.501068003125 0.6039195515625 0.509859384375 0.611316646875 0.5210484125 0.61598849375 0.5314382265625001 0.6170266828125001 0.5311185453125 0.5866596625 0.49635833125 0.586845384375 0.4964325578125 0.59068264375 0.49787113749999995 0.5983392875 0.501068003125 0.6039195515625
5 0.5638008578125 0.6993983265625 0.5638008578125 0.6844743640625001 0.5435863265624999 0.6844743640625001 0.5151474109375 0.684458371875 0.514888815625 0.6993983265625 0.5391850015624999 0.6992685546875 0.5638008578125 0.6993983265625
0 0.4553420265625 0.5515255531250001 0.45925087812500004 0.5562858359375 0.46535846562499994 0.56164115625 0.47464199531249995 0.566004746875 0.490521721875 0.567393165625 0.49059100781250004 0.5395413625 0.45289899218749996 0.5394264984375 0.45314329062500003 0.5470627875 0.4553420265625 0.5515255531250001
5 0.41502819999999996 0.582509896875 0.414801784375 0.5744216328125 0.414801784375 0.5625649734375 0.3967641796875 0.5625148421875 0.39691476875 0.5717561828125 0.39691476875 0.5822341609375 0.41502819999999996 0.582509896875
3 0.5979073421875001 0.5141061437500001 0.5981982343750001 0.45201386093749996 0.5983436734375001 0.38567691875 0.5738858984374999 0.385795 0.5737404578125 0.38402376875 0.4909323609375 0.38390568593749996 0.4909323609375 0.385795 0.4531172546875 0.385795 0.4529718140625 0.38390568593749996 0.4247559234375 0.3837876046875 0.4247559234375 0.38567691875 0.3985901703125 0.38555057812500004 0.398435171875 0.444574690625 0.398435171875 0.513869978125 0.5979073421875001 0.5141061437500001
5 0.45409188125 0.383734434375 0.4529581625 0.3837817796875 0.43840873125 0.383628371875 0.42469786093749995 0.383566584375 0.42376482343750005 0.3989985 0.45380845625 0.3989985 0.45409188125 0.383734434375
0 0.5089316734375 0.487301696875 0.5001795171875 0.49330478749999995 0.49610524375000004 0.4991853640625 0.4941435515625 0.5058010140625 0.49356494843750004 0.5137494593749999 0.5290012546875 0.5142543453124999 0.5290012546875 0.48276874999999997 0.5182874171875 0.483748846875 0.5089316734375 0.487301696875
3 0.21027711718750003 0.69770436875 0.2106296140625 0.6520721609375 0.20078276874999998 0.6520721609375 0.20113528125000002 0.5938628031250001 0.1572485328125 0.5940058968749999 0.0883340015625 0.5938628031250001 0.08795823281250001 0.6214649796875 0.08795823281250001 0.697131990625 0.21027711718750003 0.69770436875
0 0.16621411875 0.6141671078125001 0.17555547968750002 0.6213218859375 0.191594409375 0.6263302281249999 0.20058325781250003 0.6267595125 0.2008300609375 0.5984562609374999 0.1625128296875 0.5982835078125001 0.1626890796875 0.6047228046875001 0.16621411875 0.6141671078125001
5 0.14181029375 0.6997243734375 0.176094196875 0.6998230796875 0.175851053125 0.6842279046875 0.150563628125 0.6841292 0.1250176234375 0.6841191421875 0.12576250312499998 0.6847214234375001 0.12564093125 0.69992178125 0.14181029375 0.6997243734375
0 0.2280810421875 0.6346725 0.2219745046875 0.6395247890625 0.21690737968749998 0.6444825625 0.21417893124999998 0.64954581875 0.21274974531250002 0.6532377765625 0.21225555312500002 0.6636364828125 0.24938893437499998 0.663786228125 0.24938893437499998 0.63098054375 0.2374357265625 0.6311915124999999 0.2280810421875 0.6346725
3 0.0881970703125 0.4551291578125 0.0881970703125 0.5349009375 0.19587707031249998 0.5351696015625 0.19587707031249998 0.5433638578125 0.2445217375 0.544169853125 0.2445217375 0.5128776328125 0.29068451562500003 0.5134149640625 0.29018815 0.38907356875 0.29002269375 0.3291829375 0.17681605 0.328242615625 0.17648512656249998 0.330526259375 0.1515200578125 0.3305174390625 0.1520638640625 0.38464061250000003 0.0881970703125 0.3847749421875 0.0881970703125 0.4551291578125
5 0.12709272031250002 0.39797593125 0.14464170468749998 0.39812131562499997 0.14464170468749998 0.38409171875000003 0.13174857812500002 0.3840190265625 0.1177155625 0.38394187031250004 0.117422875 0.3843097953125 0.117512409375 0.39797593125 0.12709272031250002 0.39797593125
5 0.104529740625 0.509806628125 0.10444020624999999 0.49875741093750003 0.10435066562499999 0.471291378125 0.0871444546875 0.470953678125 0.086980753125 0.483710125 0.086980753125 0.5099520140625 0.104529740625 0.509806628125
0 0.211438328125 0.5225338171875 0.2068900609375 0.5284897015625 0.2051294359375 0.5345647015625 0.204836003125 0.5393294109375 0.2041024125 0.5436176500000001 0.23784762656249997 0.5436176500000001 0.23814105937500002 0.5389720578125 0.22097501875 0.528132346875 0.211438328125 0.5225338171875