3 0.7352501390625 0.7219065828125 0.7278180171875 0.7224540734375 0.7274641109375 0.7353919234374999 0.7276410640625001 0.7636789984375 0.8892692875 0.7636789984375 0.8906849343750001 0.687424328125 0.8929853453125001 0.607884715625 0.8120605484375 0.607337221875 0.8109988187500001 0.5998548375 0.8071057937499999 0.5914599625 0.8035666890625001 0.5859850468750001 0.797373253125 0.5812401171875 0.7883485375 0.5786851546875 0.781447278125 0.5783201609375 0.78162424375 0.6060597421875 0.77266429375 0.60590611875 0.7729416203125 0.612091878125 0.7352501390625 0.61172688125 0.7352501390625 0.7219065828125
0 0.7982462171875 0.5812498453125 0.787451946875 0.5779648953125001 0.7803737359375 0.5775998999999999 0.7806372203125 0.6113787 0.8129335125000001 0.6119093828125 0.8118717828124999 0.6004120578125 0.8065631234374999 0.588549734375 0.7982462171875 0.5812498453125
5 0.7418696421875 0.7513263984375 0.7418696421875 0.7436721609375 0.7418696421875 0.7341703484375001 0.7269424203125 0.7339658375 0.7272819671875 0.7424844359375 0.7275378921875 0.75145836875 0.7418696421875 0.7513263984375
0 0.7665663109375 0.7341703484375001 0.760168209375 0.729155503125 0.752234565625 0.726384140625 0.7444288828125 0.7258562625 0.7450271578125001 0.7634814484375 0.775779584375 0.76346760625 0.775651625 0.7494788234375 0.7709170234375 0.7395811015625 0.7665663109375 0.7341703484375001
5 0.825261403125 0.7640644187500001 0.859811146875 0.7639324515625 0.8596831968749999 0.7492838265625 0.833706896875 0.7495477625 0.8000815796875 0.7491358734375 0.800180834375 0.7495477625 0.8005647250000001 0.7641963921875 0.825261403125 0.7640644187500001
3 0.5450494781249999 0.38773097500000003 0.5493935703124999 0.3971392734375 0.55851615625 0.40587555468750003 0.5676387515625 0.41035569531249994 0.5669871390625 0.5113497031249999 0.575675321875 0.5111256984375 0.5761097328125 0.6618034265625 0.5678559609375 0.6618034265625 0.5674215499999999 0.734793915625 0.7417132734375 0.73591395 0.741496071875 0.668959715625 0.76973266875 0.67007975 0.7692982500000001 0.660671446875 0.76604018125 0.6526071953125 0.7597412625 0.6441307421875 0.7495326359375001 0.63785854375 0.7408444515625 0.6358424765625 0.741496071875 0.5747124218749999 0.7782036515625 0.5753844406249999 0.77907245625 0.5196305609375 0.77885525625 0.46656475625000005 0.779289675 0.411930903125 0.8055714265624999 0.41237891875 0.8051370078125 0.40476268125 0.80209615625 0.39625040624999996 0.7971004453125 0.3888581734375 0.7888466640625 0.3828099796875 0.77907245625 0.380121903125 0.77907245625 0.3559291328125 0.6987308015625 0.35570512656250003 0.567818346875 0.355515603125 0.568507571875 0.3778746671875 0.54418065625 0.3769786359375 0.5450494781249999 0.38773097500000003
5 0.745185434375 0.37138036875 0.7449682328125 0.3545798375 0.7221617515625 0.35480384531250003 0.696583965625 0.354675934375 0.6963144015625 0.37115636093750004 0.7171660390625 0.37138036875 0.745185434375 0.37138036875
0 0.546415075 0.3906864875 0.5493834046875 0.3973830734375 0.55643319375 0.4042709890625 0.5662658 0.41001091875 0.5814784984375 0.41154156875 0.58151493125 0.37704821875 0.544930903125 0.37633666250000003 0.544930903125 0.3847552265625 0.546415075 0.3906864875
5 0.5825916203125 0.49646193437499997 0.5825916203125 0.4612672328125 0.582220584375 0.4121155609375 0.56736106875 0.411712175 0.5671934046875 0.45015983593750003 0.567564440625 0.49627060624999997 0.5825916203125 0.49646193437499997
0 0.596702221875 0.5320665515624999 0.5896031109375001 0.52824666875 0.5834299703125 0.5269733750000001 0.57555920625 0.5269733750000001 0.5756195843749999 0.5586585296875 0.608739840625 0.5591240703125 0.607968196875 0.548460225 0.60364700625 0.5392288390625 0.596702221875 0.5320665515624999
5 0.704761184375 0.736680828125 0.7049155109374999 0.7210829671875 0.64685899375 0.720923809375 0.6051514046875 0.720735528125 0.6055759546874999 0.736680828125 0.6453447015625 0.736680828125 0.704761184375 0.736680828125
0 0.76571035 0.65240285 0.761014575 0.6448881046875 0.7535661109375 0.6395442890624999 0.745631871875 0.6368723765625 0.7349749328125 0.6360189609375 0.7359164812500001 0.6684343140625 0.7689488140625 0.6691022875 0.769110734375 0.6614205484375 0.76571035 0.65240285
0 0.5511173078125 0.6437730171875 0.5412319828125 0.6386755609375 0.53083535625 0.637796690625 0.5312490921874999 0.67450999375 0.5625365515625 0.674533528125 0.5620252484375 0.660120034375 0.5581052046874999 0.650979765625 0.5511173078125 0.6437730171875
5 0.5128942671875001 0.6756838562499999 0.5128942671875001 0.6619739625000001 0.50022190625 0.6619739625000001 0.4890287984375 0.6618606406249999 0.488791934375 0.6756838562499999 0.49873104375 0.675811984375 0.5128942671875001 0.6756838562499999
0 0.527554459375 0.599352615625 0.5348845546875001 0.5948680703125 0.5412207359375001 0.588461578125 0.5456933328125 0.5793643625 0.5468114843749999 0.568729584375 0.5140458406249999 0.5688460234375 0.5138881828125 0.600762046875 0.51972740625 0.600762046875 0.527554459375 0.599352615625
5 0.47527824062499996 0.6756260421875 0.47507980937500005 0.660482171875 0.4555342234375 0.6605844953125 0.4364475296875 0.6604974875 0.43638550625 0.6757283640625 0.45305381875000006 0.675830690625 0.47527824062499996 0.6756260421875
0 0.44759692968750003 0.581322 0.4543436328125 0.5760011796875 0.459205225 0.5688385390625 0.46198327343749995 0.560038721875 0.46267779062500003 0.55113658125 0.43173212968749997 0.5513137828125 0.43073018437500005 0.5848009984375 0.43886591406250003 0.5845963515625 0.44759692968750003 0.581322
3 0.4293549203125 0.6882697656250001 0.4294772953125 0.6612630734375 0.4286207203125 0.6616416703125 0.422379996875 0.6617678703125 0.4217681609375 0.6142175640625 0.4217681609375 0.5487469296875 0.315165846875 0.5488731296875 0.2464320921875 0.5486076 0.24622968906249998 0.6195112171875 0.2459849546875 0.68789116875 0.4293549203125 0.6882697656250001
0 0.3362736609375 0.5676877874999999 0.340547775 0.5738978343750001 0.34695895 0.578401634375 0.3554142640625 0.5813722265625 0.36247584375 0.5822346546875 0.3628475078125 0.5483226359375 0.3322782890625 0.548130984375 0.33218537187499997 0.554368040625 0.333300359375 0.5604050468749999 0.3362736609375 0.5676877874999999
5 0.38042946875 0.6888109453125 0.38052837031250003 0.6738168531250001 0.3375399265625 0.6737148515625 0.2910861296875 0.6735798375 0.29111304374999997 0.6889129484375001 0.31090055625 0.688606946875 0.38042946875 0.6888109453125
3 0.2599161578125 0.7357930921875 0.2599161578125 0.6749210765625 0.25213941093750003 0.6747154265625 0.251940009375 0.6282717078125 0.25213941093750003 0.5493354874999999 0.207064165625 0.5493354874999999 0.207064165625 0.52856496875 0.1047953 0.5280862328125 0.1046287046875 0.624158734375 0.1046287046875 0.7345591953125 0.2599161578125 0.7357930921875
0 0.2177073203125 0.5696815109375 0.22393320625 0.5763276765625001 0.23551117656249998 0.5815094390625 0.24315700625 0.5822979671875 0.24293855625 0.5485038859375 0.21245425468749998 0.548807046875 0.2121367796875 0.5566144656249999 0.213665946875 0.5623594609375 0.2177073203125 0.5696815109375
5 0.219969334375 0.7359916265625001 0.219750884375 0.7212348765625001 0.19069672499999998 0.7212348765625001 0.142647075 0.7210833671875 0.1434018046875 0.7362169171875 0.1705991109375 0.736104271875 0.219969334375 0.7359916265625001
3 0.0705375921875 0.5345172234375 0.20738629999999997 0.5349804687499999 0.2072365765625 0.51090811875 0.2593413140625 0.51090811875 0.2594910375 0.4003877953125 0.0959755921875 0.39992454843749997 0.0958258578125 0.40502025937499997 0.005468059375 0.40462753749999997 0.0052178203125000005 0.475709621875 0.0052178203125000005 0.5345172234375 0.0705375921875 0.5345172234375
5 0.0853213796875 0.41892588125 0.0851716546875 0.404101996875 0.059418728125 0.4039475828125 0.0358756546875 0.40424166406250006 0.035761982812499996 0.4192347140625 0.056424203125 0.4192347140625 0.0853213796875 0.41892588125
5 0.2081886015625 0.414358296875 0.20796926875000002 0.3998811859375 0.1785782984375 0.399541878125 0.14157791875 0.39953348593750004 0.14151058593750002 0.41447139687499995 0.17375291406249999 0.41447139687499995 0.2081886015625 0.414358296875
0 0.22378597031249997 0.48286585000000004 0.2170481421875 0.48950585625 0.213155178125 0.497998890625 0.21240653125 0.504947734375 0.21146122812499998 0.510174990625 0.24265188124999998 0.510425484375 0.24265188124999998 0.47737986718750003 0.231571909375 0.4786152171875 0.22378597031249997 0.48286585000000004
5 0.3213213953125 0.5120215484374999 0.321479753125 0.49601615781249997 0.301051228125 0.49601615781249997 0.2741565921875 0.49611861093750004 0.273971559375 0.511858225 0.29455844375 0.5120215484374999 0.3213213953125 0.5120215484374999
5 0.4169788609375 0.5114911906249999 0.4169788609375 0.4964657265625 0.3944916421875 0.496302409375 0.3704144359375 0.49611861093750004 0.3705791859375 0.5113278671875 0.38863230312499997 0.5113278671875 0.4169788609375 0.5114911906249999
5 0.5067756484375 0.5116562499999999 0.5067756484375 0.49597750781250005 0.4847635265625 0.496140825 0.45993819062499997 0.49632267499999994 0.46005925625 0.512146209375 0.478587459375 0.5119828921875 0.5067756484375 0.5116562499999999
0 0.54136875625 0.47702768281249996 0.5357529078125001 0.483566734375 0.530499365625 0.49197408593749997 0.5297747375 0.49720532500000003 0.5295443953125 0.51104238125 0.56183943125 0.511217578125 0.56183943125 0.472543759375 0.5520569921875 0.47385157031249997 0.54136875625 0.47702768281249996
3 0.757354490625 0.4819778828125 0.7725163796875 0.48184332812499997 0.772647084375 0.525348409375 0.77879026875 0.5250793 0.896282596875 0.52494474375 0.8995502406250001 0.436879940625 0.9015108375 0.356372059375 0.8483209437499999 0.3558338359375 0.77274525625 0.356099534375 0.7729084953124999 0.4314868109375 0.7578773125 0.4312177015625 0.757354490625 0.4819778828125
5 0.8785296109375 0.370349096875 0.878622709375 0.3557809625 0.83776636875 0.3557809625 0.792908346875 0.3556703546875 0.79306841875 0.370444940625 0.8213656625000001 0.3701574125 0.8785296109375 0.370349096875
0 0.8010750968749999 0.394820121875 0.79660625625 0.3883027984375 0.7907409000000001 0.384621265625 0.78496864375 0.381458446875 0.7798480953125 0.3798291140625 0.772716175 0.380041996875 0.7724000249999999 0.41159264531249995 0.8056370421875 0.41188017656250003 0.8048922375 0.40277509062499994 0.8010750968749999 0.394820121875