5 0.4224716234375 0.1015772328125 0.4224716234375 0.091741275 0.3757760765625 0.091741275 0.3346153921875 0.09177101875 0.3359475203125 0.1015772328125 0.3778361734375 0.10202432187499999 0.4224716234375 0.1015772328125
5 0.554317878125 0.10202432187499999 0.5536311781250001 0.090847096875 0.5192962171875 0.090847096875 0.4870879203125 0.0904293359375 0.48839475156249995 0.10202432187499999 0.5138026234375 0.10202432187499999 0.554317878125 0.10202432187499999
5 0.757580853125 0.10202432187499999 0.7596409515625 0.09129418593750001 0.7143188015625 0.090847096875 0.6745879203125 0.0908765640625 0.6765503421875 0.10247141093750001 0.7225591921875 0.1015772328125 0.757580853125 0.10202432187499999
5 0.451999690625 0.4450311296875 0.4513129921875 0.43385390625 0.41217113593750004 0.43385390625 0.3771494734375 0.43340681718749996 0.3778361734375 0.44547821875000004 0.418351428125 0.4450311296875 0.451999690625 0.4450311296875
5 0.5907129375 0.44413695156250005 0.5893395390625 0.4343009953125 0.5474508859375 0.43385390625 0.5165494203125001 0.43340681718749996 0.5165494203125001 0.44368986406250005 0.5550045781249999 0.444584040625 0.5907129375 0.44413695156250005
5 0.769254740625 0.4092640109375 0.769254740625 0.3985338765625 0.73217298125 0.3985338765625 0.7027472609375 0.398568871875 0.7026449140625 0.4097111 0.7445335671875 0.4097111 0.769254740625 0.4092640109375
0 0.44101250312499995 0.19998158906250002 0.43139871406249997 0.20892336875 0.4279652171875 0.2183122375 0.42865191718749995 0.2254656609375 0.4829011578125 0.22591275 0.482967040625 0.1897137734375 0.469167171875 0.19059272031250002 0.45474648906250004 0.19372234375 0.44101250312499995 0.19998158906250002
0 0.6689966515625 0.183439296875 0.6483956734375 0.18120385156250002 0.6312281921875 0.1847805640625 0.6148351734374999 0.1892665453125 0.6511424703124999 0.2187593265625 0.692344425 0.195063609375 0.683417334375 0.1879101859375 0.6689966515625 0.183439296875
0 0.667623253125 0.2679391140625 0.6827306359375 0.2634682234375 0.692344425 0.257208978125 0.65320256875 0.23172490625000003 0.6155219859375001 0.25813953437500003 0.633288290625 0.2661507578125 0.6456488765625 0.26883329218749996 0.667623253125 0.2679391140625
0 0.497321840625 0.30282698125 0.508995728125 0.3090862265625 0.5247898109375 0.31445129375 0.5405838921874999 0.31445129375 0.5385237953125 0.279131265625 0.48502748125000006 0.278711984375 0.486334653125 0.28583759999999997 0.4904548484375 0.29522646875 0.497321840625 0.30282698125
3 0.4348322109375 0.25449659062499996 0.4341455109375 0.2352717640625 0.4822144578125 0.2379542984375 0.48358785624999995 0.178938553125 0.46642037500000005 0.1784914640625 0.46642037500000005 0.0913091125 0.263873634375 0.09177101875 0.26384409999999997 0.1552428375 0.2631574 0.25628494687500003 0.36204209062500003 0.2540495015625 0.4348322109375 0.25449659062499996
3 0.6092538171874999 0.18385653125 0.6600695609375 0.22811834062499997 0.807709896875 0.22945960781250002 0.8090832953125 0.1480894140625 0.8092033046875 0.0908765640625 0.6092538171874999 0.0908620234375 0.6092538171874999 0.1275233203125 0.6092538171874999 0.18385653125
3 0.6586961625 0.22858035625 0.609940515625 0.2612178515625 0.6085671171875 0.409249084375 0.712945403125 0.4101432625 0.8098901171874999 0.40930232499999997 0.8090832953125 0.31802800625 0.808396596875 0.22455655624999998 0.6586961625 0.2250036453125 0.6586961625 0.22858035625
3 0.5556912765625001 0.34844498437500004 0.5556912765625001 0.3462095390625 0.5563779765625 0.27959328125 0.43620560937499997 0.277804925 0.43689230781250005 0.24963831875000003 0.26384409999999997 0.248744140625 0.26247070156249996 0.3672227203125 0.263873634375 0.4441860453125 0.4897681484375 0.4445691140625 0.4911415484375 0.34844498437500004 0.5556912765625001 0.34844498437500004
5 0.3262367921875 0.5848646750000001 0.3262367921875 0.5742660359375 0.312058471875 0.5742660359375 0.3042016875 0.5742818046875 0.3036565046875 0.5845227828125 0.3173097015625 0.5845227828125 0.3262367921875 0.5848646750000001
5 0.42968601250000005 0.5855484578125 0.4302111359375 0.5742660359375 0.4202338 0.5746079265625 0.40346639218749997 0.5746238015625 0.405005234375 0.5848646750000001 0.414457446875 0.585206565625 0.42968601250000005 0.5855484578125
5 0.5693687171875 0.5848646750000001 0.5693687171875 0.5742660359375 0.531559865625 0.5742660359375 0.4890756359375 0.5742818046875 0.48955002812500004 0.5845227828125 0.5326101109375 0.585206565625 0.5693687171875 0.5848646750000001
5 0.42390966093750004 0.9268475640625 0.42495990624999996 0.9172746 0.3855756859375 0.9172746 0.3446428640625 0.9173050609375 0.345666340625 0.9275313468749999 0.38662593125 0.92718945625 0.42390966093750004 0.9268475640625
5 0.7510954140625 0.58451485625 0.750570290625 0.5746 0.7185377921875 0.5739162171875 0.683928578125 0.5742818046875 0.6849299234374999 0.5838310734375 0.7232638984374999 0.5838310734375 0.7510954140625 0.58451485625
5 0.6072117265625 0.9275348359375 0.606686603125 0.9169361968749999 0.589357546875 0.9172780875000001 0.573634459375 0.9173050609375 0.5751792265625 0.92719294375 0.5935585296875 0.92719294375 0.6072117265625 0.9275348359375
0 0.541535284375 0.6645266796875 0.5341835625 0.6593983046874999 0.5242062265625 0.654953715625 0.5131786453125 0.651876690625 0.49742495625 0.6511929078125 0.496428578125 0.6874828984375 0.5515126203125 0.68777530625 0.550987496875 0.6816212578124999 0.5483618828125 0.6727320765625 0.541535284375 0.6645266796875
0 0.650235734375 0.6577002625 0.63815790625 0.66351241875 0.6292308156249999 0.6744529499999999 0.62615546875 0.6874828984375 0.6822682343750001 0.6871029375 0.6822682343750001 0.6505205390625 0.662838684375 0.653255671875 0.650235734375 0.6577002625
0 0.448588521875 0.74933861875 0.4648673328125 0.7568602328125 0.4785205296875 0.75993725625 0.49269885 0.7602791484375 0.492226896875 0.7251025984374999 0.43598557187500003 0.7247224250000001 0.4401865546875 0.7390818703125 0.448588521875 0.74933861875
0 0.5431106531250001 0.8936739359375 0.528407209375 0.888887453125 0.5074022921875 0.8871779953125 0.5069327796875001 0.9272229812499999 0.56148995625 0.927179309375 0.562015078125 0.9155549953125 0.5536131109375 0.90119555 0.5431106531250001 0.8936739359375
3 0.49164860312499997 0.9271907234375 0.4937490953125 0.6877981359375 0.8125094921875 0.6877981359375 0.8114592453125 0.5752815640625 0.40711457656250005 0.574939671875 0.40711457656250005 0.5510072625 0.32572051874999997 0.551349153125 0.32572051874999997 0.5742558890625 0.265336140625 0.5749658 0.26479549062499996 0.92616505 0.34566442343750003 0.9268488328125001 0.43230971093750004 0.9271907234375 0.49164860312499997 0.9271907234375