3 0.7630192421875 0.7405369140625 0.9426719609375 0.7405369140625 0.9426719609375 0.5851658671875 0.8708815968750001 0.58566080625 0.8708815968750001 0.566110740625 0.8033350125000001 0.565120865625 0.8033350125000001 0.5849183921875001 0.7528929359375 0.5844583890624999 0.7545317203125 0.6484915828125 0.7630192421875 0.64873905625 0.7630192421875 0.7405369140625
0 0.7868112546875 0.6229561796875001 0.7802454390625 0.6182572390625001 0.7718889265625 0.6148113484375 0.7620401921875 0.612931771875 0.75384929375 0.6129765671875 0.75442980625 0.6369485874999999 0.7920340703125001 0.6371574296875 0.791735628125 0.6316231218749999 0.7868112546875 0.6229561796875001
5 0.8966871968750001 0.740965159375 0.8965167703124999 0.7352406265625 0.861578478125 0.7353598875 0.809614396875 0.7352589859374999 0.8094266875 0.7408458953125 0.8499891984374999 0.7407266359375 0.8966871968750001 0.740965159375
3 0.77040699375 0.7401754140625 0.76977436875 0.705498534375 0.7689308890625 0.6432513125 0.6512233828125 0.643313671875 0.6512637046875 0.6815936234375 0.6512637046875 0.7403229734375001 0.77040699375 0.7401754140625
0 0.739197771875 0.6673037828124999 0.7476326953125 0.6612537781250001 0.75185015625 0.6526952265625 0.7526936515625 0.6431037500000001 0.7161030828125 0.6429449265625 0.7187430906250001 0.67055013125 0.7307628484375 0.669664765625 0.739197771875 0.6673037828124999
5 0.7372999265625 0.7413480375 0.737089040625 0.735445590625 0.707988565625 0.7351504671875 0.6836632328125 0.7353157125 0.6837381609375 0.741495596875 0.7037711046874999 0.7410529140625 0.7372999265625 0.7413480375
5 0.6592768796875 0.6178943828125 0.6590660109375001 0.610073640625 0.6592768796875 0.5898656234375 0.65069590625 0.5898455515625 0.650420209375 0.6018102171875 0.6506310875 0.6178943828125 0.6592768796875 0.6178943828125
0 0.713893003125 0.5581635640625 0.721062690625 0.5558025875 0.7275997515625 0.552998921875 0.733715075 0.5482769625 0.7368781703125 0.5435550109375 0.73877603125 0.539128175 0.7389869015625 0.5349964578125 0.7000150265625 0.532874346875 0.6993427734375001 0.5606721046875001 0.7056689656249999 0.560967228125 0.7056689656249999 0.5594916171875 0.713893003125 0.5581635640625
0 0.7434152328125 0.5150756999999999 0.737721665625 0.5079927625 0.72928674375 0.50312324375 0.7216953171875 0.501204946875 0.7128386375 0.5009098265625 0.7095096171875 0.52900251875 0.749108815625 0.529094009375 0.7493196859375 0.523929371875 0.7472109546875 0.523781809375 0.7434152328125 0.5150756999999999
5 0.6590660109375001 0.5435550109375 0.6586442625 0.530274503125 0.6590660109375001 0.5189122890625 0.6504321671875 0.5190463859375 0.6502093390625 0.5295366984375 0.650420209375 0.5435550109375 0.6590660109375001 0.5435550109375
5 0.658433384375 0.49444072656250004 0.6586442625 0.4845541328125 0.6588551328125 0.4664041046875 0.6504321671875 0.466131384375 0.6508419562500001 0.4792419265625 0.6512637046875 0.49473585 0.658433384375 0.49444072656250004
3 0.942543903125 0.5696889765625001 0.9430626328124999 0.501473671875 0.9427168218749999 0.4434154859375 0.75391228125 0.443438496875 0.7542079609375001 0.5222783375 0.7536892390625 0.569205 0.942543903125 0.5696889765625001
5 0.8918430046875001 0.448510165625 0.8916700843750001 0.44318639375 0.8522469906250001 0.442944403125 0.8031769093750001 0.44283378124999995 0.8034868453125 0.44838917343749995 0.847751378125 0.44838917343749995 0.8918430046875001 0.448510165625
0 0.7727091546875 0.5586848953125 0.781181665625 0.5551760421874999 0.786541821875 0.5515461968750001 0.7912103421875 0.5458594390625 0.792420709375 0.54162461875 0.792420709375 0.53569586875 0.7538705 0.5339947703125 0.7538621437499999 0.56219374375 0.7607784765625001 0.5624357343749999 0.7612972015625 0.5609837953125 0.7727091546875 0.5586848953125
3 0.34822942343749996 0.4622774984375 0.3498217234375 0.46684584687499997 0.3541209265625 0.47241700625 0.3624008875 0.4779881671875 0.37163621406249997 0.48188797812499995 0.3811900078125 0.48322505781249997 0.3815084734375 0.5689674640625 0.342656378125 0.5684103484375 0.342987359375 0.71832869375 0.34266889843750004 0.7403729265625 0.35684035468749997 0.7402615031249999 0.3569995953125 0.757977790625 0.5287683390625 0.75786636875 0.528927565625 0.49591186093750006 0.5287683390625 0.4437836234375 0.45726645781249997 0.44367219999999996 0.3810110375 0.44358149375 0.38087155156249997 0.45915764687499994 0.348070196875 0.4590462234375 0.34822942343749996 0.4622774984375
5 0.4888883234375 0.7583643921875 0.4885826 0.751518403125 0.45158951406250003 0.7514114359375 0.40133913750000005 0.7512940218749999 0.40099154375 0.7581504546875 0.4376788953125 0.757722578125 0.4888883234375 0.7583643921875
0 0.357617778125 0.71447871875 0.36603941406249996 0.712296071875 0.372433615625 0.70891296875 0.377424209375 0.70443854375 0.38069928750000004 0.7000732484375 0.38116716093749997 0.6949440265625 0.38101120625 0.6912335234375 0.348572315625 0.6915609234375 0.3484163609375 0.6898148046875 0.342163978125 0.689722471875 0.3421781140625 0.7181892203125 0.3491961421875 0.7180800890625 0.3498199703125 0.7161157031250001 0.357617778125 0.71447871875
3 0.20497180625000003 0.6840918375 0.24665368124999998 0.6838773703125 0.24573421875 0.5904157718749999 0.246347178125 0.5316748640625 0.059874471875 0.5314353359374999 0.0603112578125 0.5769043953125 0.0596982875 0.6843063046875 0.20497180625000003 0.6840918375
0 0.1142687703125 0.5589396625 0.1198591078125 0.5589396625 0.1283481609375 0.5579254609375 0.13580195 0.5540212671875 0.1432557375 0.548080953125 0.1478108265625 0.5395326890625001 0.14843198124999998 0.5309844328125 0.10700094687499999 0.530997159375 0.106607934375 0.5363374796875 0.11509697187500001 0.536192596875 0.1142687703125 0.5589396625
5 0.2030159125 0.6851616125 0.2028243296875 0.679530934375 0.1555029453125 0.6792628109375001 0.1052386609375 0.6792794453125001 0.10530780625 0.6851616125 0.1438162921875 0.6844912937500001 0.2030159125 0.6851616125
0 0.2080356640625 0.5422719484375 0.2087509109375 0.5488786015625 0.21018140624999998 0.5540838453125 0.2154742421875 0.55868848125 0.22605990937499998 0.5638937234375 0.2372177765625 0.56649634375 0.24594380937500002 0.5669968484375 0.24603962343750002 0.538587896875 0.23936351875 0.53866831875 0.2392204734375 0.54257225 0.2080356640625 0.5422719484375
5 0.0673455609375 0.5006735625000001 0.06719182500000001 0.488624596875 0.0674992953125 0.4719496828125 0.06002971875 0.471967621875 0.059812403125000004 0.48464413281249996 0.05935119531250001 0.5006735625000001 0.0673455609375 0.5006735625000001
3 0.388490959375 0.573326890625 0.388490959375 0.5079950765625 0.3887238734375 0.44331520625 0.3596100578125 0.44331520625 0.23922364687500003 0.44358425625000003 0.23942359687499998 0.506202215625 0.2391906734375 0.57316390625 0.388490959375 0.573326890625
0 0.34936533125 0.45923657812499996 0.350073328125 0.4645624234375 0.35148930625 0.46939284375 0.3578612578125 0.47459483125 0.366711175 0.4794252515625 0.378570059375 0.48326481406250005 0.3881279734375 0.4841318125 0.388551334375 0.4547014609375 0.380694034375 0.45440615781249993 0.3810480390625 0.45923657812499996 0.34936533125 0.45923657812499996
0 0.3323734921875 0.56025099375 0.324231571875 0.5525718656249999 0.31219567812500004 0.5471221625 0.3006907859375 0.5460331375 0.30086778125 0.568451234375 0.29715081875 0.5683273796874999 0.298010371875 0.573398628125 0.3378604390625 0.5733798250000001 0.3382144296875 0.5686732640625001 0.3346744640625 0.5683016921874999 0.3323734921875 0.56025099375
3 0.186021903125 0.4489311765625 0.52912236875 0.4489311765625 0.52912236875 0.4379865921875 0.528313371875 0.3378272625 0.38862827968749997 0.3376385625 0.0594263078125 0.337439884375 0.059340318749999996 0.36763176249999996 0.059879635937499995 0.448176378125 0.186021903125 0.4489311765625
5 0.1384227765625 0.3441077625 0.1384227765625 0.3368003609375 0.1163584078125 0.3366824984375 0.08851743906250001 0.3366745078125 0.0887358359375 0.3441077625 0.1079368921875 0.3439899015625 0.1384227765625 0.3441077625
5 0.32625951875000003 0.3434933109375 0.32610240625000003 0.3375568484375 0.2885549234375 0.3374469140625 0.237986040625 0.336970421875 0.237339509375 0.343383378125 0.27221626250000003 0.3429436375 0.32625951875000003 0.3434933109375
5 0.4864486375 0.3434801265625 0.48625191093750003 0.3374229359375 0.45064404218750004 0.337285275 0.39913923125 0.3368218578125 0.3992978734375 0.34389311718750004 0.43372537343750006 0.34334246562500004 0.4864486375 0.3434801265625
0 0.20551529999999998 0.36172104374999997 0.2124264984375 0.35437001874999996 0.2168496609375 0.3474058859375 0.21767901250000002 0.33657279375 0.1826267171875 0.3367461171875 0.183399465625 0.36597690156249996 0.19749830625 0.364816209375 0.20551529999999998 0.36172104374999997
0 0.3191254390625 0.713997228125 0.30667275156249996 0.7146970796875001 0.29708274375 0.718396303125 0.2892103578125 0.7254948109375 0.2860614015625 0.731593528125 0.2860614015625 0.7363925171875 0.2857588828125 0.7404831859375001 0.3254233515625 0.7405916359375 0.325566490625 0.7352927484375 0.318552903125 0.735492709375 0.3191254390625 0.713997228125