5 0.294126728125 0.378728934375 0.293699996875 0.37096643125 0.2638287265625 0.37096643125 0.23781477343750002 0.37068450468749997 0.2390782453125 0.37813181875 0.2698029796875 0.378728934375 0.294126728125 0.378728934375
5 0.2386515125 0.47579012499999995 0.2390782453125 0.46743050625000004 0.227144690625 0.46684983750000003 0.226703003125 0.47489445156250004 0.226703003125 0.48295551249999996 0.237798046875 0.48295551249999996 0.2386515125 0.47579012499999995
5 0.25230695000000003 0.6098824515625 0.25230695000000003 0.6015228328125 0.240785175 0.6015228328125 0.240785175 0.612569471875 0.2412119078125 0.620929090625 0.25230695000000003 0.6194363015625 0.25230695000000003 0.6098824515625
5 0.2616950640625 0.6248103421875 0.2527336828125 0.61913774375 0.244216821875 0.623641140625 0.25230695000000003 0.629288709375 0.26340199375 0.6367526531250001 0.2706564453125 0.63108005625 0.2616950640625 0.6248103421875
5 0.3466148171875 0.6301843828125 0.3056485046875 0.6301843828125 0.2693762484375 0.629885825 0.26726419687499997 0.6376776953125 0.29668712343750003 0.6388425578125 0.3274118578125 0.6376483265624999 0.348321746875 0.637946884375 0.3466148171875 0.6301843828125
5 0.3534425375 0.6260045734374999 0.3461880859375 0.6313786140625 0.35177123906249996 0.6367817453125 0.363684115625 0.6301843828125 0.3722187640625 0.6242132265625 0.3632573828125 0.618540628125 0.3534425375 0.6260045734374999
5 0.3743524265625 0.6086882203124999 0.37392569375 0.6009257171875 0.3628681234375 0.6003464328125 0.36240391875 0.612569471875 0.36240391875 0.6197348593750001 0.37392569375 0.6206305328124999 0.3743524265625 0.6086882203124999
0 0.351308875 0.45697101562500003 0.338933634375 0.461747940625 0.3321382890625 0.4695376890625 0.3589900578125 0.47876573593750005 0.37392569375 0.4584638046875 0.3649643125 0.45488111093750005 0.351308875 0.45697101562500003
0 0.307782165625 0.4465214921875 0.29113960156249996 0.4447301453125 0.291165178125 0.4677457890625 0.321010871875 0.46771909687499996 0.32229106875 0.46055370937499995 0.31631681562499997 0.451596975 0.307782165625 0.4465214921875
0 0.3641108484375 0.5328346015625 0.370511834375 0.5280576765625 0.37392569375 0.5217879625 0.37392569375 0.5137269015625 0.3428083703125 0.513140603125 0.343200959375 0.536715853125 0.356856396875 0.535521621875 0.3641108484375 0.5328346015625
0 0.41574547187500005 0.5659944546875 0.4097712171875 0.5707713796875 0.406357359375 0.5770410921875 0.4050771609375 0.5821165749999999 0.403841234375 0.5875044796875 0.43366823437499996 0.5871920578125 0.43494843124999993 0.562113203125 0.42342665625000003 0.5618146453125 0.41574547187500005 0.5659944546875
3 0.3962047453125 0.3440656921875 0.3706007984375 0.34436425000000004 0.3706007984375 0.3601878140625 0.324940428125 0.3601878140625 0.324940428125 0.41663517499999997 0.32451369531249996 0.46709144374999995 0.3330483453125 0.46888279062500005 0.365480009375 0.48142221875 0.46362846874999997 0.48082510312500004 0.464481934375 0.40735994687500005 0.4636795375 0.36020176875 0.41626116875 0.3595906984375 0.41668790156249996 0.34436425000000004 0.3962047453125 0.3440656921875
3 0.11061585 0.45098536874999995 0.12128416093750001 0.45576229375 0.1293920765625 0.45635940937499997 0.1293920765625 0.4853195171875 0.1699316578125 0.486215190625 0.237782115625 0.486215190625 0.23863557968750002 0.4680031640625 0.327822659375 0.4686002796875 0.32910285625 0.463524796875 0.32910285625 0.42680218593749997 0.32910285625 0.37095194062500003 0.1294067484375 0.3715804546875 0.129818809375 0.4351618046875 0.1033613984375 0.43546036250000003 0.10464159531249999 0.44531277031250005 0.11061585 0.45098536874999995
3 0.2416227078125 0.6226959796875 0.2642395265625 0.6388181 0.3495860125 0.638220984375 0.37348302968749997 0.6223974218749999 0.373056296875 0.6017969328125 0.38756519843750004 0.6017969328125 0.3879919328125 0.543279603125 0.382017678125 0.542085371875 0.38159094531250004 0.5137223796875 0.2284251015625 0.5134392531249999 0.2275405375 0.551937778125 0.2275405375 0.6023940484375 0.2407692421875 0.603289721875 0.2416227078125 0.6226959796875
5 0.6453722734375 0.378442559375 0.6453722734375 0.37068005625 0.61422080625 0.3703814984375 0.5869398265625 0.37038585468749996 0.588190128125 0.3781440015625 0.6180613984375001 0.3781440015625 0.6453722734375 0.378442559375
5 0.5745346890625 0.4892174734375 0.5745346890625 0.47428958281250005 0.5634396453125 0.473991025 0.5630129140625 0.49100882031250004 0.5630129140625 0.5065338265625 0.574961421875 0.5071309421875 0.5745346890625 0.4892174734375
5 0.6423851468749999 0.60269934375 0.6428118781250001 0.594936840625 0.60995348125 0.5946382828125001 0.5852326125 0.5946720812499999 0.5856297328125 0.60269934375 0.61848813125 0.6035950171875 0.6423851468749999 0.60269934375
5 0.6880455171875 0.61256171875 0.6880455171875 0.6015150796875 0.67486129375 0.6015410328125 0.6748168109375 0.6116660453125 0.6748168109375 0.6212198953125 0.6880455171875 0.6206227796875 0.6880455171875 0.61256171875
5 0.69529996875 0.6242054734375 0.68676531875 0.6188314328125 0.6778489171875 0.623641140625 0.6880455171875 0.6313708609375001 0.696580165625 0.6364463437500001 0.70468808125 0.6310723031250001 0.69529996875 0.6242054734375
5 0.781926653125 0.6292809562499999 0.7546157765625 0.6301766296875 0.7264514359375001 0.6304751875 0.7038346171875001 0.6304751875 0.7013230953125 0.6385736468750001 0.7302920281249999 0.6385362484375 0.7580296359375 0.63883480625 0.7836335828125 0.63883480625 0.781926653125 0.6292809562499999
5 0.7917414984375 0.6233098 0.7810731875 0.6316694187499999 0.786256940625 0.637976346875 0.7972890203125 0.6310723031250001 0.807103865625 0.6230112421875 0.798142484375 0.6182343171875 0.7917414984375 0.6233098
5 0.808810796875 0.6110689296875 0.808810796875 0.6015150796875 0.79650021875 0.6015410328125 0.7964355546874999 0.61017325625 0.7972890203125 0.6206227796875 0.8083840625000001 0.6218170109375001 0.808810796875 0.6110689296875
5 0.7354240765625 0.37903635156250004 0.7354240765625 0.37097529218749997 0.7140874546875 0.37067673437500004 0.6910798171875 0.37038585468749996 0.691043903125 0.37784212031250003 0.71494091875 0.37814067812499996 0.7354240765625 0.37903635156250004
5 0.8672843984374999 0.368288271875 0.866857665625 0.3602272109375 0.8190636328125 0.3602272109375 0.78326931875 0.3605304015625 0.783218109375 0.3673925984375 0.8293052109374999 0.3685868296875 0.8672843984374999 0.368288271875
5 0.8788061734375001 0.5647791796875 0.8788061734375001 0.55671811875 0.85874975 0.556121003125 0.8336321 0.55614621875 0.8344260015625 0.564480621875 0.855335890625 0.564480621875 0.8788061734375001 0.5647791796875
0 0.7853517703125 0.45428288749999995 0.775536925 0.457268465625 0.7699894031250001 0.46264250625000003 0.76705079375 0.4677457890625 0.7934596875000001 0.4784660703125 0.8088220546875 0.45696990781249996 0.799433940625 0.45368577187500003 0.7853517703125 0.45428288749999995
0 0.7806577140625001 0.533122084375 0.7896190953125 0.5358091046875 0.7921794890625 0.529539390625 0.796873546875 0.5196869828125 0.7998606734375 0.5137158265624999 0.7700384171875 0.5128419531249999 0.7708428671875 0.5202840984375 0.77297653125 0.5274494859375001 0.7806577140625001 0.533122084375
0 0.8305854078125 0.49041835 0.8267448171874999 0.48593998281250006 0.8207705624999999 0.48325296250000005 0.8156497734375 0.48146161562499995 0.8011950546875 0.48058774218750006 0.8011408703124999 0.5011664312499999 0.8339992687500001 0.5011664312499999 0.8335725359374999 0.4948967171875 0.8305854078125 0.49041835
3 0.7588943593749999 0.4026124515625 0.7584676265625 0.465309590625 0.8024210671875001 0.482028828125 0.8980091328125 0.48023748125 0.8975824015624999 0.4067922609375 0.8975824015624999 0.3602172421875 0.8220507593749999 0.359918684375 0.75381989375 0.3602317515625 0.7533468390625 0.37842926875 0.759747825 0.3781307109375 0.7588943593749999 0.4026124515625
5 0.6722676765625 0.45249154062499997 0.6726944078125 0.44622182656250003 0.661203590625 0.44654163125 0.662026096875 0.4557756765625 0.662026096875 0.462045390625 0.6714142109375 0.46174683281249995 0.6722676765625 0.45249154062499997
5 0.6722676765625 0.4984794109375 0.673121140625 0.492209696875 0.662057196875 0.492235096875 0.662026096875 0.5011664312499999 0.662026096875 0.5071375875 0.6722676765625 0.507734703125 0.6722676765625 0.4984794109375
3 0.6705607453125 0.6027059890625 0.6726944078125 0.5776271328125 0.67184094375 0.37126388125 0.5643043703124999 0.36978106093749996 0.5643043703124999 0.4220286765625 0.5630241734375 0.52415538125 0.5634509046875 0.6027059890625 0.6705607453125 0.6027059890625
3 0.8066883921875 0.521488296875 0.8058349281250001 0.511934446875 0.6624528296875 0.513128678125 0.6628795625 0.6026960203125 0.6744013375 0.6026960203125 0.6769617328125 0.623893625 0.6987250859375 0.6385229578125 0.7862052359375 0.638821515625 0.8083953218750001 0.623296509375 0.8088220546875 0.6026960203125 0.820828003125 0.602735634375 0.8211972953125001 0.5564195609375 0.8169299703125 0.5564195609375 0.8156497734375 0.520294065625 0.8066883921875 0.521488296875
3 0.8007141375 0.47697328125 0.8019943359375 0.5229511828125 0.8118091812499999 0.5235482984375001 0.8113824484375 0.564162128125 0.898079390625 0.5633138203125 0.8980091328125 0.5238468562499999 0.898435865625 0.478764628125 0.898435865625 0.4766747234375 0.8007141375 0.47697328125