0 0.1615773328125 0.7381292640625 0.15934410937500001 0.729883184375 0.1465030671875 0.7177104015625 0.13087049687500002 0.71299835625 0.11188808750000001 0.713783696875 0.1122123984375 0.7517524625 0.131987109375 0.7522654015625 0.163252253125 0.7514800593750001 0.1615773328125 0.7381292640625
0 0.20791674375000002 0.72700109375 0.2224327015625 0.71836234375 0.22857406875000003 0.7073675703125 0.2313656 0.6963727984375 0.1821714421875 0.6959905875 0.18111804843749998 0.69676546875 0.18223466093750001 0.7297497859375001 0.20791674375000002 0.72700109375
5 0.327944190625 0.7772515656250001 0.345588215625 0.7655128703125 0.3579867203125 0.751761828125 0.3360509046875 0.74102930625 0.31506881875000003 0.7591404359375 0.254983759375 0.7591404359375 0.23018674843750003 0.73935235 0.2120658578125 0.7514264359375 0.2115889921875 0.7514264359375 0.210584396875 0.7521073406250001 0.230663615625 0.77087913125 0.24115465781249998 0.776916175 0.2807345 0.7779223484375 0.327944190625 0.7772515656250001
3 0.3266913296875 0.7751426296874999 0.35161392187499996 0.752036653125 0.3969277234375 0.752036653125 0.396361303125 0.605433215625 0.3312227109375 0.6050348359375 0.1998126828125 0.60463645625 0.1816871625 0.6050348359375 0.1814219765625 0.6054466890625 0.18338642968750002 0.7520434890625001 0.21397324687500002 0.7512467296875001 0.2400286828125 0.774345871875 0.3266913296875 0.7751426296874999
0 0.19294225625 0.5781118734375 0.1946132109375 0.5675348687499999 0.14615555156249999 0.5675348687499999 0.144987296875 0.56741296875 0.1433706296875 0.6023998140625 0.166206996875 0.5992658859375 0.1862584421875 0.5890806203125 0.19294225625 0.5781118734375
0 0.258004334375 0.6058820500000001 0.25602370625000004 0.591951796875 0.242159303125 0.579066315625 0.22680942656249997 0.5724494453125 0.2087610546875 0.571993021875 0.20848860937499997 0.5731459578125 0.2094789234375 0.60553379375 0.258004334375 0.6058820500000001
5 0.22440429687500002 0.325806396875 0.19159548906249999 0.32543421562499997 0.163020075 0.32468985156249996 0.123861175 0.324317671875 0.12258173593749999 0.324199040625 0.1228028265625 0.34218237500000004 0.17730778125 0.34218237500000004 0.22546264531250002 0.34218237500000004 0.22440429687500002 0.325806396875
3 0.155564109375 0.60933171875 0.1874419390625 0.5977598671875 0.1987534265625 0.5825718125 0.197725109375 0.571723203125 0.209036596875 0.57244644375 0.209036596875 0.6107782 0.39619029375000003 0.6122246812500001 0.39619029375000003 0.33016081875 0.361227515625 0.3287143375 0.36019919843750003 0.2976149875 0.34374612656250003 0.299784709375 0.3139249328125 0.30629387656249996 0.30672671406249996 0.31352628125000004 0.292330275 0.3041241546875 0.26867898437500004 0.2976149875 0.2563391796875 0.2976149875 0.253254228125 0.32943757812499996 0.10209162499999999 0.3279910953125 0.0783288484375 0.32775405 0.0804969671875 0.571723203125 0.14116767187499998 0.5702767203125 0.1421959890625 0.6028225515625001 0.155564109375 0.60933171875
5 0.6326045953125 0.7368919375 0.6131041953125 0.737429784375 0.5890154671875 0.737429784375 0.574103396875 0.7368919375 0.5625963125 0.7366272375 0.5622502125 0.7535652093749999 0.5924567140625 0.7535652093749999 0.6326045953125 0.7527584390625 0.6326045953125 0.7368919375
5 0.8004380125000001 0.7364754734375001 0.7637920953124999 0.7362252421875 0.732838746875 0.7357247765625 0.7011738296875001 0.7357247765625 0.6976159734375 0.73547454375 0.693522515625 0.7354784734375001 0.693346546875 0.7547424656249999 0.756320596875 0.7549927000000001 0.80150536875 0.7542420015625 0.8004380125000001 0.7364754734375001
0 0.6500168890625 0.6547807125 0.6532744015625 0.6459982046875 0.6538173203125 0.634542759375 0.6054975484375 0.6337790625 0.6052388468750001 0.634548684375 0.6054975484375 0.667572625 0.6190705171875 0.668145396875 0.6353580812499999 0.664326915625 0.6500168890625 0.6547807125
0 0.668476128125 0.6337790625 0.6874782859375 0.628051340625 0.6972508234375 0.6207962265625 0.7026800125 0.61201371875 0.70756628125 0.6013219703125 0.654814571875 0.60170816875 0.6543602390625 0.616595896875 0.6559889953125 0.6341609109374999 0.668476128125 0.6337790625
5 0.545414375 0.5669471078125 0.5470431312499999 0.5505276375 0.5448714546875 0.543272521875 0.5307555671874999 0.5436543703125001 0.522371396875 0.54391904375 0.5226117859375 0.5738203734375 0.5226117859375 0.588712453125 0.5443285375 0.588712453125 0.545414375 0.5669471078125
5 0.8087299921875 0.44284279687500006 0.7712685953125 0.44207910000000006 0.7289209296875 0.44207910000000006 0.7207771468749999 0.44284279687500006 0.7101801609375 0.44361545625 0.7110046078125001 0.4611715078125 0.7728973531250001 0.46155335624999994 0.80764415625 0.4619352046875 0.8087299921875 0.44284279687500006
5 0.6393070546875 0.3360049828125 0.600787646875 0.335025765625 0.587793146875 0.335025765625 0.5752627359375 0.335025765625 0.5690179921875 0.3345934734375 0.5687654859375 0.35167244062499997 0.5882572359375 0.351998846875 0.6406993234375 0.351998846875 0.6393070546875 0.3360049828125
0 0.6542935453125 0.5001519953125 0.6494071640625 0.488368984375 0.6274184546875 0.48002268593749997 0.6068258546874999 0.47904076875 0.607893928125 0.514403675 0.6103161265625 0.5158626749999999 0.6549915984375 0.5148807578125 0.6542935453125 0.5001519953125
0 0.733162209375 0.56670490625 0.7361861234375 0.558906665625 0.7261064125 0.5447280484375 0.714010759375 0.534803015625 0.6822785 0.5324584765625 0.6817556828125 0.5326762234375 0.6837716234375 0.56812276875 0.733162209375 0.56670490625
3 0.6907505390625001 0.5145441875000001 0.69117345625 0.4486045296875 0.686216675 0.44598986093750004 0.688489646875 0.336496915625 0.573261228125 0.337592446875 0.541019175 0.33591747656250004 0.5222305171875 0.3367577703125 0.5246040375 0.542923240625 0.601743484375 0.5420885625 0.60411700625 0.51621354375 0.6907505390625001 0.5145441875000001
3 0.6637765796874999 0.6327592875 0.5921948125000001 0.6336664078124999 0.5915499328125 0.6055456546875 0.5631751781250001 0.604638534375 0.545118515625 0.604638534375 0.5373799453125 0.6037314125 0.5237635796875 0.6037345375000001 0.525127209375 0.7511385859375 0.6618419390625 0.75204570625 0.6631316984375 0.7239249531249999 0.6637765796874999 0.6327592875
3 0.8443432015625 0.5671427484375 0.8108093999999999 0.5666891875 0.8108093999999999 0.597531303125 0.7127875203125 0.5979848640625 0.6560380109375 0.5970777421875 0.6552904500000001 0.5973843859375 0.6560380109375 0.7526490046875 0.8436983203124999 0.751741884375 0.8430534390625001 0.6533192484375 0.8443432015625 0.5671427484375
1 0.3499007203125 0.33971855624999997 0.347886728125 0.2986154828125 0.257257103125 0.30003283125 0.2582640984375 0.3411359046875 0.28645998281249996 0.3404272296875 0.308613890625 0.33971855624999997 0.3499007203125 0.33971855624999997