0 0.384493975 0.7341019234374999 0.3717896421875 0.734721346875 0.3428238578125 0.7412252734375 0.3285950171875 0.75237486875 0.324021465625 0.7660021609375 0.3255459734375 0.7830362671875 0.3438401765625 0.7824168421875 0.38500213437499997 0.7830362671875 0.384493975 0.7341019234374999
5 0.269618859375 0.8406984109375 0.271413778125 0.81262065625 0.240301675 0.811526725 0.237908428125 0.8224661046874999 0.10269044218750001 0.8221014671875 0.10149381875 0.8118913624999999 0.0853394390625 0.8111620671875001 0.0694082875 0.8112899984374999 0.0703816984375 0.8403337734375 0.127221134375 0.8406984109375 0.20500140781249998 0.8406984109375 0.269618859375 0.8406984109375
0 0.2395702328125 0.6998450703125 0.24014233906250002 0.7050750406249999 0.3116534109375 0.7054237171875 0.31279762187500004 0.6869444546875 0.31279762187500004 0.67613581875 0.31294300937499997 0.66629216875 0.28762570468750004 0.666373175 0.265314225 0.672649153125 0.2492957546875 0.6834577890625 0.2395702328125 0.6998450703125
0 0.305458925 0.44132870625000004 0.2738192453125 0.44376680625000003 0.25454448125 0.45329756093749995 0.2469073 0.4674828640625 0.24617996718750002 0.4834413234375 0.2618179546875 0.48388461562499996 0.305822590625 0.483662975 0.305458925 0.44132870625000004
0 0.3797989640625 0.4754263703125 0.36953070781249997 0.4713345359375 0.3478094296875 0.46531714218750003 0.3343817046875 0.4629101765625 0.3300374453125 0.47157522500000004 0.3301466328125 0.4784670828125 0.33477662812500003 0.4792775015625 0.37782428437500004 0.47951819218749997 0.3797989640625 0.4754263703125
5 0.2038234765625 0.4471148578125 0.20434902500000002 0.42661504531250005 0.20434902500000002 0.4061152328125 0.2038234765625 0.3852951140625 0.20434902500000002 0.3795295421875 0.1870054578125 0.3785686109375 0.1744671109375 0.3798004296875 0.17439198125 0.40483399999999997 0.173340853125 0.42757597656249996 0.17439198125 0.446794546875 0.2038234765625 0.4471148578125
0 0.1537595109375 0.317114284375 0.1332751484375 0.324874875 0.12220250937499999 0.33972121093749996 0.12220250937499999 0.3552423828125 0.202217246875 0.3551566203125 0.2019254875 0.35490495625 0.20247910624999998 0.315764621875 0.1537595109375 0.317114284375
0 0.33036806093750004 0.286440946875 0.3237244890625 0.277668121875 0.3104373171875 0.2702449484375 0.28939930468749997 0.26585852656250003 0.2669788015625 0.265603534375 0.2661467890625 0.307698203125 0.27777304687500004 0.30736079374999997 0.33036806093750004 0.286440946875
5 0.3458697671875 0.18184174687500002 0.3320289765625 0.18150433906250002 0.31652726875 0.18150433906250002 0.3049010125 0.18184174687500002 0.28995295312499997 0.1825165828125 0.290506571875 0.1993874265625 0.3093300484375 0.19972484375 0.3447625015625 0.19972484375 0.3458697671875 0.18184174687500002
3 0.11695877343750001 0.334392571875 0.11522389687500001 0.352367284375 0.119561090625 0.3581826359375 0.1785467546875 0.357125296875 0.1776792921875 0.4845343140625 0.40754985312500003 0.482948290625 0.4092847296875 0.30584448124999997 0.33642011875 0.30901649999999997 0.276567015625 0.30954516875000004 0.3164690515625 0.29632845625000004 0.3407572875 0.28099709375000004 0.3260108546875 0.26989505937499997 0.27743443125 0.26407970625 0.27743443125 0.256149690625 0.18201646093749999 0.2550923515625 0.1785467546875 0.2550923515625 0.1768118765625 0.3132458421875 0.148186471875 0.315360521875 0.123030821875 0.321175859375 0.11695877343750001 0.334392571875
3 0.264898278125 0.8380252203125 0.2696203890625 0.8106848671875 0.3050361515625 0.809245896875 0.312119253125 0.7689548734375 0.312119253125 0.6552765734375 0.329827134375 0.6106686296875 0.32864657343750003 0.474621725 0.31448030781249997 0.475341190625 0.31566086718749997 0.44368394687499996 0.302675096875 0.4328917109375 0.263717784375 0.44008652187499997 0.2412877921875 0.4551956671875 0.240107296875 0.475341190625 0.19996948750000001 0.47678015937499996 0.2011499828125 0.46814635937500004 0.1527485140625 0.4695853296875 0.1527485140625 0.44440343281250005 0.123235421875 0.44152549218750003 0.11379120000000001 0.44943980781250004 0.09254176875 0.4429644625 0.070111840625 0.44080600625 0.06538973125 0.4695853296875 0.0193493171875 0.46886584375 0.01762354375 0.4681779875 0.0181687578125 0.809245896875 0.072472896875 0.8099653828125 0.0748339515625 0.8380252203125 0.264898278125 0.8380252203125
5 0.7715179734375 0.794397171875 0.7370995484375 0.7941211625 0.716267359375 0.7941211625 0.6954351437499999 0.794397171875 0.6877363015625 0.794397171875 0.680943184375 0.793845153125 0.681396071875 0.8120617359375 0.7352880468749999 0.8117857265625 0.7715179734375 0.8115097171875 0.7715179734375 0.794397171875
5 0.9425508953125 0.795289396875 0.9071434578125 0.7948860421874999 0.8730596687500001 0.7944826875000001 0.8565141453124999 0.794281009375 0.8420369750000001 0.794359946875 0.841954109375 0.8114235515624999 0.8968852640625 0.8114235515624999 0.9425508953125 0.8110201968749999 0.9425508953125 0.795289396875
0 0.926161665625 0.6660196453125 0.9319569140624999 0.6563869484375 0.9345911234375001 0.64097461875 0.8676820578125 0.6403324375 0.8670212984375001 0.6410076734375 0.8687357203125 0.6840006953125 0.89139 0.68207415625 0.909829521875 0.6753312609375001 0.926161665625 0.6660196453125
0 0.784440821875 0.591526734375 0.7886555796875 0.606617971875 0.800772965625 0.620103759375 0.8202661765625001 0.6268466546875 0.8551697734375001 0.6274302703125 0.8539841234375001 0.614645228125 0.8539841234375001 0.589921284375 0.784440821875 0.591526734375
3 1 0.6410367078125 0.8102561703125 0.6413577984375001 0.7222733453125 0.6413577984375001 0.6111094390625 0.640715615625 0.6105543109375 0.6410076734375 0.6095289187499999 0.809413178125 0.7486154953125 0.8103764421875 0.999919696875 0.8106975437499999 1 0.6410367078125
5 0.7334414421875 0.4680667109375 0.70229189375 0.46777007031249995 0.6799031515625 0.46777007031249995 0.6673534625 0.467815553125 0.6682220953125 0.48556796249999995 0.7042387453125001 0.486161228125 0.7329547140625 0.48586458749999994 0.7334414421875 0.4680667109375
5 0.795589009375 0.45322866875 0.796837153125 0.442579075 0.796421075 0.43497221875000003 0.786852090625 0.43421153125 0.7760349625 0.4331972875 0.767745009375 0.433906978125 0.7677141234375 0.4476503125 0.7677141234375 0.46438538749999997 0.794756896875 0.46413183281250003 0.795589009375 0.45322866875
0 0.9746892656249999 0.44150606249999996 0.965754615625 0.44207925625 0.9488257828125001 0.44523181562499997 0.9281349750000001 0.45268330937499995 0.9201407937500001 0.4632873625 0.9168491046874999 0.48392227656250003 0.9394208984375 0.48334908125 0.9756297843749999 0.48306249375 0.9746892656249999 0.44150606249999996
0 0.9034466921875 0.4475820828125 0.8813451328124999 0.44958825156250004 0.864886534375 0.4536006 0.8526601421875 0.4722293421875 0.8525816390625 0.48344605312500005 0.869118740625 0.4842663640625 0.9057979140624999 0.483979775 0.9034466921875 0.4475820828125
5 0.9219955375 0.2998542328125 0.896158415625 0.2998542328125 0.8738128218749999 0.29921585624999997 0.8661315171874999 0.2994286453125 0.856403896875 0.29981542499999997 0.8556570046875001 0.3170904859375 0.8930160656250001 0.31751606718750003 0.9226938203125 0.3170904859375 0.9219955375 0.2998542328125
3 0.9063743796875 0.48389079375 0.9997735453125 0.4837860421875 1 0.3018887734375 0.9205548640625001 0.3016277890625 0.8803032015625 0.3016277890625 0.8421925796874999 0.3016277890625 0.7822432859374999 0.301105834375 0.7706816390625 0.30136681875 0.770253440625 0.4107125984375 0.9029982484374999 0.41175650781249995 0.9052802421875 0.4678872671875 0.9063743796875 0.48389079375
3 0.8539630015625 0.5332759874999999 0.8531730921875 0.4759858296875 0.79313856875 0.47646726250000004 0.793928478125 0.47069009843750004 0.755222090625 0.47069009843750004 0.6928177546875001 0.4702086671875 0.6280436484374999 0.46876437343750005 0.6090121749999999 0.46992468593750003 0.60987531875 0.647374859375 0.7568019078125 0.6488191671875 0.8515932765625 0.6483377234375001 0.8539630015625 0.5332759874999999
1 0.1510279859375 0.4839759234375 0.1486189421875 0.445794721875 0.0683174734375 0.446284225 0.0707265171875 0.4834864203125 0.0859837953125 0.48471017656250004 0.1052561484375 0.48495492812499996 0.1510279859375 0.4839759234375