5 0.15866050468749998 0.9022285484375001 0.150525153125 0.89297145625 0.13994919687500001 0.8995836640625001 0.11879728125 0.9229468031250001 0.07893405625 0.9229468031250001 0.0463926484375 0.8912082 0.037036993750000004 0.9000244796875 0.0376746296875 0.9005391203125 0.055748303124999996 0.9211835468749999 0.0687648671875 0.9357304078125 0.1269326328125 0.9361712203125 0.15866050468749998 0.9022285484375001
5 0.07333976875 0.5689785734374999 0.0546685859375 0.5684461015625 0.0369800953125 0.5689785734374999 0.029609890625000003 0.5679136296875 0.02518776875 0.56738115625 0.020765646874999998 0.5679136296875 0.020765646874999998 0.58655016875 0.049755115625 0.5876151140625 0.072848421875 0.5881475859374999 0.07333976875 0.5689785734374999
5 0.093790790625 0.46548138593750005 0.093790790625 0.4443124515625 0.0847052328125 0.4443124515625 0.0791393984375 0.4439721078125 0.0792538984375 0.4738504984375 0.0792538984375 0.4984655390625 0.09424506875000001 0.4984655390625 0.093790790625 0.46548138593750005
5 0.21799206875000002 0.2688520671875 0.1729834203125 0.268304025 0.1426405125 0.2688520671875 0.13067614375 0.2686632859375 0.13100906406249999 0.2858414109375 0.15831768125 0.2858414109375 0.21698063906249998 0.2863894546875 0.21799206875000002 0.2688520671875
5 0.47319690000000003 0.8894435062499999 0.448494584375 0.888861553125 0.432921384375 0.8882795984375 0.42001047968750005 0.887795109375 0.42003321875 0.905738225 0.4506426109375 0.9063201796874999 0.47319690000000003 0.9069021328125 0.47319690000000003 0.8894435062499999
5 0.5784502515625001 0.8882795984375 0.548377865625 0.8871156890625 0.5360267078125001 0.8865337359375 0.52528656875 0.8871156890625 0.5258235765625 0.905738225 0.5575069828125 0.905738225 0.5789872578125 0.9063201796874999 0.5784502515625001 0.8882795984375
5 0.4633280625 0.5679403765625 0.4341517 0.567085825 0.4152264921875 0.567085825 0.406774021875 0.566753128125 0.4065524375 0.5837495859375 0.4499227078125 0.5841768609375 0.4629337875 0.5846041359374999 0.4633280625 0.5679403765625
5 0.5661655953125 0.3609849046875 0.5418102828125 0.3600422671875 0.530792403125 0.3603564796875 0.51784193125 0.36050125 0.518614746875 0.37606710312499997 0.5377510640625001 0.376695528125 0.56558570625 0.376695528125 0.5661655953125 0.3609849046875
5 0.8968300203125 0.5676857656250001 0.8773454953125001 0.5676857656250001 0.858293959375 0.567216534375 0.8443228156249999 0.5668720921875 0.8453042765625 0.5831703734375 0.8786444640625 0.584108834375 0.897263009375 0.5836396046875 0.8968300203125 0.5676857656250001
5 0.9053886765625 0.9016974031249999 0.8778786609375 0.9006952984375 0.8632880890625 0.900946453125 0.85433568125 0.900748459375 0.845748675 0.9005504656250001 0.8459762890625001 0.9149752828125 0.8806527796875001 0.915476334375 0.9046951468750001 0.915476334375 0.9053886765625 0.9016974031249999
0 0.9441920921875001 0.7713950953125 0.953808690625 0.7679212609375 0.9595519390625 0.7628552515625 0.963291728125 0.7559075796875 0.9648944953124999 0.7470782484375 0.9690349749999999 0.7467887609375 0.969302103125 0.7420122375 0.9356440015624999 0.7417227515625 0.9359111296875 0.7437491546875 0.9359111296875 0.7470782484375 0.9385824078124999 0.7470782484375 0.9388495359375 0.7703818953125 0.9441920921875001 0.7713950953125
0 0.8996701874999999 0.7133856187500001 0.9073082343750001 0.7216629671875 0.916671 0.7278042250000001 0.9206132171875 0.7275372140624999 0.92085960625 0.7302073265625 0.9248018218749999 0.7299403140625 0.9252946 0.6954958671875 0.9246856843750001 0.6953613015625 0.9203668281249999 0.6946948328125 0.920120440625 0.698432990625 0.8976990796875001 0.6978989671875 0.8996701874999999 0.7133856187500001
3 0.9254808125 0.6348955671875001 0.9254808125 0.5714279515625 0.8915743624999999 0.5708712171875 0.8386597546875001 0.5708712171875 0.7903687515625 0.5708712171875 0.78060780625 0.5714279515625 0.7737045078125 0.5710823656249999 0.7739292625 0.7473557265624999 0.8561267125 0.7467989937499999 0.92445334375 0.7473557265624999 0.9254808125 0.6348955671875001
3 0.80681355 0.7414549 0.7719184390625 0.74222665 0.772630584375 0.8139995375 0.7733427296875 0.912783725 0.9976684406249999 0.9104684703125001 0.9990355765625001 0.73980449375 0.9983805859375 0.74222665 0.9399846875 0.74222665 0.80681355 0.7414549
0 0.55982720625 0.7657071906249999 0.5712778625 0.7626049218750001 0.5778210968749999 0.7550708421875 0.5815016640625 0.7413322234375 0.5851822328125 0.7395594984375 0.585591184375 0.7355708671875 0.5528750203125 0.7346845046875 0.551782934375 0.7352727156250001 0.5512392125 0.7395594984375 0.5541018765625 0.7400026796875 0.553692925 0.7634912843749999 0.55982720625 0.7657071906249999
0 0.516887240625 0.70856974375 0.5242483765625 0.7205356375 0.536925890625 0.7249674500000001 0.5377437953124999 0.7285129 0.5422422671875 0.7285129 0.5434691234375 0.6930584015625 0.54265121875 0.6917288578125 0.5361079859375 0.6912856765625001 0.536925890625 0.6948311265625 0.5140245765625 0.6948311265625 0.516887240625 0.70856974375
3 0.6138088765624999 0.771911728125 0.6150357328125 0.7355708671875 0.5365169390625 0.7355708671875 0.48089945937499995 0.7351276859375 0.42528197968750003 0.7355708671875 0.3917479109375 0.7342413234375 0.39083975 0.734563953125 0.3909300078125 0.9022070093749999 0.5487854999999999 0.9030933718749999 0.6142178296874999 0.9026501890624999 0.6138088765624999 0.771911728125
3 0.541833315625 0.6629879437499999 0.5422422671875 0.6111357390625 0.54265121875 0.5761244234375 0.47272041875 0.5747948796875 0.4661771859375 0.5712494296874999 0.3991090484375 0.5712494296874999 0.3905126296875 0.5711946265625001 0.3909300078125 0.7405446578125 0.45431757656249994 0.739658296875 0.5414243625 0.7401014781249999 0.541833315625 0.6629879437499999
0 0.22238867812500002 0.848602846875 0.19865275 0.8602949484375 0.18894259687499998 0.8737408625 0.190203915625 0.8794505453125 0.19056095625 0.8883559859375 0.22292813125 0.8871867765625 0.22238867812500002 0.848602846875
0 0.1558801015625 0.779660046875 0.1558801015625 0.7832254609375 0.1863129609375 0.784562490625 0.1867242140625 0.74757131875 0.18612326875000001 0.7468968984375 0.1780878625 0.7466799671875 0.1715077859375 0.75024538125 0.1567026109375 0.7680724515625 0.1558801015625 0.779660046875
0 0.1303823015625 0.7084014421875 0.1349061046875 0.7217717453125 0.14354245625 0.7266741890625 0.153412571875 0.7280112203125 0.1538238265625 0.7333593406250001 0.15958139531249999 0.7333593406250001 0.15999265000000001 0.6972595234375001 0.159148359375 0.6955787796874999 0.1542350828125 0.6963681687500001 0.1546463359375 0.69948790625 0.1324385765625 0.69948790625 0.1303823015625 0.7084014421875
0 0.193439596875 0.6117395250000001 0.193758690625 0.5944494375 0.193758690625 0.58822500625 0.1943968765625 0.58061736875 0.1663166328125 0.58061736875 0.1691884765625 0.6003280671875 0.17971856875 0.6107021203125 0.193439596875 0.6117395250000001
0 0.11279789062500001 0.5594735921875 0.1096671140625 0.5437817921875 0.09753535625000001 0.53699615 0.08931706874999999 0.534451534375 0.08579494531250001 0.53402743125 0.07975867343750001 0.5337184781250001 0.07914204531249999 0.5679556453125 0.08931706874999999 0.569227953125 0.11162385 0.5700761578125 0.11279789062500001 0.5594735921875
3 0.12472540937500001 0.936095321875 0.1557326734375 0.9016084796875001 0.185107975 0.9033770359375 0.1867399375 0.7353642171875 0.11901354374999999 0.7362484953124999 0.0104881203125 0.7371327734374999 0.008347446875000001 0.7366592015625 0.0088561578125 0.9007242015625 0.0365995 0.9016084796875001 0.0684227453125 0.9352110437500001 0.12472540937500001 0.936095321875
3 0.159283809375 0.6521043734374999 0.1597603296875 0.5772257125 0.09733621406250001 0.5772257125 0.0897118953125 0.5777421171875 0.09018841562499999 0.56793043125 0.0835171359375 0.56793043125 0.0820875765625 0.5741272859375 0.036503903125 0.5719146203125 0.007924120312500001 0.5714201453125 0.0072739421875 0.7419587640625 0.0549259375 0.7409259546875 0.1607133703125 0.7404095515625 0.159283809375 0.6521043734374999
3 0.23247071562500002 0.382882165625 0.230630546875 0.2732016953125 0.1708250625 0.2751958859375 0.1211405078125 0.2751958859375 0.1008986515625 0.2741987921875 0.0822738953125 0.2741236546875 0.0815768796875 0.5803070109374999 0.1551836296875 0.5813041046875 0.23155063125000003 0.5803070109374999 0.23247071562500002 0.382882165625