3 0.8000670421875 0.729334596875 0.8002497046875 0.738780509375 0.8002497046875 0.749478290625 0.9407755999999999 0.7495921 0.9405929375 0.7386667046875 0.9856723234375 0.7389843859375 0.9864420359375 0.60979814375 0.9021604109375 0.609558375 0.8058397218750001 0.6100206375 0.8051816687500001 0.6705210625 0.8051816687500001 0.729334596875 0.8000670421875 0.729334596875
0 0.8460986265624999 0.628209428125 0.8404360015625001 0.6235433734375 0.832033415625 0.62001538125 0.824544153125 0.6177392578124999 0.817602878125 0.6171702265625 0.805583375 0.6165949359375 0.8059123296875 0.64186616875 0.8501172531250001 0.6417523640625 0.8497519265625 0.6336721234375 0.8460986265624999 0.628209428125
5 0.86722755 0.7497838984375 0.8670887421875 0.739924796875 0.8407147703125 0.7398383140625 0.821556821875 0.73989533125 0.8212813171875 0.7497838984375 0.8386326140625 0.749697415625 0.86722755 0.7497838984375
5 0.9167369109375001 0.749634903125 0.91618166875 0.7400352531250001 0.8939720078125 0.7399487671875 0.8720773046874999 0.7400033890625 0.8724564000000001 0.749634903125 0.890362940625 0.749634903125 0.9167369109375001 0.749634903125
3 0.8140309374999999 0.73923715 0.8140309374999999 0.69127376875 0.8142244390625001 0.6443954203125 0.740463696875 0.6441543015625 0.678660025 0.6442962484375 0.6787898734375 0.691635446875 0.6785963734375 0.7385137953124999 0.8140309374999999 0.73923715
0 0.7768229140625 0.67115319375 0.7847565890625 0.668983125 0.7928837640624999 0.6658485765625 0.799462915625 0.6605439609375 0.8033330031249999 0.6545159875000001 0.804300525 0.644268434375 0.7640528921875 0.644748153125 0.763277609375 0.67103263125 0.7692762421875 0.67115319375 0.7768229140625 0.67115319375
5 0.7673411984375 0.7392500046875 0.7675347 0.727917415625 0.74450768125 0.727917415625 0.7124136937500001 0.7277480671875 0.7118054593750001 0.7393705625 0.737541528125 0.7393705625 0.7673411984375 0.7392500046875
3 0.9863674515625 0.61559210625 0.9863674515625 0.58194989375 0.9866610828125 0.5130092187499999 0.9646384546875 0.48922648437499994 0.8891742609375 0.4894094296875 0.8050829265624999 0.48898393906250004 0.8054882781250001 0.5623748734375 0.8057819078125 0.6146773859375 0.9863674515625 0.61559210625
5 0.9449649156250001 0.4989225234375 0.9449649156250001 0.48812881875 0.9188313953125 0.4883117640625 0.8921209046874999 0.488298190625 0.8918169812500001 0.4989225234375 0.9164823265625 0.499105465625 0.9449649156250001 0.4989225234375
0 0.8439544609375 0.59201181875 0.8498271624999999 0.585425834375 0.85158896875 0.5766445109375 0.8050829265624999 0.5760739171875 0.805194634375 0.601341965625 0.8198763984375 0.6011590250000001 0.83455815 0.5976830828125 0.8439544609375 0.59201181875
5 0.7592505328125 0.4990091578125 0.7594280375 0.4885193296875 0.7406117203125 0.4885193296875 0.718483390625 0.4885272625 0.7173575999999999 0.4988987390625 0.7333337156249999 0.4990091578125 0.7592505328125 0.4990091578125
5 0.8018535124999999 0.49768412656249994 0.8016759812500001 0.4884089109375 0.788895103125 0.4884089109375 0.7749214875 0.4885272625 0.7757591765625 0.4979049640625 0.7865874421875 0.49757370781250004 0.8018535124999999 0.49768412656249994
0 0.7725652484375 0.5422562359375 0.7659795359375 0.5481734765625 0.7630525484375 0.5551527921875 0.7618437890624999 0.56304365625 0.8037863640625 0.5631941703125001 0.8037863640625 0.534973478125 0.7869562343750001 0.5361872671875 0.7725652484375 0.5422562359375
3 0.25518016875 0.738866528125 0.25518016875 0.7480014390624999 0.3794694328125 0.7480014390624999 0.3794694328125 0.738866528125 0.4256749703125 0.7390893296875001 0.4267495265625 0.7063373453125 0.4274658640625 0.6073407734375 0.31346161562499997 0.6066723640625 0.217950403125 0.606567046875 0.21757102968750003 0.662391075 0.21757102968750003 0.7390893296875001 0.25518016875 0.738866528125
0 0.25882799843750004 0.63911539375 0.2542377640625 0.6357313437500001 0.2477774375 0.6312897765625001 0.24046707656250002 0.628857490625 0.2317966375 0.627271215625 0.2263563703125 0.6268482109375 0.217351159375 0.62666258125 0.21768593281249998 0.6513825765625 0.26239817187500003 0.6516998296875001 0.2618881421875 0.645143234375 0.25882799843750004 0.63911539375
5 0.3111906140625 0.7480023109375 0.3111906140625 0.737004146875 0.297249921875 0.737004146875 0.2764533546875 0.7370215499999999 0.276338875 0.7480023109375 0.2911296109375 0.7480023109375 0.3111906140625 0.7480023109375
5 0.35434834843749996 0.7479306328125 0.35434834843749996 0.7368267187499999 0.3366674703125 0.7368267187499999 0.3198448421875 0.7369051375 0.3200066265625 0.7481421390625 0.3356474109375 0.7480363875 0.35434834843749996 0.7479306328125
3 0.24557258437499999 0.6132980734375 0.42708876093750003 0.613466846875 0.42736007656249997 0.5690519609375 0.42708876093750003 0.5116278046875 0.3649554203125 0.46286978593750006 0.30508980937499997 0.46202591875000004 0.27090291875 0.48698954375000003 0.17892386875 0.4868207703125 0.1791952015625 0.49087134375 0.1209212921875 0.49068948125 0.1212563828125 0.5590942953125 0.24611523281249997 0.5597693953125 0.24557258437499999 0.6132980734375
5 0.2589955421875 0.49670348124999997 0.2589955421875 0.48701198437500004 0.2289347953125 0.48701198437500004 0.200261225 0.48712680625000004 0.2007070265625 0.49681749843749995 0.2265519328125 0.49670348124999997 0.2589955421875 0.49670348124999997
5 0.2857532703125 0.493070521875 0.2961096875 0.48566899374999994 0.3091102859375 0.475252028125 0.294073378125 0.46896291718749994 0.283329428125 0.4768968125 0.2725323296875 0.4853948640625 0.2857532703125 0.493070521875
5 0.40262027187499994 0.491562803125 0.38675513437500003 0.4799122484375 0.3733426765625 0.46971733125000004 0.3604516453125 0.47730800625 0.37477435 0.4884103015625 0.3886563421875 0.499101396875 0.40262027187499994 0.491562803125
0 0.3204300328125 0.482790621875 0.32990504062500003 0.48868443125 0.34400739062499996 0.4919739984375 0.3539231109375 0.4919739984375 0.3534824125 0.462504953125 0.31305854375000003 0.4621731875 0.31403990312499996 0.4720995265625 0.31558235 0.47730800625 0.3204300328125 0.482790621875
0 0.285394509375 0.595673115625 0.292225334375 0.5884086515625 0.293547425 0.579362340625 0.2468795875 0.579107434375 0.2468334078125 0.60458235625 0.261596803125 0.6043082265625 0.274156696875 0.6015669203125 0.285394509375 0.595673115625
0 0.2244499453125 0.4716146359375 0.22772989375 0.464135278125 0.22827657031249998 0.45920570312500003 0.1789101421875 0.45921990468749996 0.17962382500000001 0.4845335234375 0.1938369875 0.4845335234375 0.21269674374999997 0.480283890625 0.2244499453125 0.4716146359375