5 0.147536603125 0.814772909375 0.09367134375 0.8150088671875 0.0719897359375 0.8152448250000001 0.059624434375 0.8152448250000001 0.0594550578125 0.8277507546875 0.1102713390625 0.8282226796875 0.147536603125 0.8286945953125 0.147536603125 0.814772909375
0 0.240946803125 0.8059068265624999 0.231374015625 0.7936385265625 0.21529175 0.7845706609375 0.1980607515625 0.7792366171875 0.180829753125 0.7781698140625 0.18140411875 0.8266429000000001 0.182361409375 0.8272429796875 0.242861346875 0.8269762828125 0.240946803125 0.8059068265624999
0 0.2318615875 0.77023538125 0.2302775859375 0.7603057578125 0.22275345781250003 0.7487211984375 0.2124573109375 0.73630916875 0.1918649796875 0.72803448125 0.16889661250000002 0.72775865625 0.1685006296875 0.72775865625 0.1696886484375 0.7705112 0.2318615875 0.77023538125
3 0.2354256421875 0.7716145 0.2330496046875 0.755340946875 0.2223574390625 0.7379641046875001 0.20651721875 0.72748283125 0.176420740625 0.7258278953125 0.17681675937500002 0.675352309375 0.10078358125 0.6750764859375 0.0655390109375 0.6748006656250001 0.05801491875 0.6750764859375 0.0429666625 0.6748006656250001 0.0283144421875 0.6748006656250001 0.0218793359375 0.675352309375 0.02237435 0.8276065359375 0.177212740625 0.8270548984375001 0.176024721875 0.77133866875 0.2354256421875 0.7716145
0 0.507044290625 0.7225454140625 0.493969796875 0.7043323921875 0.46210077812500006 0.6918109109375 0.438403328125 0.6895342890625 0.4404461640625 0.73620519375 0.4433062546875 0.73677436875 0.5094957531250001 0.7344977218750001 0.507044290625 0.7225454140625
0 0.12286246875 0.5642173453125 0.123934365625 0.584747909375 0.12286246875 0.605651765625 0.1314374015625 0.6060250421875 0.1550184046875 0.6015456453125 0.165201134375 0.5948265515625 0.14751536875 0.57952195625 0.14215602968750002 0.574669265625 0.137332640625 0.57018986875 0.1298296046875 0.563470775 0.12286246875 0.5642173453125
0 0.206537546875 0.5505346375 0.20034378749999998 0.5409110687500001 0.186526990625 0.5306238 0.1679457578125 0.522659465625 0.146505875 0.5210002312500001 0.14602941875 0.5636426015625 0.14698233125 0.5644722234375 0.207490415625 0.5648040734374999 0.206537546875 0.5505346375
5 0.37859584375 0.39348144218750003 0.33601537187499997 0.393223553125 0.286770134375 0.3927077609375 0.261592134375 0.39244987187499997 0.2415978328125 0.3919340796875 0.24122755625 0.3918051296875 0.2419681078125 0.4081813890625 0.34193962031249997 0.4081813890625 0.3782255671875 0.408439278125 0.37859584375 0.39348144218750003
5 0.1748951828125 0.40237707968749997 0.175357709375 0.3981890125 0.17558898125 0.3946452546875 0.1686509921875 0.3940009390625 0.1615973546875 0.3939203953125 0.161944253125 0.40704839374999996 0.1679571921875 0.40704839374999996 0.1739701109375 0.40688731562499997 0.1748951828125 0.40237707968749997
5 0.0644621453125 0.3932755703125 0.059886896875 0.3930479515625 0.0559652453125 0.3935032 0.051981884374999995 0.3934232203125 0.0514387015625 0.3933475515625 0.05154734062500001 0.407043025 0.056327279687499995 0.4071943546875 0.06371447031250001 0.407345690625 0.0644621453125 0.3932755703125
3 0.24818474531249998 0.578010875 0.24902046718749998 0.5838316 0.4362167828125 0.5820853796875001 0.4362167828125 0.39640397968749996 0.361839690625 0.3958219015625 0.23230645781249998 0.3958219015625 0.16210782968749998 0.3958219015625 0.1637792765625 0.3649720203125 0.1445581734375 0.36206165 0.1278442390625 0.36904653125000003 0.1128016765625 0.380105921875 0.1036090234375 0.3696286015625 0.0868950140625 0.3638078703125 0.06433116875 0.36031543125 0.05931698125 0.39523983125 0.0233819828125 0.394657759375 0.0217105734375 0.3949487921875 0.020039203125 0.5657873359375001 0.2197709890625 0.56520524375 0.2197709890625 0.577428784375 0.24818474531249998 0.578010875
5 0.75879265 0.8132354765625 0.7263833390625 0.8129729859375001 0.6905823390625 0.812185540625 0.6419683578125001 0.8132354765625 0.641779925 0.8131698484375001 0.641214646875 0.8300343328125 0.7045258796875 0.8297718546875 0.756154703125 0.8292468859375 0.75879265 0.8132354765625
5 0.9444942375000001 0.795935834375 0.9223875453125 0.795146209375 0.8810083875 0.7947514046874999 0.8798746765625 0.794652690625 0.8798746765625 0.8125178296875 0.919553371875 0.8125178296875 0.9456279484375001 0.8125178296875 0.9444942375000001 0.795935834375
0 0.8387672046875 0.798993409375 0.857613275 0.7819289625 0.869392071875 0.77241225625 0.872690103125 0.7661771671875 0.852901746875 0.7566604609375001 0.8306398453125 0.75600413125 0.8312288125 0.7573167828125 0.830757646875 0.798993409375 0.8387672046875 0.798993409375
0 0.8137555046875 0.6693560203125 0.8245209687499999 0.6586441734374999 0.8299037359374999 0.6398984609375 0.7853038359375 0.6393628640625 0.7674254375 0.6397645578125 0.767617703125 0.6822102265625001 0.778383165625 0.6827458109375 0.7999141640625 0.679532259375 0.8137555046875 0.6693560203125
0 0.8317984062500001 0.6217646203125 0.8317984062500001 0.6350070718749999 0.8408520203125001 0.633745890625 0.85895916875 0.6211340359374999 0.8698234749999999 0.60852216875 0.87978239375 0.5965409125 0.8580537828124999 0.591496159375 0.83089301875 0.58960438125 0.8327037921875 0.599063275 0.83089301875 0.60852216875 0.8317984062500001 0.6217646203125
0 0.7563666312499999 0.520814771875 0.72454195 0.5234008375 0.7091599890625 0.5337450953125 0.6958997375 0.5470448515624999 0.69483888125 0.5640389796874999 0.696430115625 0.5640389796874999 0.7558362046875 0.5636695484375001 0.7563666312499999 0.520814771875
0 0.8083469296875 0.5644084296874999 0.8300937796875001 0.5640389796874999 0.8295634 0.5577585515625 0.8231984640625001 0.5455671078125001 0.8157726734375 0.5363311546875 0.8056948890625 0.52820353125 0.7871304593749999 0.521923084375 0.7690965046875 0.522661965625 0.7688312671875 0.5643160593750001 0.7892521203125 0.5651472937500001 0.79561705625 0.5651472937500001 0.8083469296875 0.5644084296874999
5 0.7080077499999999 0.39346488281249997 0.6744665703125 0.3928904109375 0.6557714906250001 0.3925074328125 0.6436746515625 0.3925074328125 0.6343271109375 0.3925074328125 0.626560396875 0.39346488281249997 0.6269040609375 0.40878411718749996 0.6670435203125 0.408592625 0.70690805625 0.40840113437500003 0.7080077499999999 0.39346488281249997
5 0.9289569453125001 0.39402705312499997 0.891979375 0.3936397546875 0.8683471171875 0.39344610625 0.8483291906250001 0.392865159375 0.8369300765625001 0.3939786390625 0.8369300765625001 0.407776121875 0.8928134562500001 0.40796977187500005 0.9292349796874999 0.407582475 0.9289569453125001 0.39402705312499997
3 0.9894363859374999 0.5411458359375 0.98997060625 0.396021628125 0.9018188796875 0.3956495203125 0.831831765625 0.396021628125 0.781611978125 0.3952774140625 0.758371978125 0.3951843734375 0.7575705984375001 0.56421686875 0.8387770703124999 0.5649611015625 0.8403798281249999 0.5411458359375 0.9894363859374999 0.5411458359375
3 0.76772141875 0.394905296875 0.6955972781249999 0.394905296875 0.639500725 0.39602163749999997 0.6111853125 0.3956495203125 0.591952209375 0.3952774140625 0.575390378125 0.39602163749999997 0.5743218640625 0.56421686875 0.7645159015625 0.565333209375 0.7666529046874999 0.5452390890625 0.76772141875 0.394905296875
3 0.843931959375 0.81204569375 0.8428312640625 0.7990130875 0.8670458421875 0.78521386875 0.8758510984375001 0.76758155625 0.8659451484374999 0.7553155609375 0.8428312640625 0.747649340625 0.885757046875 0.7461160828125 0.885757046875 0.6395554609375 0.7602816812500001 0.6410887015625 0.7602816812500001 0.6748201203125 0.6315043328125001 0.6748201203125 0.6053636140624999 0.6755867484375 0.576746409375 0.6755867484375 0.575370615625 0.8281447828124999 0.81971738125 0.8281447828124999 0.81971738125 0.809745825 0.843931959375 0.81204569375
1 0.1640302671875 0.364163190625 0.0587042171875 0.364163190625 0.06099391562499999 0.4072373640625 0.11365694062500001 0.408035034375 0.15830602656249998 0.40643969375 0.1640302671875 0.364163190625
5 0.593912775 0.6017718750000001 0.5946193156249999 0.58208068125 0.5819015921874999 0.5815884015624999 0.5718233749999999 0.5813339078124999 0.5720100312499999 0.6066946734374999 0.571303490625 0.629339546875 0.5932062359375 0.6283549875000001 0.593912775 0.6017718750000001