0 0.66486698125 0.6494399625 0.6707728515625 0.64577873125 0.6759700109375 0.6404277046875 0.6808128328125 0.6326827984375 0.68364764375 0.6209950281250001 0.6843563546875 0.610292978125 0.6516633296875 0.6102143718749999 0.65199218125 0.65112975625 0.6589611093750001 0.65112975625 0.66486698125 0.6494399625
5 0.7043864109375 0.7174258046875 0.7319077734375 0.7177074375 0.7319077734375 0.6889808734375 0.7234597515625001 0.688862034375 0.7230489671875 0.70644211875 0.7043864109375 0.7063013 0.7043864109375 0.7174258046875
3 0.50334603125 0.7163415515625 0.6499214624999999 0.7165281953125 0.6497648921875 0.65254808125 0.649608334375 0.5779191390625 0.6394319203125 0.561494203125 0.6395884796875 0.51858529375 0.568970421875 0.5180253546875 0.5034656328125 0.51800434375 0.5036591593749999 0.54936215 0.5035026015625 0.621004740625 0.50334603125 0.7163415515625
5 0.59497140625 0.7172761875 0.5947778578125 0.7073540875 0.5641000093749999 0.707238715625 0.527866696875 0.7071096156250001 0.5280027234375 0.71693006875 0.5472610609374999 0.7170454453125 0.59497140625 0.7172761875
0 0.6067667578125 0.5395099953125 0.612752853125 0.5491538734375 0.6206803953125 0.557061859375 0.6300640046875 0.5613051703124999 0.6394476265625 0.5620766765625 0.6396565484375001 0.5225236859375 0.6049870953125 0.52195813125 0.6051488921875 0.5323735218750001 0.6067667578125 0.5395099953125
3 0.503516753125 0.45932621406249996 0.5036049484375 0.5217599796875 0.6022114843749999 0.5217599796875 0.6394302390625 0.5217599796875 0.6394302390625 0.486652728125 0.6393420437499999 0.44787100625000004 0.6393420437499999 0.391115075 0.63925385 0.3392953609375 0.5663194296875 0.3388747796875 0.5035722828125 0.3389745890625 0.5034285515625 0.36199549062499997 0.5034285515625 0.40246513906250003 0.503516753125 0.45932621406249996
5 0.602378534375 0.3483894953125 0.6022989921875 0.338621959375 0.576472046875 0.3384322984375 0.544097571875 0.33833746875 0.5438484671875 0.3482946671875 0.5583110734375001 0.3484843296875 0.602378534375 0.3483894953125
0 0.6203628703125 0.4810001546875 0.6150867234375 0.48590949375000003 0.6089097625 0.49434741562499995 0.6054352296875 0.504779753125 0.6044057328125 0.5156723453125001 0.639151109375 0.5155189265625 0.63931800625 0.47657763124999997 0.6358052609375 0.4768579046875 0.6278266859375 0.47808523750000004 0.6203628703125 0.4810001546875
5 0.7318674374999999 0.550758315625 0.7317468296875 0.5286149984375 0.7318674374999999 0.498563359375 0.7237911546875 0.49876668593750006 0.7235453734374999 0.5224321265625 0.7240278046874999 0.550758315625 0.7318674374999999 0.550758315625
3 0.6839881109375 0.4630005203125 0.6837069203125 0.4939298046875 0.7311349921875 0.494153290625 0.7311349921875 0.45361401562500003 0.7313224515625001 0.3970953390625 0.7313224515625001 0.3387827953125 0.677021496875 0.3387827953125 0.635642709375 0.33888696406249996 0.6357757 0.4045821890625 0.6355882390625001 0.4630005203125 0.6839881109375 0.4630005203125
5 0.7061254265625 0.3483927875 0.7062191640625 0.338559309375 0.688503934375 0.3386710546875 0.6612078734375 0.33832848125 0.66085318125 0.34805755625 0.6830675109375 0.3482810421875 0.7061254265625 0.3483927875
0 0.66419490625 0.4300624109375 0.6536844312500001 0.42272759375 0.6418921828124999 0.42165793125000006 0.641272890625 0.46266026250000003 0.6745772046875 0.46306909531249996 0.673808146875 0.44962192968750003 0.6702192 0.43831408125 0.66419490625 0.4300624109375
5 0.46751911875 0.7792301125 0.46735976562500003 0.767831315625 0.45811712812499994 0.7680213 0.44389474062499995 0.7681886765625 0.44361573125 0.7786601734375 0.45413323125 0.7790401359375 0.46751911875 0.7792301125
0 0.423696240625 0.7355347296875 0.41588780937500003 0.741994046875 0.4107884125 0.7516830234375 0.4077606546875 0.7606120796875 0.40696387500000003 0.7691611765624999 0.40602656562500006 0.7772088765625 0.44058797656250004 0.777710275 0.4410660375 0.7311651875 0.43198275625000004 0.731925109375 0.423696240625 0.7355347296875
0 0.4205507578125 0.6771397125 0.41334679375 0.6866957953124999 0.40949114687500004 0.6955261 0.40807065312499996 0.7010904 0.40750524062500004 0.712198940625 0.440336296875 0.7122190046875 0.4400319078125 0.670002890625 0.43150890468750003 0.6720592625 0.4205507578125 0.6771397125
3 0.398217590625 0.7161248375 0.398217590625 0.59542053125 0.398690878125 0.4662524765625 0.3106580546875 0.46597035 0.2519334984375 0.4657304546875 0.251732840625 0.5815964124999999 0.25196949218750003 0.7164069578125 0.398217590625 0.7161248375
0 0.36744154375 0.532404334375 0.375735315625 0.5432566 0.38564739062500003 0.5490444796875 0.39798690625 0.55049144375 0.3982729921875 0.509597965625 0.3627889328125 0.5104586390625 0.36380036875 0.522757875 0.36744154375 0.532404334375
5 0.3624630328125 0.717292565625 0.36225533906249996 0.7076357109375 0.3314018578125 0.7076357109375 0.2823928359375 0.7074343484375001 0.28221382031250003 0.7171687625 0.3028538078125 0.7171687625 0.3624630328125 0.717292565625
3 0.252054578125 0.4707909671875 0.44191379375000006 0.4696624390625 0.44144049531249996 0.4225465921875 0.47954153593750004 0.422264459375 0.48001483437500003 0.372357375 0.4797781859375 0.227966534375 0.47954153593750004 0.1097988265625 0.360141565625 0.1097988265625 0.2519388796875 0.1093495859375 0.2522912265625 0.1887653859375 0.252054578125 0.33908097656249997 0.252054578125 0.4707909671875
0 0.41758069062500003 0.43287030312499997 0.41146316250000003 0.4386497796875 0.40661531718750005 0.44539250468749997 0.4028062890625 0.45447454374999996 0.40199831875 0.463556584375 0.40149914999999997 0.46976067656250003 0.43420188125000003 0.47002409375000004 0.4340864578125 0.428742103125 0.4257758625 0.4292925296875 0.41758069062500003 0.43287030312499997
5 0.48051273906249997 0.49476928124999997 0.48051273906249997 0.479975765625 0.480378475 0.45452491406249995 0.4724769078125 0.45461999999999997 0.47252391875 0.473248634375 0.47252391875 0.49484931874999993 0.48051273906249997 0.49476928124999997
0 0.425674475 0.49341246562499996 0.416669028125 0.505790503125 0.42472095625 0.51122168125 0.43234909374999997 0.51437934375 0.44156643281249996 0.5151371859375 0.44127472343749996 0.476477484375 0.4376464125 0.47686631406249996 0.4351037046875 0.4804028953125 0.425674475 0.49341246562499996
4 0.40587164531250003 0.12110438750000001 0.43343380624999994 0.1205747484375 0.45166039687500004 0.12004510937499999 0.45299405000000004 0.1078634046875 0.4063161953125 0.1083930453125 0.3743085234375 0.11104124062500001 0.374753075 0.11263015937500001 0.374753075 0.122163665625 0.40587164531250003 0.12110438750000001
4 0.3245188125 0.1216340265625 0.3569710359375 0.1205747484375 0.3574155859375 0.1078634046875 0.3165168953125 0.1068041265625 0.2796191625 0.10733376562500001 0.2796191625 0.1094523234375 0.28095281562499996 0.12110438750000001 0.3245188125 0.1216340265625