3 0.28365822500000004 0.7984426140625 0.299441784375 0.7980411296875001 0.322773928125 0.80486635625 0.3371850265625 0.812896040625 0.34610612500000004 0.824539090625 0.350223559375 0.837788075 0.270619640625 0.8397954953125 0.27199215312499997 0.8674979 0.2870894296875 0.8674979 0.287775659375 0.9469275859374999 0.590680784375 0.9445186796874999 0.589994553125 0.8686809578125001 0.7327326015625 0.8706883781249999 0.731360140625 0.7013262234375001 0.6021743796875 0.701727709375 0.6001156359375 0.666862775 0.41757560312499997 0.666461296875 0.41894806406249996 0.607443109375 0.2696716234375 0.6075879546875 0.274737075 0.7057425515625 0.2733646140625 0.7960337078124999 0.28365822500000004 0.7984426140625
0 0.3273616921875 0.6371374249999999 0.339985190625 0.6430746828125 0.36201444375 0.648722309375 0.3820635328125 0.650315234375 0.3828061 0.60687191875 0.30808647499999997 0.606716671875 0.30805515156249996 0.6174431234375 0.3159757921875 0.627000653125 0.3273616921875 0.6371374249999999
0 0.32983688906249997 0.8108180562499999 0.31226299687500003 0.8006381812500001 0.2956791703125 0.79585941875 0.28231311406250004 0.7947009281249999 0.2706796890625 0.7944113078124999 0.2719172859375 0.8397787203125 0.2721760734375 0.83831554375 0.344935584375 0.8386217765625 0.3427079046875 0.8284850046875001 0.338500078125 0.8186378515625 0.32983688906249997 0.8108180562499999
5 0.35359455156249997 0.944583325 0.3974623765625 0.9447281343749999 0.5284002671875 0.9444385125 0.5281527515625 0.9350257937500001 0.5360733734375 0.9350257937500001 0.5359683171875 0.9247519296875 0.43899305312500003 0.9243174984375001 0.345235165625 0.9242604375000001 0.3461689625 0.9354602312500001 0.354584634375 0.9354602312500001 0.35359455156249997 0.944583325
5 0.1410561890625 0.8684963515625 0.1895718265625 0.8684963515625 0.18936968125 0.859153284375 0.19806207343749999 0.859153284375 0.19745562187500001 0.8486275437499999 0.1661226015625 0.8485092765625 0.1327846421875 0.8483792093750001 0.13256595 0.859153284375 0.1410561890625 0.859153284375 0.1410561890625 0.8684963515625
0 0.2224739671875 0.5732489125 0.20556878125 0.566578678125 0.1870910453125 0.5624385328125 0.166254425 0.5612884921875 0.1672777 0.60414611875 0.2437037265625 0.6045300218749999 0.243310559375 0.594639675 0.2370202671875 0.5833692734375 0.2224739671875 0.5732489125
0 0.0775294671875 0.5399866531249999 0.062450996875 0.5341681203124999 0.04833496875 0.530601925 0.0265192875 0.5292880609374999 0.0265192875 0.578949696875 0.10736561874999999 0.5787620015625 0.10447824531250001 0.5650602953125 0.0938912171875 0.5507955109375 0.0775294671875 0.5399866531249999
3 0.291824684375 0.4669632859375 0.531177103125 0.467205209375 0.529316771875 0.378482203125 0.87508338125 0.37786357656249997 0.87561206875 0.26812363125 0.9147355156250001 0.26812363125 0.914206828125 0.26379325468750003 0.9089198765625 0.25111145156250003 0.8957025 0.24090414531249998 0.8771981703125 0.234408578125 0.9015181374999999 0.2251292078125 0.9099772515625 0.21648989687500003 0.9126207265625 0.20164290624999998 0.8740259671875 0.201024278125 0.8740259671875 0.1345221203125 0.37365880625000003 0.1354500546875 0.37418753437499996 0.25187319218750004 0.16737133906249999 0.25187319218750004 0.16737133906249999 0.32265626406250003 0.030780164062499997 0.3228661203125 0.0306321359375 0.506639059375 0.2922382078125 0.5076067656250001 0.291824684375 0.4669632859375
0 0.4358150546875 0.433887721875 0.42163934062499997 0.4444690875 0.41479586875 0.45676634531250004 0.41095945 0.46566730312500004 0.489585121875 0.4656318171875 0.489585121875 0.4233063625 0.461722465625 0.4253082390625 0.4358150546875 0.433887721875
5 0.8694679203125 0.19778918437499998 0.8693381609375 0.1882236109375 0.8694679203125 0.17395117031250001 0.8512616203125001 0.1737953203125 0.851690484375 0.185414671875 0.851560725 0.1976373484375 0.8694679203125 0.19778918437499998
5 0.8694679203125 0.292189765625 0.8694679203125 0.2824004890625 0.8694679203125 0.2679002953125 0.8512616203125001 0.2678925578125 0.8514309640625 0.2778414078125 0.851301203125 0.2918860984375 0.8694679203125 0.292189765625
3 0.6113471078125 0.54620761875 0.8689880046875 0.5451025421875 0.8689880046875 0.46224535 0.8686102375000001 0.36636003437500003 0.7319845 0.365918003125 0.506592553125 0.3656796453125 0.5086920921875 0.41099335000000004 0.5086920921875 0.5457655859375 0.6113471078125 0.54620761875
0 0.5710245671874999 0.5013532875 0.5566691968749999 0.490081503125 0.5385361015625 0.48455612031250006 0.5241807609375 0.481903934375 0.5080128265625 0.48083476875000003 0.5083142953124999 0.5256649734375001 0.5812244140625 0.5252229421875 0.578957784375 0.5137301421875 0.5710245671874999 0.5013532875
5 0.8550965734375 0.443926946875 0.86999825625 0.44421755 0.8709917046875001 0.3876944953125 0.853606409375 0.3876944953125 0.853606409375 0.383044784375 0.8353331546874999 0.38292928437499996 0.836469471875 0.448431353125 0.8550965734375 0.4482860515625 0.8550965734375 0.443926946875
3 0.5831454171875 0.6758671859375001 0.5838598296875 0.7118114375 0.73205725625 0.710975525 0.731700034375 0.6800690296874999 0.8688640703124999 0.6800690296874999 0.869935675 0.5369635078125 0.6417885328125 0.5365455531250001 0.507147125 0.5366360953125 0.5084910453125 0.59064863125 0.5088482375 0.6762851421875 0.5831454171875 0.6758671859375001
0 0.5634995265625 0.5779232375000001 0.5731438890625 0.569564109375 0.5792162453125 0.5601600890625 0.5813594265625001 0.5511740281249999 0.5806450421875 0.5480393546875 0.5060198921875 0.54864721875 0.5077766453125 0.5915068203125 0.5242077625 0.5923427375 0.5452824359374999 0.5875362390625 0.5634995265625 0.5779232375000001
5 0.854788371875 0.6362711828125 0.8697621312500001 0.63670920625 0.8702612500000001 0.5717519671875 0.8542892359375 0.571897971875 0.853540559375 0.5664957375 0.8353158890625 0.5664817921874999 0.835322478125 0.6405053671875 0.8542892359375 0.640651371875 0.854788371875 0.6362711828125
1 0.9042909187499999 0.2507154421875 0.896675340625 0.24270475625 0.8855783374999999 0.2372371421875 0.87252305625 0.233041071875 0.88035624375 0.23037084062500002 0.8962401515625 0.2222012109375 0.9045085125 0.21482629531250003 0.9088602890624999 0.2078328390625 0.9086426937500001 0.1995678390625 0.8507642531249999 0.1992340609375 0.851199428125 0.265592434375 0.90951304375 0.26533812343749996 0.907989940625 0.257454590625 0.9042909187499999 0.2507154421875