3 0.768757278125 0.8993520703125 0.768757278125 0.8497140984374999 0.784355390625 0.8501612968750001 0.78340041875 0.8166221374999999 0.8301947359374999 0.8170693171875 0.8305130593750001 0.8103614859375 0.8292397390625 0.7915795515624999 0.8225548406250001 0.7741391984375 0.8123683296875001 0.7580403984374999 0.7980435375 0.7486494312499999 0.7821271000000001 0.7446247328125 0.782445421875 0.7388112734375001 0.8187349046874999 0.7397056546874999 0.8203265500000001 0.5546409859375 0.7137226234375 0.55508816875 0.7137226234375 0.6320046593749999 0.55229043125 0.629261640625 0.551857975 0.7142635578125 0.5512213046875 0.8993520703125 0.768757278125 0.8993520703125
0 0.7333640703125 0.6294941281249999 0.7459776640625 0.62310345 0.7585912578125 0.6100316078125 0.7689302734375 0.5905691015625 0.7732726546875 0.5713970609375 0.77430655625 0.5539679421875 0.7231525828125 0.5539370984375 0.721991146875 0.554258434375 0.7221979234375 0.6292036484375 0.7333640703125 0.6294941281249999
0 0.787747275 0.7467727953125001 0.777199296875 0.7460440515625 0.77678793125 0.8170702484374999 0.830137234375 0.8159083031250001 0.8291033328124999 0.7952838484375 0.8185575406250001 0.7682687031250001 0.804496475 0.7531634734375 0.787747275 0.7467727953125001
5 0.838295228125 0.8527853796875 0.8628345546875 0.8526039453125 0.862576240625 0.8192196671875 0.842299009375 0.8194011078125 0.8214283312499999 0.81933425625 0.8215051609374999 0.81976398125 0.8216343125 0.8527853796875 0.838295228125 0.8527853796875
5 0.725219815625 0.9021749296875001 0.7254306046875 0.8648636765625 0.6666196296875 0.8645675484374999 0.59429118125 0.864748890625 0.5957934828125 0.9015826859375 0.6428001203125 0.9021749296875001 0.725219815625 0.9021749296875001
0 0.83159535625 0.514785646875 0.8232977437500001 0.49952119687499996 0.8110489078124999 0.48897484843749994 0.7989976296875 0.4831466015625 0.789317090625 0.48231399843749995 0.7833261015625 0.48069446875 0.782995096875 0.5514203249999999 0.83712708125 0.55169785625 0.8353490203125 0.5297725515625 0.83159535625 0.514785646875
3 0.7154348984375 0.4521814125 0.7893856593749999 0.45288126718750005 0.7897177921874999 0.40599088749999995 0.9210906328125 0.405291028125 0.9212566921875001 0.3227452671875 0.92059245 0.2313346578125 0.9209245718749999 0.1385243328125 0.8496594500000001 0.1380577640625 0.8496594500000001 0.1345584828125 0.76377321875 0.1343251953125 0.7634410859375 0.138291046875 0.7149263890625 0.1379295296875 0.714936715625 0.241132646875 0.714936715625 0.3481733890625 0.7154348984375 0.4521814125
5 0.768584640625 0.1707163171875 0.8439656843750001 0.1712457859375 0.844531046875 0.1410655890625 0.850749990625 0.14133032968749998 0.8505615265625 0.1336529109375 0.81550934375 0.1336529109375 0.762763828125 0.1327097875 0.7627426125000001 0.1421245484375 0.768584640625 0.14133032968749998 0.768584640625 0.1707163171875
0 0.7563245625 0.3885818484375 0.7431604609375 0.37915406093750004 0.7315450718750001 0.37697841875 0.72431773125 0.3780662375 0.723849284375 0.45406235156249997 0.77568354375 0.45348851718749994 0.7741348296874999 0.42955645468750003 0.7671656046875001 0.403086125 0.7563245625 0.3885818484375
3 0.5515784828125 0.4554214484375 0.7213389421875 0.45284019375 0.7211347765625 0.2530279484375 0.721951425 0.1380644984375 0.7033802171875 0.1380644984375 0.7033802171875 0.1340492140625 0.616815815625 0.1343360203125 0.6166116421875001 0.1380644984375 0.5526160703125 0.138038328125 0.5519868156250001 0.219471615625 0.5517826421875001 0.343326059375 0.5515784828125 0.4554214484375
5 0.6214262703125 0.1699684859375 0.6973742875 0.17082890312500001 0.6973742875 0.1404274421875 0.7043157765625 0.1404274421875 0.7041116187500001 0.13354409375 0.6591961203125 0.1321100625 0.6161967953125 0.13194629375 0.6163222359375 0.1407142515625 0.6220387453125 0.1415746671875 0.6214262703125 0.1699684859375
0 0.7103081625 0.3776584015625 0.6925152125 0.38232790156249996 0.675895434375 0.3949630140625 0.6667056828125 0.4139156875 0.6620130359374999 0.4336923890625 0.6620130359374999 0.446602178125 0.6614264578125 0.4534690875 0.7132410640625 0.4534690875 0.7134365890625001 0.44220735937500005 0.7105036859375 0.44220735937500005 0.7103081625 0.3776584015625
5 0.554846496875 0.5462260375 0.573944903125 0.546014784375 0.5742456609375 0.4896095265625 0.5542449703125001 0.48939826875000003 0.5545457390624999 0.48073678593749997 0.5494233484375 0.4807184109375 0.548831253125 0.5546762625 0.55469611875 0.5546762625 0.554846496875 0.5462260375
3 0.2033062625 0.8953039828125 0.20273014374999998 0.7699034609375001 0.25313936406250004 0.7699034609375001 0.253427434375 0.75816841875 0.24997078906249998 0.7371262546875 0.2430575203125 0.720535325 0.23211153125 0.7043490390625 0.21828499375 0.694275759375 0.2030182140625 0.6902291890625001 0.20273014374999998 0.6266980421875 0.061677709375 0.6260407531250001 0.061584337499999996 0.7351029687499999 0.061872385937499996 0.8961133015625 0.2033062625 0.8953039828125
0 0.2528513171875 0.75047993125 0.24824247812500003 0.733484334375 0.2398889453125 0.715274771875 0.2318234828125 0.703539721875 0.2185730421875 0.6946372734375 0.205610671875 0.6909953625 0.1967778421875 0.68974705 0.1961049453125 0.771926746875 0.25400353125 0.7727360625 0.2528513171875 0.75047993125
0 0.2470902625 0.8337961390625 0.2355681546875 0.817609859375 0.2188611125 0.8078980859374999 0.202154046875 0.8050654843749999 0.201101046875 0.8950228906250001 0.2586123703125 0.8948993328125001 0.2589004171875 0.87668976875 0.25400353125 0.8491730984375 0.2470902625 0.8337961390625
5 0.178245665625 0.8977319343750001 0.177381521875 0.862931428125 0.1370541453125 0.8633360921875 0.10058654687499999 0.86316974375 0.10133560625 0.89732726875 0.13590192968749998 0.89732726875 0.178245665625 0.8977319343750001
3 0.27449021406249996 0.44982137812499995 0.2747593203125 0.4604066765625 0.27987241875 0.4600286359375 0.4316505796875 0.4600286359375 0.431112346875 0.248781228125 0.43218879218749995 0.135029521875 0.20554963750000002 0.13427342343749998 0.20474231875 0.0923102609375 0.1985527765625 0.09344439843749999 0.1902103640625 0.09609072656249999 0.18240616406250001 0.10100533281249999 0.174871090625 0.11121258437499999 0.1702962046875 0.12406617187499999 0.16518310625 0.11045649531249999 0.1579171390625 0.10138338124999999 0.14849828125 0.09533463125 0.13477366562499998 0.09344439843749999 0.13531187656250002 0.13313928749999998 0.062333814062500006 0.1332990515625 0.06143045625 0.266529259375 0.06143045625 0.448687240625 0.27449021406249996 0.44982137812499995
5 0.3744213890625 0.1683983765625 0.37334494218750003 0.1309717640625 0.32033022031249997 0.1309717640625 0.2622597765625 0.1309372671875 0.2613951015625 0.16613008906249999 0.30902759999999996 0.166886184375 0.3744213890625 0.1683983765625
0 0.2264351171875 0.387051125 0.21290383125 0.3763586953125 0.197399240625 0.3716065046875 0.1880965 0.3720025171875 0.1879923953125 0.4503750046875 0.2450406203125 0.45001765625 0.24306731718750002 0.42190053125000004 0.23573787968749998 0.402099734375 0.2264351171875 0.387051125
1 0.1796816171875 0.1034366390625 0.1724655484375 0.11578495 0.169759509375 0.11895118281249999 0.1641219484375 0.1069194953125 0.15555286875000002 0.09837067187500001 0.145856259375 0.0936213265625 0.1343592046875 0.0926717453125 0.1350321375 0.152513246875 0.20606539062499998 0.152513246875 0.20583989218749998 0.09267145 0.1979473078125 0.0920382109375 0.1866721890625 0.09615430781249999 0.1796816171875 0.1034366390625