0 0.8304969249999999 0.7668463265625001 0.8227825546875 0.7698496031250001 0.8178405390625001 0.774354521875 0.8122958390624999 0.7806947765625 0.8091618796875 0.788870365625 0.806510059375 0.7982139 0.8057868390625 0.8102270140625001 0.8348362546875 0.8098933140625 0.8348362546875 0.8128965921875 0.8415863343750001 0.81306344375 0.8412454437499999 0.7632579015625 0.8354389390625 0.7640098953125001 0.835077334375 0.7668463265625001 0.8304969249999999 0.7668463265625001
5 0.8418274046875001 0.8429293734375 0.8418274046875001 0.8279129828125 0.8419479390625 0.8147319312500001 0.829335765625 0.8149589734375 0.82965316875 0.82657819375 0.829532634375 0.8425956749999999 0.8418274046875001 0.8429293734375
3 0.5899421171875 0.8624918562499999 0.6807262125 0.86202964375 0.6805592578125 0.8024414015625 0.7012620609375 0.77518328125 0.6989246453125 0.770792275 0.693915903125 0.7661701671875 0.6874045359375 0.762934696875 0.6807262125 0.7613169562500001 0.6805592578125 0.75345936875 0.6807262125 0.7379753078125 0.674275296875 0.7382064109375001 0.530366715625 0.7382064109375001 0.530366715625 0.7312732484375 0.44648651250000004 0.73032823125 0.44677560625 0.8017357687500001 0.44644168906250004 0.861336328125 0.5899421171875 0.8624918562499999
5 0.49903348437500006 0.74698841875 0.49903348437500006 0.7291933 0.4746576078125 0.7296555125 0.4566491234375 0.72946195625 0.45629221875 0.74745063125 0.47382281718749997 0.7476817328124999 0.49903348437500006 0.74698841875
0 0.6965293078125 0.7680567703125 0.6918992703125 0.7652249109375 0.6860848125000001 0.7623930453125001 0.6796242968749999 0.761498771875 0.6744506328125001 0.7607758546875 0.6743482078125 0.8021881703125 0.6803780203125 0.80263530625 0.701267021875 0.7749128625 0.6965293078125 0.7680567703125
5 0.3788919671875 0.795115909375 0.3787861703125 0.77871393125 0.3788919671875 0.757332784375 0.3661580796875 0.757206696875 0.36630205937500004 0.77402765625 0.36640785625 0.7954088031250001 0.3788919671875 0.795115909375
5 0.3789977625 0.8406372718749999 0.3789977625 0.8258461984375 0.3789977625 0.80724753125 0.36629040156250003 0.8071601625 0.3661962640625 0.8186703375000001 0.36630205937500004 0.840344378125 0.3789977625 0.8406372718749999
0 0.4411050203125 0.690480971875 0.4317862 0.6920933734375 0.4223217765625 0.697736784375 0.41707994375 0.7039848421875 0.412711746875 0.7126515078125 0.409508409375 0.7267600328125 0.4089259796875 0.7330080890625 0.40674188281249996 0.7332096453125 0.4070519234375 0.7457204625 0.44328911875 0.7459073140625 0.44328911875 0.7322018921875 0.441250625 0.7320003374999999 0.4411050203125 0.690480971875
3 0.51856545625 0.7454533734375001 0.674616215625 0.7469004234375001 0.674616215625 0.761081490625 0.7888435984375 0.762239134375 0.8423678156250001 0.762239134375 0.8419496484375 0.7283936234375 0.8509400515625 0.712476090625 0.8572124203125 0.6922328375 0.86076675625 0.6734212078125 0.86034860625 0.6465215328125 0.8561670265625001 0.627709903125 0.8503128078125 0.6083348765625 0.8419496484375 0.5941538093750001 0.8419496484375 0.5524788078125 0.740583390625 0.5524788078125 0.61579690625 0.55276821875 0.5177388656249999 0.5521893984374999 0.5177388656249999 0.5819985937500001 0.500291746875 0.5963636859375 0.5001665156249999 0.6956749046875 0.51856545625 0.7104348 0.51856545625 0.7454533734375001
5 0.52600551875 0.6960657828125 0.5185626875 0.6898843078125 0.5123777375 0.6838259046874999 0.505761015625 0.6988131046875 0.51240995 0.7052693140625 0.518959640625 0.7114507890625 0.52600551875 0.6960657828125
5 0.5185626875 0.5794105 0.510722903125 0.5865535375 0.5051789796875 0.5920014828125 0.5123107140625 0.6072191890624999 0.5191581125 0.6015871781250001 0.5263032359375 0.5958178000000001 0.5185626875 0.5794105
0 0.70593348125 0.7204574796875 0.699262128125 0.728487540625 0.695201309375 0.737722115625 0.6927358031249999 0.747960440625 0.692757396875 0.761075725 0.7233370140625001 0.7616115437500001 0.723046959375 0.7140334328125 0.7147802859375 0.7152379390625 0.70593348125 0.7204574796875
5 0.846006728125 0.645188515625 0.8474696046875 0.6654162765625 0.845444084375 0.6816156921875 0.8433060375 0.6912730390624999 0.8391424781250001 0.70357836875 0.8318281109375001 0.7157279296875 0.8422932765625 0.7275659640625001 0.8510705203125 0.711686375 0.855009025 0.7007829203125 0.858609940625 0.68473926875 0.8604104078124999 0.6671545828125 0.860522934375 0.65453773125 0.8590600578125 0.6398959484375 0.8556841953125 0.6246477171875 0.851745690625 0.61312120625 0.8426308656250001 0.5945853390625 0.8320799781250001 0.6058957015625 0.8354290265625 0.61169933125 0.8425183390625 0.6300794390625 0.846006728125 0.645188515625
3 0.76557888125 0.4905499 0.8416315687499999 0.4905499 0.8416315687499999 0.368578225 0.7937197671875 0.36795035625 0.7159830109375 0.3669388015625 0.7160086640625 0.4219249625 0.71540386875 0.4903406125 0.76557888125 0.4905499
0 0.739746775 0.3897054 0.73294285625 0.38384527031250004 0.72417335625 0.381543075 0.715101465625 0.381543075 0.7151694875 0.42316160781249995 0.7510866390625 0.42340115625 0.7495746578125 0.40937869843749997 0.7454923109375 0.3993327578125 0.739746775 0.3897054
5 0.841862665625 0.460570471875 0.8417640578125001 0.44268925625 0.8417640578125001 0.3896134234375 0.8293087828125 0.38956924531250003 0.82973358125 0.42685550625 0.82973358125 0.460570471875 0.841862665625 0.460570471875
3 0.71233571875 0.37509639375 0.804962871875 0.37537136718749997 0.842010971875 0.37509639375 0.841812325 0.3738590125 0.841812325 0.3564128921875 0.8474738281249999 0.3466513578125 0.8523407390625 0.33607223125 0.85561845625 0.326585671875 0.8581015734375 0.31517429375 0.8598894125 0.30171528125 0.8598894125 0.28755418125 0.8595914421874999 0.2755928609375 0.8581015734375 0.265556353125 0.8550776484375 0.2518223671875 0.8512039859374999 0.2416483703125 0.845741128125 0.22956422187499997 0.8415694953124999 0.2232398484375 0.8415694953124999 0.1811690015625 0.77885914375 0.1813064890625 0.718435325 0.1811690015625 0.6741950046875 0.181267265625 0.674227025 0.3039077390625 0.674227025 0.37537136718749997 0.71233571875 0.37509639375
0 0.7032298328125 0.329725871875 0.696972375 0.333850465625 0.692502765625 0.3392124359375 0.6886291015625 0.347186646875 0.685848015625 0.35406096875 0.6840601687500001 0.36217266718749996 0.6841594921875 0.367672125 0.6841814937499999 0.374696890625 0.7139568921875 0.3756463359375 0.7143541921875001 0.3449868640625 0.7138575687500001 0.3278010609375 0.7032298328125 0.329725871875
5 0.8432536203125001 0.25907888125 0.845752290625 0.26852649375 0.8469183390625 0.27613561249999996 0.847334784375 0.2841997484375 0.8475846546874999 0.29549199531250003 0.84641860625 0.3060863625 0.8439199343749999 0.317615334375 0.8413379750000001 0.32637735156250003 0.8374233859375 0.335594384375 0.8327591999999999 0.3437799578125 0.842087571875 0.3556547984375 0.8480010984374999 0.34712335625 0.8525819968749999 0.3360555453125 0.8564132921875001 0.32314309531249996 0.8600780109375 0.3014870625 0.860327875 0.2891510609375 0.8597448546875001 0.27600803281249997 0.8580790734375 0.26298029375 0.8537480390625 0.2466976375 0.848917278125 0.2356298234375 0.842960259375 0.22417170625 0.8331756453124999 0.2348680359375 0.8368403656250001 0.24213128906249998 0.8408382359375001 0.2513544671875 0.8432536203125001 0.25907888125
3 0.500020015625 0.324770390625 0.518336803125 0.33938433749999997 0.5182096046875 0.37580301875 0.555692865625 0.37545087499999996 0.6812915359375 0.37545087499999996 0.68103713125 0.3506435421875 0.6807827359374999 0.2592998875 0.6815459328125 0.182032578125 0.5735020984375 0.18150436406249998 0.5186610140625 0.1813204828125 0.5178280015625 0.21091101874999998 0.5001472140625001 0.22552496875 0.500020015625 0.324770390625
5 0.499638421875 0.2258500234375 0.4998928171875 0.255253990625 0.49976562031249994 0.324598071875 0.519608803125 0.34062059375 0.52622319375 0.324598071875 0.5141392031249999 0.3147380609375 0.512867203125 0.2554394515625 0.5129944109375 0.2353849796875 0.5188456046875001 0.23115925625 0.52685919375 0.22411638906250003 0.5183338 0.20838827499999998 0.5189728031249999 0.21012245 0.5143936078125 0.21329173906249999 0.499638421875 0.2258500234375
0 0.662336578125 0.338921540625 0.656188003125 0.33157878125 0.6493160765625 0.32924245 0.640394621875 0.3284080453125 0.6407131296874999 0.37494653125 0.6706552234375 0.3753015703125 0.670172990625 0.3604491734375 0.66727954375 0.34843375 0.662336578125 0.338921540625
0 0.5874713125000001 0.407630203125 0.586989075 0.41697552968749996 0.6209870453125 0.4173092921875 0.6208139359375 0.3741538828125 0.6154412781249999 0.375589075 0.60820766875 0.377758525 0.601094615625 0.3812630265625 0.59482548125 0.38643633125 0.5904853171875 0.39628230468750003 0.5874713125000001 0.407630203125
5 0.5308440375 0.4287547296875 0.53079045 0.41992765312499997 0.530683271875 0.3934582890625 0.518364375 0.3938236703125 0.51830445625 0.40621675156250003 0.518090103125 0.42890308125 0.5308440375 0.4287547296875