5 0.4752603578125 0.8928719140625001 0.5130515984375 0.8924300125 0.5131896125 0.8877780015625 0.512499546875 0.8699202796875 0.479928475 0.8700703437499999 0.47565007187499997 0.8699202796875 0.47497236562499995 0.880659415625 0.4752603578125 0.8928719140625001
5 0.5629056453125 0.889866790625 0.56257420625 0.8710067718750001 0.55307293125 0.8707665171875 0.527993984375 0.8707665171875 0.527920359375 0.8708381234375 0.527441584375 0.8897466625 0.5345123015625 0.889866790625 0.5486537328125001 0.8899869171875 0.5629056453125 0.889866790625
5 0.612804165625 0.8709013953125 0.600302584375 0.8709013953125 0.58675920625 0.8706748421875 0.5818627546874999 0.87078811875 0.5783157546875 0.8706351906249999 0.578529 0.8903850828125 0.589780421875 0.890498359375 0.612804165625 0.8902718046875 0.612804165625 0.8709013953125
5 0.857272721875 0.8701736312499999 0.8402616640625 0.86995855625 0.8206791671874999 0.8701736312499999 0.820349746875 0.8705348921875 0.820184659375 0.8909284625 0.8321517406250001 0.8912510765625001 0.8568771156249999 0.8914661531249999 0.857272721875 0.8701736312499999
5 0.9065256671874999 0.870818859375 0.8887233968749999 0.8695284046875 0.8708226921875 0.8698469687499999 0.8715145359375001 0.8906058484375 0.8897124125 0.8914661531249999 0.9067234703124999 0.8916812296875 0.9065256671874999 0.870818859375
5 0.9596194109375 0.8693731625 0.9415903609375 0.8693731625 0.9256963296875 0.8683414031250001 0.920653628125 0.8689177328125 0.9209518437499999 0.891040103125 0.9411159124999999 0.891040103125 0.9593821874999999 0.8905242234375 0.9596194109375 0.8693731625
0 0.817247296875 0.822064265625 0.8077155859375 0.8125405359375 0.7904554609375001 0.80721845 0.7853951828125 0.8058453468750001 0.777832384375 0.8060980125 0.77963568125 0.849795128125 0.8242028703125 0.8492349078125001 0.823172415625 0.8343890937499999 0.817247296875 0.822064265625
0 0.6156185187500001 0.8235978828125001 0.6116533078125 0.8358137093750001 0.610992440625 0.84946669375 0.6559314875 0.84946669375 0.65650005 0.808114703125 0.6493228046875 0.8067112968749999 0.62553154375 0.8121006328125 0.6156185187500001 0.8235978828125001
0 0.7458798109375 0.867026515625 0.7447593609375 0.8243862796875 0.736542728125 0.824792378125 0.72608519375 0.8329143265625 0.7152541765625 0.8430667640625 0.7036761921875 0.8284472546874999 0.68985730625 0.8276350593749999 0.689110340625 0.8414423734375 0.68873685625 0.8536252984375 0.68985730625 0.8666204171875 0.7458798109375 0.867026515625
0 0.8249551453124999 0.6966306671875 0.8231352578125 0.684757815625 0.8197987953125001 0.672884965625 0.8128225562500001 0.6639803265625 0.8049363734374999 0.6573842984375 0.779761253125 0.65639489375 0.7794579374999999 0.6709061562499999 0.7794579374999999 0.6979498734375 0.8249551453124999 0.6966306671875
0 0.9340748859374999 0.6121646968750001 0.935647365625 0.595921646875 0.9218881703124999 0.5946393 0.9140257734375 0.594211853125 0.9026253000000001 0.5946393 0.8941683843750001 0.595009921875 0.8939766640625001 0.6429410015625 0.9167776140624999 0.6378116171875 0.9297505671874999 0.62541560625 0.9340748859374999 0.6121646968750001
0 0.9423101718750001 0.677010459375 0.99522604375 0.677010459375 0.99522604375 0.649222846875 0.994925384375 0.6309157140625 0.9687681078124999 0.631896453125 0.9540358484375 0.6407231062500001 0.9444147812500001 0.659684065625 0.9423101718750001 0.677010459375
3 0.66955703125 0.8662350015625 0.67082494375 0.8503807421875 0.65624395625 0.8496914265625 0.6568779124999999 0.6477219546875 0.572561771875 0.6477219546875 0.5174076046875 0.6477219546875 0.459224615625 0.646890678125 0.43957198125 0.64757999375 0.4400649796875 0.88691446875 0.65751186875 0.887603784375 0.65751186875 0.8648563703125 0.66955703125 0.8662350015625
3 0.9942834312500001 0.759249121875 0.9955513437500001 0.7006572953125 0.9733628859375001 0.6999679796875 0.8890467453124999 0.6992786640624999 0.8269190625 0.6999679796875 0.8064708421875 0.700765696875 0.7792255953125 0.698970278125 0.7774704984375 0.8888404546875 0.9384953093749999 0.8902190859375001 0.9955513437500001 0.8881511390625001 0.9942834312500001 0.759249121875
1 0.7737482859375 0.65381441875 0.7737482859375 0.6114773875 0.7113023140625 0.614672634375 0.7126985546875 0.65524055 0.7135062890625 0.65541204375 0.7450966046875 0.65461323125 0.7737482859375 0.65381441875
5 0.5936335609375 0.374136259375 0.5947372078125001 0.3627397328125 0.4940278078125 0.3637894046875 0.49540740625 0.36393937656249997 0.49706290312499996 0.37653554843750003 0.5936335609375 0.374136259375
5 0.6879968734374999 0.3603404703125 0.660405228125 0.3601904984375 0.660957078125 0.37473609531249996 0.7575277359375 0.37353645 0.7575277359375 0.3615400875 0.6879968734374999 0.3603404703125
5 0.8361553296875 0.3609159421875 0.8226198531250001 0.3601803125 0.8221968484375 0.36073203125000003 0.823635015625 0.3741571890625 0.860857621875 0.374524996875 0.8611960203125 0.3616515640625 0.8361553296875 0.3609159421875
3 0.8634252109375 0.637493646875 0.8641307906250001 0.6029827140624999 0.8923530859375 0.6014488828125 0.8937641781250001 0.6474634609375001 0.9212808953125 0.64516273125 0.9417420234374999 0.6252231046875 0.9417420234374999 0.6029827140624999 0.9946587890625 0.6014488828125 0.9946587890625 0.3652407203125 0.44079666875 0.3652407203125 0.440091090625 0.36562416875000003 0.4393855453125 0.65359875 0.7893417406250001 0.65359875 0.787930646875 0.6367267484375 0.8634252109375 0.637493646875