3 0.815530421875 0.7220873046875 0.816291678125 0.6502958203125 0.8334202078124999 0.6280971203125 0.8330395796875001 0.5322927234375 0.6830697781249999 0.5322927234375 0.6008808046875 0.5326068984375001 0.6004722109375 0.5986137421875 0.600852840625 0.7226096234375 0.815530421875 0.7220873046875
0 0.7793701921875 0.5910539890625001 0.7953568078125001 0.6020227609375 0.8151497921875 0.608029465625 0.8338008640625001 0.6082906328125001 0.8341493812499999 0.5707854343750001 0.7728994250000001 0.5706834203125 0.7721381390625 0.5800852171875001 0.7793701921875 0.5910539890625001
5 0.801965415625 0.7223982343750001 0.801965415625 0.7080524078125 0.753504396875 0.7080524078125 0.705130196875 0.7081405125 0.705238796875 0.7226663828125 0.7511595140625 0.7225323109375 0.801965415625 0.7223982343750001
5 0.9309974984375 0.7222229687499999 0.9309974984375 0.7086768 0.90018629375 0.7086768 0.8659643703125001 0.708588225 0.8662341421875001 0.72212034375 0.8973444796875001 0.72212034375 0.9309974984375 0.7222229687499999
0 0.85546516875 0.659753221875 0.864140175 0.6568797921875 0.8722169 0.6527748921875001 0.8802936156250001 0.6463096765625 0.8856781078125 0.6390234796875001 0.8888190546875 0.6294795875 0.8894173328124999 0.62055143125 0.8377174546875 0.6207551875 0.8379656000000001 0.6612925578125 0.8448457749999999 0.6612925578125 0.85546516875 0.659753221875
5 0.976458784375 0.5320183609375 0.976458784375 0.5228985796875001 0.9765830046874999 0.50960244375 0.9567667859375 0.509595575 0.9568316593749999 0.5199154734375 0.956583209375 0.5321035937499999 0.976458784375 0.5320183609375
3 0.7859251656249999 0.5003601203125 0.7860802265625 0.49791318437500004 0.9206971671874999 0.49716846875 0.9758976953125 0.49706207812500003 0.9758976953125 0.4426138953125 0.9758976953125 0.4028416453125 0.9758976953125 0.367632753125 0.8369979781250001 0.3675263640625 0.7800267578125 0.367441796875 0.779722859375 0.44633182031249996 0.779722859375 0.5003601203125 0.7859251656249999 0.5003601203125
5 0.9135120375 0.38083625468750004 0.9136671046875 0.36711214999999997 0.8792698859374999 0.36711214999999997 0.82833303125 0.36691008125 0.8276100921875 0.3810490328125 0.86420370625 0.38083625468750004 0.9135120375 0.38083625468750004
0 0.8329883328125 0.45914484843750003 0.8232892156249999 0.46303725937499995 0.81578613125 0.469189784375 0.8095640578125 0.47534230624999996 0.8059040156249999 0.482373759375 0.8048060046875 0.48965634218750004 0.8038738953125 0.49688676718749997 0.8569616078125 0.496813353125 0.8575106203124999 0.45588024374999997 0.8445174578125 0.4566336140625 0.8329883328125 0.45914484843750003
3 0.7918738125 0.5409762234375 0.7916223578125 0.4982069359375 0.7918738125 0.43525151875 0.791370903125 0.3683370890625 0.7355813062500001 0.3678194953125 0.6010695734375 0.366946246875 0.6013306734375 0.4662978984375 0.601582128125 0.5404586328125001 0.7918738125 0.5409762234375
5 0.7386269171875 0.38126771718749997 0.7381240078125 0.36694764375 0.691855671875 0.3667751140625 0.6513145484375 0.366515103125 0.6511194296875 0.38126771718749997 0.6911012890625 0.380922653125 0.7386269171875 0.38126771718749997
0 0.7324474000000001 0.5130157578125 0.740501415625 0.520726509375 0.7506157734375 0.526252546875 0.763352375 0.5304934593749999 0.7783366046875 0.5329352 0.7912604921875 0.5333207359375 0.7911408453125001 0.49652126875 0.7273902140625 0.4959235890625 0.727764828125 0.5054335156249999 0.7324474000000001 0.5130157578125
0 0.3300836984375 0.6693612421874999 0.31862194062500004 0.6774001609375 0.3125089984375 0.68736143125 0.3104713640625 0.6948760703125 0.30938551406250003 0.7059876953125 0.3629407421875 0.7065849296875 0.36319544375 0.6625456390625 0.34511134062500004 0.66411846875 0.3300836984375 0.6693612421874999
3 0.014586009375 0.70692575625 0.299710965625 0.70692575625 0.299710965625 0.6382381515625 0.31283512343750003 0.6380287359375 0.31283512343750003 0.585499453125 0.31314035625000003 0.5053275890625 0.267053125 0.50595583125 0.2664427078125 0.472240265625 0.2481354515625 0.47265909375000004 0.2353165015625 0.47684736250000004 0.22249752812499998 0.4852238984375 0.2139515671875 0.49716046562500005 0.21150985156250002 0.50595583125 0.1068216703125 0.50595583125 0.0134368828125 0.5060934453125 0.013975581249999999 0.547827353125 0.014586009375 0.6169114640625 0.014586009375 0.70692575625
5 0.1924647515625 0.7073732328125 0.1923017859375 0.6937327109375 0.14626975 0.69384451875 0.08523278125 0.6934979390625 0.085402721875 0.7075968484375 0.1277712546875 0.7075968484375 0.1924647515625 0.7073732328125
3 0.295236109375 0.5133895328125 0.295236109375 0.4831291953125 0.29479715781250004 0.42638128125 0.2941387171875 0.353520353125 0.123623509375 0.353068584375 0.014877964062499999 0.3528297640625 0.014464253125000002 0.4329991625 0.014464253125000002 0.513238940625 0.295236109375 0.5133895328125
5 0.199837596875 0.3664709921875 0.19939863124999999 0.352767409375 0.1663433078125 0.3526168203125 0.11390056562499999 0.352265296875 0.1131436296875 0.366621584375 0.152210775 0.3664709921875 0.199837596875 0.3664709921875
0 0.23367220312499998 0.4777721671875 0.223795675 0.4840969015625 0.21699183125000002 0.4937345890625 0.2130412296875 0.5029205078125 0.21216060312499999 0.512950353125 0.26527707968750003 0.513080328125 0.265935521875 0.4717486125 0.2488162 0.47310391249999995 0.23367220312499998 0.4777721671875
0 0.3203364078125 0.4648265078125 0.3316909578125 0.4594009078125 0.341017909375 0.45105383281250006 0.34710070625 0.43992439843750003 0.3487227921875 0.42670819531250004 0.29624553124999997 0.4269446671875 0.2966135078125 0.4676088671875 0.30796805781250003 0.46746974531249996 0.3203364078125 0.4648265078125
5 0.38927476875 0.504606815625 0.38927476875 0.49445120937500003 0.38927476875 0.48123500625000004 0.369787053125 0.48135134375 0.370012578125 0.49027767187500004 0.3704180921875 0.504606815625 0.38927476875 0.504606815625
0 0.3200317625 0.379917553125 0.3294977453125 0.387888459375 0.35036591875 0.39526892812500003 0.3639194859375 0.39600697500000004 0.36370433593749996 0.35275743125000003 0.3110988421875 0.3528572625 0.3114263265625 0.36412334999999996 0.3144382328125 0.37135621093750004 0.3200317625 0.379917553125
0 0.2808309328125 0.5494899734375001 0.2871168625 0.5521350515625 0.29754578593750003 0.5544862359375 0.3128320234375 0.5548781015625 0.31272487187500003 0.5311407203125 0.3015459203125 0.5307784765625 0.2765450734375 0.5476286203125 0.2808309328125 0.5494899734375001