3 0.778612275 0.8218632546875 0.7778366515624999 0.8925782281249999 0.9316689437499999 0.8932568125 0.9311518484375 0.8243988921875 0.9316689437499999 0.7584339921875001 0.7867937515625 0.7582456078125 0.77654394375 0.762317746875 0.778612275 0.766728525 0.778612275 0.8218632546875
5 0.8886308187499999 0.8933565031249999 0.8885173625 0.880328440625 0.8622848140625001 0.8804028875000001 0.818650565625 0.8802470421875 0.8187414499999999 0.8932076109375 0.8440423062500001 0.89328205625 0.8886308187499999 0.8933565031249999
3 0.5490916484375 0.8931574953125001 0.5881948421875001 0.8931574953125001 0.62314721875 0.9284130875000001 0.7362437453124999 0.9285350765624999 0.7719397781249999 0.8930485078125001 0.790345553125 0.8931704968749999 0.7907173953125 0.8562200265625 0.7907173953125 0.8112246093750001 0.7910892234375 0.7665951625 0.785511715625 0.7582997296875 0.7689651125 0.7259719359375 0.768221440625 0.7174455234375 0.705774334375 0.71707955 0.6213513359375 0.71707955 0.5492155921874999 0.7168355656250001 0.5487198140625 0.768290040625 0.5492775625 0.8460882171874999 0.5490916484375 0.8931574953125001
0 0.7478767921875 0.7309894781249999 0.740892603125 0.7349508484375 0.73556568125 0.739999653125 0.7308306390625 0.7469903062500001 0.7282263703125 0.7547576984375 0.7284631187499999 0.7641562421875 0.73142251875 0.770137134375 0.785520371875 0.7574804265624999 0.7681272140625001 0.724505146875 0.7617267875 0.7258327078125 0.755926359375 0.72769688125 0.7478767921875 0.7309894781249999
5 0.7472849125 0.9174567484375 0.75509773125 0.9093786625 0.7688293515625 0.8950172671875001 0.752285571875 0.887939034375 0.741366109375 0.898659659375 0.7300020093749999 0.9100777250000001 0.7472849125 0.9174567484375
5 0.7212566546875 0.92831023125 0.7209015328125 0.9155717078125001 0.689229390625 0.9155717078125001 0.6391732796875 0.91540446875 0.6394333203125 0.9283879046875001 0.6717664921875001 0.9285432531250001 0.7212566546875 0.92831023125
5 0.6291346078125 0.9105229015624999 0.616586746875 0.898638790625 0.6068945546875 0.8882301874999999 0.5900705046875 0.8954541609375 0.6001324703125 0.905474096875 0.6124435859374999 0.9176689031249999 0.6291346078125 0.9105229015624999
5 0.931946671875 0.7213325765625 0.9318282859375 0.708360753125 0.9317099093750001 0.6943014734374999 0.9126461812500001 0.6945312218749999 0.9125325828124999 0.706496540625 0.9127693359375 0.7212549015625 0.931946671875 0.7213325765625
3 0.5490148015625 0.723499634375 0.6830700109375 0.72416534375 0.7680385249999999 0.723832490625 0.7682921578124999 0.6797469953124999 0.768545790625 0.6165312296875001 0.767023971875 0.5476569359375 0.7073660765625001 0.5474905078125001 0.5488606546875 0.5471460140625 0.5492684546875 0.5795932359375 0.5492684546875 0.63799148125 0.5490148015625 0.723499634375
5 0.702292678125 0.5599339328124999 0.702134246875 0.5469401796875 0.6663310703125 0.5470441296875 0.6334838203125 0.5469595078125 0.6335378984375 0.5598299796874999 0.6625289609375 0.56003788125 0.702292678125 0.5599339328124999
0 0.741339734375 0.680315578125 0.7323021187500001 0.683687621875 0.72468216875 0.6871759421875 0.7188342984375 0.6928735328125 0.7121003890625001 0.7029896625000001 0.7101510953125 0.713454625 0.7682753890625 0.7133383484375 0.7688926687500001 0.678218171875 0.757642896875 0.6774086421875001 0.7491368984375 0.6785714171875 0.741339734375 0.680315578125
0 0.8053750171875 0.635593934375 0.795709875 0.64047231875 0.788522975 0.6476272828125 0.7843099734375001 0.6551074734375 0.78257519375 0.6619372125 0.7823836578125001 0.6672816625 0.8341226015625001 0.6671408249999999 0.8346182421874999 0.6310407765625 0.8212357593749999 0.6316912265625 0.8053750171875 0.635593934375
5 0.860639765625 0.5600136375 0.860639765625 0.5470046109375 0.8375921421875001 0.5470046109375 0.80470028125 0.5469994796875 0.8051271968749999 0.5598510234375 0.8336269609375 0.5600136375 0.860639765625 0.5600136375
3 0.007522546874999999 0.8928305218749999 0.046340721875000004 0.8930820734375 0.08160975781249999 0.929304665625 0.194317325 0.929304665625 0.2311197875 0.8928305218749999 0.26255521718749997 0.8930820734375 0.26255521718749997 0.8274420234375001 0.26255521718749997 0.7168020859374999 0.23054441093750003 0.7175567218750001 0.23054441093750003 0.63886310625 0.23667815 0.63886310625 0.23744488593750002 0.5473406484375001 0.0077673484375 0.5475703140625 0.007522546874999999 0.610465240625 0.0082892828125 0.7952709703124999 0.007522546874999999 0.8928305218749999
0 0.23176487968749998 0.7411652265625001 0.22303029687499998 0.744708215625 0.216042640625 0.7496058750000001 0.20905496562499998 0.757838115625 0.20476708437500002 0.7655493234375 0.2038142171875 0.7739899765625 0.2622565203125 0.7736773609375 0.2628194765625 0.737877353125 0.250504534375 0.73751803125 0.240817090625 0.7386642921875 0.23176487968749998 0.7411652265625001
5 0.2065139984375 0.91783674375 0.216042640625 0.9079372171875001 0.2282710515625 0.895119934375 0.210978571875 0.8876089578125 0.20174967968750002 0.8966830171875 0.18793315625 0.9105423546875 0.2065139984375 0.91783674375
5 0.1794430875 0.9284987421875 0.1790934484375 0.9153069125 0.135562790625 0.9151921984375001 0.0977800421875 0.9151800187499999 0.097451621875 0.9286134531249999 0.127171346875 0.9284987421875 0.1794430875 0.9284987421875
5 0.0882463671875 0.9101781515624999 0.0758340015625 0.8985922828125 0.0647639703125 0.8878043078125 0.048037321875 0.8953803593749999 0.057477701562500004 0.9045572875 0.0707641765625 0.9180932531250001 0.0882463671875 0.9101781515624999
0 0.3061551265625 0.8601033546875 0.2922967515625 0.853796678125 0.279108934375 0.851156675 0.26837985781249996 0.850716671875 0.267873378125 0.8919410890625 0.322919296875 0.89237008125 0.322919296875 0.8788767234374999 0.31666066718749997 0.8689033734375 0.3061551265625 0.8601033546875
5 0.3680708078125 0.8936900796874999 0.367623753125 0.879756721875 0.3492949328125 0.879756721875 0.3293763453125 0.8798462265625 0.329177928125 0.8936900796874999 0.34705970937499997 0.89383675 0.3680708078125 0.8936900796874999
0 0.25799256718749997 0.65654505 0.26884585781250003 0.6658821609375 0.2804227125 0.671421121875 0.29682323125 0.674744496875 0.3086412640625 0.6744279843750001 0.309250321875 0.641494259375 0.25341006250000003 0.6408777 0.2543748015625 0.6505313203124999 0.25799256718749997 0.65654505
5 0.39035321875 0.667600240625 0.39035321875 0.65937623125 0.390196553125 0.6509466203125001 0.3705717375 0.651243665625 0.3706129640625 0.6588622296875 0.3707696296875 0.6677030390625001 0.39035321875 0.667600240625
3 0.2191090515625 0.5592711609375 0.2191090515625 0.6395317203124999 0.390121603125 0.6382797046875 0.3898830953125 0.504050940625 0.390121603125 0.4173821359375 0.1737003 0.41706913281249997 0.17322326562499998 0.3957848453125 0.160343675 0.39656735625 0.1527113046875 0.3981323765625 0.1455559671875 0.40126241875 0.1400702203125 0.4045489640625 0.1348229625 0.4094005296875 0.1312452953125 0.41597361718750003 0.129337215625 0.4117480609375 0.12456699062500001 0.4064269875 0.11884271875 0.4018884265625 0.1090637609375 0.39844538125 0.0988077703125 0.396410853125 0.0887903078125 0.39594134687500004 0.0887903078125 0.41769514062499996 0.04599871875 0.41733048124999994 0.0465862671875 0.498103859375 0.0465862671875 0.559584165625 0.2191090515625 0.5592711609375
5 0.089514634375 0.43025494062499997 0.0896419765625 0.41696925625 0.0836568546875 0.41705281406249994 0.0740913765625 0.4171095046875 0.07397878125 0.43025494062499997 0.0809826515625 0.43017138125 0.089514634375 0.43025494062499997
5 0.1885549921875 0.43006253125000005 0.1885549921875 0.41720379531249996 0.18031681718749998 0.41728569843749996 0.172848590625 0.417341790625 0.17307721250000002 0.43014443125 0.17969271250000002 0.43006253125000005 0.1885549921875 0.43006253125000005
5 0.3238061234375 0.4300646265625 0.3235564859375 0.41720589218750004 0.290073759375 0.41720589218750004 0.2473146109375 0.417341790625 0.2476653953125 0.4303922359375 0.2804932875 0.43022843125000004 0.3238061234375 0.4300646265625
0 0.26467428437499996 0.6025791671875 0.24778146093750003 0.5993817375 0.24128422500000002 0.5993817375 0.24061323125 0.6376687375000001 0.2965107171875 0.638390396875 0.295861003125 0.624748021875 0.2812422265625 0.60940035625 0.26467428437499996 0.6025791671875
0 0.18150967812500002 0.687394946875 0.1958035984375 0.6954951031250001 0.21399586093749998 0.701037321875 0.23056380468749998 0.7023162921874999 0.2312682390625 0.664568971875 0.17078924374999999 0.6650129312499999 0.1720886828125 0.6741788984375 0.18150967812500002 0.687394946875
1 0.1588737453125 0.39650976875 0.14872656875 0.40006929687500004 0.1399952921875 0.403783584375 0.13551165468749998 0.407807396875 0.131499990625 0.413997875 0.1286682125 0.4104383484375 0.1204088890625 0.40239072656249997 0.11144163437500001 0.3983669140625 0.0970467984375 0.39573595781250004 0.088787475 0.3952716734375 0.08902347031249999 0.430702725 0.1732685625 0.429938365625 0.17397651249999999 0.3958907265625 0.1588737453125 0.39650976875