5 0.3086957671875 0.1001676265625 0.23702335312499997 0.1000088921875 0.2364837953125 0.11768679687500001 0.27097309375 0.11768679687500001 0.30941429375 0.11727937343749999 0.3086957671875 0.1001676265625
0 0.27552050625 0.44569824999999996 0.2802245921875 0.436095853125 0.28234143125 0.42862732187499997 0.28234143125 0.42089205625000004 0.24905724375 0.4207879859375 0.24894241875 0.4582347140625 0.2574097734375 0.45743451406249996 0.268229171875 0.4531667828125 0.27552050625 0.44569824999999996
0 0.309389928125 0.46223571406249997 0.3166812625 0.4539669828125 0.32115014375 0.44249745156250003 0.3213853484375 0.432094853125 0.2883784359375 0.4314580671875 0.2886919484375 0.4694375125 0.3002169609375 0.4681038453125 0.309389928125 0.46223571406249997
0 0.1626224328125 0.55906439375 0.1595647765625 0.568933525 0.15932957187500002 0.5782691890625 0.1915525640625 0.5780024546875 0.190922084375 0.5394392875 0.18049796093749998 0.54092653125 0.1725010140625 0.546261196875 0.16638570156250002 0.5518625953125 0.1626224328125 0.55906439375
0 0.22824443749999998 0.6145479140625 0.22306994218749998 0.612147315625 0.21436738281249998 0.6102801828125 0.20566482343749998 0.610546915625 0.19672705937499999 0.6145479140625 0.1880999890625 0.623732928125 0.21225054375000002 0.6497567078125 0.23765261093749998 0.6233501125 0.22824443749999998 0.6145479140625
5 0.0861810296875 0.619615846875 0.059600590625000005 0.61925149375 0.0598381453125 0.63561984375 0.1193448375 0.6358865765624999 0.1193448375 0.6198825796875 0.0861810296875 0.619615846875
5 0.24564955781250003 0.67029966875 0.2214007125 0.6429390734375 0.2117801359375 0.654028940625 0.2242459640625 0.667365603125 0.23671179375 0.6807022671875 0.24564955781250003 0.67029966875
0 0.2795189796875 0.7007087640624999 0.284693475 0.692706765625 0.286575109375 0.6844380343750001 0.28633990468750004 0.6756358359375 0.2535725953125 0.6743091125 0.2536465046875 0.7127117609375 0.2635250859375 0.7116448265625 0.271992440625 0.7079105609375 0.2795189796875 0.7007087640624999
0 0.2898679703125 0.594812653125 0.30162818593749996 0.5966797859375 0.30162818593749996 0.567605859375 0.30136007343750004 0.5669680968749999 0.2750500984375 0.5670723921875 0.2764613234375 0.5798755890625 0.283517453125 0.5902781874999999 0.2898679703125 0.594812653125
5 0.2652436484375 0.8919717484374999 0.2550777140625 0.8808818828125 0.24548648437499998 0.89223848125 0.27041814375 0.9191785421875001 0.2755926375 0.9037080124999999 0.2652436484375 0.8919717484374999
5 0.301229909375 0.9029078125 0.2742679609375 0.9015818390625 0.2666548734375 0.9167779421875 0.33862739531249997 0.9175781421875 0.332512084375 0.9021076125 0.301229909375 0.9029078125
5 0.339333009375 0.8935721484375 0.329392884375 0.9030756500000001 0.3360401484375 0.9191785421875001 0.3595605796875 0.89223848125 0.351328428125 0.8802354843750001 0.339333009375 0.8935721484375
0 0.4350611671875 0.8821026171874999 0.40164645937500004 0.8823657703125001 0.4023677671875 0.9202454765624999 0.41342237031250006 0.9191785421875001 0.42353615624999996 0.9135771437500001 0.43129789843750005 0.9045082125 0.435296371875 0.8919717484374999 0.4350611671875 0.8821026171874999
5 0.44152413125 0.8796014718749999 0.44139039999999996 0.895384825 0.5333552890625 0.8956515578124999 0.5333552890625 0.87991429375 0.44152413125 0.8796014718749999
5 0.517831803125 0.45631635 0.46748740624999996 0.4557858515625 0.46679246562500004 0.46618548125 0.49007769375 0.4667189484375 0.5180670078125 0.46618548125 0.517831803125 0.45631635
0 0.4435072390625 0.45631635 0.41067081562499996 0.455518390625 0.41104904218750005 0.49339227656249995 0.41998680625 0.49339227656249995 0.43198222656249996 0.4869906765625 0.43809753906250004 0.478988678125 0.44327203437499996 0.4659187484375 0.4435072390625 0.45631635
5 0.395995965625 0.4856570109375 0.395995965625 0.46751914843750003 0.3862110671875 0.467522940625 0.38635258906250003 0.50726240625 0.3964663734375 0.5075291390625 0.395995965625 0.4856570109375
5 0.514522509375 0.28159405312499997 0.451095925 0.28079652187500004 0.451487753125 0.2973313171875 0.47641941093750007 0.297064584375 0.514522509375 0.29759805 0.514522509375 0.28159405312499997
0 0.43196579375 0.3080006484375 0.4352586546875 0.29679785000000003 0.4354938578125 0.28612851875 0.40217960937499997 0.28442435 0.40256525468750004 0.32347117812500004 0.41361985625 0.321870778125 0.42326323437499996 0.3170695796875 0.43196579375 0.3080006484375
5 0.0177828578125 0.35046853125 0.0170837375 0.31677296718750003 0.0030167593749999997 0.3177318578125 0.0020526515624999997 0.3750464703125 0.0181324171875 0.3758393078125 0.0177828578125 0.35046853125
3 0.311015509375 0.096674853125 0.2376224515625 0.0975602921875 0.2376224515625 0.1011020515625 0.156031234375 0.10198749062500001 0.1552504578125 0.074981578125 0.09044595 0.07365341875 0.0896651734375 0.10198749062500001 0.0209567796875 0.10198749062500001 0.020176003125 0.28135679062499996 0.0061220125 0.28135679062499996 0.004950846875 0.315003503125 0.0033892921875000002 0.3145607828125 0.0029989046875000002 0.373442528125 0.007293178124999999 0.373885246875 0.007293178124999999 0.517326490625 0.0186144484375 0.51644105 0.06507069062500001 0.4628719453125 0.1322564390625 0.46198650468749997 0.24468835625000002 0.461543784375 0.24468835625000002 0.4278970734375 0.24937301875 0.4278970734375 0.24898263125 0.458002025 0.2610846765625 0.45755930468750006 0.27709060937499996 0.446934028125 0.28685032499999996 0.4278970734375 0.3887417484375 0.427011634375 0.3887417484375 0.4628719453125 0.4117746765625 0.462429225 0.4117746765625 0.492976896875 0.42504788906249996 0.4894351375 0.43988265625 0.47836714062499996 0.44612887343749996 0.4633146640625 0.5495818515625001 0.46198650468749997 0.5491914640625 0.2817995109375 0.3998644 0.2830414625 0.3992433328125 0.10065933125 0.311015509375 0.10065933125 0.311015509375 0.096674853125
3 0.0172395578125 0.4021667 0.006137628125 0.3963752375 0.0056935515625 0.5585446640625 0.0054715125 0.63408546875 0.0589828109375 0.633833665625 0.058760773437500004 0.6360998906249999 0.1189332296875 0.63534448125 0.1189332296875 0.6333300609375 0.1628968703125 0.6335818625 0.1868770375 0.6043727515625 0.1842125734375 0.6010993171875 0.191317809375 0.5940488421875 0.19106919375 0.489903971875 0.19176188593750002 0.4563042765625 0.0654219296875 0.4573114875 0.0172395578125 0.4021667
3 0.3866530265625 0.8318495515625 0.3866530265625 0.8931762624999999 0.40230708125000003 0.8925710656250001 0.40266285625 0.9198049671874999 0.408177353125 0.9202084312500001 0.41547071874999997 0.9181911062499999 0.4248987296875 0.912139128125 0.4302353390625 0.9048767546875001 0.4348604015625 0.8939831937499999 0.44179799375 0.8941849265625 0.44215376875 0.8960005203125 0.5330540203125 0.8955970546875 0.5328761328125 0.8939831937499999 0.547818640625 0.8937814609375 0.5474628671875 0.8110654203125 0.5476407546875001 0.7454977859375 0.5474628671875 0.6325195859375 0.5476407546875001 0.5455660265625 0.5474628671875 0.45619848281250003 0.4585193703125 0.4566019484375 0.38683091406250003 0.4566019484375 0.3867185734375 0.5543699046875 0.3866530265625 0.6837687453125 0.3870088 0.7670888484375 0.3866530265625 0.8318495515625
3 0.268344178125 0.91785668125 0.3376027546875 0.917599165625 0.3589480203125 0.8939076171875 0.3936908453125 0.89287755 0.3939179234375 0.76565699375 0.394372078125 0.6755261031249999 0.29582053125 0.6760411359375 0.2517675359375 0.6760411359375 0.24495521718750002 0.670375765625 0.237461665625 0.68016140625 0.21271024062500002 0.70694315625 0.21266081250000002 0.8007920046875 0.21271024062500002 0.8941651328125 0.24654475781250001 0.8936501 0.268344178125 0.91785668125
0 0.867249253125 0.4159995453125 0.8767365328125001 0.42179287656250003 0.8881699218750001 0.42289636875000003 0.8882452921875 0.384662803125 0.8545995468750001 0.38482591093749996 0.8558158640625001 0.3991713 0.8604378718750001 0.40882684999999996 0.867249253125 0.4159995453125
0 0.8803854875000001 0.5053854624999999 0.8777095875 0.51421339375 0.8772230593750001 0.5249724359375 0.9103069078124999 0.525248309375 0.910428128125 0.486853303125 0.9005763640625 0.48662610624999997 0.8913323484375001 0.4915918171875 0.8847642312499999 0.49848864062500003 0.8803854875000001 0.5053854624999999
3 0.6904167250000001 0.5810618859375001 0.7956135468750001 0.5806296453125 0.9065275890625 0.5793329234375 0.9069087375 0.5387023171875 0.9095767718750001 0.5387023171875 0.9099579203125 0.47775640781249995 0.887851340625 0.4786208890625 0.887440759375 0.34540604375 0.690797871875 0.345923059375 0.690797871875 0.4621957515625 0.6904167250000001 0.5810618859375001
1 0.1546902828125 0.11573507812499999 0.1538474078125 0.07700197656249999 0.11844666562499999 0.0774801640625 0.0902103609375 0.0755674171875 0.08993654375 0.10928655000000001 0.0897889234375 0.11430051875 0.120553853125 0.11573507812499999 0.1546902828125 0.11573507812499999