5 0.07445452031250001 0.7527542078125 0.046663903125 0.7527542078125 0.0359062453125 0.7527542078125 0.029441706249999998 0.7532701765625001 0.029182709374999997 0.7714791640625001 0.09865925156250001 0.7704670046875 0.0982110171875 0.7527542078125 0.07445452031250001 0.7527542078125
5 0.1246569265625 0.7704670046875 0.16948050312500001 0.7694548453125 0.16948050312500001 0.7669244453124999 0.16768756093749998 0.7537663671875 0.1546887234375 0.7537663671875 0.10314160937500001 0.7557906875 0.10314160937500001 0.7704670046875 0.1246569265625 0.7704670046875
0 0.23133703906249997 0.7542724468750001 0.17172168125 0.7537663671875 0.17172168125 0.756802846875 0.1725469796875 0.7596808296875001 0.1995123 0.7922284421875 0.21295937343750002 0.8038682796875 0.2290958609375 0.7694548453125 0.23133703906249997 0.7542724468750001
5 0.3563948171875 0.7502238078125 0.329500671875 0.7492116484375 0.29946887499999997 0.749717728125 0.2940900453125 0.749717728125 0.28826298125 0.749717728125 0.28871121718750004 0.7704670046875 0.3321900859375 0.769960925 0.357739525 0.7704670046875 0.3563948171875 0.7502238078125
0 0.39791205625 0.5598957234374999 0.39791205625 0.5862336453125 0.42752008437500005 0.5761036749999999 0.44546434375 0.5639477109375 0.42752008437500005 0.537609790625 0.401500909375 0.5132978625 0.39791205625 0.5132978625 0.39701484374999996 0.5295058140625 0.39791205625 0.5598957234374999
5 0.4124168859375 0.48546035 0.41279546875 0.4679353296875 0.39803069999999996 0.46708045 0.3975639765625 0.46751435781249995 0.39727353125 0.491444503125 0.397652115625 0.508969525 0.41203830156250004 0.5093969640625 0.4124168859375 0.48546035
0 0.3181495078125 0.497856096875 0.30073465 0.4824682734375 0.28029112343749996 0.46237861562499993 0.2681764390625 0.4871701078125 0.2660979859375 0.507125653125 0.2662835203125 0.5068323265625 0.3215567625 0.5068323265625 0.3181495078125 0.497856096875
0 0.2465971609375 0.4713548453125 0.24886866406250002 0.441434078125 0.24318990624999998 0.44100663906250004 0.24318990624999998 0.441434078125 0.20911735937499998 0.48759754843750003 0.2242607140625 0.4961463390625 0.24508282499999998 0.5012756125 0.2465971609375 0.4713548453125
0 0.2553045890625 0.3824433265625 0.2685550234375 0.38458052343750004 0.26893360624999996 0.34482864687500003 0.269312190625 0.329013384375 0.26811665625000003 0.318330790625 0.25114016562499997 0.33627985625 0.2280465515625 0.368337821875 0.2394040671875 0.3760317328125 0.2553045890625 0.3824433265625
0 0.3064134078125 0.1333789984375 0.2799125390625 0.15389609531249998 0.26514776875 0.165864403125 0.260983346875 0.168429040625 0.2659049359375 0.17184855625 0.266602653125 0.172281971875 0.3177709234375 0.180397346875 0.3196638421875 0.16329976562499998 0.3154994203125 0.1491942609375 0.3064134078125 0.1333789984375
5 0.3919733578125 0.1273948453125 0.34995055 0.1273948453125 0.32534260000000004 0.12696740625 0.32489179687499997 0.1272561828125 0.3245854328125 0.14534730468749998 0.3556293078125 0.1457747453125 0.391216190625 0.144919865625 0.3919733578125 0.1273948453125
5 0.41279546875 0.1940754109375 0.413174053125 0.173130875 0.39916645 0.173130875 0.398320978125 0.1725669453125 0.397652115625 0.2150199484375 0.39803069999999996 0.2385291234375 0.4124168859375 0.2385291234375 0.41279546875 0.1940754109375
5 0.06452436875 0.1655925296875 0.08486270312500001 0.1547153359375 0.10876916562500001 0.1426295640625 0.1326756296875 0.13900383125 0.16086384843749998 0.1418238453125 0.1897656921875 0.1547153359375 0.228658296875 0.184124046875 0.239719496875 0.168009684375 0.2158130328125 0.1462552953125 0.1812021828125 0.12852949687499998 0.14766177187500001 0.1184580203125 0.1044874109375 0.1220837515625 0.0573881109375 0.1454495765625 0.030095778125 0.1688207265625 0.02991351875 0.1692182625 0.039547465625 0.184124046875 0.06452436875 0.1655925296875
3 0.2252817984375 0.785104875 0.23168767343750002 0.7699822843749999 0.24857588593750002 0.7712972921875 0.2474111828125 0.43785658281249995 0.2683758625 0.4049813875 0.2677935109375 0.182212140625 0.2689582140625 0.178267115625 0.2654641015625 0.17037706875 0.2351817859375 0.17037706875 0.18160538125 0.1328993453125 0.13559955625 0.12369429218750001 0.09599960468749999 0.128954321875 0.061640823437500006 0.1473644328125 0.032523212499999996 0.16708955 0.0156349984375 0.16708955 0.0016585453125 0.167747053125 0.0010761921875 0.7726123 0.17345245 0.771954796875 0.2130524015625 0.8127200390624999 0.2252817984375 0.785104875
3 0.4454691421875 0.573358378125 0.45157613906250005 0.558802065625 0.4359693703125 0.5388829015625001 0.411541384375 0.5166653703125 0.411541384375 0.457674 0.33079331875 0.458440121875 0.3301147640625 0.497512328125 0.321293546875 0.49827845000000004 0.30975810937500003 0.48372213750000004 0.2927942296875 0.46763358125 0.2785445703125 0.455375634375 0.261580690625 0.49827845000000004 0.24054548125 0.49981069375000003 0.239498715625 0.50135093125 0.24122403593750003 0.7671871703125 0.4108628296875 0.7679532921875001 0.4108628296875 0.58408408125 0.4454691421875 0.573358378125
5 0.7546250453125001 0.7502009000000001 0.7120583218750001 0.7495043796874999 0.67010850625 0.7495043796874999 0.6583872359375 0.7495043796874999 0.6448152359375 0.7502009000000001 0.63550174375 0.7502136421875 0.6343277828125 0.7703999875 0.688615778125 0.7697034656249999 0.7564757734375 0.7710965062499999 0.7546250453125001 0.7502009000000001
5 0.9437057609374999 0.7519329921875 0.9080808015624999 0.7519329921875 0.8852808265625001 0.7511285453125 0.8751246953124999 0.7515374718750001 0.8742370890625001 0.7688263609375 0.9184120390625001 0.7696308078125 0.9433495109375001 0.7704352531249999 0.9437057609374999 0.7519329921875
0 0.88917920625 0.5892003406249999 0.8676432937499999 0.5899154906249999 0.8359728343749999 0.5899154906249999 0.8358213703124999 0.5906358109375 0.8616259062499999 0.6181639046875 0.87366068125 0.6303214484375 0.8837952281250001 0.6156608796875 0.88917920625 0.5892003406249999
0 0.8695435203124999 0.5598792031250001 0.87967806875 0.5745397718749999 0.8907627296875 0.5859821671875001 0.8974135249999999 0.5863397421875 0.8981324624999999 0.5560266875 0.8977302296874999 0.5373519875 0.88316181875 0.5391398609375 0.869860225 0.544145909375 0.862259315625 0.54986710625 0.8695435203124999 0.5598792031250001
0 0.828132875 0.5100140843750001 0.8376675515625 0.5119138109375 0.836545825 0.47075308125 0.8359849625000001 0.45745500000000006 0.8357078859374999 0.455345903125 0.8141112890625 0.458088240625 0.8000897046875 0.47138632343750003 0.8157938796875 0.49165006718750004 0.828132875 0.5100140843750001
0 0.835003625 0.38282539843749996 0.8235691656249999 0.392661634375 0.8083232203125 0.41294886875000003 0.7996112515625 0.42647369218750003 0.8126792046875 0.43753945781250003 0.8377261140625001 0.4418428109375 0.8382706125 0.4412280453125 0.8344591265625001 0.4043421625 0.835003625 0.38282539843749996
0 0.8976209 0.3865139859375 0.8981653984375001 0.37667775 0.8774744734375 0.35762004531249997 0.8546055546875 0.33794757343750004 0.846438084375 0.34962810312500003 0.8404486046875 0.3619233984375 0.839359609375 0.37544822187500004 0.8415376015625 0.3883582796875 0.8976209 0.3865139859375
5 0.6672982249999999 0.1582215328125 0.695067625 0.142852415625 0.7315489953125 0.1410081203125 0.7647633765624999 0.1520738859375 0.8007002484375001 0.1815825921875 0.8132237015625 0.16928729843749998 0.7996112515625 0.151459121875 0.7783758265625 0.13486047343750002 0.7228370265625 0.11703229687500001 0.6776436875 0.125639003125 0.643884809375 0.146541003125 0.62151614375 0.16540205 0.6210158906250001 0.165598709375 0.63081685625 0.1821973578125 0.6672982249999999 0.1582215328125
5 0.8889089312499999 0.1668282390625 0.8976209 0.142852415625 0.9183118265625 0.1434671796875 0.9243013046874999 0.16129535625 0.9341022703125 0.18404165156250002 0.9400917484375 0.1797382984375 0.9515262078125 0.1668282390625 0.9270237953124999 0.1225651796875 0.8872754374999999 0.12379470937499999 0.8664866046874999 0.16745136249999998 0.8660400140625001 0.16805776875 0.881285959375 0.1834268859375 0.8889089312499999 0.1668282390625
3 0.844260090625 0.345724771875 0.8551500515624999 0.3328147125 0.9085108609375 0.385684478125 0.9988975375000001 0.3869140078125 0.9988975375000001 0.1668282390625 0.9547931953125 0.1668282390625 0.9400917484375 0.1397785921875 0.928112790625 0.11826182656249999 0.8883644343749999 0.12010612031250001 0.8807414609374999 0.1280980625 0.8633175234375001 0.1668282390625 0.8295586437500001 0.16621347343749998 0.8294688453125 0.1666316375 0.8284696484375 0.385684478125 0.8388151109375 0.3869140078125 0.8371816171875001 0.366626771875 0.844260090625 0.345724771875
3 0.8382706125 0.20941881874999999 0.83663711875 0.16643380937500002 0.8132237015625 0.167048575 0.8039672359375001 0.147376103125 0.7838208078125 0.13077745624999998 0.7271930109375 0.11233451406249999 0.6999681078125 0.11540833749999999 0.673287703125 0.1190969265625 0.6498742875 0.1356955734375 0.6182934 0.167048575 0.6074034390625 0.1676633390625 0.5894350046875 0.167048575 0.590524 0.4510213515625 0.6705652140625 0.4504065875 0.83663711875 0.4504065875 0.8382706125 0.20941881874999999
3 0.8361622234375 0.6482315437499999 0.8361622234375 0.5219269171875001 0.8361622234375 0.4403551796875 0.8004265484375 0.4429865265625 0.714194809375 0.4421094109375 0.6451626171875 0.4410071484375 0.58953378125 0.43948788906249997 0.5906736703125001 0.7683963625 0.765467734375 0.76664213125 0.8363061609375 0.7663641390625 0.8361622234375 0.6482315437499999