3 0.7960496 0.7630827484375 0.79640164375 0.7569865375 0.802386234375 0.7576899453125 0.80291429375 0.712918709375 0.80291429375 0.6233887390625 0.80291429375 0.5265901984375 0.7269680515625 0.5265901984375 0.6639537046874999 0.5268246703125 0.614909196875 0.5268047734375 0.6154021625 0.6667531546875 0.615226146875 0.7630827484375 0.7960496 0.7630827484375
0 0.7889597203125 0.563250178125 0.77762608125 0.581492778125 0.78116784375 0.58448079375 0.7855360140625 0.587940596875 0.7915570093750001 0.590456815625 0.7971057765625 0.59250124375 0.802654534375 0.592973034375 0.8026869515625 0.5468874359375 0.802654534375 0.54815285625 0.798640534375 0.5475237984375 0.7889597203125 0.563250178125
5 0.7649471625 0.763624665625 0.7649471625 0.751230496875 0.7105163578125 0.75091671875 0.6508151359375 0.750625090625 0.650630515625 0.7637815515625 0.69121889375 0.763624665625 0.7649471625 0.763624665625
5 0.9061137499999999 0.7915144515625 0.9059895734375001 0.75694554375 0.897173665625 0.75678014375 0.897173665625 0.779274740625 0.845192896875 0.779274740625 0.8045900375 0.7791093421874999 0.8047142031250001 0.756449340625 0.795148625 0.75643036875 0.7958352765625001 0.791349053125 0.8229038484375 0.7915144515625 0.9061137499999999 0.7915144515625
0 0.8392008343749999 0.6918422734375 0.8417793437500001 0.687195228125 0.8452679 0.6770929515625 0.847694734375 0.6583027140625 0.8125304484375 0.6579331734375 0.8129607812499999 0.6629497609375 0.8276734109375001 0.6785072640625 0.8392008343749999 0.6918422734375
0 0.9407831859375 0.738472696875 0.9528482203124999 0.7257330093750001 0.9653546625 0.710053390625 0.9652075296874999 0.70436953125 0.9315512265624999 0.7053307875 0.9323965062499999 0.7159332515625 0.9347506687499999 0.7257330093750001 0.9407831859375 0.738472696875
5 0.9713578640625 0.7333588515625 0.9714497609375 0.7208722125 0.9713578640625 0.7081407390625001 0.9627192765625001 0.7081407390625001 0.9627192765625001 0.7190359421875 0.9629030796875 0.7331140140625 0.9713578640625 0.7333588515625
5 0.9712659640625001 0.6899265546875 0.9713578640625 0.644155265625 0.9711740671875001 0.6036479531250001 0.96275195625 0.603599978125 0.9625354796875 0.6481820109374999 0.96244358125 0.6899265546875 0.9712659640625001 0.6899265546875
3 0.9633207296874999 0.5902059734375 0.9642465703124999 0.592055909375 0.9966508624999999 0.592055909375 0.9968823171875 0.539673971875 0.997113790625 0.4502933484375 0.9404062796874999 0.449985025 0.8528827109374999 0.4492653 0.8531461390624999 0.5757148187500001 0.8654134859375 0.5908226203125 0.9633207296874999 0.5902059734375
0 0.8730464984375 0.5572909734375 0.8778660328125 0.5526817312500001 0.865384659375 0.53309244375 0.8554984203125 0.5183763265625 0.8524225390625 0.5185656062499999 0.8527797046875 0.56436945625 0.8597000734375 0.5635463765625001 0.8676090656250001 0.56074790625 0.8730464984375 0.5572909734375
5 0.9969173015624999 0.573940446875 0.9970075265625 0.5406611265625 0.99709775 0.515902359375 0.9880969109375 0.516018240625 0.988075159375 0.5389656796875 0.9882556156250001 0.573940446875 0.9969173015624999 0.573940446875
3 0.8425450124999999 0.45677168906250004 0.9369168406249999 0.45693227187499996 0.9967108296875 0.45725344375 0.9967108296875 0.3342962859375 0.996469728125 0.26703662499999997 0.922691615625 0.2675183796875 0.9087075390624999 0.23700712968749998 0.8761869984375 0.2368465453125 0.8614795984375 0.26735779375 0.7974774906250001 0.2673010265625 0.797495071875 0.3861397296875 0.797615621875 0.45677168906250004 0.8425450124999999 0.45677168906250004
5 0.9154163875 0.27774757656250004 0.9240961562500001 0.2695577140625 0.9092682171875 0.2372192703125 0.8761163078124999 0.23673751406250002 0.8600489874999999 0.2673010265625 0.8682759109375 0.2774349640625 0.8814161234375 0.24917191249999998 0.90323610625 0.24917191249999998 0.9154163875 0.27774757656250004
3 0.8032587015624999 0.5337537484375 0.80282999375 0.47525045312499997 0.8024013015625 0.376217059375 0.8024013015625 0.2677611640625 0.7718272265625 0.2677611640625 0.7716128796875 0.2258640609375 0.741603996875 0.17675283125000002 0.6779422828125 0.1770383625 0.64578990625 0.22592030312500003 0.64578990625 0.2678932734375 0.6153113453125 0.2672851984375 0.6154642984375001 0.4181595921875 0.615035596875 0.5343248 0.8032587015624999 0.5337537484375
5 0.6836101125 0.1889777796875 0.736778625 0.18953420625 0.7618413078125 0.23052420156250003 0.7621197890625 0.275203934375 0.771727153125 0.274647509375 0.772144859375 0.22660945625 0.742208875 0.176464296875 0.6780205578125 0.176649771875 0.6466677921875 0.22598615312499998 0.644540496875 0.26724835625 0.6472692109375 0.274081196875 0.6559019203124999 0.274081196875 0.656319625 0.22996777812500002 0.6836101125 0.1889777796875
0 0.8102297640625 0.45020781249999997 0.809703490625 0.4566925234375 0.843354009375 0.45671216875000004 0.8432220312500001 0.451965746875 0.818015940625 0.42401458593749997 0.81405686875 0.4317494984375 0.81168143125 0.44053917187499997 0.8102297640625 0.45020781249999997
0 0.7775616921874999 0.5036209140625 0.785815490625 0.5092463015625001 0.7938656015625 0.513113759375 0.8025755578125 0.5143630515625001 0.8026881953125 0.46877302656250003 0.798808715625 0.469378159375 0.787855278125 0.48692053281250003 0.7775616921874999 0.5036209140625
5 0.448824834375 0.76208521875 0.4489256046875 0.7502725640625 0.440964715625 0.7502725640625 0.42828795937499997 0.7502534468750001 0.4279652984375 0.76221945625 0.43774005625 0.76208521875 0.448824834375 0.76208521875
0 0.4857953765625 0.717990971875 0.479950671875 0.71450086875 0.472090553125 0.7119504078125 0.46483775312500003 0.7113419734375 0.46483506406249997 0.7559794 0.469168209375 0.7559794 0.4913377671875 0.7228234234375 0.4857953765625 0.717990971875
3 0.42902042968750004 0.5900078265625 0.47212314375000003 0.5906733703125 0.4980483546875 0.5905711984375001 0.49881537343750004 0.523944346875 0.49812505625 0.4478563953125 0.47790458906250005 0.44795856875 0.471078125 0.46735029531250005 0.460111046875 0.46735029531250005 0.453677721875 0.44835700625 0.42482750156250004 0.44876569687499995 0.35438771875 0.4483738234375 0.35432579375 0.5744610671875 0.367330665625 0.5900078265625 0.42902042968750004 0.5900078265625
5 0.49854509687500004 0.563552090625 0.49854509687500004 0.5293348921875001 0.498446240625 0.48864403593750005 0.48976429687499995 0.48870726875 0.4902411015625 0.5232703328125 0.4901422453125 0.563552090625 0.49854509687500004 0.563552090625
0 0.3867424203125 0.481264428125 0.38999690781249996 0.47430176093750004 0.3922651921875 0.467601834375 0.3938431265625 0.45840585625 0.3944348515625 0.44868439687499995 0.3609323875 0.44847381249999996 0.3611009640625 0.4532823875 0.3703713375 0.46326658906249996 0.3867424203125 0.481264428125
3 0.3620915453125 0.45525247812499997 0.3866445421875 0.48130363281250005 0.3887857921875 0.477880853125 0.392069034375 0.4697042140625 0.3946385375 0.45582294062499995 0.43501813437500003 0.4560130921875 0.43530364062500004 0.475218696875 0.4983991125 0.476549771875 0.49868461875000003 0.34254155937499997 0.4982563640625 0.2663719234375 0.49054786562499997 0.266752234375 0.49054786562499997 0.26827346875 0.4866936203125 0.26846362031250004 0.4617123796875 0.24184200156250002 0.45885738125 0.247356478125 0.45571687499999997 0.2571743765625 0.45357562656250006 0.267823025 0.38540123125000003 0.267823025 0.29890684843750004 0.267575784375 0.29895955937499996 0.376178628125 0.29895955937499996 0.45563278125 0.3620915453125 0.45525247812499997
5 0.3627304609375 0.2757380546875 0.3625271921875 0.26716379375 0.3382972703125 0.26698328125000004 0.3083905125 0.26706453125 0.308768390625 0.2759185625 0.3278365390625 0.27582830937499997 0.3627304609375 0.2757380546875
0 0.34115770156249997 0.42942030156250005 0.33725983125000003 0.422151109375 0.3116313296875 0.4510980640625 0.311418890625 0.4549740640625 0.345737696875 0.455511503125 0.3456402515625 0.4444779078125 0.343301528125 0.43591065 0.34115770156249997 0.42942030156250005
3 0.1180474515625 0.397876765625 0.11821405 0.532317359375 0.18513095468750002 0.532539290625 0.20109028750000002 0.5500715390625001 0.21025339375000002 0.558948628125 0.213252228125 0.550737328125 0.21625106875000003 0.5396409656250001 0.2185834921875 0.5482961234375 0.2234149515625 0.558948628125 0.24740563437500002 0.5323291890624999 0.30471670781250004 0.5325511203125 0.30471670781250004 0.47687103437499995 0.30471670781250004 0.3765954109375 0.3045500953125 0.2678983765625 0.2725346234375 0.2678983765625 0.2720348125 0.22571137812500003 0.26853617343749997 0.2201631984375 0.2452119 0.18199170625 0.2453785 0.175999671875 0.179304890625 0.17577774375 0.148483528125 0.22572982812500003 0.1493165390625 0.26545480625 0.116936559375 0.2654227265625 0.1168812359375 0.3466470625 0.11838065625000001 0.3468689859375 0.1180474515625 0.397876765625
3 0.11754433281250001 0.76168909375 0.1499076453125 0.7622382765625 0.1727887234375 0.8058980078125 0.249712790625 0.80617259375 0.2727999921875 0.761154553125 0.30475104062499997 0.761978321875 0.304338775 0.6617970546875 0.32371552812500004 0.6291208984375001 0.3154451265625 0.6219815750000001 0.304313790625 0.6181373234375 0.3045199234375 0.5261791062500001 0.1176146046875 0.52534023125 0.11795659843749999 0.5802586015625 0.11754433281250001 0.6881283781249999 0.11754433281250001 0.76168909375
5 0.274413675 0.7585415609374999 0.26596209531250004 0.7503038765625 0.24369943906249997 0.7928652515625 0.17917893125 0.7931398359374999 0.15704628125 0.7497214421875 0.14887696718750001 0.7590907421875001 0.17237645937499999 0.8065947265625001 0.24967738125 0.8068693109374999 0.274413675 0.7585415609374999
0 0.31854918906249996 0.6228765015625 0.3077646859375 0.6185154546875 0.29871425625 0.6174024640625 0.2985208453125 0.663665153125 0.302757603125 0.6641782218750001 0.32471174999999997 0.6303159453125 0.31854918906249996 0.6228765015625
0 0.3622927609375 0.7254554921875 0.34776316875 0.74158431875 0.337774075 0.753882546875 0.3373581984375 0.761056784375 0.37076835625000004 0.760938909375 0.3703143125 0.7476326281250001 0.367892715625 0.7385601640624999 0.3622927609375 0.7254554921875
0 0.27906630625 0.5096814359375 0.2819054140625 0.5116719187500001 0.287583621875 0.5152547890625 0.296399796875 0.5198329078125 0.30431941406249996 0.521823390625 0.3046643046875 0.47507511406249997 0.30133088125 0.475644165625 0.291916996875 0.48997565 0.27906630625 0.5096814359375
5 0.15799473125000002 0.2282175765625 0.14886015156250001 0.2266327984375 0.14965448750000002 0.26889399531249997 0.15918620156250002 0.2715353359375 0.1575976140625 0.254102584375 0.15799473125000002 0.2282175765625
5 0.17229236406249998 0.209200046875 0.185001340625 0.188597696875 0.1786468515625 0.180673721875 0.1683207828125 0.1965216734375 0.1512430921875 0.221878421875 0.1524345625 0.2250479984375 0.156803278125 0.229274115625 0.17229236406249998 0.209200046875
5 0.23901455781249997 0.18489985 0.24020599374999999 0.1743345453125 0.20843355312499998 0.1743345453125 0.1853985078125 0.17644759375000002 0.1865899796875 0.18595636875 0.2124051 0.18595636875 0.23901455781249997 0.18489985
5 0.2708298328125 0.27124736718750003 0.27056025 0.2536761765625 0.27136901875 0.22714012499999997 0.266516296875 0.2282158984375 0.2673250640625 0.24937303437499997 0.26570750468750004 0.27088876093750003 0.2708298328125 0.27124736718750003
0 0.2673250640625 0.2196095984375 0.2465661515625 0.18482583125000002 0.2460269640625 0.18410865625 0.23955665937499998 0.19594229375 0.233625540625 0.2120790890625 0.264629109375 0.22355416562500002 0.2673250640625 0.2196095984375
0 0.4628791078125 0.2422609375 0.45932749843750004 0.2473224359375 0.4557759109375 0.261157196875 0.45425378906249997 0.27262993125 0.48723300781249995 0.27600426875 0.48647194687499995 0.2702679109375 0.4628791078125 0.2422609375
5 0.49046196875000003 0.365190665625 0.49818180625 0.3648239140625 0.4979060890625 0.32375068906250004 0.498457546875 0.277176571875 0.49046196875000003 0.277176571875 0.4910133796875 0.27791001406250004 0.491289096875 0.319349975 0.49046196875000003 0.365190665625
0 0.08530620625 0.513626175 0.0905558296875 0.5221933390625 0.1156184921875 0.49356097656250003 0.11511047187500001 0.4879246828125 0.0809033078125 0.488232909375 0.0803952890625 0.4969427515625 0.081919359375 0.50460810625 0.08530620625 0.513626175
1 0.2514921421875 0.5326524484374999 0.253229578125 0.5251380984375 0.17852033125 0.5262941609375 0.176131359375 0.5261496375 0.20849089531249998 0.5632879203125001 0.21674367343749998 0.5465251109375 0.2254307796875 0.5615538375 0.2514921421875 0.5326524484374999