5 0.44110344687499997 0.43137610468750004 0.4045119875 0.43099441406250005 0.367289659375 0.4302310078125 0.3483630921875 0.42984930625000006 0.3462421515625 0.4295858609375 0.34583953749999996 0.4462624609375 0.39504870625 0.4462624609375 0.44110344687499997 0.4462624609375 0.44110344687499997 0.43137610468750004
0 0.1950575 0.48786791875 0.1805471046875 0.479470484375 0.1584660421875 0.4672560359375 0.145217425 0.460003709375 0.12565991875 0.4767985671875 0.11935106250000001 0.49702873593749997 0.139539440625 0.49664704375 0.195688371875 0.49664704375 0.1950575 0.48786791875
5 0.1152285953125 0.4986177890625 0.1152285953125 0.48522871093750003 0.0611333984375 0.4844848703125 0.031626918749999997 0.483988978125 0.0313159859375 0.484501884375 0.031626918749999997 0.49787395625 0.05908432031250001 0.498121896875 0.09063987812499999 0.4986177890625 0.1152285953125 0.4986177890625
0 0.17543339375 0.31006839375 0.1760143453125 0.29600847343750003 0.0958409921875 0.29565697343749997 0.098164865625 0.2998749453125 0.10571740468749999 0.3058504125 0.12082254375000001 0.3160438609375 0.15045184218750002 0.3318612796875 0.1638140625 0.3251828125 0.17543339375 0.31006839375
0 0.20143649218749998 0.23659111875 0.21243501406249998 0.21425145625000003 0.2171487265625 0.19618960000000002 0.173154553125 0.19381304531250002 0.1554645421875 0.200103753125 0.1558711796875 0.201893334375 0.18415311875 0.2389676734375 0.20143649218749998 0.23659111875
0 0.07259737031249999 0.1376550703125 0.085648303125 0.1297589515625 0.1024280625 0.120058015625 0.11958069687499999 0.1069730328125 0.120326465625 0.1013329484375 0.064766821875 0.1022353640625 0.051309829687499996 0.1024877125 0.0517158890625 0.117125178125 0.0558176109375 0.124344478125 0.06029220625 0.1304357640625 0.07259737031249999 0.1376550703125
5 0.0499250734375 0.1006543234375 0.0408575296875 0.10031144375 0.0340568640625 0.10031144375 0.024705949999999997 0.100482884375 0.024422596875 0.1006543234375 0.024705949999999997 0.1131694375 0.0385906359375 0.1136837578125 0.050491796874999995 0.11385519375 0.0499250734375 0.1006543234375
5 0.1468344828125 0.1009972046875 0.137483584375 0.100482884375 0.127849303125 0.100482884375 0.1230321609375 0.1006543234375 0.12262211406250001 0.10086435625000001 0.1218987140625 0.113340878125 0.138333646875 0.11351231718749999 0.1459843890625 0.1136837578125 0.1468344828125 0.1009972046875
5 0.23518608593749998 0.044654760937499996 0.2546665984375 0.029725637500000002 0.2832379984375 0.017939490625000002 0.310510659375 0.014010773437499999 0.34492620625 0.0210824625 0.3702508671875 0.030118509375 0.39687419375 0.0422975296875 0.40986115468750006 0.0540836765625 0.41960144687499995 0.0682270546875 0.44297803281250003 0.063905475 0.44167929375000003 0.056440912499999996 0.42869233281249997 0.036797326562499996 0.4176533734375 0.027368410937499997 0.3721988671875 0.0057604703125 0.3234976921875 0 0.2864847390625 0.00143888125 0.24947178593750002 0.0085105703125 0.22544586562500002 0.0175466171875 0.207913425 0.030511382812499998 0.1832381359375 0.057226659375 0.18388746875 0.0584052671875 0.2098614625 0.0650840828125 0.23518608593749998 0.044654760937499996
3 0.22909791093749998 0.43445532656249997 0.20251545937499998 0.43360885 0.20041685937499998 0.2955246875 0.0828944515625 0.2963711515625 0.0234337078125 0.2955246875 0.010842021875 0.2955246875 0.0045461796875000005 0.29510145 0.0031471375 0.4975176140625 0.06960324531249999 0.4962478984375 0.23049702968750002 0.4975176140625 0.22909791093749998 0.43445532656249997
3 0.2212976125 0.1947282703125 0.218068378125 0.20742769375 0.2091879625 0.23771091875 0.1873906984375 0.241618415625 0.1873906984375 0.44300288749999994 0.3932537734375 0.44495662343750003 0.473177071875 0.44495662343750003 0.4723697859375 0.0723689015625 0.44653600156250006 0.0728573421875 0.4457286265625 0.065042309375 0.440077534375 0.0420856765625 0.4150510359375 0.020105925 0.3900245390625 0.007406515625 0.365805328125 0.002522125 0.3181742796875 0.00045306875 0.27377246718750003 0.0015452578125 0.2354737921875 0.008953859375000001 0.201027078125 0.0320602703125 0.1793176578125 0.05478510156250001 0.178494621875 0.0713152515625 0.162924459375 0.071619134375 0.1474088703125 0.0720532203125 0.150254640625 0.1961936046875 0.1655934359375 0.19082077343749998 0.20192220781249998 0.1898438921875 0.2212976125 0.1947282703125
0 0.6503587828125 0.41060683437499995 0.669573034375 0.40047215625000004 0.6833679046875 0.389145159375 0.658734215625 0.38854900312499996 0.621291034375 0.3888470796875 0.6024305625 0.389644828125 0.6055254921875 0.40702989062499995 0.6163643125 0.41776072812500004 0.6296664937500001 0.4243184609375 0.6503587828125 0.41060683437499995
5 0.61049026875 0.485452315625 0.58317763125 0.485452315625 0.5661072296875 0.4851080578125 0.5618396421875 0.48562445312499997 0.5621241421875001 0.49836230312499996 0.5860226890625 0.499050828125 0.610235078125 0.49864944375000003 0.61049026875 0.485452315625
5 0.7090279359375 0.486119278125 0.6786599296875 0.4857704140625 0.6646291546875001 0.4858867046875 0.648676359375 0.48542155468750003 0.6393700546875001 0.4853344 0.639835040625 0.497747971875 0.6692420265625 0.49763168750000003 0.7084513218749999 0.4978642625 0.7090279359375 0.486119278125
5 0.9280847203124999 0.43148565312500003 0.8818621562500001 0.431906190625 0.8474558999999999 0.431695921875 0.814787328125 0.43148565312500003 0.8077308546875 0.43263316874999996 0.8078365859375 0.445573640625 0.8936784640625 0.44599417968750005 0.927389621875 0.445783915625 0.9280847203124999 0.43148565312500003
0 0.7653252734375 0.2535064296875 0.7516602015625 0.24497204843749998 0.7000855968749999 0.279376275 0.70713853125 0.28150987031249997 0.7079825578125 0.2814411375 0.7785495234375001 0.27964297656250003 0.776345484375 0.269775096875 0.77281900625 0.2609740140625 0.7653252734375 0.2535064296875
3 0.7374883609375 0.4442943578125 0.9970014765625 0.4433868 1 0.2364584609375 0.8124921078125 0.2364584609375 0.7638775250000001 0.235109396875 0.6894859703125 0.28456021875 0.6864858109374999 0.3989153484375 0.7389884 0.3971001828125 0.7374883609375 0.4442943578125
0 0.7592910875000001 0.2372229609375 0.760851859375 0.2312424375 0.760851859375 0.22494715625 0.7577303734374999 0.1915821828125 0.7395215765625001 0.1918969484375 0.7181912640625 0.19850699375 0.6979449390625 0.20784226249999999 0.6973812203125 0.20920896406249997 0.75252781875 0.2372229609375 0.7592910875000001 0.2372229609375
0 0.69634074375 0.206061325 0.6921787234375001 0.20071033906250002 0.6776116796875 0.197247934375 0.6583624078125 0.1956741171875 0.63599161875 0.19693316875 0.6445782062500001 0.23446205625 0.6469168796875 0.23627865781250001 0.6521194046875001 0.23816724687500002 0.69634074375 0.206061325
5 0.66388556875 0.0854868875 0.66388556875 0.07078865625 0.621371665625 0.0697387828125 0.58189444375 0.0692138453125 0.5706667953125 0.0696456296875 0.570181425 0.0839120796875 0.6031514062500001 0.0846994875 0.6482682125 0.085224425 0.66388556875 0.0854868875
3 0.7042303999999999 0.199759075 0.7029289859375 0.197396859375 0.703362790625 0.071882959375 0.577990103125 0.0721454296875 0.565028540625 0.07219456875 0.5302703984375 0.0718385296875 0.53113803125 0.24437871718749998 0.6482682125 0.24490365625 0.6933850406250001 0.20842053906250002 0.7042303999999999 0.199759075
5 0.736645575 0.0653513609375 0.74944841875 0.0466905 0.76516099375 0.034367296874999995 0.7989139359374999 0.0206357234375 0.8198640328125 0.0160585375 0.8565267046875 0.01641063125 0.8780587343749999 0.0192273625 0.9042463578125 0.0280296484375 0.9275242499999999 0.040352853125 0.9449826859374999 0.063942990625 0.968260515625 0.058309528124999996 0.9554577359374999 0.039296584375 0.92170479375 0.015354353125000001 0.8984268999999999 0.00584788125 0.8640920234375 0.0009186031250000001 0.82859321875 0.0009186031250000001 0.8047333921875 0.0030311500000000003 0.7756360421874999 0.0100729828125 0.7500303515625 0.0195794546875 0.728498321875 0.034367296874999995 0.712116328125 0.0588987890625 0.7122037515625 0.059365795312500004 0.7122037515625 0.06006998125 0.736645575 0.0653513609375
3 1 0.0713272421875 0.9700063796875 0.0716793359375 0.96709665 0.061468678124999995 0.958949396875 0.042455734375 0.9432368234374999 0.026963696875 0.9176311343749999 0.013936309375 0.88795185 0.0068944859375 0.8588545 0.0009089296875 0.8344126765625001 0.0002047453125 0.7977500046875 0.002669384375 0.7669067921875 0.00900703125 0.7360636421875 0.024499059375 0.71336768125 0.050905928125 0.7110398859375 0.07203141874999999 0.6906717203125 0.07203141874999999 0.689075975 0.0722032359375 0.69183565 0.208391225 0.7570137390625 0.23937527812499998 0.7703985171875 0.2446566578125 1 0.2446566578125 1 0.0713272421875