5 0.16298300625 0.7742353640624999 0.12248610156249999 0.7733281125 0.10108059375 0.775142615625 0.10046696562499999 0.7757702515625 0.0999235390625 0.79238039375 0.1924878953125 0.79238039375 0.1924878953125 0.7769571171874999 0.16298300625 0.7742353640624999
5 0.44993250937499996 0.7760498671875 0.41695645781249996 0.775142615625 0.3689386984375 0.7724208609375001 0.36778164375 0.7733281125 0.368360171875 0.791473140625 0.4094356046875 0.79238039375 0.4510895640625 0.79238039375 0.44993250937499996 0.7760498671875
0 0.27435416562500003 0.7822895359375 0.27900413125 0.7783120171875 0.286613165625 0.7630648625 0.2937994765625 0.7458289484375 0.2857677171875 0.7365480734375 0.2751463765625 0.7343534765624999 0.27435416562500003 0.7431772703124999 0.27435416562500003 0.7597502640625 0.27435416562500003 0.7822895359375
0 0.2589927140625 0.559014096875 0.26251020468749997 0.557788284375 0.2703268484375 0.5400139937499999 0.2761893328125 0.5259171421875 0.273062675 0.5216267953125 0.25933775 0.5155014828125 0.2582110484375 0.5204009828125 0.25860188125 0.5332720203125 0.2589927140625 0.559014096875
5 0.41962477343750004 0.5032395984375 0.373115734375 0.500787971875 0.34263081875 0.500787971875 0.32504336718750004 0.500787971875 0.31560527031249996 0.502016890625 0.3156633921875 0.51672354375 0.3637357609375 0.51672354375 0.41923394218750004 0.5161106359375001 0.41962477343750004 0.5032395984375
5 0.244922753125 0.5185622624999999 0.24453192031249998 0.5020137859375 0.207012021875 0.5026266921875 0.1855162484375 0.5026266921875 0.1726187828125 0.501400878125 0.1607392546875 0.5020168328125 0.1605029828125 0.51794935625 0.1878612421875 0.51733645 0.23085279062500003 0.51794935625 0.244922753125 0.5185622624999999
0 0.10239057968750001 0.51237925625 0.1278941640625 0.5128620734375 0.1289024078125 0.5065375249999999 0.11377875 0.48519217968749995 0.10571280000000001 0.48123933750000003 0.103192190625 0.49072615781250006 0.10218394687500001 0.5002129796875 0.10202575 0.507605478125 0.10239057968750001 0.51237925625
0 0.150792434375 0.40256962031250004 0.155600334375 0.39942804062500004 0.16161020937499998 0.3874900375 0.16842140156250002 0.370525509375 0.1507605796875 0.3617407625 0.14959045937499998 0.36172908593750003 0.14959045937499998 0.3749237203125 0.150792434375 0.40256962031250004
0 0.126752934375 0.32842834375 0.119140428125 0.31774697343749997 0.107120678125 0.305808971875 0.10071014375000001 0.3227735 0.09830619375 0.334711503125 0.11433252812500001 0.3356539765625 0.125550959375 0.335968134375 0.126752934375 0.32842834375
3 0.25707876875 0.504804959375 0.25857430937500003 0.5634379421875 0.2760222796875 0.5626561703124999 0.275523765625 0.7893703734375 0.468946975 0.787025053125 0.468681703125 0.506381159375 0.45399157187499994 0.50558673125 0.3642591546875 0.50558673125 0.25707876875 0.504804959375
3 0.2606278890625 0.5642734515625001 0.268845015625 0.5532281640625001 0.276475203125 0.5302171484375 0.277062140625 0.521012740625 0.2606278890625 0.515490096875 0.2606278890625 0.508126571875 0.1297408046875 0.50720613125 0.113306553125 0.477752028125 0.0998069875 0.4768315875 0.0968723 0.508126571875 0.06869929531249999 0.5062856906250001 0.050288056250000004 0.508754771875 0.0505042296875 0.788860975 0.24184588593749998 0.787940534375 0.24184588593749998 0.5651938921874999 0.2606278890625 0.5642734515625001
5 0.6995097140625 0.5084174296875 0.672717778125 0.5084174296875 0.6445862453125 0.5084174296875 0.6325298734375 0.5078922375 0.6251620921875001 0.5084174296875 0.6251620921875001 0.5231228015625 0.6670244921874999 0.52364799375 0.7005144109375 0.5231228015625 0.6995097140625 0.5084174296875
5 0.8942109374999999 0.5090707828125 0.8712796140625001 0.5080855484375 0.8464635218750001 0.5095634015625 0.8463986453125001 0.510558734375 0.8464635218750001 0.5233567 0.9086608140625 0.522864084375 0.9089749406250001 0.5090707828125 0.8942109374999999 0.5090707828125
0 0.81152365625 0.29132896875 0.8166213890625 0.31891556875 0.822589815625 0.316945096875 0.83169951875 0.3046296515625 0.8398668406249999 0.29231420468749997 0.81724964375 0.29132896875 0.81152365625 0.29132896875
0 0.6896003078125 0.2922657671875 0.6931691890625 0.31054106406250004 0.696938721875 0.3199008046875 0.714844003125 0.2972403828125 0.7201841734375 0.29083635 0.704791915625 0.29083635 0.6896003078125 0.2922657671875
0 0.6654427234375 0.22831498749999998 0.6774725921875 0.224213828125 0.683487525 0.2164216203125 0.6779956296874999 0.203297903125 0.6659657625000001 0.1856629078125 0.6662272812500001 0.186073025 0.6646581671875 0.2065788328125 0.6654427234375 0.22831498749999998
5 0.63432198125 0.143010828125 0.6235997078125 0.14178047968750002 0.60503186875 0.14178047968750002 0.6042458796875 0.14178523125 0.6039857937499999 0.154904196875 0.6165386984375 0.155724428125 0.63379894375 0.155724428125 0.63432198125 0.143010828125
5 0.7792034265625001 0.14178047968750002 0.756451284375 0.1409602484375 0.736837371875 0.13972990000000002 0.7336991453125 0.13972990000000002 0.7281786671875 0.1404181109375 0.7279457296875 0.1540839640625 0.7590664734375 0.15531431406250001 0.7792034265625001 0.155724428125 0.7792034265625001 0.14178047968750002
0 0.8453665453125 0.2282868609375 0.8461837921875001 0.1988097640625 0.8459113765625 0.1859936328125 0.845854875 0.1847190984375 0.835287171875 0.200945784375 0.8279319546874999 0.2158979359375 0.830656109375 0.22102438750000003 0.8453665453125 0.2282868609375
5 0.914832490625 0.14199158750000002 0.90366345625 0.1415643828125 0.8905875140624999 0.14199158750000002 0.8839845703125 0.1418541890625 0.8843219578125 0.15523492187500001 0.9012117171874999 0.15523492187500001 0.914287659375 0.15523492187500001 0.914832490625 0.14199158750000002
3 0.8298388640625 0.22401481875 0.8420975593750001 0.2282868609375 0.8420975593750001 0.31671815625 0.9477947625 0.316290953125 0.9477947625 0.19282890156250002 0.9480671781250001 0.14498201875 0.9134704140625001 0.14498201875 0.8734253390625 0.144127609375 0.8418251437500001 0.1443412125 0.841678753125 0.1445599671875 0.8423699750000001 0.18941126875 0.8320181859375 0.20137298750000002 0.825480215625 0.21675234531249998 0.8298388640625 0.22401481875
3 0.948546271875 0.30983753125 0.91297765625 0.31192924375 0.8462865031250001 0.31053476875 0.8458418953125 0.2917093515625 0.8120517093749999 0.2917093515625 0.8009365171875 0.2917093515625 0.802270340625 0.443358546875 0.802270340625 0.5204033078125 0.9481016640625001 0.5204033078125 0.948546271875 0.30983753125
3 0.7186840937500001 0.2917093515625 0.6595512703125 0.2917093515625 0.5933047250000001 0.2917093515625 0.572395015625 0.2917171625 0.5728527703124999 0.5207519281249999 0.7622556484375 0.5204033078125 0.7604772171875 0.293103828125 0.7186840937500001 0.2917093515625