5 0.1581121375 0.80994045 0.1479477859375 0.7969092296875 0.1411715515625 0.7898924187499999 0.1287484546875 0.802923640625 0.128371996875 0.8034248406250001 0.1423009234375 0.8244752734375 0.15472402031250002 0.840513696875 0.1671471171875 0.8239740718749999 0.1581121375 0.80994045
5 0.20441640625000002 0.8490341109375 0.220604078125 0.848532909375 0.23716820625 0.8470293078125 0.23641529218750001 0.8249764734375 0.20027537343750001 0.8254776749999999 0.1701587765625 0.825978875 0.1701587765625 0.827983678125 0.16978231875 0.848532909375 0.20441640625000002 0.8490341109375
5 0.2616379421875 0.8264800765625001 0.2684141765625 0.816456059375 0.27594332499999996 0.8034248406250001 0.2646496015625 0.7888900171875 0.24959130312500002 0.8084368484375 0.23980340781249998 0.8229716703125 0.23980340781249998 0.8249764734375 0.2492148453125 0.8410148984375001 0.2616379421875 0.8264800765625001
0 0.3726928953125 0.7863840140625 0.3677989484375 0.7658347812499999 0.3651637453125 0.7518011609374999 0.35274065 0.734760334375 0.3418233828125 0.7252375203125 0.3203653078125 0.72423511875 0.3203653078125 0.7984128328125 0.3214946796875 0.8009188375 0.3723164375 0.8004176359375 0.3726928953125 0.7863840140625
0 0.2934003875 0.5776542421874999 0.3136666625 0.5666162640625 0.30169113593749997 0.5187850203125 0.297085165625 0.49977516718750004 0.26392216875 0.5335023249999999 0.261619184375 0.5549650640625 0.26392216875 0.59114510625 0.2934003875 0.5776542421874999
0 0.34821144843749996 0.49180329375 0.35097503125 0.46298190312500004 0.35189622656249997 0.421282871875 0.3205756203125 0.421282871875 0.298927553125 0.423122534375 0.3003093453125 0.451330703125 0.312284871875 0.47156699843750005 0.32748457656249996 0.48321819843749997 0.34821144843749996 0.49180329375
0 0.2468912703125 0.4238517984375 0.2468912703125 0.43782493437500003 0.25338840937499996 0.47042892031249994 0.2743791640625 0.48905976874999996 0.2958697 0.4923867046875 0.296869259375 0.48905976874999996 0.2963694796875 0.4245171859375 0.2468912703125 0.4238517984375
5 0.42523733906250005 0.7630641734375 0.4257114046875 0.7315065140625 0.4257114046875 0.7031046234375 0.4257114046875 0.6633419734375 0.41528194999999996 0.6595550546875 0.407222825 0.6601862078125 0.4081709578125 0.6967930906250001 0.4081709578125 0.737818046875 0.4081709578125 0.7618018671875 0.42523733906250005 0.7630641734375
5 0.4260767078125 0.3698994375 0.42747520781250004 0.272459484375 0.4102270265625 0.2712182109375 0.40836235781249997 0.2718388484375 0.4092946921875 0.30907704687500004 0.408828525 0.351900975 0.407896190625 0.3692788 0.4260767078125 0.3698994375
5 0.425104825 0.4605945359375 0.425104825 0.44435775 0.424855934375 0.43408549843750005 0.41589587968749997 0.4337541359375 0.40892694843750005 0.4337541359375 0.40867805781250005 0.4450204765625 0.40867805781250005 0.4599318109375 0.415149209375 0.4609259 0.425104825 0.4605945359375
0 0.36531094999999997 0.1412891515625 0.348984203125 0.1429194109375 0.336330975 0.14998386875 0.3253104203125 0.16139568437500001 0.3151062046875 0.1874798359375 0.31428986718749996 0.21139030625 0.3163307109375 0.21247714687500002 0.36571911875 0.2119337265625 0.36531094999999997 0.1412891515625
5 0.14862608125000001 0.1956722703125 0.1577256375 0.1831903625 0.16737668125 0.1685057640625 0.1568984046875 0.15418828125 0.14835033749999998 0.166303075 0.1406295015625 0.176215178125 0.12987548124999998 0.18906420156249998 0.1293239921875 0.19053266093750001 0.13980226874999999 0.20668571875000002 0.14862608125000001 0.1956722703125
5 0.1819911203125 0.167771534375 0.21838934375000002 0.167771534375 0.2181136 0.1461117515625 0.1952268375 0.14684598124999998 0.1704098671875 0.1475802109375 0.1706856109375 0.14904867187499998 0.1709613546875 0.167771534375 0.1819911203125 0.167771534375
5 0.24706673281249997 0.2048501453125 0.2589237296875 0.19016554531250002 0.2539603359375 0.18208901718749998 0.24706673281249997 0.1721769125 0.24155185 0.16446750000000002 0.23245229374999998 0.15235270625 0.2216982734375 0.166303075 0.2216982734375 0.16813864843749998 0.2332795265625 0.18612728125 0.24706673281249997 0.2048501453125
3 0.30215112187500004 0.4686403453125 0.3158852640625 0.4801531859375 0.337249484375 0.49572938281249995 0.34742292343750003 0.49640660781249996 0.3535269859375 0.484216540625 0.3560703453125 0.43139291875 0.36115706406250003 0.43139291875 0.36115706406250003 0.483539315625 0.4237237109375 0.48218486406250005 0.4237237109375 0.19571829375 0.370313159375 0.19571829375 0.370313159375 0.1354451875 0.35657901718749996 0.13612241249999998 0.337249484375 0.1401857671875 0.3265673734375 0.152375834375 0.3158852640625 0.1665975796875 0.3133419046875 0.1855599046875 0.31232455937500003 0.19571829375 0.29248635625 0.19571829375 0.2899429953125 0.19504106875 0.2909603390625 0.43003846718750005 0.29757307499999996 0.43003846718750005 0.298081746875 0.44696911562499997 0.30215112187500004 0.4686403453125
3 0.243248734375 0.8468976093749999 0.2797775546875 0.7982645640625 0.3121553734375 0.8004751578124999 0.3146459734375 0.5661523046875 0.2955513640625 0.5053609984375 0.2938909625 0.42526502656250004 0.2972117640625 0.4175279515625 0.2972117640625 0.1964686578125 0.26151314531250003 0.1953633625 0.224984325 0.15004620625 0.16520989218749998 0.14894090937499999 0.1270206703125 0.1964686578125 0.0888314484375 0.1964686578125 0.086340846875 0.19784806875 0.086340846875 0.8004751578124999 0.127850871875 0.7982645640625 0.16271929062499998 0.844687015625 0.243248734375 0.8468976093749999
5 0.5304173390625 0.8236722390625 0.520008125 0.8134290578125001 0.5082411875 0.7971604765625 0.499642271875 0.788724915625 0.492401078125 0.791737615625 0.4887804828125 0.8025833359375 0.5009999953125 0.8188519187500001 0.516387528125 0.83994081875 0.52498644375 0.8333128796875 0.5304173390625 0.8236722390625
5 0.5974220765625 0.8255064515624999 0.5858038375 0.8255064515624999 0.56745925 0.8255064515624999 0.553089321875 0.8255064515624999 0.534438990625 0.8263205609375 0.532910275 0.8267276140625001 0.5322987890624999 0.8487085546875001 0.5601214140625 0.8491156109375 0.5977278187499999 0.8491156109375 0.5974220765625 0.8255064515624999
5 0.6206585546875 0.8291699421875001 0.6267734171875 0.8210288515625 0.639308884375 0.8035255109375001 0.6286078749999999 0.78724333125 0.619741325 0.79864085625 0.6099575453125 0.8112595453125 0.60109099375 0.8234711796875 0.6001737640625 0.8242852875000001 0.6111805171875 0.8417886296875 0.6206585546875 0.8291699421875001
5 0.7445454703125 0.78002696875 0.7247706375 0.7769656390625 0.71005448125 0.7781901703125 0.6994772453125 0.7769656390625 0.688440128125 0.7775779046875 0.688900009375 0.8026808125 0.71235388125 0.8032930796875 0.7436257109375 0.8032930796875 0.7445454703125 0.78002696875
0 0.697795928125 0.6384123984375 0.711129609375 0.6384123984375 0.71310496875 0.5713495109375 0.6617456078124999 0.56871959375 0.660757928125 0.57069203125 0.660757928125 0.595018765625 0.6716224093750001 0.61671558125 0.6844622484375 0.628550209375 0.697795928125 0.6384123984375
0 0.6098924078125 0.5476802546874999 0.607917046875 0.56871959375 0.660757928125 0.56871959375 0.6597702484375 0.5036291421875 0.65878256875 0.5009992249999999 0.6419920078125 0.5023141843750001 0.62668296875 0.51151889375 0.6148308078125 0.5286133562499999 0.6098924078125 0.5476802546874999
0 0.6597702484375 0.413554478125 0.6069293671875 0.413554478125 0.608904728125 0.4313064203125 0.6158184875 0.4543181953125 0.623719928125 0.470755178125 0.6424858484375 0.4799598875 0.65878256875 0.481274846875 0.6592764078125 0.462207946875 0.6592764078125 0.4799598875 0.6597702484375 0.413554478125
5 0.6116698546875 0.1912027375 0.5901567515624999 0.19042863593749998 0.570387953125 0.1896545375 0.5500377203125 0.18810633593749998 0.5366647109375 0.18810633593749998 0.536083275 0.2159739421875 0.5732951296875 0.21519984062500003 0.610506984375 0.21519984062500003 0.6116698546875 0.1912027375
0 0.7104411625 0.2894812015625 0.6868203562499999 0.2935129734375 0.675312784375 0.3080273515625 0.6625938890625 0.333024334375 0.6625938890625 0.353989546875 0.6638052125 0.3547959015625 0.7122581484375 0.3547959015625 0.7104411625 0.2894812015625
0 0.6940882968750001 0.41285341249999996 0.7164977796875001 0.4176915390625 0.717709103125 0.35802131875 0.7164977796875001 0.35560225624999997 0.66865050625 0.35721496406250003 0.6716788140625 0.3741484046875 0.675918446875 0.39430726250000003 0.6940882968750001 0.41285341249999996
3 0.7862283484375 0.690969696875 0.7862283484375 0.5710412953125 0.7442495265625 0.5698769421875001 0.70489438125 0.5687125890625 0.6532954125 0.5663838828125 0.6515462953125 0.5670401125 0.654169971875 0.801583271875 0.7355039390625 0.8004189187499999 0.78447923125 0.8004189187499999 0.7862283484375 0.690969696875
3 0.6775989671875 0.2778669359375 0.6775989671875 0.1961965859375 0.45055748125 0.192441628125 0.44914728593750003 0.1943191078125 0.447737090625 0.49753201406249997 0.6599715234375 0.49753201406249997 0.658561328125 0.2788056765625 0.6775989671875 0.2778669359375
3 0.6037580640625 0.8458408468749999 0.6393930250000001 0.8011088796875001 0.6546651515625 0.79839785 0.6577195765625 0.4893406171875 0.5080527390625 0.49069613125 0.45001865781249994 0.4893406171875 0.44798237500000004 0.4893406171875 0.449000515625 0.7997533640625 0.4866717609375 0.7997533640625 0.5233248640625 0.8444853328124999 0.6037580640625 0.8458408468749999
5 0.789623915625 0.5279250875 0.7891943046875001 0.49360709687500004 0.7887646937499999 0.469584503125 0.7887646937499999 0.44727780937499995 0.7702914468750001 0.44727780937499995 0.7681433953125001 0.44784977656249997 0.76857300625 0.47530416875 0.769002615625 0.5119100249999999 0.7698618374999999 0.5284970546875 0.789623915625 0.5279250875
5 0.7890510203125001 0.38593339375 0.7890510203125001 0.368645203125 0.76957299375 0.3661028234375 0.7688091484374999 0.3661028234375 0.76957299375 0.387458821875 0.76957299375 0.4006792015625 0.788287175 0.400170725 0.7890510203125001 0.38593339375
5 0.7873639 0.3390250796875 0.7877034265625 0.314163240625 0.7880429546875 0.29156156875 0.7883824828125 0.2725761640625 0.7771780796875001 0.271672096875 0.769708478125 0.27212413125 0.7700480062499999 0.297438003125 0.7690294234375 0.32003967499999997 0.7700480062499999 0.3372169453125 0.7873639 0.3390250796875