3 0.7589946734375 0.7365620015625 0.994352265625 0.737315484375 0.9939453046875 0.6864756421875 0.9939453046875 0.6145483875 0.9939453046875 0.5249143484375 0.8814898296875 0.52510271875 0.75921646875 0.5249047890625 0.7589946734375 0.5925191265625 0.7589946734375 0.6635045296875 0.7589946734375 0.7365620015625
5 0.9256765109374999 0.737444984375 0.9255218828125 0.7198380515625 0.8867040453125 0.7196949046875 0.8310658625 0.719752040625 0.8311968078125 0.737731271875 0.8706277859375 0.7378744203125 0.9256765109374999 0.737444984375
3 0.770763975 0.736723771875 0.7711011937500001 0.5725975390625 0.7711011937500001 0.44123078125 0.5419071062499999 0.44123078125 0.3880805515625 0.4404169234375 0.3869538078125 0.6066056359374999 0.3866166140625 0.736723771875 0.770763975 0.736723771875
5 0.6658178953125 0.737972390625 0.6658178953125 0.719243175 0.58994798125 0.719555325 0.477466528125 0.7188952109375 0.47732330312500004 0.737972390625 0.5531932171875 0.7376602296875 0.6658178953125 0.737972390625
3 0.078732421875 0.73686600625 0.139844396875 0.7921582 0.273622565625 0.792481553125 0.3151881125 0.73558985 0.397620609375 0.7372065812499999 0.3990177765625 0.57041165625 0.3993670625 0.44144823125 0.2090395 0.44144823125 0.0923765453125 0.4411248828125 0.0062033578125 0.44166416093749994 0.00621859375 0.5671781953125 0.00621859375 0.73686600625 0.078732421875 0.73686600625
5 0.3168027015625 0.733309196875 0.29898890312500004 0.720698696875 0.26161482812500003 0.772757428125 0.14599975625 0.7724340859375001 0.091810859375 0.7192193015624999 0.07572736249999999 0.7352492749999999 0.1375517296875 0.7921582 0.2727921328125 0.792481553125 0.3168027015625 0.733309196875
0 0.3558084203125 0.49114936093750006 0.3609430953125 0.484358934375 0.36754484375 0.47264545 0.37176261093749996 0.459404121875 0.3735964265625 0.44140949531249996 0.300427175 0.4410699734375 0.3000604171875 0.447520878125 0.31986563281249997 0.46415741875 0.3558084203125 0.49114936093750006
3 0.0065103421875 0.45195740312500005 0.2953461671875 0.45195740312500005 0.295128696875 0.431624125 0.29491122812500004 0.3120831953125 0.295128696875 0.23440601249999998 0.2955636359375 0.1494813234375 0.112471834375 0.1486760453125 0.00549425 0.148711759375 0.0058579265625 0.2217228734375 0.006075395312500001 0.34851131562500004 0.0065103421875 0.45195740312500005
5 0.2230961140625 0.16640290468750002 0.2230961140625 0.14848545468750002 0.148085103125 0.148082815625 0.083073234375 0.1484602171875 0.0821737703125 0.16700686250000002 0.134367228125 0.1668055453125 0.2230961140625 0.16640290468750002
0 0.254214115625 0.391889425 0.240302696875 0.408478190625 0.2553930484375 0.4152446671875 0.271662334375 0.42091976875 0.284630603125 0.42375732031249996 0.29453363593750004 0.42375732031249996 0.29495700625 0.35487009375 0.28698846875 0.35500124375 0.273312834375 0.370498646875 0.254214115625 0.391889425
0 0.3223167140625 0.2981209109375 0.31429343125 0.3073166734375 0.30894456875 0.319872421875 0.305697053125 0.3308365953125 0.3045508734375 0.337379734375 0.3039561890625 0.3469477296875 0.378288696875 0.3476365421875 0.378288696875 0.3400323578125 0.34180184687500004 0.3117377109375 0.3223167140625 0.2981209109375
5 0.4153277203125 0.16639193593749999 0.4153277203125 0.1488568109375 0.370095346875 0.1488568109375 0.32027548125 0.14868282500000002 0.320290740625 0.1659384421875 0.364216771875 0.1660896046875 0.4153277203125 0.16639193593749999
3 0.58921930625 0.3475270578125 0.765172684375 0.3471288875 0.7649576296875 0.3503142328125 0.773344890625 0.3499160625 0.7739900546875 0.2910296046875 0.773775 0.1499107859375 0.7061602859375 0.1495126171875 0.5744056953125 0.14931353125 0.4831285078125 0.149547934375 0.48273283749999996 0.27608768437500003 0.48316296249999996 0.3471288875 0.58921930625 0.3475270578125
5 0.661552271875 0.16607391875 0.6620444234375 0.148763128125 0.640516153125 0.14847219218750002 0.5709964234375 0.148763128125 0.5222344328124999 0.14889656406250001 0.521999978125 0.166219390625 0.5880342749999999 0.166219390625 0.661552271875 0.16607391875
0 0.5601851609375 0.3165566234375 0.5413282765625 0.30163975625 0.535828353125 0.2977121 0.52844274375 0.30774944843749996 0.5241999374999999 0.31612176718749996 0.5202714203125 0.32615911406250003 0.5182285921875 0.336778340625 0.5169900359375 0.3471950890625 0.590827596875 0.347105075 0.590984734375 0.34055897812499997 0.5751135265625 0.3274667859375 0.5601851609375 0.3165566234375
0 0.7152015078125 0.25077292500000004 0.7320990390625 0.26092386562500003 0.746120396875 0.265749728125 0.7596024671875 0.26941071875 0.773444053125 0.27007635625000004 0.7736736765625001 0.20047882499999997 0.7635572015625 0.200787915625 0.737671625 0.2281413078125 0.7152015078125 0.25077292500000004
5 0.9009873203125001 0.35152205468750003 0.9011443375000001 0.33364313437500004 0.8564583046875001 0.3334977765625 0.80639450625 0.3334885421875 0.80551918125 0.350649909375 0.8370801984374999 0.350940625 0.9009873203125001 0.35152205468750003