3 0.7812078703124999 0.8613048453125 0.7754935234375 0.8613048453125 0.77572209375 0.87137200625 0.7809793 0.8818967671875001 0.7912651234375 0.8919639328125 0.8001794906249999 0.8960823140624999 0.81640825 0.89882790625 0.9545330171874999 0.8981415015625 0.9552187468750001 0.8958535109374999 0.965276 0.8960823140624999 0.965276 0.7330095078125 0.9650474296875 0.6392384484375 0.8435981640625 0.6396960484374999 0.780787153125 0.6395639390625 0.7805221421875 0.711731190625 0.7807507124999999 0.7707369734375 0.7812078703124999 0.8613048453125
0 0.796102446875 0.6937674578124999 0.8018138 0.6903372671875 0.8073982359375 0.6851284640624999 0.8118403984375 0.6790303468750001 0.8146326125 0.673059278125 0.8153941234375001 0.6664529875 0.8156479671874999 0.6602278296875 0.7882334765625 0.6606089640625 0.7881065484375 0.6559083328125 0.7807019296875 0.65545818125 0.7806183375 0.7016441875 0.7882334765625 0.70177123125 0.7886142265625 0.6960542484375 0.796102446875 0.6937674578124999
5 0.789248821875 0.8912329031249999 0.7982600640624999 0.8958064859375 0.8104442921875 0.8983473671875 0.8324012656249999 0.8987284984375 0.8680618375 0.89860145625 0.9016278124999999 0.8982203249999999 0.9356199828125 0.8984744140625001 0.9544815296875001 0.89860145625 0.9543546125000001 0.8827209515625001 0.9359513640625 0.882975040625 0.8514517921874999 0.8827209515625001 0.8190399906250001 0.8827209515625001 0.8111710140625 0.8825939093749999 0.8035558765624999 0.8800530265625 0.79581381875 0.8759876156249999 0.7909908984375 0.8701435921874999 0.79070238125 0.8649914546874999 0.7756684968750001 0.8691272390625 0.7773184375 0.8753523968750001 0.7818875281250001 0.883737303125 0.789248821875 0.8912329031249999
5 0.7111946265625 0.876665275 0.7110115015625 0.8608097890625 0.6962703484375 0.8609930890624999 0.681609640625 0.8611674390624999 0.6815291953125 0.8764819734374999 0.6919670328125 0.876573621875 0.7111946265625 0.876665275
5 0.6688829187499999 0.8608881484375001 0.6688829187499999 0.845490915625 0.6688829187499999 0.8232199171874999 0.654011790625 0.823148825 0.654050203125 0.84081675625 0.654141765625 0.8610714500000001 0.6688829187499999 0.8608881484375001
0 0.7423060265625 0.7573572921875 0.7436386140625 0.7615813140625 0.746822021875 0.76663316875 0.7517822125 0.7717464609375 0.7571125640624999 0.7765633296875001 0.7618506609375 0.7781936546875 0.7681434406250001 0.780416825 0.77569478125 0.7812319859375 0.7757688125 0.7530056234375 0.781247234375 0.7531538359375001 0.781321265625 0.7461879031249999 0.7361296281249999 0.7461296296875 0.7363093734375 0.7527627390625 0.7414916640625 0.752836846875 0.7423060265625 0.7573572921875
3 0.78063376875 0.6461938359375 0.8095117109375 0.6460003484375 0.9182835171875 0.6461938359375 0.964867453125 0.64609709375 0.9651573984375 0.5934898390625001 0.9650607453125 0.481702003125 0.9647708078124999 0.42106512812499997 0.928978028125 0.42125861249999996 0.9288813828125001 0.4187433109375 0.8651351843749999 0.418840053125 0.796312428125 0.41913028125 0.7962157828125 0.42067815781249995 0.7801608921875001 0.4207951578125 0.781020359375 0.5133223390625 0.7808270609375 0.58439089375 0.78063376875 0.6461938359375
5 0.8418569437500001 0.4337861828125 0.8847213999999999 0.433712078125 0.9286968281249999 0.433712078125 0.9290669921875001 0.41889094375 0.9213904578125 0.4189650484375 0.8825046546875001 0.4189650484375 0.84868658125 0.41889094375 0.825872934375 0.41889094375 0.796129628125 0.4189074078125 0.7963437843750001 0.4337861828125 0.8134931421875 0.4337861828125 0.8418569437500001 0.4337861828125
0 0.7881773015625 0.62534956875 0.7936382937500001 0.6244509890625001 0.7995481359375 0.62175524375 0.8054579703125 0.6169628078125 0.8102456890624999 0.611204890625 0.8134624390624999 0.6055138703125 0.8154074484375 0.5983252171875 0.8155570624999999 0.5911365640625 0.7881773015625 0.59121144375 0.7881024937500001 0.585819953125 0.7808901578125 0.5858126421875001 0.7811453421875 0.6311863625 0.7881024937500001 0.6309617140625 0.7881773015625 0.62534956875
0 0.7661746125 0.48819555625 0.7548918484375 0.48919945625 0.7452388109375 0.4934660359375 0.7385945234375 0.4998659 0.7338306859375 0.5063912562499999 0.7316995015625001 0.5126656359374999 0.7310726812499999 0.515802825 0.725932746875 0.515802825 0.7258243 0.5223075078125 0.7713145359375 0.5222892609375 0.7713145359375 0.5152619546875 0.7661746125 0.5151364671875001 0.7661746125 0.48819555625
5 0.7671407671875 0.43362313124999996 0.7671407671875 0.4190320625 0.7489809625 0.4190320625 0.730586709375 0.4190291421875 0.7306582953125 0.43337858906250004 0.7450721296875 0.433541615625 0.7671407671875 0.43362313124999996
3 0.5361870421875 0.5982165109375 0.5842956421875 0.5983267359375 0.64483803125 0.5982165109375 0.6675225234375 0.5986574171875 0.6675225234375 0.5928153640625 0.7107992578125 0.5927051390625 0.7109093734374999 0.5865324000000001 0.7113498515625001 0.5417976906249999 0.7110194921875 0.511386671875 0.7106891390625 0.46577013906250003 0.7109093734374999 0.4215865640625 0.62307616875 0.42125588281250004 0.62307616875 0.41927178749999994 0.5671357609375 0.41872065156250005 0.56702564375 0.42147633593749995 0.5361930578125 0.42132996250000004 0.5358566828125 0.464998546875 0.5359668 0.52670240625 0.5361870421875 0.5982165109375
5 0.6228212890625 0.43356449843749995 0.622747253125 0.4186732078125 0.5971958515625 0.41882141875 0.5667777765625 0.4188148140625 0.567056953125 0.433786815625 0.5823253921875 0.4337127109375 0.6228212890625 0.43356449843749995
0 0.676181853125 0.53617143125 0.676181853125 0.54361660625 0.6781652765625 0.5498421328124999 0.6831238374999999 0.558652253125 0.6909335750000001 0.5664696859375 0.703329978125 0.571805390625 0.703329978125 0.5771410984374999 0.7108917828125 0.5772651828125 0.710431696875 0.53182375625 0.703577903125 0.5320765875 0.703701865625 0.53617143125 0.676181853125 0.53617143125
3 0.0344026421875 0.32876829375 0.070704084375 0.32885273125 0.07104149843749999 0.3309636609375 0.0724755171875 0.3357765765625 0.075427909375 0.3412649890625 0.0820773828125 0.3485582734375 0.0883195765625 0.35320231562500004 0.096754975 0.3564109265625 0.10527472812500001 0.3569175484375 0.1054434390625 0.329488984375 0.2013541328125 0.3289893609375 0.201113428125 0.45157450312499997 0.29254853125 0.4518154390625 0.29254853125 0.58474799375 0.292187478125 0.65423239375 0.292187478125 0.699027259375 0.292187478125 0.74346071875 0.2923078265625 0.788376053125 0.29266887812500003 0.8517165796875 0.28761419374999997 0.852198453125 0.2882159421875 0.870991475 0.2887893546875 0.8708596484375001 0.291557396875 0.8790514796875 0.29023355 0.8802561609374999 0.291316696875 0.8841032328124999 0.296612071875 0.8920541249999999 0.30419409218750004 0.89867986875 0.312979603125 0.9039804671875 0.321885465625 0.9067512343749999 0.33271691875 0.9079559140625 0.4845472671875 0.9080763812500001 0.4847879625 0.90566701875 0.4950176671875 0.9059079562499999 0.49538453281250006 0.7540671109375 0.49595498281249994 0.4626937796875 0.495669746875 0.3185773625 0.49509931875 0.1587584671875 0.19709753593749998 0.1596149640625 0.03395995625 0.1591694890625 0.0344026421875 0.253649678125 0.0344026421875 0.284540165625 0.0344026421875 0.32876829375
5 0.45446218906249997 0.172336609375 0.454360865625 0.15702139843750001 0.40093106093750003 0.15712282500000002 0.35498900624999996 0.1575476 0.355323271875 0.172336609375 0.3914378078125 0.1724380328125 0.45446218906249997 0.172336609375
0 0.0702141265625 0.33228221874999997 0.07266711718749999 0.3383388921875 0.07544716875 0.342758628125 0.0796990296875 0.3476694453125 0.085422675 0.3519254875 0.0952346390625 0.3565089140625 0.10553719375 0.357327384375 0.1058642671875 0.3298355359375 0.11011611406249999 0.32950814687499996 0.11011611406249999 0.321978228125 0.0646724203125 0.3219713171875 0.06530814375 0.3288446453125 0.069887065625 0.3291720359375 0.0702141265625 0.33228221874999997
0 0.23573394531249997 0.5797542234375 0.236486528125 0.5718980890625 0.23422877031249997 0.5639343328125 0.2304658390625 0.5587686546875 0.2259503234375 0.5534953578125 0.220467196875 0.5494058640625 0.214661528125 0.54650016875 0.20810327812499999 0.5448858953125 0.20799575781250002 0.53928974375 0.201052821875 0.53856124375 0.20100745625 0.5843818093750001 0.20788824843749998 0.5844894265625 0.2076732265625 0.5795389859375 0.23573394531249997 0.5797542234375
0 0.281425234375 0.5593735515625 0.2731045359375 0.560628590625 0.2646698640625 0.5637091390625 0.256691115625 0.5691856765625001 0.2516759 0.5751185875 0.2482564359375 0.5812796890625 0.247344575 0.587212603125 0.2414175078125 0.587783075 0.2416630765625 0.5942072015625001 0.2867823921875 0.59428645625 0.2867823921875 0.5875548859374999 0.2821091265625 0.587668978125 0.281425234375 0.5593735515625
0 0.3272414078125 0.6390541140625 0.3270121640625 0.63067831875 0.32506355937500003 0.6226467359375001 0.3215102109375 0.6170246265625 0.3173837484375 0.6128940968750001 0.3121110484375 0.6086483984375 0.3068383484375 0.6060094484375 0.299387790625 0.6041736578125 0.2991585375 0.5984368109375 0.292483071875 0.5979832375 0.292624975 0.643414121875 0.299387790625 0.64352885625 0.29927316875 0.638939378125 0.3272414078125 0.6390541140625
5 0.20864295781250003 0.84766075625 0.208768834375 0.8327923921875 0.208768834375 0.8053237265625001 0.1927339609375 0.80532001875 0.1924045640625 0.8259882265625 0.1926563234375 0.8477867578125 0.20864295781250003 0.84766075625
0 0.26692493906250003 0.8608776453125 0.26402971875 0.85319145625 0.260127471875 0.84701730625 0.2552181875 0.8417251765625 0.24905011406250002 0.8374410734375 0.24426671875 0.8350470156249999 0.238728040625 0.8339129875 0.2306717828125 0.8336609828125001 0.2310494234375 0.8611296484375 0.22626796875 0.8612100343750001 0.22601426249999998 0.8763760203125001 0.2720859765625 0.8763760203125001 0.2719600984375 0.861003646875 0.26692493906250003 0.8608776453125
5 0.3180060140625 0.90561544375 0.3321463703125 0.9077439109375 0.3681892875 0.9084888734375 0.41421387656249997 0.9083824484375 0.446446278125 0.9084888734375 0.4780920125 0.9083824484375 0.48479008125 0.9083824484375 0.48457743906250006 0.8927382234374999 0.44396377343750004 0.892631803125 0.3841938171875 0.89241895625 0.34657721406249997 0.892631803125 0.3322242171875 0.8923125328125 0.32353676249999996 0.891141875 0.315243915625 0.8872042171875 0.3092900765625 0.882840859375 0.3053562953125 0.87762611875 0.3032036234375 0.8733892015625001 0.28844946562499996 0.87986668125 0.2948285765625 0.89061543125 0.30790575625 0.9013585125000001 0.3180060140625 0.90561544375