5 0.411925596875 0.3756843859375 0.41136982343749995 0.364281365625 0.3463444828125 0.364281365625 0.2880489234375 0.36508810468749997 0.287432634375 0.37450476250000003 0.3541252921875 0.3748979703125 0.411925596875 0.3756843859375
5 0.47861825312499995 0.5900481578125001 0.47861825312499995 0.57314023125 0.4631462 0.5727658890625 0.4630566328125 0.5947666484374999 0.4636124046875 0.607349290625 0.47861825312499995 0.6069560843749999 0.47861825312499995 0.5900481578125001
5 0.47861825312499995 0.6612318578124999 0.47806248125 0.647076384375 0.4636124046875 0.6455035546875 0.4636124046875 0.6588726125 0.4636124046875 0.6808922374999999 0.47861825312499995 0.6808922374999999 0.47861825312499995 0.6612318578124999
5 0.3163327875 0.876775253125 0.29410189999999997 0.864192609375 0.284157871875 0.8713027046875 0.307996203125 0.8866054421875 0.336340584375 0.9031201609374999 0.343565621875 0.89446959375 0.3163327875 0.876775253125
5 0.368019596875 0.893289971875 0.344677165625 0.8928967640625001 0.3403001734375 0.9043423531249999 0.3746888609375 0.9042997828124999 0.4052563296875 0.9050861984375 0.4047005578125 0.893289971875 0.368019596875 0.893289971875
5 0.426375671875 0.8803141218749999 0.40247746875 0.89446959375 0.40978321875 0.9035556937500001 0.433600709375 0.8893578953124999 0.4608335453125 0.8724499703124999 0.44971810156250003 0.8634061953125001 0.426375671875 0.8803141218749999
5 0.1873936484375 0.7379073359375 0.1862821046875 0.7276839390625 0.1357068390625 0.726897525 0.0868260203125 0.7269509109375 0.0873546609375 0.737120921875 0.135151065625 0.7379073359375 0.1873936484375 0.7379073359375
0 0.3130141078125 0.545574371875 0.3018986640625 0.5538317312500001 0.29467362656249996 0.5632687125 0.2936075671875 0.57669918125 0.34135848750000003 0.5758513562500001 0.34191425937500003 0.5404626734375 0.327464184375 0.5412490890625 0.3130141078125 0.545574371875
0 0.38526448750000003 0.68048395625 0.3769279046875 0.67458584375 0.3658124625 0.6698673515625 0.3430794953125 0.6679515406250001 0.3435815765625 0.70250358125 0.3947126125 0.70250358125 0.391933753125 0.688741315625 0.38526448750000003 0.68048395625
0 0.3780394484375 0.7563992765625 0.3947126125 0.761510975 0.41027423281250003 0.762690596875 0.4097184609375 0.7273019140625 0.36142301875 0.7277375687500001 0.36470091718750003 0.7402777656249999 0.3691470953125 0.7473555015625 0.3780394484375 0.7563992765625
0 0.3458046640625 0.76898191875 0.3508066140625 0.7619041828124999 0.3524739296875 0.755219653125 0.34969506875 0.7442098406250001 0.3458046640625 0.7363456890625 0.33913539843749996 0.7300543671875 0.300833803125 0.7501573296874999 0.329687271875 0.7795985234375 0.34080271562500003 0.7756664484375 0.3458046640625 0.76898191875
0 0.285781271875 0.7343796515625 0.2813350953125 0.723763046875 0.2691081078125 0.71393285625 0.23190662187500002 0.7403241015625001 0.265217703125 0.7646566359375 0.27522160156250003 0.7575788984375 0.2830024109375 0.7477487093749999 0.285781271875 0.7343796515625
0 0.201859678125 0.699777384375 0.194634640625 0.7060687046874999 0.187965375 0.7151124796875 0.1846307421875 0.7261222921875 0.23520600625000002 0.7257290843749999 0.23579767187499998 0.6915512890625 0.2235347921875 0.692306440625 0.21353089375 0.69505889375 0.201859678125 0.699777384375
3 0.283558184375 0.7591779843750001 0.2696638796875 0.76743534375 0.27021965312499996 0.8708489390624999 0.2824466390625 0.8708489390624999 0.2874485890625 0.873208184375 0.33857962656249996 0.9042715828125001 0.4086069171875 0.9046647906249999 0.46418413281250004 0.8720285609375 0.4780784359375 0.8716353531250001 0.47815453750000003 0.7269509109375 0.354141246875 0.7269349625 0.3441373484375 0.72850779375 0.283558184375 0.7591779843750001
3 0.161350290625 0.3697711984375 0.159682975 0.3642662921875 0.1569041140625 0.35640214062500003 0.15023484843749998 0.3497176125 0.1202231515625 0.352470065625 0.09688072187499999 0.35168365 0.07687292500000001 0.365445915625 0.027964974999999996 0.3646595 0.027902996875000002 0.7379053921875001 0.22686942499999999 0.7379053921875001 0.23465023437500002 0.7296480328125 0.2357617796875 0.6926865203125 0.22798097031250003 0.6930797281250001 0.22631365312499999 0.5766508984375001 0.3524739296875 0.577830521875 0.353585475 0.552272028125 0.476966890625 0.5499127828125 0.47759867187499994 0.36508810468749997 0.225819859375 0.3646595 0.225819859375 0.3705576140625 0.161350290625 0.3697711984375
5 0.6876637421875 0.394161859375 0.6871079703125 0.38275883906249997 0.6331980703125 0.38275883906249997 0.588771546875 0.3831812453125 0.589292071875 0.394161859375 0.6459808296875 0.394161859375 0.6876637421875 0.394161859375
5 0.8794051328125001 0.394161859375 0.8799609046875 0.38236563281249997 0.8249394625 0.38275883906249997 0.765536415625 0.382787915625 0.767139159375 0.3929822375 0.8182701968750001 0.3929822375 0.8794051328125001 0.394161859375
5 0.9555459171875 0.5522969484375 0.9538786 0.5342093984375 0.9406336921875 0.5346129625 0.9399842968750001 0.5530833625 0.9405400687500001 0.568811665625 0.9561016890625 0.568418459375 0.9555459171875 0.5522969484375
0 0.6932214625 0.4999609546875 0.6815502484375 0.5082183140625001 0.6754367546875 0.5172620890624999 0.6727070656249999 0.529499684375 0.7182312093750001 0.52984473125 0.7187869828125 0.495635671875 0.7071157671875 0.4952424640625 0.6932214625 0.4999609546875
0 0.768806475 0.5027134078125 0.7593583484375 0.4979949171875 0.7526890828125 0.495635671875 0.7360159187499999 0.49445604843749996 0.7344080109375 0.5298930125 0.7843680953125001 0.5302379390625 0.7838123234375 0.523160203125 0.7782546015625 0.5105775593749999 0.768806475 0.5027134078125
0 0.8882974859375 0.49838812499999996 0.8782935890625 0.5034998234375 0.87106855 0.5109707671875 0.8671781453125 0.517655296875 0.86495505625 0.5235534109375 0.8650361375 0.5298930125 0.9133072328124999 0.5302379390625 0.9138630046875 0.4940628421875 0.9016360171875 0.49445604843749996 0.8882974859375 0.49838812499999996
0 0.620971084375 0.5573692625 0.6293076656250001 0.56287416875 0.642090425 0.56877228125 0.6548731859375 0.5707383203124999 0.6643213109375 0.5707383203124999 0.664924965625 0.5361862796875 0.6126345015625 0.5353496375 0.614857590625 0.5495051109375 0.620971084375 0.5573692625
0 0.8004854874999999 0.6022211828125 0.8082662968750001 0.599075521875 0.8138240187499999 0.5939638234375 0.81882596875 0.5884589171875 0.8221606015624999 0.578628728125 0.8227163734375 0.5719441984375 0.77776543125 0.572372559375 0.7776988296875 0.6049736359375 0.7904815890625 0.6049736359375 0.8004854874999999 0.6022211828125
3 0.5570572874999999 0.5345632218749999 0.6643213109375 0.5349564296875 0.6643213109375 0.5310243546875 0.6737694375000001 0.5302379390625 0.730458196875 0.52984473125 0.731569740625 0.462213028125 0.731569740625 0.383178303125 0.5420789390625 0.382787915625 0.5409398953125 0.462213028125 0.5081493375 0.462213028125 0.50703779375 0.5345632218749999 0.5570572874999999 0.5345632218749999
3 0.7215658421875 0.52984473125 0.9549901453125 0.530631146875 0.9555459171875 0.4134552875 0.9205322718750001 0.41384849375000005 0.9183991171875 0.38239458593750003 0.7210100703125 0.383178303125 0.7221216140625 0.427610759375 0.7215658421875 0.52984473125
3 0.7148965765625 0.57156411875 0.6643213109375 0.57156411875 0.6648770828125 0.527918078125 0.6065210078125001 0.527918078125 0.507593565625 0.5283112859375 0.5081493375 0.5947633671875 0.5081712125 0.6860446812500001 0.7154523484374999 0.686773940625 0.71656389375 0.6246471421875001 0.7148965765625 0.57156411875
2 0.101837696875 0.3655803109375 0.122892259375 0.3755157953125 0.143069546875 0.362475471875 0.14570136718749999 0.370548053125 0.1764059375 0.374273859375 0.229042340625 0.3693061171875 0.1614922890625 0.36123353593749996 0.14482409375 0.3463303078125 0.12026043906249999 0.361854503125 0.10008315000000001 0.3481932109375 0.06651633125 0.370328384375 0.0658694875 0.3711690203125 0.074642221875 0.3779996671875 0.101837696875 0.3655803109375