5 0.381893815625 0.8282688515625001 0.366782909375 0.8158230390625001 0.3457192203125 0.8624948375000001 0.3077130015625 0.8624948375000001 0.2871072203125 0.8158230390625001 0.2784070015625 0.8220459453125001 0.2733700328125 0.8288911421874999 0.28985465781249997 0.8668508718749999 0.2980969703125 0.885519590625 0.35670897031250004 0.8848973000000001 0.381893815625 0.8282688515625001
0 0.4036501796875 0.7435392937499999 0.41124359843749997 0.7489705515625 0.41204290625000006 0.7277886437500001 0.41324186718749994 0.7109517421875 0.4136415203125 0.7087792390625001 0.400053296875 0.71203799375 0.3908612625 0.7207280078125 0.3964564140625 0.733219903125 0.4036501796875 0.7435392937499999
0 0.39006195625 0.6430610109375 0.40045295000000003 0.650664771875 0.41524013593750003 0.6512078984375 0.4156397890625 0.6213359765625001 0.4160394421875 0.6050422015625 0.378072346875 0.6050422015625 0.3800706140625 0.622965353125 0.3844668046875 0.633827871875 0.39006195625 0.6430610109375
0 0.4056773140625 0.5766372546875 0.41542503750000004 0.578195734375 0.4177186203125 0.5458572937499999 0.41657182812500004 0.5392337578124999 0.4068241046875 0.5489742515625 0.3953561953125 0.5649486625 0.39908326562499996 0.5719618171875 0.4056773140625 0.5766372546875
0 0.33599156875 0.5685139765625 0.3443239640625 0.560853859375 0.351921146875 0.545533621875 0.3548619921875 0.5272159484375 0.31785635624999997 0.5268829 0.3176112859375 0.5362082609375001 0.3171211453125 0.5715114140625001 0.33599156875 0.5685139765625
0 0.4001414953125 0.3675836359375 0.38861626875 0.3768833546875 0.37889185625 0.394993334375 0.37889185625 0.41261385468749995 0.41706917343749994 0.41261385468749995 0.41706917343749994 0.398419546875 0.41706917343749994 0.36660471875 0.4001414953125 0.3675836359375
5 0.3647167421875 0.34822725625 0.3515372625 0.34822725625 0.3431733625 0.3475383796875 0.3345560109375 0.34684950312499996 0.32771282031250004 0.3475383796875 0.32771282031250004 0.3682046859375 0.34291991093749996 0.3685491234375 0.364463290625 0.3688935625 0.3647167421875 0.34822725625
0 0.4047620828125 0.307583521875 0.39006189375 0.3096501515625 0.376882415625 0.321705496875 0.37079957812500003 0.33858298124999997 0.369785771875 0.36648249375 0.38169799375 0.3671713703125 0.40501553437500004 0.36648249375 0.4047620828125 0.307583521875
3 0.35635962656250003 0.8856174890625 0.3815413546875 0.8254701656250001 0.412827746875 0.8244331421875 0.41511699531249996 0.6004362140625 0.31591624218750003 0.6004362140625 0.2686051140625 0.602510259375 0.239607971875 0.6014732359375 0.23884488906249998 0.8254701656250001 0.27394669375 0.8244331421875 0.29836534062500003 0.8845804671874999 0.35635962656250003 0.8856174890625
3 0.4162162203125 0.42843785937499995 0.41710178593749997 0.351415321875 0.408246121875 0.350813584375 0.408246121875 0.3026744984375 0.39142035937499997 0.3026744984375 0.3781368640625 0.31049709999999997 0.3675100671875 0.32915099531249997 0.3670672828125 0.3502118453125 0.317918346875 0.351415321875 0.3161472140625 0.351415321875 0.3174755625 0.6071542125 0.4162162203125 0.6095611671875 0.41665900312500004 0.5066638718750001 0.4162162203125 0.42843785937499995
5 0.6447198000000001 0.8317848671875 0.6306077328125 0.8197300140625 0.6124636484375 0.8569904703125 0.5721434609375 0.8591822609375 0.552789771875 0.8197300140625 0.53867770625 0.82849718125 0.5378713015625001 0.829045128125 0.5531929734375 0.863017896875 0.5628698187500001 0.8805522281249999 0.62214049375 0.8811001765625001 0.6447198000000001 0.8317848671875
0 0.637017484375 0.619019834375 0.63786968125 0.6363917671875 0.646817753125 0.655500890625 0.6583224171875 0.664765921875 0.674088065625 0.66592405 0.6753663624999999 0.6653449859375 0.674514165625 0.619019834375 0.637017484375 0.619019834375
0 0.6676965859374999 0.49104660312500004 0.6553397249999999 0.4922047328125 0.6412784703125001 0.5037860203125 0.6336086937500001 0.5188416953125 0.6323303984375 0.540846140625 0.6336086937500001 0.5420042703125 0.6676965859374999 0.540846140625 0.6676965859374999 0.49104660312500004
5 0.6758109 0.32541711093750003 0.6760513171875 0.311367978125 0.6767725671875 0.29829901875 0.6681175703125 0.2979722953125 0.6613859078125001 0.29927919062499997 0.6611454906249999 0.3221498703125 0.6611454906249999 0.337179175 0.674849234375 0.3378326234375 0.6758109 0.32541711093750003
5 0.6491320078125 0.348032140625 0.6428086515625 0.347763596875 0.6339164328125 0.347495053125 0.6236409796875 0.3469579671875 0.6236409796875 0.347226509375 0.6236409796875 0.366830171875 0.63688050625 0.3681728890625 0.64853919375 0.3679043453125 0.6491320078125 0.348032140625
3 0.622146678125 0.87831799375 0.646301375 0.8233122203125 0.673720221875 0.8250866 0.673720221875 0.7479010796875001 0.6743730515624999 0.5961916078125 0.5490297546875 0.5970787984375 0.4987618703125 0.5970787984375 0.49549772187499996 0.5979659875000001 0.49549772187499996 0.8250866 0.539237309375 0.8250866 0.5633920078125 0.8774308046874999 0.622146678125 0.87831799375
3 0.6304296609375 0.5473528359375 0.66909029375 0.5482141375 0.6697240734375 0.40437658593750003 0.703314459375 0.40437658593750003 0.703314459375 0.3696702203125 0.7147225140625 0.3670863125 0.7159900765625 0.270620409375 0.6659213890625 0.26975910625 0.663386265625 0.355028075 0.6126837984375 0.355028075 0.613317578125 0.30765642656250003 0.6012757421875 0.30679512343750004 0.585431221875 0.31971466406250004 0.5797271937499999 0.328327690625 0.5733893859375 0.31713075625 0.5575448640625 0.3050725171875 0.544235465625 0.304211215625 0.543601684375 0.354166771875 0.520785575 0.3533054703125 0.5036734921875 0.355889378125 0.49733568281249996 0.35755789375 0.49480055937499995 0.6085053265625 0.5233206984375001 0.6102279328125 0.632964784375 0.6119505375000001 0.6304296609375 0.5473528359375
5 0.86115666875 0.805448103125 0.8473260937499999 0.8060009156250001 0.835936209375 0.806553728125 0.8147835656250001 0.805448103125 0.8135632203125001 0.804895290625 0.8131564390625 0.8281134234374999 0.837156553125 0.8275606109375 0.86034310625 0.8281134234374999 0.86115666875 0.805448103125
5 0.9697172406250001 0.8070928515625001 0.9519976796874999 0.8070928515625001 0.9359929156250001 0.806316053125 0.92341774375 0.806316053125 0.9219887468750001 0.8067044531249999 0.9219887468750001 0.8261243953124999 0.9471390906250001 0.8261243953124999 0.9691456421875 0.8261243953124999 0.9697172406250001 0.8070928515625001
0 0.9207342421875 0.5977429890625 0.9093486578125001 0.6083297171875001 0.9027570046875001 0.627467265625 0.901558521875 0.6445689031249999 0.9390111015624999 0.643754540625 0.9393107234375 0.643754540625 0.9390111015624999 0.5940783515625 0.9207342421875 0.5977429890625
0 0.9878492671875 0.61362308125 0.9752651999999999 0.615251809375 0.9632803750000001 0.62543135625 0.9539921343750001 0.6449760859375 0.9536925140625 0.6661495421875 0.971669753125 0.6657423609374999 0.988448509375 0.6653351796875 0.9878492671875 0.61362308125
3 0.9045333453125 0.6654632140625 0.93933921875 0.6654632140625 0.93933921875 0.566872221875 0.7653098546875 0.56915178125 0.764471159375 0.570460021875 0.7636324625 0.8244625609374999 0.83114746875 0.8250324515624999 0.904113996875 0.8244625609374999 0.9045333453125 0.6654632140625
5 0.8943626625000001 0.32836720937499997 0.8749514875 0.3295483859375 0.8636524453125001 0.328760934375 0.852353403125 0.32757975781250004 0.846848740625 0.3279734828125 0.846848740625 0.3515970234375 0.8810355875000001 0.352384475 0.89465238125 0.352384475 0.8943626625000001 0.32836720937499997
5 0.9743860312500001 0.32937227187499996 0.9585739671875 0.32937227187499996 0.9471685437499999 0.32937227187499996 0.9370591921875 0.32866773125000004 0.9295419812500001 0.3283154625 0.929023553125 0.3501561890625 0.96064768125 0.351213 0.974904459375 0.351213 0.9743860312500001 0.32937227187499996
3 0.91641658125 0.4712792078125 0.9158240062499999 0.332185375 0.82930811875 0.33178272343750004 0.7854576 0.332185375 0.7647174890625 0.33258802656249997 0.7635323406250001 0.333395746875 0.763828628125 0.5775793015625 0.8571591234374999 0.5759686937499999 0.9176017296874999 0.576773996875 0.91641658125 0.4712792078125
0 0.8792624265625 0.47977978125 0.880290203125 0.4906045078125 0.886199915625 0.509111296875 0.89570684375 0.522380315625 0.9170331984375 0.5248246078125 0.916776253125 0.51015885 0.9170331984375 0.478732228125 0.8792624265625 0.47977978125
1 0.61200931875 0.3661941109375 0.6111287296875 0.306956828125 0.5468457359375 0.306956828125 0.5464054421875 0.3626039734375 0.5481666203125 0.36439904218749997 0.576345465625 0.3649973984375 0.61200931875 0.3661941109375