3 0.198376078125 0.9109215546874999 0.19858943281250002 0.8638279484375 0.3200418421875 0.8662163515625 0.3196151328125 0.9107275749999999 0.3840492953125 0.9115960890625001 0.38426265000000004 0.8670964390625 0.3840492953125 0.7807142406249999 0.32644131718749997 0.7809313734375001 0.32644131718749997 0.6997371015625 0.287040584375 0.6995199734375 0.21369668593750002 0.6990857203124999 0.15993043125 0.6993028484375 0.09078125000000001 0.6994506234375 0.0909630890625 0.8286647968749999 0.090323015625 0.9111386859374999 0.198376078125 0.9109215546874999
0 0.12257965781249999 0.7980675671874999 0.1180509125 0.792815725 0.1126796140625 0.7886356890624999 0.1064657578125 0.7860633578125 0.100778496875 0.7848843734375001 0.09667103125 0.7845628296875 0.0902566296875 0.7843870296875 0.09087845781250001 0.8258061734375 0.0940380453125 0.8258061734375 0.105201925 0.8155168500000001 0.12257965781249999 0.7980675671874999
5 0.32749839999999997 0.7673527421874999 0.32722735625 0.7487337578125 0.3273628796875 0.7159091765625 0.3175064671875 0.71587041875 0.31814725 0.7379761203124999 0.31814725 0.7672148265625001 0.32749839999999997 0.7673527421874999
0 0.3512387828125 0.8451147078125001 0.35520559375 0.8483442265625 0.361235153125 0.8525426062499999 0.372024884375 0.8567409796875 0.38392531875 0.8583557390625 0.38364621875 0.81554986875 0.380910540625 0.8157260796875001 0.37297691718750003 0.8234769296875 0.3512387828125 0.8451147078125001
5 0.4749653359375 0.857224071875 0.4749653359375 0.8388973921874999 0.47464376093749994 0.8057348265625001 0.46550620781249996 0.805839309375 0.465425128125 0.82678869375 0.46553232031249997 0.8570059015625 0.4749653359375 0.857224071875
0 0.3703559578125 0.53015765 0.37496761093750003 0.527258953125 0.37957926406250003 0.5242222203125 0.3833770875 0.5195290859374999 0.35570718125 0.4937168609375 0.3510205359375 0.49450038281250003 0.35095989375 0.5337465140625001 0.35814864687500003 0.5337465140625001 0.3643879375 0.5326422484375 0.3703559578125 0.53015765
5 0.5076071734375 0.5330966187499999 0.507401025 0.5114996421875 0.507401025 0.48108039687500004 0.498532315625 0.4810220671875 0.49863983593750005 0.5059290828125 0.49863983593750005 0.5330966187499999 0.5076071734375 0.5330966187499999
3 0.1917164359375 0.496230053125 0.2811279125 0.49609700468750006 0.35603907968750004 0.4959639625 0.355777603125 0.45527348749999996 0.3573464296875 0.45514044531250003 0.35760789531250003 0.3668198921875 0.2603506625 0.36708598124999997 0.19199351874999998 0.3670806484375 0.191585703125 0.3924904703125 0.1913242265625 0.43584893124999996 0.1917164359375 0.496230053125
0 0.31668808125000003 0.46453366249999994 0.3083807984375 0.47507379531250005 0.305683628125 0.483308275 0.304281096875 0.4905546140625 0.30349328125 0.4952572671875 0.34419922187499996 0.4961540578125 0.3444150015625 0.49220150937499996 0.32769254375 0.47430524218750003 0.31668808125000003 0.46453366249999994
5 0.358377759375 0.4396859375 0.358552990625 0.41517491875 0.358815846875 0.3878010984375 0.3491534 0.3876155796875 0.349090309375 0.405357203125 0.3490026859375 0.4395967703125 0.358377759375 0.4396859375
3 0.0322403484375 0.5794767390625 0.19714969843750002 0.5789690765625 0.1973991171875 0.5048642265625001 0.197897975 0.367088615625 0.1648502125 0.367088615625 0.0321935515625 0.3666914734375 0.031990928125 0.44840842968750005 0.031990928125 0.4979972828125 0.0322403484375 0.5794767390625
5 0.0410057875 0.45045994375 0.040706196875 0.4289735015625 0.0404066078125 0.3980274171875 0.031325071875 0.3979371203125 0.0311191828125 0.4207334109375 0.031568573437500004 0.4506123859375 0.0410057875 0.45045994375
5 0.040602290624999995 0.56001986875 0.040602290624999995 0.533771553125 0.040602290624999995 0.5084354828125 0.031162834374999997 0.508325296875 0.0314300109375 0.5253494546875 0.0314300109375 0.5598147171875001 0.040602290624999995 0.56001986875
0 0.17941882343749999 0.521751740625 0.17115806875 0.5259550953125001 0.16572956562500002 0.532440271875 0.1944061875 0.5601824171875001 0.1972384484375 0.5601824171875001 0.197365209375 0.5186228984375 0.19145591875 0.51910963125 0.1856733890625 0.5194699203125 0.17941882343749999 0.521751740625
3 0.3464500140625 0.15597542343749998 0.35176415625 0.1603533609375 0.36036801406249996 0.1647312984375 0.37074324375 0.1662764484375 0.37074324375 0.17168449218749998 0.43577826406250003 0.1693667578125 0.43501909375 0.24581069218749999 0.5692295953125 0.24684080000000003 0.754544165625 0.24658326718749998 0.754544165625 0.2211019625 0.7788374124999999 0.194590540625 0.7720049296875 0.1876373578125 0.760870528125 0.18325941875 0.7677030109375 0.18171425937500002 0.7732702015624999 0.178623959375 0.7780782421875 0.17218581875 0.754544165625 0.1485071859375 0.754544165625 0.11477132187500001 0.663426953125 0.11477132187500001 0.4268904125 0.11554390625 0.4261312609375 0.106272978125 0.423347665625 0.0982896828125 0.4142376875 0.0890187640625 0.390197509375 0.11528637500000001 0.3684633140625 0.11525793437500001 0.3689718609375 0.125072346875 0.3421480859375 0.1515974953125 0.3464500140625 0.15597542343749998
0 0.417979515625 0.0916609171875 0.413623640625 0.0888010203125 0.3953570546875 0.1089632921875 0.38622375781249996 0.1182579578125 0.38630806562500003 0.122244190625 0.42795587968750004 0.1226907953125 0.4272533171875 0.10796232812499999 0.4240215328125 0.0989536546875 0.417979515625 0.0916609171875
0 0.412359028125 0.139398328125 0.405473928125 0.1461190859375 0.40097754375 0.1531258328125 0.3990103703125 0.16099055 0.399312703125 0.1717350421875 0.44074248593750004 0.17228714218750002 0.44074248593750004 0.16899826093749998 0.4282368984375 0.15498476562500002 0.412359028125 0.139398328125
0 0.350185428125 0.1581216859375 0.3558775578125 0.1624662078125 0.36465291875 0.16584528437499998 0.37508848437500003 0.1670520953125 0.3755934953125 0.12159476250000001 0.3717680734375 0.12167596875 0.34235875781249997 0.1516049015625 0.350185428125 0.1581216859375
5 0.5252747656250001 0.1250511140625 0.524978496875 0.11434756406249999 0.4997952328125 0.1141968078125 0.473598715625 0.1141853015625 0.47416755312500003 0.12490036093750001 0.49786944999999994 0.12459884843749999 0.5252747656250001 0.1250511140625
5 0.633915775 0.1242590921875 0.6336194953125001 0.114007803125 0.6134728859374999 0.11415855781249999 0.583466503125 0.1141853015625 0.58310483125 0.12380682812499999 0.6028070359375 0.12410833750000001 0.633915775 0.1242590921875
5 0.730072421875 0.12430087812499999 0.7297761406250001 0.11450185312500001 0.6961490796875001 0.11450185312500001 0.6623934484375 0.1143736640625 0.6616331890625 0.12415012656249999 0.6808909812499999 0.12445162968750001 0.730072421875 0.12430087812499999
5 0.0687616875 0.1731591515625 0.0687616875 0.1584758484375 0.0572115203125 0.13439523281250002 0.0468163703125 0.116775271875 0.047393878125 0.0844720078125 0.07107172187500001 0.0598040609375 0.0756917875 0.05216874218749999 0.062409095312499996 0.0410094328125 0.062265578125 0.042649857812500004 0.027758593749999998 0.07272536562500001 0.027181084374999998 0.1361572296875 0.0572115203125 0.17257181875 0.0687616875 0.1731591515625