3 0.8667103812500001 0.614146521875 0.8895459015625 0.6393423203124999 0.9566932687499999 0.6393423203124999 0.9773539890625 0.6141603671875 0.9971991671874999 0.6141603671875 0.9977428625 0.5505214984375 0.9977428625 0.436792325 0.9396631687499999 0.436792325 0.84667894375 0.43625964218749996 0.8460496515625 0.538586825 0.8460496515625 0.6144062781249999 0.8667103812500001 0.614146521875
0 0.90791234375 0.4777109125 0.912327084375 0.46961192343749997 0.9174481875 0.45948818593749996 0.9211565671875 0.44801461875 0.9215097546875001 0.43637231718749997 0.8616204843749999 0.43602054062500006 0.8619990453125 0.440927996875 0.8817770859375 0.45645106562500004 0.90791234375 0.4777109125
5 0.9785482 0.6112812953125 0.9672464734374999 0.6023386625 0.9488811484375 0.6249483390624999 0.894844721875 0.6249483390624999 0.8768598484375 0.6021476984375 0.8657074250000001 0.6112812953125 0.8874279484375001 0.6386153875 0.9561213203125 0.6387841140625 0.9785482 0.6112812953125
3 0.593655109375 0.6140044078125 0.6367516765625 0.6140044078125 0.657463046875 0.6385780921875 0.7953112296875 0.6387955546875 0.8164777953125 0.61356948125 0.8556245421875 0.6140044078125 0.8553969484374999 0.5361747 0.854714165625 0.449005534375 0.8556245421875 0.3596617125 0.7476295359375 0.3596617125 0.6654668578125 0.3598791765625 0.5935460796875 0.3596617125 0.5931999203125 0.4261831765625 0.5938827109375 0.5459606765625 0.593655109375 0.6140044078125
0 0.8116286984375 0.41779425156250005 0.8178203625 0.42058794062500005 0.826935859375 0.4250249765625 0.8413830687500001 0.42962634218750007 0.8542823593750001 0.431598359375 0.8550984953125 0.3735375125 0.8496386078124999 0.374081253125 0.828483778125 0.39840277031250004 0.8116286984375 0.41779425156250005
5 0.664538203125 0.62524373125 0.6452752609375 0.602401221875 0.6342678703125 0.6117682953125 0.65731460625 0.6385548328125 0.6952626546875 0.6390478359375 0.7958055671875 0.638719165625 0.8176483687499999 0.611932628125 0.8058386953125 0.601659859375 0.78750070625 0.62524373125 0.7335064109375 0.6254080656250001 0.664538203125 0.62524373125
3 0.8036638484375 0.367394284375 0.8548257796875 0.3676270640625 0.8543385125 0.21264294375 0.8548257796875 0.11095380937499999 0.7442977187500001 0.110022675 0.593017721875 0.11000143437500001 0.59326399375 0.25150535937499996 0.5937512609375 0.36692871562499996 0.8036638484375 0.367394284375
5 0.7895587015625 0.12351170781250001 0.7898023249999999 0.1095447015625 0.728477665625 0.1095447015625 0.6613079390625 0.10941972343749999 0.660679359375 0.12351170781250001 0.7184192625 0.12351170781250001 0.7895587015625 0.12351170781250001
0 0.8213681140625001 0.309899546875 0.8116417578125 0.3177901671875 0.8505471531250001 0.360399496875 0.8551350546875 0.360399496875 0.8550198765625 0.3032648515625 0.84430761875 0.30358705625 0.8345812640625001 0.30604191406250003 0.8213681140625001 0.309899546875
0 0.9077328671875 0.23125824375 0.901593775 0.222015146875 0.876665359375 0.2401458375 0.8556436484375001 0.257921025 0.855578065625 0.263005034375 0.91554624375 0.2636090875 0.9153602140625001 0.25081095000000003 0.9121976593750001 0.2408568453125 0.9077328671875 0.23125824375
5 0.9765407546875 0.12359934218749999 0.9765407546875 0.10955694062500002 0.9471475453125 0.10955694062500002 0.9230526765624999 0.10953731093750001 0.922405175 0.1228883328125 0.9439849921875 0.12377709218749999 0.9765407546875 0.12359934218749999
0 0.3236882875 0.7787340890625 0.3139118625 0.7927459609375 0.3090236484375 0.8089819390624999 0.307780328125 0.8220682171875 0.36814779375 0.8223265765625 0.36814779375 0.8143197890625 0.3439394796875 0.793858009375 0.3236882875 0.7787340890625
3 0.005151509375 0.8230261531249999 0.27376862968750004 0.8224879765625 0.274331865625 0.7275432609375 0.274331865625 0.6226423203125 0.2740502484375 0.5440975703125 0.1372889515625 0.5438284875 0.0050015984375 0.5440638375 0.0059963875 0.6089188828125 0.0057147484375 0.7132816484375 0.005151509375 0.8230261531249999
0 0.2454811609375 0.5650797921875 0.2366704140625 0.5688681375 0.23094343125 0.57518205 0.26949045312500003 0.6176957171875 0.2743363578125 0.6176957171875 0.2741673484375 0.5593843484375001 0.2628823921875 0.5606600546875 0.2551729875 0.562764690625 0.2454811609375 0.5650797921875
5 0.0578105203125 0.8240596421875 0.1412629609375 0.8236387203125 0.22984208750000001 0.8236387203125 0.2300889953125 0.8097293562500001 0.1710286375 0.8093271874999999 0.057590256250000006 0.8095376484375001 0.0578105203125 0.8240596421875
3 0.0057195609375 0.5516669765625 0.1200325703125 0.55211074375 0.24636090937500002 0.55211074375 0.24589647343749998 0.462073078125 0.2454320375 0.3773488125 0.24566425625 0.28219598125 0.0370302046875 0.2824178625 0.037262421875 0.2797552546875 0.004705101562499999 0.2800647578125 0.0057195609375 0.3662427734375 0.00548734375 0.48423784531249997 0.0057195609375 0.5516669765625
0 0.22567198125000001 0.4881896265625 0.21793969687499998 0.49089258750000003 0.20926445 0.49431633750000004 0.20228653749999997 0.5009836437499999 0.24132515312499997 0.5424034437499999 0.246228553125 0.5424034437499999 0.246061853125 0.48501967500000004 0.23830767812500003 0.48584706093749996 0.2341586375 0.48620745468750004 0.22567198125000001 0.4881896265625
3 0.2370654703125 0.41160401249999995 0.408796696875 0.41013018125 0.40931089218750005 0.1105553609375 0.2006034640625 0.11069326875 0.2007608484375 0.11460317187499999 0.196826175 0.110994025 0.1758811546875 0.0927047890625 0.1601424640625 0.079320875 0.1551552609375 0.08534684687500001 0.1499614875 0.09331704375 0.1458694296875 0.10474599843750002 0.1427216921875 0.095271996875 0.138629634375 0.0874521828125 0.13170460781249999 0.07978275 0.0910987765625 0.11452076874999999 0.09078400625000001 0.110911621875 0.0248416546875 0.1105205046875 0.0237445984375 0.2900974046875 0.2375675234375 0.289388025 0.2370654703125 0.41160401249999995
5 0.0796582578125 0.1233799671875 0.0796582578125 0.1102294578125 0.06249296875 0.1100816984375 0.040654953125 0.11007010625 0.0399152 0.1235277296875 0.057235134374999996 0.1235277296875 0.0796582578125 0.1233799671875
5 0.35913765625 0.1232681234375 0.35898301718750003 0.11026537343750001 0.3203792671875 0.10996985625 0.2704270234375 0.10970086718750001 0.270682278125 0.1237114046875 0.307023215625 0.1234158859375 0.35913765625 0.1232681234375
0 0.2960730640625 0.381344853125 0.288526871875 0.36988565 0.25510801562499996 0.3961516875 0.2435192125 0.40580832187500004 0.2437366984375 0.41139014375 0.3029455 0.410958525 0.30254123593750004 0.40014309531250003 0.2998461671875 0.391001484375 0.2960730640625 0.381344853125
0 0.27892738437500003 0.450233159375 0.290984340625 0.4562236875 0.3044881453125 0.46152301093750003 0.31943876250000003 0.463135840625 0.319748134375 0.4094279765625 0.31558054062499996 0.4092210515625 0.29870080312499997 0.4283446765625 0.27892738437500003 0.450233159375
1 0.14974571875 0.0895547734375 0.1467375796875 0.096121034375 0.139432159375 0.0866820328125 0.1312672546875 0.0776534265625 0.0891535609375 0.1104847296875 0.086575178125 0.1223860734375 0.20518104843749999 0.1227964578125 0.2026026671875 0.10966394374999999 0.15919979687500002 0.076011859375 0.14974571875 0.0895547734375