3 0.8351397109375001 0.57760300625 0.8365680265625001 0.47470853437500005 0.8191425718750001 0.47475137968750003 0.8194282515625 0.34253734375 0.7442989 0.34213540937500003 0.6592495890625 0.342098734375 0.6594570156249999 0.43978333750000004 0.66002834375 0.57800493125 0.8351397109375001 0.57760300625
0 0.7934412625 0.38111765000000003 0.793571634375 0.38662073750000003 0.7940931265625 0.3919403890625 0.79539685625 0.39817722187500004 0.79748281875 0.40313000312499997 0.8011332609374999 0.40881652500000004 0.8064785453125 0.413952746875 0.8135186796875 0.41688772500000004 0.8139098015625 0.4233079953125 0.818603221875 0.423491428125 0.818252996875 0.3754714875 0.8135186796875 0.3759814328125 0.8137794203125001 0.3813010859375 0.7934412625 0.38111765000000003
0 0.827338196875 0.48583043437500006 0.8230358984375 0.48858197812500004 0.8199069484375 0.49225070468750004 0.8154742718750001 0.49922128906249996 0.8129971859375 0.505274684375 0.8115630875000001 0.5127955703125 0.8115630875000001 0.5204998953125 0.8312493812499999 0.52086676875 0.8315101328125 0.5252692359375 0.83646429375 0.5263698578125 0.8366784468749999 0.47792280781249996 0.8320316156249999 0.47885985781249996 0.8322923671875 0.4845463859375 0.827338196875 0.48583043437500006
3 0.2703542625 0.707265159375 0.2705258328125 0.7895421828125 0.2705258328125 0.8933033453125001 0.29850679062499996 0.8930619546875 0.3166927203125 0.917201434375 0.3710789609375 0.917925615625 0.3889217640625 0.8923377718750001 0.41602909062500004 0.8923377718750001 0.4163722296875 0.8185095578125001 0.41671535468750004 0.7309218468750001 0.39218149687500004 0.7311632484375 0.37502495625 0.7046098203125 0.3755396578125 0.6746768624999999 0.35323615625000004 0.6744354671874999 0.300235528125 0.674471084375 0.29763317031250003 0.6700903625 0.2907705546875 0.67781499375 0.2703542625 0.707265159375
0 0.303809521875 0.7111274734374999 0.3110152640625 0.7094377171875 0.31839258125000003 0.7048512125 0.324912059375 0.6961610031250001 0.32920119375 0.681677315625 0.3338334671875 0.681677315625 0.3338334671875 0.67515965 0.2996869421875 0.6741694703125 0.2998635125 0.681677315625 0.30398108437500004 0.681677315625 0.303809521875 0.7111274734374999
5 0.3423768078125 0.9175028812500001 0.3708088921875 0.9175028812500001 0.3895027859375 0.8903014171875 0.38251914375 0.880834828125 0.36667819062499996 0.9036025765625 0.3200646453125 0.9037224046875 0.3037025921875 0.8807061062500001 0.29698311875 0.8912600578125 0.3077992546875 0.90659833125 0.31614555625 0.9175028812500001 0.3423768078125 0.9175028812500001
3 0.4121284078125 0.603999915625 0.412043378125 0.6489658281249999 0.4121284078125 0.6933335328125 0.4121284078125 0.7384190859374999 0.412043378125 0.79845339375 0.411958346875 0.8473674593749999 0.412043378125 0.892816090625 0.4222334421875 0.8926964500000001 0.42240350312499997 0.8898250624999999 0.4250394953125 0.8901839875 0.42486943125 0.9188191984375 0.42912102812499997 0.9183406359375 0.4360086140625 0.9155888921875001 0.44187582187499996 0.9103438140625 0.44612741875 0.903411009375 0.448508309375 0.8973093171875 0.45012391718749994 0.8896522875 0.45292997343749997 0.88977193125 0.4528449375 0.892284390625 0.4566202796875 0.8924040296875001 0.45679034375 0.8946772125000001 0.53027841875 0.8949164953125001 0.5304484796875 0.8928825968749999 0.5419277921875 0.8927629578125 0.5419277921875 0.8110799890625 0.542097859375 0.6877810656250001 0.542182890625 0.6246360906249999 0.5420128296875 0.561610753125 0.542097859375 0.5118592015625001 0.5415026328125 0.4533738484375 0.46564608124999995 0.4533738484375 0.4120184875 0.453276196875 0.41221343906249996 0.5152645062500001 0.4121284078125 0.5592732875 0.4121284078125 0.603999915625
5 0.4182752859375 0.5020461046875 0.41822618437500003 0.49057720937499993 0.41817708124999997 0.464955965625 0.4118550734375 0.4648792453125 0.4116462703125 0.480351928125 0.41174447968749994 0.502184284375 0.4182752859375 0.5020461046875
3 0.10011444218750001 0.37058203125 0.10193985312500001 0.37058203125 0.10144743281249999 0.4592178640625 0.289339984375 0.460053959375 0.289456515625 0.42424352499999995 0.2998465640625 0.423997828125 0.29975925000000003 0.4523757625 0.3024659 0.45274430624999995 0.3069187828125 0.45225291093750003 0.3114692234375 0.4501644921875 0.31557285625 0.44684759375 0.3194145515625 0.442179359375 0.32255775937500003 0.43603695 0.3243913015625 0.43050878125 0.325351725 0.423997828125 0.41190489062499996 0.423629284375 0.4125160671875 0.46009555156250004 0.416881634375 0.45997270625000003 0.4318948296875 0.4602184 0.43180751875 0.48859633437500005 0.43617308593750004 0.48847348281249997 0.439490915625 0.48736785312500003 0.443419925 0.4860165203125 0.4464758203125 0.4831910125 0.4491824734375 0.4799969609375 0.45206374374999997 0.47532872656249997 0.454857709375 0.4691928640625 0.4566039359375 0.4602249484375 0.47737587968749995 0.45997925000000006 0.47728857031249994 0.46206767187500003 0.51832489375 0.46231336875 0.5184995140625 0.45985640468750005 0.5416735171875 0.46111907499999993 0.5426683296875 0.4110242890625 0.5422704109375001 0.2792161171875 0.515609465625 0.2792161171875 0.515609465625 0.27669663437500003 0.464277215625 0.2761367484375 0.464277215625 0.278656234375 0.45472702031249995 0.27837629062499997 0.45472702031249995 0.273057384375 0.41239783125 0.273057384375 0.41239783125 0.2848149671875 0.3031726765625 0.28453502343750003 0.220238290625 0.2848149671875 0.10157720156250001 0.28479001875 0.10207024218750001 0.312379196875 0.10037521093749999 0.31256265 0.10011444218750001 0.37058203125
5 0.110936540625 0.37105145781250004 0.111066925 0.346135078125 0.111066925 0.31256265 0.09950805 0.31181169531249997 0.0999840515625 0.33674520937499997 0.0999840515625 0.37086800468750003 0.110936540625 0.37105145781250004
0 0.3000316375 0.452635734375 0.30139921406250003 0.45271939375 0.30627492031250003 0.45238474999999995 0.31091278437500003 0.45071599375 0.31424253750000003 0.448038853125 0.317988503125 0.44419045625000003 0.320723653125 0.44017920000000005 0.3227452875 0.4357451796875 0.3244696234375 0.430390890625 0.3254209796875 0.4245346375 0.3295237078125 0.4247019609375 0.3296426265625 0.4180091 0.296662034375 0.417519121875 0.2966424296875 0.42427473750000005 0.300269478125 0.424442059375 0.3000316375 0.452635734375
0 0.34231779375000004 0.4625850171875 0.3479361609375 0.4583999546875 0.3519846953125 0.45328487500000003 0.355372240625 0.4459610109375 0.35669420937499996 0.44038092500000003 0.35760306875 0.43476107031250005 0.35760306875 0.4290647328125 0.3373604078125 0.42894847968749994 0.3374430296875 0.42418215625 0.3324544390625 0.42329567656249995 0.33232039687500003 0.47025763906250007 0.3374430296875 0.4703738890625 0.3373604078125 0.46432879531250004 0.34231779375000004 0.4625850171875
0 0.424515515625 0.31817235 0.431623821875 0.3171305296875 0.4369550453125 0.3150468890625 0.4431748046875 0.3094210578125 0.448061765625 0.29983630781250004 0.45087547031249997 0.289418109375 0.45472579843750005 0.289418109375 0.4545777109375 0.274415896875 0.42103170937499995 0.27419429375000004 0.42125755 0.289418109375 0.424515515625 0.289418109375 0.424515515625 0.31817235
5 0.5152359125 0.292496478125 0.515384 0.276660809375 0.4897645046875 0.2762440796875 0.46363125937499994 0.2754960140625 0.46370073749999996 0.2920797484375 0.48902405781249997 0.292288109375 0.5152359125 0.292496478125
5 0.5179307484375 0.46168112812500006 0.5179867015624999 0.45317861875 0.49400080468749996 0.45325734687499997 0.47728177499999996 0.45299837031249995 0.47708489062500004 0.4612874921875 0.4944863453125 0.46175985468749997 0.5179307484375 0.46168112812500006
5 0.53080676875 0.8953187375 0.53080676875 0.8799658734375001 0.4909607828125 0.8796208640625001 0.456215428125 0.8794388703125 0.4566319375 0.8951462328125 0.486547075 0.8951462328125 0.53080676875 0.8953187375
0 0.42482228749999995 0.918364915625 0.43019468437499997 0.9180049625000001 0.434223984375 0.9168351140625 0.43902076562500003 0.9136855171875 0.4432419328125 0.9083761953125 0.4466316609375 0.902796909375 0.44874224218750003 0.8968576703125001 0.449957428125 0.8902885093749999 0.45392276562499995 0.8899285562499999 0.45385880937499995 0.8828194671875 0.4209288203125 0.8827703843749999 0.42136860781249996 0.8906484625 0.42463041874999996 0.8906484625 0.42482228749999995 0.918364915625
0 0.43147114531249997 0.4886841640625 0.436863684375 0.4884791 0.44232909375 0.48673605468750003 0.44743014218750005 0.48253224218749996 0.4519482109375 0.475765125 0.45515458593749997 0.46889547968749995 0.45690351875 0.4602827859375 0.46047425468750003 0.46018025468749996 0.460547125 0.4534131375 0.4277431765625 0.4530240421875 0.4278275390625 0.460077721875 0.4316897609375 0.46018025468749996 0.43147114531249997 0.4886841640625
3 0.2766743203125 0.2910703671875 0.39949889843749997 0.29123166562499997 0.420477284375 0.29090907499999996 0.420477284375 0.242062665625 0.420477284375 0.175957753125 0.42059191875 0.096787990625 0.347541090625 0.0977557578125 0.347311821875 0.0953363421875 0.2900644140625 0.095175046875 0.29017904843750003 0.09711058125000001 0.2227997671875 0.09694928593749999 0.2227997671875 0.099529996875 0.2206253125 0.0993687015625 0.22073994687499998 0.071303475 0.217300865625 0.071303475 0.2132886046875 0.071626065625 0.2092763453125 0.073400303125 0.20514945 0.0767874859375 0.2011371890625 0.08162631718749999 0.1979157203125 0.08807809375 0.1956230078125 0.09356210312499999 0.1939034671875 0.0898523328125 0.19115220156249998 0.0832392625 0.1877131203125 0.0775939578125 0.18278376875 0.0735615984375 0.1768227 0.071303475 0.17051771875 0.0706582984375 0.170403084375 0.09694928593749999 0.11358173593750001 0.09697721249999999 0.11398544531249999 0.2919385546875 0.2100835734375 0.29090907499999996 0.2766743203125 0.2910703671875
5 0.34760634218750003 0.1097535296875 0.347527584375 0.09490452499999999 0.3186031421875 0.0947937140625 0.2901093328125 0.0947328015625 0.289986503125 0.1097535296875 0.31334663906250004 0.1098643453125 0.34760634218750003 0.1097535296875
3 0.14576119375000002 0.6306655265625001 0.14576119375000002 0.6333427234375 0.19352026718749998 0.63414588125 0.1937105390625 0.631736409375 0.22834063593749998 0.632004125 0.24337237968749997 0.610854271875 0.24889035 0.601751796875 0.246036221875 0.5982714421875001 0.2519347640625 0.5897044078125 0.252886140625 0.45374558593750003 0.18250554375 0.4529424296875 0.10118776874999999 0.4526548453125 0.1020681796875 0.5214786828125 0.1016876203125 0.6306655265625001 0.14576119375000002 0.6306655265625001
0 0.244793459375 0.5392136296875 0.2420194234375 0.5401894031250001 0.23924538593750003 0.542419746875 0.236075065625 0.545347078125 0.23290474374999998 0.5499471609375 0.230427928125 0.555383621875 0.228446475 0.56151706875 0.2273566703125 0.5673717234375 0.22705945781249998 0.5740627546875 0.24727027499999998 0.5742021484375 0.24727027499999998 0.5793598203125 0.25212482812500003 0.5790810265624999 0.25255330625 0.5329991015625 0.24727027499999998 0.5328013890625 0.247369346875 0.53837725 0.244793459375 0.5392136296875
5 0.1929149234375 0.6329418046875 0.1927822828125 0.6185091453125 0.166313675 0.6184469359375 0.145556515625 0.6187385125 0.14574495468749998 0.632879596875 0.1681550625 0.633066225 0.1929149234375 0.6329418046875
0 0.274237265625 0.640827375 0.288257809375 0.6210574203125 0.28517184218749997 0.616169846875 0.28156060156249996 0.6133983578125 0.27781804062500004 0.6111811671875 0.2729592796875 0.6097954234375 0.267443934375 0.6094258921875 0.2610750171875 0.611458315625 0.256544553125 0.615523165625 0.2536014375 0.6112221203125 0.24600393281250002 0.621621565625 0.2687219171875 0.6542229046875 0.27679795937499996 0.6443379296875 0.274237265625 0.640827375
5 0.2965964890625 0.6679820578125 0.28595974687500003 0.6530160171875 0.2777537671875 0.6419263578125001 0.27020160625 0.6522769546875 0.27919687656250003 0.665025803125 0.2887830828125 0.6783289515625001 0.2965964890625 0.6679820578125
1 0.21727513593749997 0.0698358453125 0.2039776421875 0.0768025671875 0.1951126390625 0.0848692828125 0.1859869046875 0.07423587499999999 0.1760789578125 0.0680025 0.1698213078125 0.0676358359375 0.169560575 0.105769434375 0.22275057343750002 0.1087027859375 0.22301130468750002 0.06946918125 0.21727513593749997 0.0698358453125