5 0.42613531718750003 0.2426382875 0.42613531718750003 0.23121537343749998 0.40177009531249996 0.23121537343749998 0.3720613578125 0.23097363906249999 0.371671878125 0.241575690625 0.400336846875 0.2421069890625 0.42613531718750003 0.2426382875
5 0.269911240625 0.3122738484375 0.26919461718750004 0.30164788124999997 0.258445253125 0.30164788124999997 0.246272940625 0.3011267 0.2466209546875 0.312539496875 0.2602368140625 0.312805146875 0.269911240625 0.3122738484375
5 0.3705969421875 0.350536196875 0.3709552546875 0.3399102296875 0.35769770625 0.33964458125 0.345183490625 0.3396577375 0.3451567828125 0.350536196875 0.3569810828125 0.350536196875 0.3705969421875 0.350536196875
5 0.394603853125 0.390658090625 0.39496216562500003 0.3826886171875 0.3799455328125 0.382440475 0.37919643281250004 0.3885328984375 0.3799130578125 0.3994245140625 0.394603853125 0.3996901625 0.394603853125 0.390658090625
5 0.405711528125 0.4344990734375 0.39532047656249997 0.42706089687500004 0.384962734375 0.434523809375 0.39245398125 0.4403433546875 0.40535321562500004 0.4493754265625 0.41574426718749996 0.44140595156250007 0.405711528125 0.4344990734375
5 0.4211189484375 0.47913700312499996 0.4211189484375 0.45761942031249997 0.405031540625 0.45684523749999995 0.40535321562500004 0.4738240203125 0.40535321562500004 0.49799809375 0.4211189484375 0.4985293921875 0.4211189484375 0.47913700312499996
5 0.40463659218750003 0.52272120625 0.41681920312500004 0.5147517296874999 0.40682339843750004 0.5065369890625 0.39675372656249996 0.5120952390625 0.3845711140625 0.5205960125 0.39532047656249997 0.5285654875 0.40463659218750003 0.52272120625
0 0.310400509375 0.534702025 0.298934521875 0.5304516390625 0.2914099671875 0.5288577437499999 0.2828104765625 0.5288577437499999 0.28318521093750004 0.560480440625 0.32437468125 0.5604699953125001 0.3229414328125 0.5493127296875 0.31756675156249997 0.5405463078125 0.310400509375 0.534702025
5 0.34694834218750004 0.83841885 0.33512404375 0.8285898312500001 0.32260608281250003 0.8352465984374999 0.33404910781249997 0.8458570265625 0.344081846875 0.8546234500000001 0.35733939375 0.8471852734375 0.34694834218750004 0.83841885
5 0.389229171875 0.8477165718749999 0.35769770625 0.8479822203125 0.35665138125 0.8586309515625 0.3860043625 0.8591394859375001 0.4275685671875 0.8591394859375001 0.42721025468749996 0.8479822203125 0.389229171875 0.8477165718749999
5 0.44118442656249995 0.8368249546875 0.42971843906249996 0.8479822203125 0.43975117812500003 0.85648299375 0.45121716562499997 0.8461226765625 0.4616082171875 0.8352310609375 0.4501422296875 0.8288554796875 0.44118442656249995 0.8368249546875
0 0.3619974515625 0.6685980765624999 0.3684470703125 0.6598316546875 0.36880538125 0.6486743890625 0.3229644546875 0.64976615625 0.32437468125 0.680286640625 0.338707165625 0.6800209921875 0.3526813375 0.67550495625 0.3619974515625 0.6685980765624999
0 0.26704474375 0.7796926453124999 0.25701200625 0.775176609375 0.2466209546875 0.7725201171875 0.236946528125 0.7725201171875 0.2387471375 0.80814200625 0.27922735625 0.8078514578125 0.27851073125000003 0.797225490625 0.274927609375 0.7863338734374999 0.26704474375 0.7796926453124999
0 0.33834885312499996 0.3271502 0.33333248437499996 0.3236967625 0.30036776875000004 0.3433548 0.30002867499999997 0.34736394531250003 0.343723534375 0.3473395375 0.3447984703125 0.3391044140625 0.34121535000000003 0.3321975359375 0.33834885312499996 0.3271502
0 0.2906933421875 0.16877008124999998 0.281377228125 0.175411309375 0.27528592343749997 0.185505978125 0.2745692984375 0.195334996875 0.32580792812500003 0.195334996875 0.3258314265625 0.161352040625 0.310042196875 0.1613319046875 0.30144270624999997 0.16451969375 0.2906933421875 0.16877008124999998
3 0.4211189484375 0.5102445640625 0.4218355734375 0.44461147968750003 0.3956787890625 0.4270786359375 0.394603853125 0.34017587968749996 0.34694834218750004 0.3399102296875 0.34193197343750004 0.3292842640625 0.3329741703125 0.32290868437500003 0.30036776875000004 0.340972828125 0.2229787890625 0.3401892 0.22297235624999998 0.56257745 0.39532047656249997 0.5623118015624999 0.39532047656249997 0.5299026015625 0.4211189484375 0.5102445640625
3 0.47701567968749997 0.5321529734375 0.456950203125 0.532418621875 0.45014227343749996 0.53959115 0.44620083906249997 0.5449041328125 0.439392909375 0.5390598515625 0.43473485156249997 0.5356064125 0.42936017031249996 0.532684271875 0.42326886406249997 0.5310903765625 0.4118028765625 0.530824728125 0.4118028765625 0.5515453625 0.3795547875 0.5518110125 0.3795547875 0.5549988015625 0.3215082265625 0.5557957499999999 0.3232997875 0.689195978125 0.28424376875 0.689461628125 0.28388545625 0.7968371078125001 0.2770775265625 0.7968371078125001 0.2770775265625 0.807463075 0.2795857109375 0.807463075 0.278510775 0.8342936406250001 0.32437472500000003 0.8353562374999999 0.35017319687500004 0.858202065625 0.43724303593749997 0.8579364171874999 0.46268319687500004 0.8350905890625 0.5075258515625001 0.834840640625 0.507472209375 0.780083471875 0.5078305203125 0.5515453625 0.47665736875000003 0.5518110125 0.47701567968749997 0.5321529734375
5 0.6644519296875 0.35133076406249997 0.6644519296875 0.3396422 0.6422365796875 0.3396422 0.622563078125 0.3396577375 0.6228877265625 0.35106511406249996 0.6501194453125 0.35133076406249997 0.6644519296875 0.35133076406249997
5 0.698849890625 0.8357511078125001 0.6977749546875 0.8243281937500001 0.6486861968750001 0.8243281937500001 0.6236381921875 0.8243516140624999 0.6243209734375 0.8365480546875 0.665885178125 0.8360167562499999 0.698849890625 0.8357511078125001
5 0.812793140625 0.8357511078125001 0.812793140625 0.8248594921875 0.7697956875 0.8245938421875 0.7376003484375 0.8246173453125 0.738264221875 0.8362824062499999 0.7819783 0.8360167562499999 0.812793140625 0.8357511078125001
5 0.750446834375 0.50863941875 0.750805146875 0.4961539078125 0.7347333765624999 0.4964392 0.7350394140625001 0.5097020140625 0.7346811015625 0.5285631046875 0.750446834375 0.5285631046875 0.750446834375 0.50863941875
5 0.8196010703125 0.563363146875 0.8188844468750001 0.5519402328125 0.789502853125 0.5519402328125 0.76513763125 0.5519402328125 0.7662125671875 0.563363146875 0.8016854656250001 0.5636287953125 0.8196010703125 0.563363146875
0 0.6311343140625 0.48683598437500003 0.6261179453125 0.48152300156249994 0.6182350796875 0.47780391250000004 0.6114271484375 0.47594436875 0.60461921875 0.47488177187499997 0.596378040625 0.47488177187499997 0.597118696875 0.5081313765625 0.63830055625 0.508619215625 0.63865886875 0.4995871453125 0.635434059375 0.49161766875 0.6311343140625 0.48683598437500003
0 0.6895391875 0.53443153125 0.6870310015625 0.5240712140625 0.68344788125 0.5187582296875 0.6766399515625 0.5145078437499999 0.6454667984375 0.5357597765625 0.6730568296875 0.5570117109375 0.6827312562500001 0.552230025 0.6870310015625 0.5431979546875 0.6895391875 0.53443153125
0 0.7113962265625 0.6731181375 0.7189207796875 0.66700820625 0.7225039015625 0.6606326265625 0.7246537734375 0.6494753609374999 0.679185784375 0.649500425 0.6791481359375 0.6805563140625 0.6884642515625 0.6813532609374999 0.7024384234375 0.6781654703125 0.7113962265625 0.6731181375
0 0.6347174359375 0.7108403187500001 0.641525365625 0.7174815484375 0.6511997921875 0.7217319359375 0.6623074671875 0.7241227765625 0.6712652703125 0.7238571281249999 0.6712652703125 0.6903853328125 0.629013765625 0.69042304375 0.62790950625 0.6970265625 0.6297010671875001 0.7049960375000001 0.6347174359375 0.7108403187500001
3 0.64976654375 0.46321094687500003 0.7490189968750001 0.46374224531249997 0.748660684375 0.33938295625000003 0.57920011875 0.34045493125 0.579179059375 0.392247140625 0.579537371875 0.5081056562499999 0.64940823125 0.5086369546875 0.64976654375 0.46321094687500003
3 0.757271590625 0.588099809375 0.7343396156249999 0.5973975296875 0.7336229921874999 0.6024448640625 0.7364894890625 0.6082891453125 0.7372061125 0.6162586203125 0.7225153171875001 0.6295410796875001 0.7221570046875 0.6404326953125 0.6784429281250001 0.6412296421875 0.6773679921875 0.6970337062499999 0.7673043296875 0.6975650046874999 0.8623136515625 0.697066325 0.8626153484374999 0.630072378125 0.8622570359375 0.5525028203125 0.757271590625 0.5522371703125 0.757271590625 0.588099809375
3 0.5788321625 0.74753365625 0.5788321625 0.835206753125 0.6698434375 0.8360037 0.739355984375 0.83573805 0.8619552796875001 0.8357780609375001 0.861898725 0.7773041015625 0.8626153484374999 0.690419084375 0.579190475 0.690684734375 0.5788321625 0.74753365625