3 0.519076484375 0.86330611875 0.5696052218750001 0.863635590625 0.5958832734375 0.9010305234375 0.7285822953125 0.9013599937500001 0.7550928906250001 0.8633324609375 0.8036956500000001 0.8630029890625 0.803230540625 0.75661028125 0.80392819375 0.6741042 0.6529185359375 0.6739394640625 0.5845491078125 0.6741042 0.5192231578125 0.67413904375 0.519076484375 0.7182357171875 0.519076484375 0.7794909359375 0.519076484375 0.86330611875
0 0.743898725 0.702756615625 0.7510692296875 0.7125439625000001 0.7615626437499999 0.7214640718750001 0.7746794109375 0.7274108171875 0.7897199703125 0.730012515625 0.803536303125 0.7306319671875 0.8032384468749999 0.6925928953125 0.7426744921874999 0.692597596875 0.7428493796875 0.6973054359375 0.743898725 0.702756615625
5 0.7362035515625001 0.8902607328125001 0.7421498234375 0.8810928359375 0.7489705375 0.86932324375 0.7264624828125 0.8617860546875 0.7197638671875 0.872048834375 0.7136427078125 0.8817122890625001 0.7362035515625001 0.8902607328125001
5 0.691049015625 0.9005716375 0.691223903125 0.8831030859375 0.659918546875 0.8829791968749999 0.6289066984375 0.8826836546875001 0.6289629796875 0.9004477484375 0.65747008125 0.9004477484375 0.691049015625 0.9005716375
5 0.6077791875 0.8790147015625 0.6011333515625 0.8683601218750001 0.5936903734375 0.8593093015625 0.5717517937500001 0.8676167781249999 0.5783976203125001 0.8777757968750001 0.58539323125 0.8874392515625 0.6077791875 0.8790147015625
5 0.9072912796875 0.8638806109375 0.907182646875 0.846642490625 0.8884974375000001 0.846719446875 0.865684096875 0.8468733593750001 0.8657927296875 0.8638806109375 0.8829570562500001 0.86380365625 0.9072912796875 0.8638806109375
0 0.8280907781250001 0.7685277187499999 0.8376731156250001 0.77735215625 0.8488125765625 0.783631084375 0.86450365 0.7877039 0.8738464312499999 0.788467553125 0.8738464312499999 0.7431665062499999 0.8215751203125 0.743099421875 0.8222215921875 0.754412834375 0.823179828125 0.7605220593750001 0.8280907781250001 0.7685277187499999
3 0.5197412203125 0.682401196875 0.7416967578125 0.6827012515625 0.7408496125 0.669798709375 0.7416967578125 0.5153001984375 0.7416967578125 0.43641661562499995 0.6887493499999999 0.43731679218749997 0.5205883984375 0.43611655625 0.5188940750000001 0.4742400703125 0.5197412203125 0.5849139421875 0.5197412203125 0.682401196875
5 0.6829112484375 0.45415604062500003 0.6826250984375 0.43510136875 0.6305448796875 0.43489865937500005 0.5773538734375 0.434929865625 0.5764615984375 0.4539533265625 0.6211017796875 0.454358746875 0.6829112484375 0.45415604062500003
0 0.6811943234375 0.6389404375 0.6854866484375 0.6458325515625 0.6986497734375 0.65617071875 0.708379046875 0.6610357437500001 0.72411756875 0.6652926359375 0.7412868671874999 0.666103475 0.741627015625 0.627168259375 0.6794773984375 0.6259670421875 0.678618925 0.63204831875 0.6811943234375 0.6389404375
3 0.9609591500000001 0.6226895296875 0.9612188875 0.5866356421875001 0.9612188875 0.514905678125 0.9612188875 0.436367775 0.8285560359374999 0.436367775 0.7287228890625 0.43616620156249997 0.7286669515625 0.5458076109375 0.7289266984375 0.62342551875 0.9609591500000001 0.6226895296875
5 0.8785418625 0.4535939125 0.8788793046875 0.43566563281250004 0.845134640625 0.43578515624999997 0.816486225 0.4356506484375 0.8174640156249999 0.4535939125 0.8436161296875 0.4534743921875 0.8785418625 0.4535939125
0 0.7929303828125 0.583640409375 0.7831416828125 0.5890179609375 0.77495114375 0.5955276296875 0.77095575625 0.6011882109375 0.7679592171875 0.607839396875 0.766560821875 0.61449058125 0.76509425 0.622787484375 0.819299928125 0.6230876515625 0.8194996937499999 0.580668603125 0.8049165421875 0.5805270874999999 0.7929303828125 0.583640409375
0 0.40067507812500003 0.8233117109375 0.3907374984375 0.8303513828125 0.3846645515625 0.838368778125 0.38273225625 0.84677726875 0.3808765125 0.8630177078125 0.4349044421875 0.8633987062499999 0.4357325796875 0.815880953125 0.41723768124999994 0.81705423125 0.40067507812500003 0.8233117109375
3 0.029119498437500002 0.6794447328125 0.0288689296875 0.780579984375 0.029119498437500002 0.8639750265625 0.0789816515625 0.8639750265625 0.10504026562499999 0.9010718296875 0.2379066140625 0.9010718296875 0.2649674671875 0.8634425374999999 0.344646684375 0.8634425374999999 0.3448972453125 0.8148368390625 0.344396125 0.7481264750000001 0.344396125 0.7202594984374999 0.341890490625 0.712291071875 0.333621884375 0.70057629375 0.3193397703125 0.6913464671875 0.303770740625 0.6874415390624999 0.27721100781249997 0.6863765609375 0.25115239375 0.6863765609375 0.250901834375 0.6489531515625 0.25115239375 0.5774503765625 0.250651275 0.5084325640625 0.250901834375 0.43675229375 0.190676421875 0.4363973 0.1909269828125 0.4053353890625 0.17689542656249999 0.4058678765625 0.166872884375 0.4085303265625 0.15609864375 0.41421021874999997 0.14757947968750001 0.42095509687500005 0.1398120125 0.4330248671875 0.1345501828125 0.42255256250000006 0.12728383593749998 0.415807690625 0.118012990625 0.410127796875 0.1042319953125 0.4065778640625 0.088446484375 0.40498039375 0.0881959234375 0.4363973 0.0285801984375 0.43649994062499997 0.028618370312500002 0.519053978125 0.0293700578125 0.5859418359374999 0.029119498437500002 0.6794447328125
0 0.215096815625 0.6523802390625 0.20561436406250003 0.657082328125 0.19897664843750001 0.6616500750000001 0.193666484375 0.66917341875 0.1910113953125 0.6773684875 0.18968385000000001 0.68448879375 0.2503715453125 0.6846231421875 0.2500496125 0.6469666640625 0.2380443578125 0.6474094609375001 0.2268550625 0.6484842234375 0.215096815625 0.6523802390625
5 0.2006846 0.900372396875 0.2004988578125 0.8831353468750001 0.17189398125 0.8830037687500001 0.1385044921875 0.8828904796874999 0.1384597125 0.9005039765625 0.1639069140625 0.900372396875 0.2006846 0.900372396875
5 0.11709893125 0.8793195125000001 0.1098548359375 0.8686614921875 0.10412229531249999 0.8592160859375 0.08162145937500001 0.8677404281250001 0.088679803125 0.8776089656250001 0.09499516875 0.8877406640625001 0.11709893125 0.8793195125000001
5 0.2464227203125 0.8888269765624999 0.2523665984375 0.8798795015625 0.2596106921875 0.8688267390625001 0.2370048375 0.8606957359375 0.23119155937500002 0.8710636062500001 0.224133209375 0.8809321453125 0.2464227203125 0.8888269765624999
3 0.23936700156250001 0.46468085312499996 0.23857294218749997 0.5675735359375 0.2381759046875 0.6451686624999999 0.36720994687499997 0.6451686624999999 0.46964309374999996 0.644606159375 0.470040146875 0.540025978125 0.46924607187499995 0.43150829843749994 0.470040146875 0.3204593609375 0.34405117500000004 0.32158436562500003 0.22851781718750003 0.32126185625 0.2274561671875 0.35335066875 0.22705912968750003 0.46468085312499996 0.23936700156250001 0.46468085312499996
5 0.2522643203125 0.43151662343749997 0.2520523484375 0.4118454140625 0.2520523484375 0.386468053125 0.22725957812500003 0.3865395171875 0.2276750640625 0.40959298593750004 0.227463090625 0.4313664640625 0.2522643203125 0.43151662343749997
0 0.33125710937499997 0.60617655 0.3230793265625 0.610038584375 0.3159237765625 0.615107509375 0.3103015484375 0.621866071875 0.307575625 0.6281418796875 0.30570155468750004 0.6352625062499999 0.3047497828125 0.6448357687499999 0.35783488281250003 0.64527446875 0.3585163671875 0.6025558906249999 0.3433534015625 0.603038646875 0.33125710937499997 0.60617655
5 0.3025296296875 0.28585481874999996 0.3022745953125 0.2674268609375 0.2877374234375 0.2674268609375 0.270873971875 0.2675428921875 0.2706498921875 0.28585481874999996 0.2844219421875 0.28585481874999996 0.3025296296875 0.28585481874999996
0 0.3856719796875 0.2432175875 0.37368520625 0.237255603125 0.36093331093750003 0.234184278125 0.34894651875 0.234184278125 0.350298865625 0.2842473921875 0.4040347015625 0.28422882656250004 0.4025044765625 0.26471687187500004 0.3963835640625 0.252973565625 0.3856719796875 0.2432175875
1 0.19290978125 0.4033120015625 0.1715658375 0.406236909375 0.1529759625 0.41257422187500004 0.141959684375 0.4228114359375 0.128877946875 0.41257422187500004 0.11373059375000001 0.406236909375 0.086878509375 0.40233702656250003 0.08538997968749999 0.45090897031250005 0.08412449375 0.452548065625 0.19290978125 0.45303554375 0.19290978125 0.4033120015625