3 0.7110101640625001 0.7453550812499999 0.7236217328125 0.7599406 0.7330070906249999 0.7681577890625 0.762043040625 0.7794564296875001 0.789905815625 0.7796618640624999 0.8004643359375001 0.77742403125 0.8268606484375001 0.765098240625 0.844751478125 0.7455824078125 0.86469536875 0.7457878421874999 0.8652819453125 0.69833355 0.86557523125 0.6161944671875 0.79852944375 0.6161944671875 0.6937305140625 0.6158213625 0.6931193234374999 0.6708168999999999 0.693705909375 0.7455605125 0.7110101640625001 0.7453550812499999
0 0.724523178125 0.6338170937500001 0.7196508625 0.6295268421875 0.7135256640625001 0.6267966828125 0.707261259375 0.6255291078125 0.699883178125 0.6249440749999999 0.69368295625 0.6248913093749999 0.6936187734375 0.6473703875 0.7292562859375 0.6470778703125 0.728560240625 0.638984896875 0.724523178125 0.6338170937500001
5 0.749163165625 0.7742656578125 0.759047003125 0.7780683828125 0.77692135625 0.7784584031249999 0.795568421875 0.7784584031249999 0.8121342953124999 0.7719255203125 0.826229215625 0.7653926375 0.8347209609374999 0.7561790734375 0.8441871781250001 0.745258434375 0.8333288718749999 0.7413582062499999 0.8167629984375001 0.7592992578125 0.8123083140625 0.7618344046875001 0.8053478640625 0.764662071875 0.7967169109375 0.7679772640625 0.791426965625 0.770122390625 0.763585165625 0.770317403125 0.739502009375 0.760079303125 0.729379996875 0.7487809750000001 0.7217144203125 0.7407518015625 0.7114375296875 0.7456093734375 0.7275857703125 0.76364793125 0.73343255625 0.76813319375 0.749163165625 0.7742656578125
3 0.6990179703125 0.7457192734375 0.6993911578125 0.703910178125 0.6990179703125 0.6509988046874999 0.6387473984375001 0.6509988046874999 0.586752765625 0.6509526015625 0.5863138765625 0.693984171875 0.5863138765625 0.7458499671875 0.6990179703125 0.7457192734375
0 0.6700955640624999 0.6723024093750001 0.678865578125 0.675569834375 0.69136753125 0.6768768046875 0.6911809234375 0.650744378125 0.65863243125 0.6506259984375 0.6598327734375 0.6615852578125 0.662258515625 0.6661596515625 0.6700955640624999 0.6723024093750001
5 0.59768173125 0.71028880625 0.59768173125 0.6954881125 0.59768173125 0.6740108515625 0.586077384375 0.6740108515625 0.5864918265625 0.690549390625 0.5864918265625 0.7102162359374999 0.59768173125 0.71028880625
5 0.6714831078125 0.746088475 0.6713795 0.73752505 0.6502121171875 0.73752505 0.6203500296875 0.7373010234375 0.6199888203125 0.746088475 0.641021696875 0.7460159015625 0.6714831078125 0.746088475
5 0.5977323359375 0.64699213125 0.5976266296875 0.6393660734375 0.5978380390625 0.627593809375 0.58622994375 0.6276048921874999 0.5863160703125 0.6372189328125 0.5864217828125 0.6469180921875 0.5977323359375 0.64699213125
5 0.5976760828125001 0.625732878125 0.5976760828125001 0.60597225 0.5976760828125001 0.5860556515625001 0.58649435625 0.586067996875 0.5862598265625001 0.602632584375 0.58636553125 0.625806915625 0.5976760828125001 0.625732878125
5 0.5973876671875 0.5767126515625 0.597537815625 0.5710860734375001 0.5976128953125001 0.562409575 0.5863098578125 0.562365309375 0.586576803125 0.569876621875 0.586651878125 0.576817821875 0.5973876671875 0.5767126515625
0 0.63223593125 0.5651577765625 0.6360647765625 0.5697326578124999 0.6431969421875 0.5745704625 0.6503291078125 0.576989365625 0.6570858953125 0.57793589375 0.6657195703125 0.57819881875 0.6659342703125 0.55605781875 0.63020889375 0.5560080140625 0.6305842703125 0.561529421875 0.63223593125 0.5651577765625
0 0.6915289437500001 0.5372706390624999 0.684287375 0.532999321875 0.677122034375 0.5311840125 0.6676698812499999 0.5310772296875 0.6677595843749999 0.555447975 0.6994565500000001 0.5554430578125 0.6988467375 0.54818181875 0.6969410625 0.5428960640625 0.6915289437500001 0.5372706390624999
5 0.62271126875 0.49868315625 0.6432536421874999 0.49895011250000004 0.6657642046875 0.4988433296875 0.6658528453125 0.491205415625 0.6455031531250001 0.49115495937500003 0.6227874953125 0.4911015703125 0.62271126875 0.49868315625
3 0.70059355 0.6195895375 0.8233553734375001 0.6195895375 0.8647797718750001 0.6196699125 0.8650092671875 0.566319178125 0.8650092671875 0.53442383125 0.8650092671875 0.491200134375 0.7611980640625 0.49128050781250004 0.7006759 0.4911928 0.7008230453125 0.5422114734375 0.700708296875 0.581585821875 0.70059355 0.6195895375
5 0.8242822593750001 0.49907243437500004 0.8241675125000001 0.4909547296875 0.7741476828125 0.4909547296875 0.7258841874999999 0.49079110468750003 0.7258670296874999 0.49915280624999997 0.7643832671874999 0.49907243437500004 0.8242822593750001 0.49907243437500004
0 0.7138183812500001 0.6147671406249999 0.721391815625 0.6128381828125 0.7299979921874999 0.607698575 0.7347027015625 0.600464978125 0.7360796953125 0.5930706359375 0.700307178125 0.5930225140625 0.70031449375 0.615410128125 0.7062449421875 0.6152493812500001 0.7138183812500001 0.6147671406249999
3 0.301653025 0.7455461046875 0.324535696875 0.7456666125 0.343117115625 0.7663940859375 0.3582897453125 0.77266053125 0.3749786140625 0.778444940625 0.4073240453125 0.778565446875 0.4124855515625 0.777246278125 0.439669484375 0.7651954234375 0.4568745015625 0.74543201875 0.47786461718749995 0.7457935484375 0.478036665625 0.6801420765625 0.478036665625 0.61678026875 0.4582740125 0.61678026875 0.38120589531250004 0.61678026875 0.3071089953125 0.6167708140625 0.30698658437500004 0.7096602515625 0.3018250796875 0.7095397390625 0.301653025 0.7455461046875
0 0.3420848171875 0.6338860625 0.33451460625 0.628463178125 0.32694440937499997 0.6258119875 0.316277290625 0.62412486875 0.30682572812500003 0.6242993875 0.30698658437500004 0.6502752234375 0.347762478125 0.650395734375 0.347074275 0.641839625 0.3420848171875 0.6338860625
5 0.37064514375 0.7776013796875 0.3799358546875 0.778685959375 0.40591542968749994 0.778685959375 0.419507396875 0.774468159375 0.43533602031249996 0.7674786640625 0.44290010312500006 0.7614532359374999 0.4525349109375 0.7510894984375 0.457352321875 0.7454255984375 0.4459969984375 0.740846271875 0.429480184375 0.75928408125 0.42380253593750006 0.7620557796874999 0.411414915625 0.766996628125 0.40573726718750003 0.7697683234375 0.3764887375 0.769888834375 0.352229659375 0.759766115625 0.3343691375 0.7408416984375 0.324191603125 0.7453050890624999 0.3413966125 0.76494798125 0.3506873265625 0.7700093421875 0.37064514375 0.7776013796875
0 0.285391328125 0.6904679203125 0.2770825125 0.6865188265625 0.265806259375 0.6840246609375 0.258387671875 0.6838168125 0.2579770765625 0.7160136625 0.29696432968750003 0.7160331156249999 0.2974094390625 0.7060564546875 0.29340340625 0.697326875 0.285391328125 0.6904679203125
5 0.24325374531250002 0.726004240625 0.2542332578125 0.7167550421875 0.244143984375 0.7113510171875 0.2334612109375 0.7204962890625 0.22234795937500001 0.7113390953125001 0.2126891640625 0.716962890625 0.22515239375 0.7274591671875 0.23331284062500002 0.7340063515625 0.24325374531250002 0.726004240625
5 0.21084952812500002 0.7344248531249999 0.21096227656250002 0.7242414968750001 0.21096227656250002 0.7157123750000001 0.19956679375 0.715706684375 0.19934899687500002 0.724158315625 0.1994617453125 0.7342669046875 0.21084952812500002 0.7344248531249999
0 0.2863943140625 0.6069789125 0.28510450781249996 0.6007453515625001 0.27968731562500004 0.594602128125 0.2706586703125 0.589355546875 0.26410635 0.5869919078125 0.24886095 0.606898203125 0.2805901859375 0.6205301375000001 0.285878390625 0.6133931609375 0.2863943140625 0.6069789125
5 0.210707825 0.5999320171875 0.2106135734375 0.593330853125 0.2106135734375 0.5860695734375 0.1995807515625 0.5860324421875001 0.19949268125 0.592010621875 0.199586925 0.59999803125 0.210707825 0.5999320171875
3 0.19952935624999998 0.526206546875 0.1997329046875 0.5823575765625 0.307452015625 0.5823575765625 0.3066378046875 0.619974090625 0.396223096875 0.6205443828125 0.47784737968749996 0.6204018109375 0.47825447812500005 0.467916921875 0.4774402828125 0.4100550171875 0.3137266953125 0.41034016093750003 0.2133905875 0.4101149640625 0.213981540625 0.46264171562499995 0.1999364609375 0.46264171562499995 0.19952935624999998 0.526206546875
5 0.210795121875 0.5440206765625 0.210795121875 0.5346667828125 0.21092734218750003 0.5103194875 0.1991404546875 0.5103335484375 0.1992916796875 0.5166072859375 0.1991594578125 0.5440206765625 0.210795121875 0.5440206765625
5 0.210795121875 0.5756144796875 0.2110595640625 0.5628339125 0.2110595640625 0.54968289375 0.1993058265625 0.549561490625 0.1991594578125 0.5588515625 0.1988950109375 0.5757070953125 0.210795121875 0.5756144796875
0 0.2838498109375 0.5567777703125001 0.2751766703125 0.5629194265625 0.26983935312499996 0.5683196406250001 0.2679331640625 0.573927240625 0.26783785625 0.5823386453125 0.2678732765625 0.58247475 0.303674140625 0.582735628125 0.30376944687499996 0.55397396875 0.2943338296875 0.55444126875 0.2838498109375 0.5567777703125001
0 0.32710933125 0.6099458578125 0.335661834375 0.6064589078125 0.34229959062500004 0.600299225 0.34651201875000004 0.5933253281249999 0.3468949609375 0.586262021875 0.30688051562499996 0.5861831359375 0.30630251406250003 0.6120916734375 0.3171526984375 0.6119128546875 0.32710933125 0.6099458578125