3 0.5516585453125 0.587145228125 0.6167715546875 0.587145228125 0.8396153296875 0.587541825 0.8396153296875 0.582386096875 0.839054078125 0.3924164859375 0.7099505625 0.3928130828125 0.5516585109375 0.3919207359375 0.5505358734375 0.3924164859375 0.55221983125 0.49275533749999995 0.5516585453125 0.587145228125
3 0.6741445171875 0.827582184375 0.8857619046874999 0.8288022734375 0.8868845437499999 0.78715966875 0.8728515609375 0.7724856328125 0.8408563593749999 0.7490864312500001 0.83957815 0.5796503953125 0.7836017875 0.578550059375 0.551776903125 0.5781534578125 0.5506542640625 0.7879225609375 0.673583196875 0.787525965625 0.6741445171875 0.827582184375
3 0.8621364296875 0.7778660656249999 0.8863353109375 0.7885882578125 0.9978962578124999 0.7888780468750001 0.99707595625 0.7465688546875 0.9974861078125 0.642534621875 0.8272736343749999 0.6415927984375001 0.8272736343749999 0.6422448234375 0.8272736343749999 0.7523646359375 0.8621364296875 0.7778660656249999
3 0.1382991765625 0.828170190625 0.3412942390625 0.828170190625 0.3404859265625 0.7748138124999999 0.304727 0.7499987421875 0.30519586875 0.5800752109375 0.015939565625 0.579992403125 0.0159395953125 0.788421996875 0.1387679875 0.788421996875 0.1382991765625 0.828170190625
3 0.307003490625 0.5462520359374999 0.333857225 0.54573924375 0.357082075 0.56163580625 0.3766780421875 0.5477904437500001 0.4615939015625 0.5472776203125 0.46231967812499997 0.27703606718749996 0.21410408906249997 0.27703606718749996 0.2126525359375 0.23960221874999998 0.1894220296875 0.24273030625 0.1708083859375 0.2519787140625 0.16190621249999998 0.2621805640625 0.1579946484375 0.27018949375 0.1589450703125 0.27703606718749996 0.015556695312499999 0.2766374328125 0.0174186375 0.5893265921874999 0.3055519390625 0.5867626296874999 0.307003490625 0.5462520359374999
5 0.3551406109375 0.29172033750000004 0.40545464999999997 0.291304553125 0.40486618124999996 0.27675231875 0.35778871875 0.27654442968750004 0.3124766609375 0.27675231875 0.3124766609375 0.2782075484375 0.3127709125 0.291304553125 0.3551406109375 0.29172033750000004
5 0.10635699375 0.292563853125 0.1450899875 0.2921152359375 0.14667740625 0.2766374328125 0.1161989828125 0.2773103875 0.088895396875 0.277534696875 0.0892129 0.2777590125 0.0876254828125 0.2923395375 0.10635699375 0.292563853125
5 0.05484753906249999 0.773755725 0.05517618125 0.7883843109375 0.090796246875 0.78937125625 0.12501944843749999 0.7891245203125 0.12501944843749999 0.7730866578125 0.08695486718749999 0.77333339375 0.05484753906249999 0.773755725
5 0.249340484375 0.8290958078124999 0.30626272656250003 0.8293425515624999 0.3048658609375 0.8123177359374999 0.2503881125 0.8120710078125001 0.18962447031250002 0.8127495250000001 0.1899736859375 0.8135514171875 0.190322903125 0.8278621265625 0.249340484375 0.8290958078124999
5 0.6252924515625 0.788663178125 0.6559924765625 0.788663178125 0.6559924765625 0.772955984375 0.6323499296875 0.7734546250000001 0.6055315171875 0.7738909359374999 0.6048257687499999 0.7749505484375 0.60517864375 0.7894111390624999 0.6252924515625 0.788663178125
5 0.8205618187500001 0.8287119921875 0.8211660609375 0.8131292703125 0.7752436031250001 0.8131292703125 0.7253935671875 0.8129158078125001 0.7256956875 0.8280715937500001 0.7716181453125001 0.82828505625 0.8205618187500001 0.8287119921875
5 0.951078278125 0.7881542421875001 0.9519846421875 0.7732119171875 0.925700078125 0.7732119171875 0.90213460625 0.7734253921875001 0.9012282421875 0.7890080890625 0.9260021999999999 0.7885811656249999 0.951078278125 0.7881542421875001
5 0.9386752250000001 0.40845182968750005 0.9390164375 0.3927815515625 0.9072836875 0.39326370625 0.8803279093749999 0.39272127343749996 0.8799866968750001 0.40845182968750005 0.9106958109375001 0.40869290312500006 0.9386752250000001 0.40845182968750005
5 0.639745340625 0.3928509078125 0.638855015625 0.40857723906250004 0.712615946875 0.40771583125 0.777537759375 0.40857723906250004 0.777537759375 0.3932872234375 0.707129596875 0.392641165625 0.639745340625 0.3928509078125
0 0.304888609375 0.632424125 0.30559979375 0.595995196875 0.28987650781249996 0.5960583171875 0.2745069765625 0.599088809375 0.2587800140625 0.6059073890625 0.24984424062500002 0.6172717046875 0.2441253453125 0.632676665625 0.304888609375 0.632424125
0 0.2516313953125 0.5581772671875 0.2587800140625 0.566258565625 0.26557120312500004 0.5720669859374999 0.27557926875 0.5756025499999999 0.287374490625 0.5776228796875 0.3056034703125 0.578317359375 0.3038163375 0.547318040625 0.25020169375 0.5468129515625 0.2516313953125 0.5581772671875
0 0.21159912812499998 0.24098661093749998 0.20623766406250002 0.2404815375 0.1858640984375 0.2440170953125 0.17013713749999998 0.2531085546875 0.1601290703125 0.26725080625 0.1594142078125 0.290168840625 0.16084393125000002 0.28922181406249997 0.211241696875 0.29073705625 0.21159912812499998 0.24098661093749998
0 0.40687485468749995 0.7385977890625 0.389036125 0.7434247953125 0.37802925 0.7493244515625 0.369299659375 0.7592466140624999 0.365504184375 0.7707777765625 0.3662632796875 0.78197373125 0.41598399375 0.7801636078125 0.4171226359375 0.738329621875 0.40687485468749995 0.7385977890625
0 0.3799269875 0.8391602546874999 0.38182472500000003 0.8332605890625 0.3894156734375 0.84505991875 0.40345892812499995 0.8525685828125 0.41902037343750004 0.8528367484375 0.41977946718750003 0.8128799296875 0.348804096875 0.8110027640625 0.3453881703125 0.812544721875 0.3461472875 0.8541775828124999 0.3620882578125 0.8525685828125 0.3730951328125 0.8464007515624999 0.3799269875 0.8391602546874999
0 0.7778570109375 0.540286134375 0.77893189375 0.5493995390624999 0.78287313125 0.559272409375 0.7929053953125 0.568132671875 0.8068788515625 0.5752208750000001 0.8197774484375 0.5767397765625 0.8405585203125 0.5766764890625 0.8402002265625 0.5759803406249999 0.8387670484375 0.5405392765625 0.7778570109375 0.540286134375
0 0.8083120296875 0.5992701578124999 0.7986380828125 0.6028142625 0.7853811921875 0.6129402765624999 0.77893189375 0.62559779375 0.7782153046875 0.6339517546875 0.8394836375000001 0.633129015625 0.8387670484375 0.5972449625 0.8176276828125 0.596738653125 0.8083120296875 0.5992701578124999
0 0.8929237859375 0.6855387000000001 0.901924278125 0.685803659375 0.9022992984375 0.64234889375 0.8531716140625001 0.6415539890625 0.8516715328125001 0.6420176828125 0.8509214921874999 0.6529476171875 0.8565467984374999 0.6680507984374999 0.8745477828125001 0.6799743625 0.8929237859375 0.6855387000000001
0 0.897851196875 0.5197799671875 0.8917433656249999 0.5123820609374999 0.8790914296875 0.5015934484375 0.8607679359375 0.4975862484375 0.8485522734375 0.4963532640625 0.8485522734375 0.54128013125 0.8991600171874999 0.5382747328125 0.8991600171874999 0.531185071875 0.897851196875 0.5197799671875