0 0.1587106078125 0.8350364484374999 0.13372436875 0.8364117953125 0.11230758593750001 0.8455807578125001 0.1008852984375 0.8607095359375 0.0995184609375 0.88387473125 0.11658486562499999 0.8839481171875001 0.15799673125 0.8836319265625001 0.1587106078125 0.8350364484374999
5 0.1949424453125 0.7536748453125 0.182105546875 0.7536748453125 0.1727696296875 0.7536748453125 0.1637714796875 0.753443290625 0.1634337140625 0.7888974734375 0.1926084578125 0.78927219375 0.1937754203125 0.7697873234375 0.1949424453125 0.7536748453125
5 0.403308665625 0.6517540312500001 0.35604556718749997 0.651379321875 0.31461740312500003 0.651379321875 0.2945057390625 0.65196985625 0.29361158125000003 0.670864184375 0.3484601234375 0.6712388890625001 0.4027251203125 0.671988309375 0.403308665625 0.6517540312500001
0 0.23364279375 0.6481783828125 0.22383574374999998 0.6252724328125 0.20600474375000002 0.6103835640625 0.164993446875 0.6075203203124999 0.16677654687500001 0.6304262703125 0.168559646875 0.6493236812500001 0.23364279375 0.6481783828125
0 0.1494915796875 0.6152913234375 0.156381884375 0.5907488609375 0.12067758749999999 0.5915535328125 0.1050178078125 0.5907488609375 0.0960958328125 0.590615503125 0.0981275046875 0.611670303125 0.106270590625 0.6321894109375 0.1269414984375 0.6285683921875 0.1494915796875 0.6152913234375
5 0.18526983749999998 0.3384283703125 0.149025921875 0.337224246875 0.1077828453125 0.337224246875 0.0815372515625 0.3364214984375 0.0673747046875 0.336215490625 0.0671646640625 0.3564902234375 0.13715291406250002 0.3560888484375 0.1846449421875 0.3560888484375 0.18526983749999998 0.3384283703125
5 0.40460802031250004 0.337625621875 0.34961725 0.33682287187500004 0.322121865625 0.33682287187500004 0.3083741734375 0.33682287187500004 0.303805125 0.33854256875 0.304624803125 0.356891596875 0.35461641093749996 0.3564902234375 0.40460802031250004 0.3564902234375 0.40460802031250004 0.337625621875
0 0.2947629625 0.3392737546875 0.2808399703125 0.3157399765625 0.25958908593749996 0.305385115625 0.23320868125 0.306326465625 0.23320868125 0.354335371875 0.2346742578125 0.3552767234375 0.2947629625 0.3548060484375 0.2947629625 0.3392737546875
3 0.44498472031249997 0.6550846156250001 0.44498472031249997 0.3414615109375 0.299159696875 0.34004948437500004 0.287435071875 0.31651570625000003 0.2720465015625 0.303336790625 0.24493330625 0.3009834140625 0.22734636875 0.3000420625 0.2258807890625 0.34004948437500004 0.049278625 0.340520159375 0.033157264062500004 0.340520159375 0.0022209859375 0.34091662968750003 0.00018175625 0.5101165453125 0.1672576640625 0.50870451875 0.1672576640625 0.6550846156250001 0.44498472031249997 0.6550846156250001
5 0.6727890203125 0.806459371875 0.6497993078125 0.80697749375 0.630036221875 0.8072365546875 0.6303350359375 0.8080619359375 0.62963289375 0.824334553125 0.6481859953125 0.8240754921875 0.6727890203125 0.823557371875 0.6727890203125 0.806459371875
5 0.9179528156250001 0.807225709375 0.8873485203125 0.807407721875 0.8578777171875 0.8081357718750001 0.8569908156249999 0.8081696359375 0.8570275984375 0.8241528734375001 0.8757302234375001 0.8243348859375 0.9179528156250001 0.8243348859375 0.9179528156250001 0.807225709375
0 0.7458197046875 0.8005924578125001 0.741482428125 0.7840915796875 0.7284706 0.7735910203125 0.7071178578125 0.7663049187500001 0.6823444875 0.7655957734375 0.6820951140625 0.7663049187500001 0.6824287499999999 0.80166394375 0.7458197046875 0.8005924578125001
0 0.84290795625 0.8395945359375 0.8482461421874999 0.8230936578125 0.848579778125 0.8093786406250001 0.790860646875 0.8095929375 0.7906959609374999 0.8094634421875 0.790527009375 0.856095415625 0.8078761140624999 0.8554525234374999 0.8312306749999999 0.8498807984375001 0.84290795625 0.8395945359375
0 0.6552608890625 0.651615721875 0.6549906859375 0.6920691531250001 0.6795427796875 0.690355025 0.70249365 0.6817843828125 0.7137022140625 0.6667000515625 0.7179721421874999 0.651615721875 0.6552608890625 0.651615721875
3 0.7866226281250001 0.8228832859375 0.7874588984375 0.856723284375 0.7958216109375 0.860483284375 0.8292724578125 0.8545747140625 0.8551968640625001 0.8400718578124999 0.8593782203125 0.8218090015625 0.99903550625 0.8223461437499999 0.99903550625 0.6531461515625 0.6360938171875 0.6504604375 0.6346757281250001 0.65020470625 0.6369300875 0.7041747218750001 0.682925003125 0.7047118640625001 0.68208873125 0.8223461437499999 0.7866226281250001 0.8228832859375
0 0.8389337156250001 0.5942133515625 0.839579471875 0.5618610421875 0.840225228125 0.5527360328124999 0.839579471875 0.552321259375 0.7717751578125001 0.5531508046875 0.775003934375 0.572230371875 0.791793575 0.5863326609375 0.8389337156250001 0.5942133515625
5 0.9993542453125001 0.583844021875 0.9984352937500001 0.5639349078125 0.9777711218749999 0.5631053625 0.9708551562500001 0.5637673765625 0.9706678125 0.5825997015625 0.9706678125 0.6070713203125 0.9984352937500001 0.6079008671875 0.9993542453125001 0.583844021875
0 0.7999092640625001 0.529810228125 0.7866613984375 0.5170464328125 0.7673415953125 0.5110190859375 0.747469796875 0.5099554359375 0.7474335859375 0.549952675 0.7496777734375 0.5503741203125 0.8048772140624999 0.5500195703124999 0.7999092640625001 0.529810228125
0 0.73422193125 0.5507286703125 0.7336699359375001 0.5071190359375 0.6972383062499999 0.515273684375 0.6784704968749999 0.5266192796875 0.6746065359375 0.5503741203125 0.69227035625 0.5507286703125 0.7088301875 0.5500195703124999 0.73422193125 0.5507286703125
5 0.70126285625 0.3379152671875 0.656527909375 0.3382766953125 0.6323316484375 0.3379152671875 0.613762425 0.3379152671875 0.6133996671874999 0.33808581875 0.6120743140625 0.35598669374999997 0.6756598359375 0.35598669374999997 0.6998560968749999 0.35562526562499996 0.70126285625 0.3379152671875
5 0.8634598828125 0.356723834375 0.907075959375 0.356449178125 0.907075959375 0.3385965390625 0.8827022687499999 0.3385965390625 0.8630322734375 0.3383218828125 0.8634598828125 0.356723834375
0 0.9672036234375 0.30701109843749996 0.9569410156249999 0.30618713125 0.932994934375 0.3108562828125 0.9124521624999999 0.3258164421875 0.9103316796875 0.336124634375 0.9116145046874999 0.35425193125 0.9663484046875 0.35342796249999997 0.9672036234375 0.30701109843749996
3 0.7470730078125001 0.3403019390625 0.6225940750000001 0.3399212078125 0.5562053109375 0.339540475 0.5560726875 0.3406157828125 0.555612553125 0.5517146890625 0.741738196875 0.550953225 0.74588749375 0.46985733906249993 0.7470730078125001 0.3403019390625
3 0.9693568171875 0.34047906875 0.9717278437499999 0.303548078125 0.9503885984375 0.3027866140625 0.9195652437499999 0.311162715625 0.9047463234374999 0.32829565 0.9047463234374999 0.34047906875 0.8081269609374999 0.3400983375 0.7796746328124999 0.3408598 0.7618919281250001 0.34047906875 0.7464802515625 0.3400983375 0.7357738421875 0.3400068953125 0.7340323578125 0.5505812703124999 0.9984019015625 0.5505812703124999 0.99780914375 0.3412405328125 0.9693568171875 0.34047906875