5 0.27143822968750003 0.9014108953125 0.255502521875 0.9014108953125 0.233900775 0.9014108953125 0.22752649218749998 0.9023706171875 0.2271723703125 0.9268433109374999 0.24487871718749998 0.9278030312500001 0.2710840921875 0.9278030312500001 0.27143822968750003 0.9014108953125
5 0.5599517781250001 0.708934959375 0.5127979453125 0.7079207515625 0.47200612499999994 0.707413640625 0.4645214015625 0.707413640625 0.4534814046875 0.7076671906249999 0.4532942984375 0.733276075 0.5214053796875 0.734290284375 0.559203315625 0.733783184375 0.5599517781250001 0.708934959375
5 0.7387736171875 0.707813625 0.7013939015624999 0.7073402578125 0.6420055453125 0.7059201328125 0.6420055453125 0.733849240625 0.6958043984375 0.73432261875 0.7387736171875 0.7333758625 0.7387736171875 0.707813625
5 0.8495571859375 0.7057317203125 0.8063698203125 0.706846396875 0.8063698203125 0.72245191875 0.8063698203125 0.735270746875 0.9330527468750001 0.734156059375 0.9334640671875001 0.7090757609375 0.8890427781250001 0.706289053125 0.8495571859375 0.7057317203125
5 0.623662521875 0.3021129453125 0.624056446875 0.2812959765625 0.61263295 0.279160909375 0.6047547046874999 0.28022844375 0.6047547046874999 0.3026467296875 0.6047547046874999 0.3346728375 0.622480784375 0.3352065984375 0.623662521875 0.3021129453125
5 0.6235182140625 0.1805678671875 0.624191640625 0.149997940625 0.62385494375 0.12718456875 0.6147635484375 0.12444696250000001 0.6042410796875 0.12535949531249999 0.603988540625 0.18376174375 0.6036518421875 0.22482582031249998 0.62217133125 0.22482582031249998 0.6235182140625 0.1805678671875
5 0.7602258765625 0.0952458453125 0.7198196734375 0.0943333078125 0.6817704796874999 0.0952458453125 0.672679084375 0.094789578125 0.6723423859375 0.10665252968750001 0.6730158125 0.1217093578125 0.679413471875 0.12307816093749999 0.7608993015625 0.12490323437499999 0.7602258765625 0.0952458453125
5 0.947979215625 0.0953054484375 0.892008584375 0.09430091562500001 0.8278833156250001 0.09430091562500001 0.8208406437500001 0.0953054484375 0.816948646875 0.095556578125 0.8167633249999999 0.1234324796875 0.91461924375 0.1244370234375 0.9464965390625 0.1249392859375 0.947979215625 0.0953054484375
0 0.33050947656249996 0.8121028609375 0.29115513437499996 0.8121028609375 0.2758136484375 0.8125547546874999 0.27514666718749997 0.8446412046875 0.29382324375 0.8798910781249999 0.3271743859375 0.8916410203125 0.33050947656249996 0.8121028609375
0 0.32183816875 0.7370838875 0.30049342343749996 0.752449209375 0.2864859609375 0.783179875 0.2844848953125 0.7922182906249999 0.28581897968750003 0.8057759328125 0.3425158109375 0.8084874624999999 0.3418488296875 0.8012567453124999 0.3451839203125 0.7307569796875 0.32183816875 0.7370838875
0 0.3318435 0.6033151328125 0.311165796875 0.607834340625 0.2884870265625 0.626815040625 0.277147671875 0.6494111203124999 0.27514660625 0.6819494640625 0.294490225 0.6837571421875 0.3318435 0.6819494640625 0.3318435 0.6033151328125
0 0.347965575 0.2960235234375 0.40643133281250005 0.29687537656249996 0.40706001562500005 0.222763015625 0.40580265000000004 0.220846315625 0.384428109375 0.2244667609375 0.3605388359375 0.23809660781250003 0.3523662421875 0.2610969953125 0.347965575 0.2960235234375
0 0.35865284375 0.0387599125 0.3347636296875 0.0370561859375 0.31276040625 0.060908446875 0.302073078125 0.08390883437499999 0.3001870859375 0.1186223703125 0.301444453125 0.12053906875 0.35865284375 0.12053906875 0.35865284375 0.0387599125
3 0.40580265000000004 0.2244667609375 0.40580265000000004 0.12053906875 0.404545340625 0.1000942796875 0.3636821953125 0.1000942796875 0.3636821953125 0.0379080484375 0.3523662421875 0.030241251562499998 0.3404216046875 0.030241251562499998 0.31276040625 0.04472298125 0.2964151015625 0.1000942796875 0.2134314453125 0.1000942796875 0.21248845 0.1000942796875 0.2121741359375 0.3624690890625 0.316532390625 0.3624690890625 0.40580265000000004 0.3624690890625 0.40580265000000004 0.2244667609375
3 0.5859788984375001 0.731382296875 0.5859788984375001 0.47822389374999996 0.587885353125 0.2857718828125 0.5869321249999999 0.1010696046875 0.40582434218749996 0.1010696046875 0.4067775703125 0.21989904375 0.37532201249999997 0.21731580625000002 0.349585646875 0.228940425 0.34005363125 0.2715640265625 0.341006859375 0.3038546140625 0.39629241249999997 0.3038546140625 0.39629241249999997 0.3503530875 0.2132782609375 0.349061484375 0.2120867046875 0.35132180625 0.21137180625 0.6823005531249999 0.32956847499999997 0.6823005531249999 0.32766210625 0.7326739 0.5859788984375001 0.731382296875
0 0.695384434375 0.47494823750000004 0.6964982140625 0.5121756515625 0.7069906546875 0.5358718265625 0.7314730328125 0.5541517234375 0.746462234375 0.556859846875 0.7504593390625 0.47629289531249996 0.695384434375 0.47494823750000004
3 0.7599524921875 0.6225320921875 0.760951803125 0.519623028125 0.7619510671875 0.47629289531249996 0.68750469375 0.47629289531249996 0.6495320578125 0.47561585781250004 0.6350424890624999 0.47493883437499995 0.60656300625 0.47493883437499995 0.60656300625 0.729503325 0.6695176515625 0.731534425 0.7594528828125 0.7322114796875 0.7599524921875 0.6225320921875
0 0.7819847453125 0.46319095624999995 0.7959321546875 0.44933144687500004 0.8033707437500001 0.430432121875 0.804765484375 0.4020831359375 0.7507192765624999 0.40003570312500003 0.7503705921875 0.400193203125 0.75083551875 0.47264061875 0.7819847453125 0.46319095624999995
0 0.726557721875 0.24573588906250002 0.7219151984375001 0.22607702968750001 0.7079875734375001 0.2064181515625 0.6934796140625 0.1985545984375 0.6737488484374999 0.195409190625 0.671427559375 0.2716855984375 0.6882568078125 0.2716855984375 0.726557721875 0.2701128953125 0.726557721875 0.24573588906250002
0 0.7315526046875 0.34759003437499997 0.7675093421875 0.3345302859375 0.775664453125 0.3174521484375 0.786785090625 0.2973602265625 0.7849316625 0.2687292703125 0.75268178125 0.27224535781250003 0.731923303125 0.27324993750000004 0.7315526046875 0.34759003437499997
3 0.7592172234375 0.4041974578125 0.7592172234375 0.3944493296875 0.791076115625 0.3930567671875 0.7931314953124999 0.362419946875 0.8887080765625001 0.3610273203125 0.8887080765625001 0.3944493296875 0.982229278125 0.39584195625 0.9853123953124999 0.099221596875 0.8589046578125 0.099221596875 0.8003254625 0.096436440625 0.76501943125 0.09960535781249999 0.7664111921875 0.25658354375000003 0.730441446875 0.26076129375 0.72838606875 0.40001970625 0.7592172234375 0.4041974578125
3 0.984452175 0.3882104375 0.8995652828124999 0.389275471875 0.8995652828124999 0.350933703125 0.782452834375 0.3519987359375 0.782452834375 0.39034050468750003 0.7494412640625 0.39034050468750003 0.7502272062500001 0.732221275 0.984452175 0.732221275 0.9836661609374999 0.5160163343749999 0.984452175 0.3882104375