3 0.6662581734375 0.671101959375 0.66586156875 0.7049313453125 0.6882274015625 0.70502064375 0.7112302484375 0.721719234375 0.7846129984375 0.721719234375 0.80774804375 0.7047575109374999 0.8376253 0.7048468078125001 0.8376253 0.65798001875 0.837360903125 0.6201322546875 0.8374931015625 0.58094503125 0.83022005 0.58094503125 0.766612478125 0.5811020609375 0.705075125 0.5811962015625001 0.6662513921875 0.5810952781250001 0.6662581734375 0.6094261015625 0.666125975 0.6383441390625 0.6662581734375 0.671101959375
0 0.704047003125 0.6032854000000001 0.702311359375 0.600159065625 0.7005178625 0.5980878703125 0.69635231875 0.5938304546875 0.6920710625 0.5910167546875 0.68778980625 0.5891018765625 0.682640728125 0.5878122625 0.6781280546875 0.586835284375 0.6717061734375 0.5864054140625 0.6662952234375 0.586435546875 0.6666055390625 0.6096162234375 0.7047991171875 0.609889778125 0.70450984375 0.6068416046875 0.704047003125 0.6032854000000001
5 0.7844030921875 0.7216711171875 0.8047722171875 0.70728044375 0.7983137109375 0.7031445421875 0.7807834734375 0.715665559375 0.7533557828124999 0.7158355296875001 0.71492231875 0.7155522484375 0.697635821875 0.7034547859375 0.6915164390624999 0.7075697640625 0.7108080859375 0.721614459375 0.7488503515625 0.721614459375 0.7844030921875 0.7216711171875
3 0.5739820578125 0.7048126171875 0.5957184390625 0.7048126171875 0.6117352953124999 0.7255563 0.6420481953125 0.7256457109375 0.6578003156250001 0.7047327375 0.6715668734375 0.7047327375 0.6716992421875 0.6570949749999999 0.6718316109375 0.611424290625 0.6311863984375 0.611603115625 0.63078928125 0.6004265640625001 0.5746640875 0.6006053890625 0.5742468046875 0.63733483125 0.5742468046875 0.6709396046875 0.5739820578125 0.7048126171875
0 0.6378042625 0.6277724671875 0.64164300625 0.63125955 0.6475996890625 0.6344783984375 0.65726275625 0.6370713593749999 0.6662639703125001 0.637965484375 0.6667934453125001 0.6115089359375 0.6309537234375 0.61134254375 0.6319799484375 0.6168641515625 0.6335683921874999 0.622586546875 0.6378042625 0.6277724671875
5 0.6558569171874999 0.7077572375 0.647898096875 0.7047974484374999 0.6361834328125 0.719717196875 0.617046496875 0.719717196875 0.6057673546875 0.704702684375 0.597730715625 0.7075156218750001 0.61141273125 0.7253951562500001 0.641996053125 0.7255159640625 0.6558569171874999 0.7077572375
3 0.665994096875 0.5842721296875 0.7813863921875 0.5842721296875 0.8375170296875 0.5844518203125 0.8376500390625001 0.539818059375 0.8376500390625001 0.5050624531250001 0.8375170296875 0.46940839375000004 0.6837655203125 0.46949823593750006 0.6837655203125 0.47111544375000003 0.6659588765625 0.47094575625 0.666393134375 0.51350308125 0.6661271109375 0.5470008625 0.665994096875 0.5842721296875
5 0.7958263421875 0.47510925468750004 0.7958263421875 0.46947194531249997 0.7569386421875001 0.4694220578125 0.7226441125 0.46931772968749996 0.7229492359374999 0.475209028125 0.749961590625 0.47510925468750004 0.7958263421875 0.47510925468750004
0 0.688988140625 0.5696904859374999 0.6942403625 0.56717483125 0.6989196171875001 0.5638851296875 0.702548428125 0.55982138125 0.7043628328125 0.5554351140625 0.7051267875 0.552403428125 0.7048403078125001 0.5488354875 0.6663538531250001 0.5493554031250001 0.6664513328125 0.572399653125 0.6747593984375 0.5725931640625 0.68258998125 0.5716901078125 0.688988140625 0.5696904859374999
0 0.645487615625 0.472567965625 0.6370273515625 0.4777708625 0.6322289859375 0.48280316875 0.6297035328125 0.48834723750000003 0.62922076875 0.4961104265625 0.6644285140624999 0.4962704265625 0.664554784375 0.470094459375 0.6554631578125 0.4705209265625 0.645487615625 0.472567965625
5 0.6490478984375 0.41477967343750005 0.6491636093750001 0.409425828125 0.6344106375 0.4094649078125 0.6130390718750001 0.40943359375000005 0.6129465062499999 0.41474059375000005 0.6285672984375 0.41481875312499994 0.6490478984375 0.41477967343750005
3 0.36553328125 0.680158365625 0.3651417375 0.7047426437500001 0.5164537499999999 0.7048837453125001 0.5169759859374999 0.6656725015625 0.51687153125 0.637181228125 0.5167670875 0.6006509171875 0.51687153125 0.564751803125 0.48143743125 0.5648223531250001 0.40159230625 0.5648929046875 0.3727649 0.56503400625 0.3409752734375 0.5648010234374999 0.340914 0.6225638203125 0.340704928125 0.6802995875 0.36553328125 0.680158365625
0 0.36449882968749997 0.5918250375 0.369861840625 0.5887911515625001 0.3741522515625 0.58530444375 0.37710190312499997 0.5813649187500001 0.37877784375 0.5776667921875001 0.3794482203125 0.5749498796875 0.3796493359375 0.571825428125 0.34092593125000004 0.57201726875 0.3409015796875 0.5951758984375 0.349147209375 0.5951758984375 0.3571246890625 0.5942702609375 0.36449882968749997 0.5918250375
5 0.49445967656249995 0.7049469140625 0.4945254390625 0.69983849375 0.41367752187500006 0.69997175625 0.38507053125 0.69997175625 0.38501172499999997 0.704858071875 0.45579091875 0.7049024921875 0.49445967656249995 0.7049469140625
5 0.370682440625 0.6972146296874999 0.37074029999999997 0.6918998640625 0.37079815312500003 0.6817434484375 0.3652098390625 0.681748046875 0.3651862359375 0.690688409375 0.36524409375 0.6972537078125 0.370682440625 0.6972146296874999
5 0.36306653906249997 0.7047723234375 0.3629508265625 0.6999655859375 0.356991784375 0.6999655859375 0.3495803171875 0.7000097656250001 0.34987564375 0.7047723234375 0.35583468906250004 0.7047723234375 0.36306653906249997 0.7047723234375
5 0.5169872203125 0.6979376953124999 0.517069440625 0.6893358421875 0.5169872203125 0.681949815625 0.5086013765625 0.6820278703125 0.5088478984375 0.6876639 0.5088478984375 0.6979932296875 0.5169872203125 0.6979376953124999
3 0.35059229531249997 0.49556809218750003 0.3512265578125 0.5319694875 0.3558778875 0.5319694875 0.3556664671875 0.568228071875 0.5169297109375 0.5683708828125 0.516718275 0.5298349453125 0.5173525515625 0.4571673546875 0.5101641453125 0.4568817328125 0.509952725 0.43191277499999997 0.509952725 0.354111625 0.4569749984375 0.3539688109375 0.456340721875 0.35839593281250004 0.3888294234375 0.3588243625 0.3604920859375 0.337831253125 0.357109309375 0.33683158281250003 0.3418867984375 0.3542544328125 0.327932840625 0.3372600109375 0.32137871093750003 0.3374028234375 0.307001896875 0.3539688109375 0.2557539890625 0.3540541359375 0.2560711328125 0.4211943890625 0.25564829218749996 0.4952824734375 0.35059229531249997 0.49556809218750003
0 0.330579653125 0.546857234375 0.3356282265625 0.542431278125 0.3385284703125 0.5381504406250001 0.340247140625 0.533434259375 0.3404619703125 0.5287906359375001 0.3068724140625 0.528639675 0.306840596875 0.5314026734375 0.312963334375 0.535828628125 0.330579653125 0.546857234375
0 0.3911904953125 0.5486634140625 0.385390009375 0.5430039984375 0.3791598453125 0.5395212796875 0.372177771875 0.53748969375 0.363799278125 0.5363287890625 0.35577424375 0.5361642140625 0.35603736874999997 0.5596920187500001 0.393661078125 0.5597645765625 0.393661078125 0.5547581687500001 0.3911904953125 0.5486634140625
2 0.3263745703125 0.3470592296875 0.33178836718750004 0.3543657390625 0.34648295625 0.35906278281250004 0.3580839484375 0.35175627187499997 0.361177546875 0.35749710156250003 0.45475888124999997 0.35854088906250003 0.45475888124999997 0.3559314203125 0.3665913421875 0.3470592296875 0.3665913421875 0.3355775703125 0.3588573484375 0.33296810312499997 0.3402957609375 0.3460154421875 0.3348819640625 0.34079650625 0.31786717656249996 0.33244620937499997 0.3016257875 0.35697520781250003 0.3031725875 0.35854088906250003 0.31167998125 0.36062846249999997 0.3263745703125 0.3470592296875