3 0.7277518171875 0.7903853515625 0.7558228015624999 0.7903853515625 0.7610167234375 0.7954989078125 0.7709593734375 0.802591915625 0.7849660375 0.8083652906250001 0.7972830546874999 0.811334453125 0.8096000671875 0.8121592203124999 0.8213234921874999 0.8108395937499999 0.832304928125 0.8082003328124999 0.8422475734375 0.804406403125 0.8512998328125001 0.7991278875 0.8593133140625 0.7930246046875 0.8627264671875 0.7895605828125001 0.8889928640625 0.7903853515625 0.88884446875 0.7092633703125 0.8889928640625 0.6368751375 0.8889928640625 0.5707551390625001 0.8697207796875001 0.57125 0.784965884375 0.5709200921875001 0.7281491499999999 0.5707432515625 0.7276034218749999 0.6487430015625 0.7276034218749999 0.7143681390625 0.7277518171875 0.7903853515625
0 0.7442239703125 0.5951506796875 0.7511986609375 0.6024086375000001 0.7612897125 0.6066974296875001 0.7684128078125 0.6076871500000001 0.7685612046875 0.5707551390625001 0.7371605890625 0.57033104375 0.7379912703125 0.5787560046875 0.739475246875 0.5861789140625 0.7442239703125 0.5951506796875
5 0.734957134375 0.7669051671875 0.734957134375 0.7461656156250001 0.734957134375 0.723860184375 0.7271457 0.7239298296875 0.7272796265625 0.74897585 0.7274204984375 0.766748578125 0.734957134375 0.7669051671875
5 0.7672871984375 0.7997761078125001 0.772076840625 0.8025946890625001 0.7771652296875 0.805100096875 0.7828705390625 0.8074489140625 0.7879515375 0.809327971875 0.794572509375 0.8108155546875 0.8018149453125 0.81159849375 0.8119577124999999 0.8117550828125 0.8209350859375 0.8112853203125001 0.827203878125 0.8100326156250001 0.8317822093749999 0.8086233234375 0.836992090625 0.8067442687499999 0.8434721890624999 0.8037690984375001 0.8486140093750001 0.800872221875 0.8530903703125 0.797818759375 0.8580208812500001 0.7944521203125 0.86062700625 0.7921033015625001 0.8554147499999999 0.78505684375 0.8508364187499999 0.7888149531249999 0.8462580875000001 0.7923381828125 0.840059734375 0.795313353125 0.834565734375 0.797662171875 0.8287899953125001 0.7998544 0.82287338125 0.8011853984374999 0.8174498187499999 0.8024381015625 0.8126601812500001 0.8024381015625 0.8051483703125 0.8024381015625 0.7986682703125 0.8023598078124999 0.79282209375 0.8011853984374999 0.7890185578125 0.8001675781250001 0.7820856234375 0.797662171875 0.7759577015625 0.79476529375 0.767868278125 0.7896761875 0.7615904640625 0.7847774234375 0.756651384375 0.79148529375 0.7593983843750001 0.7939823546875 0.7623566875 0.7963311734375 0.7672871984375 0.7997761078125001
5 0.8894341875 0.7631455984375 0.8894341875 0.7360221765625 0.88954340625 0.720061178125 0.8820192625000001 0.71999545625 0.8820620781249999 0.7432965312500001 0.8818982562500001 0.7632062984375 0.8894341875 0.7631455984375
0 0.82758721875 0.5020969359375 0.8227826031250001 0.49942661875 0.8174236171875 0.4979887578125 0.8138201578125001 0.49788605312499995 0.8094053375 0.4976732421875 0.8094775234375 0.5298271375 0.8137277624999999 0.5298271375 0.83174505625 0.5061024093750001 0.82758721875 0.5020969359375
5 0.88983263125 0.5509470296875 0.88983263125 0.5281575890625 0.8895554406249999 0.508232925 0.8817458968749999 0.5081959609375 0.8819789390624999 0.5320494109375 0.8819789390624999 0.5509470296875 0.88983263125 0.5509470296875
3 0.81364646875 0.44762629531250003 0.8889116203125 0.44736028125000005 0.8889116203125 0.3521691109375 0.8890312874999999 0.2830262296875 0.817690115625 0.2826272078125 0.767020053125 0.2832194171875 0.7671027921875 0.3707760453125 0.7669831312500001 0.44736028125000005 0.81364646875 0.44762629531250003
5 0.8586414906250001 0.29155291875 0.8585218343750001 0.282375371875 0.8325559578125 0.2822423609375 0.7943747359375 0.28205609374999996 0.7941456015624999 0.29155291875 0.8158037765625 0.29155291875 0.8586414906250001 0.29155291875
0 0.7900772125 0.4145126921875 0.7850515578125 0.41850293125000004 0.7800259031250001 0.42422227343749996 0.7766754671875 0.43034064375 0.774880590625 0.436725025 0.7737221234375 0.44724803281250003 0.805154175 0.447227271875 0.8050345171875 0.4113205015625 0.7976156890625 0.4117195234375 0.7900772125 0.4145126921875
5 0.8897503921875 0.3453059140625 0.8898561734375001 0.3230888046875 0.8898561734375001 0.3033346890625 0.8814226187499999 0.3034137125 0.8819224828125 0.32402320625000003 0.8820282640625001 0.3453059140625 0.8897503921875 0.3453059140625
3 0.6272573765625 0.42413551875 0.627368190625 0.478804659375 0.7281392062500001 0.47929735000000007 0.7709121078125001 0.47966686718749996 0.7708012906249999 0.4413797453125 0.7709121078125001 0.3934851234375 0.7708012906249999 0.345713675 0.7706904828125001 0.2834160671875 0.7538472734375 0.28366241406250003 0.7517703609375 0.2800903921875 0.7480028078125 0.2752866421875 0.739137959375 0.26715722343750004 0.7305277875 0.26186078125 0.7227710453125 0.25878145468749997 0.7131371734374999 0.256194821875 0.7043831421875 0.25557895625 0.6962939640625 0.2558253015625 0.687872359375 0.25718020468749997 0.67978318125 0.2598900125 0.6720264390625 0.2642010671875 0.665156184375 0.2691767234375 0.6598372718750001 0.27398047187499996 0.65263458125 0.283341625 0.6277047640625 0.283208 0.6277006218750001 0.3039645765625 0.6277006218750001 0.35296775468749997 0.6272573765625 0.42413551875
5 0.6790059328125 0.27022172499999997 0.6864302484375 0.26689605312500003 0.6934113125 0.265034553125 0.7009464375000001 0.26404916875 0.7109193921875 0.2645418609375 0.7214958859375 0.26749801406249996 0.7299174984375 0.2716858984375 0.7386715296874999 0.2779677234375 0.7462062015625001 0.2857454671875 0.75174673125 0.2799563359375 0.74188459375 0.26924027968750003 0.7324656921875 0.26258893437499997 0.7251521859375 0.2593864359375 0.7179494953125001 0.257046146875 0.7086414109375 0.255568071875 0.6957873734375 0.255937590625 0.686479284375 0.257538840625 0.6793874046874999 0.259879128125 0.6704901046875 0.2646828765625 0.6643955218750001 0.2696098 0.6587441828125 0.2750294140625 0.6545073640625 0.2799760859375 0.6601681296875 0.286234221875 0.6667059578125001 0.27859749218749996 0.6729113484375 0.27379374375 0.6790059328125 0.27022172499999997
0 0.7485232140625 0.447237953125 0.7409880984375 0.45413564375000004 0.7374421546875001 0.4612796796875 0.7351151328125 0.46780785312499995 0.7340037921875 0.47866184062499995 0.7653664328125 0.4786470828125 0.7653664328125 0.44305006718750006 0.757498871875 0.4436659328125 0.7485232140625 0.447237953125
5 0.6932926968750001 0.5786831218749999 0.6932926968750001 0.5697973578125 0.6692334062499999 0.5697973578125 0.6468705031249999 0.569949953125 0.64649488125 0.5785905625 0.666146634375 0.5785905625 0.6932926968750001 0.5786831218749999
3 0.5243461125 0.4930108140625 0.524511721875 0.535796434375 0.52442891875 0.5779377484375 0.6341976890625001 0.5780297937500001 0.634114884375 0.57076324375 0.634114884375 0.497065646875 0.6342804921874999 0.46302418125000006 0.6341976890625001 0.3995385296875 0.5619792578125 0.3999067046875 0.5619792578125 0.3971453921875 0.561565228125 0.39263524843750003 0.5609855859375 0.3889535 0.558832640625 0.384167225 0.5548579734375 0.38020934375 0.5343221734375 0.3997226171875 0.52457679375 0.399667509375 0.5245945296875 0.422718834375 0.52442891875 0.4574046046875 0.5243461125 0.4930108140625
0 0.559112896875 0.3855527859375 0.555552259375 0.3795699421875 0.545781190625 0.38803796875 0.537500628125 0.3958616875 0.5336915703125 0.4000956984375 0.5337943375 0.4031176765625 0.5619282906249999 0.4035013171875 0.5619282906249999 0.39632190624999997 0.560934625 0.3896027125 0.559112896875 0.3855527859375
5 0.60856509375 0.5785820562499999 0.6086479 0.5701140312499999 0.5750194890625 0.5700219875 0.5503647171875 0.569990821875 0.550463659375 0.5785820562499999 0.5698120546875 0.57876614375 0.60856509375 0.5785820562499999
0 0.601497496875 0.5497772703125 0.603981665625 0.5551158078125 0.6077079171875 0.5598100390625 0.6173133749999999 0.5662530984374999 0.6243518546875 0.5685541921875 0.6345369437499999 0.56873828125 0.634666253125 0.53456909375 0.5987649078125 0.534599865625 0.5987649078125 0.543334209375 0.601497496875 0.5497772703125
5 0.6123372328125 0.3384105 0.6123372328125 0.3300382796875 0.5868290953125 0.329703390625 0.5467719343749999 0.329473753125 0.5466588015625 0.33796398125 0.5746775828125 0.338187240625 0.6123372328125 0.3384105
0 0.494913721875 0.5214697046875 0.4916093359375 0.5164192812499999 0.487148415625 0.5122871171875001 0.4800439890625 0.5089813859375 0.47269172968750006 0.5080631265625 0.4649264234375 0.5078794765625 0.46526939375 0.5397287984375 0.49896159375 0.5401103546875 0.4988789859375 0.532488809375 0.4978050578125 0.527346559375 0.494913721875 0.5214697046875
5 0.47219607343750003 0.50477208125 0.47203085624999996 0.49375297500000004 0.47219607343750003 0.481999265625 0.46485611562500007 0.48201790468750005 0.464595990625 0.49063089531250004 0.464595990625 0.5048639046875001 0.47219607343750003 0.50477208125
3 0.47208959375 0.48043037499999997 0.4725090703125 0.3732269359375 0.47229934062499995 0.2816433421875 0.349715921875 0.281153815625 0.3496053140625 0.3862823328125 0.3500247828125 0.4811297703125 0.47208959375 0.48043037499999997
5 0.4722563734375 0.342462371875 0.4722563734375 0.32284699687499996 0.4725793921875 0.3003464546875 0.464619684375 0.3004575140625 0.46461169843750005 0.3234326578125 0.46461169843750005 0.3423426859375 0.4722563734375 0.342462371875
0 0.40790205 0.4547665421875 0.40284149375 0.4502185609375 0.39498147031249997 0.4467477296875 0.3869061078125 0.4461493109375 0.3869182296875 0.48095334218749997 0.415546725 0.48097727656249994 0.415116046875 0.469128590625 0.41210124062500003 0.460391675 0.40790205 0.4547665421875
0 0.37728161875 0.454108409375 0.3720057140625 0.44908169062500003 0.3646840484375 0.44513212968750004 0.358869790625 0.44345655468749995 0.353270871875 0.44333687343749995 0.35230943593749997 0.4812524234375 0.38428026718749997 0.48127661406250005 0.3843879359375 0.4706247640625 0.3808347734375 0.4590154421875 0.37728161875 0.454108409375
3 0.21054895 0.48081798124999997 0.3106357859375 0.4814169953125 0.3534777359375 0.4814169953125 0.353747178125 0.42363616249999997 0.35401663125 0.365555825 0.3538819 0.2814229109375 0.34765159687499997 0.2813941203125 0.3422626734375 0.2736069484375 0.3371431921875 0.26941385625000003 0.3324278828125 0.265819775 0.32635008125 0.26207594218749997 0.3210958796875 0.25982964218750004 0.31274305 0.25698432968749996 0.30668051093750004 0.2562355625 0.30668051093750004 0.25264148125 0.305198559375 0.24545332343749998 0.3030429921875 0.2397626984375 0.29927074062500003 0.2349705921875 0.27708685625 0.255689925 0.26657845 0.2582357328125 0.258225621875 0.261680059375 0.25108529375 0.2660018 0.24219357187499999 0.27274070156249997 0.235457415625 0.281126884375 0.210487653125 0.2810793734375 0.21068367656250003 0.3261786859375 0.21054895 0.4142017046875 0.21054895 0.48081798124999997
5 0.26389929687499997 0.2689968671875 0.2703660109375 0.2666008125 0.2765632703125 0.2648037734375 0.27400352968749997 0.2559061625 0.26511180625 0.25845196718749996 0.25743259375 0.261746540625 0.248945034375 0.26698790625 0.24369083125 0.272079521875 0.236510546875 0.2793953671875 0.2419394375 0.28606874531250004 0.24881031406249998 0.2791800921875 0.2551422953125 0.274387984375 0.26389929687499997 0.2689968671875
0 0.299110225 0.2341187125 0.2895448859375 0.24280440625000002 0.2760725765625 0.25613245 0.2765388546875 0.2631166375 0.30692416875 0.2639196234375 0.30692416875 0.24954330468750002 0.30422970625 0.241456625 0.299110225 0.2341187125
5 0.332791 0.2778466796875 0.34006605 0.2853343453125 0.3460071921875 0.27799643125 0.3349598921875 0.267064440625 0.3252598328125 0.2604752953125 0.3171764453125 0.2577797375 0.30905896093749996 0.2560063890625 0.3077325046875 0.2648181421875 0.3168936703125 0.2673639484375 0.3259201234375 0.2726053140625 0.332791 0.2778466796875
0 0.33924688125 0.4523125046875 0.333576809375 0.4476164140625 0.3264614203125 0.44489762343750006 0.318234259375 0.44452688125 0.318174334375 0.4811749984375 0.3490305421875 0.4809833796875 0.348474653125 0.4687488234375 0.34491696250000003 0.4598509703125 0.33924688125 0.4523125046875
3 0.3106522421875 0.6764111625 0.3105502703125 0.723772996875 0.3107542125 0.791078246875 0.338341828125 0.7911915953124999 0.339720434375 0.793118534375 0.34920390156250003 0.800939625 0.36072681875 0.8075138765625001 0.37327237812499997 0.81159445 0.381430196875 0.8134080359375 0.390913659375 0.8144281796874999 0.3994793703125 0.8140881328124999 0.40926875 0.8120478453125 0.418446296875 0.8089874203124999 0.426814565625 0.80524689375 0.436298025 0.798899340625 0.4429262515625 0.793464621875 0.4457933359375 0.7907659421875 0.47192772656250004 0.7911585109375 0.47192772656250004 0.7473871515625 0.47192772656250004 0.6492869421874999 0.47175114531249995 0.5706084031249999 0.38969993281250004 0.5706084031249999 0.3140971859375 0.5705017625 0.313609453125 0.616700309375 0.31401734531250003 0.6759577671875 0.3106522421875 0.6764111625
0 0.3259481515625 0.5892818890625 0.33012903125 0.5964228874999999 0.3377769859375 0.6031104890625001 0.34511902656250004 0.6061709171875 0.35327684531250003 0.60764445625 0.353582759375 0.5703646578125 0.32239941562499996 0.570498115625 0.32258305625 0.5755097484375 0.3235008046875 0.5824240484375001 0.3259481515625 0.5892818890625
5 0.317892303125 0.7762452125 0.31799428281250003 0.7602629796875 0.31799428281250003 0.7499482000000001 0.309900778125 0.749938340625 0.31024434843750004 0.7613964703125 0.31034632812499996 0.7757918140625 0.317892303125 0.7762452125
5 0.3699887421875 0.8111446765625001 0.38049193593749997 0.8138650593750001 0.39164638281249997 0.8146585046875 0.40398508125 0.8138650593750001 0.41404429374999996 0.8109179781250001 0.42434354531249996 0.806837409375 0.4309717734375 0.8030968859375 0.43688618593750006 0.799129665625 0.4435144140625 0.79323550625 0.43810986406249997 0.786094509375 0.42872836875000003 0.7935755531249999 0.41965279375 0.79878961875 0.41271865312499995 0.80185004375 0.404356884375 0.8040036796875001 0.3969128796875 0.804910471875 0.38630771406250003 0.8047971234375 0.372949284375 0.8019633953125 0.3630579328125 0.798222871875 0.34887924375 0.7892682859375 0.3447184125 0.7856281093749999 0.340020390625 0.7928954593750001 0.35062555624999997 0.8020767421875 0.3611287421875 0.8079708999999999 0.3699887421875 0.8111446765625001
5 0.4722583796875 0.77603484375 0.4721963984375 0.7629516062499999 0.4721963984375 0.750205515625 0.46452582187499997 0.7501664671875 0.464696484375 0.75909333125 0.46482044843750003 0.7761726390625 0.4722583796875 0.77603484375
0 0.2867317875 0.64823740625 0.28052245781249996 0.653989128125 0.27593938281249997 0.6610555265625 0.27313039843750003 0.6682862640625 0.2723911921875 0.676010003125 0.2729563546875 0.6829720578125 0.30432488593749996 0.6830764015625 0.30417704687499997 0.64347169375 0.295306575 0.644129034375 0.2867317875 0.64823740625
0 0.26734179375 0.5532836359375 0.270931253125 0.5499816375 0.25904891406249997 0.534297165625 0.25224132187500004 0.5253542609374999 0.2488016703125 0.52554969375 0.24840431718749997 0.5580990453125 0.25583078125 0.5578238765625 0.26201949999999996 0.556035296875 0.26734179375 0.5532836359375