0 0.71073960625 0.7620750890625 0.6995484859375 0.7679356859375 0.6931239578125 0.7742358265625 0.6883573640625 0.7800964234375 0.685663215625 0.7874221703125001 0.6847306125 0.8007654015625001 0.7395463765625 0.80090154375 0.739753615625 0.7582657 0.7235886609375 0.7587052437499999 0.71073960625 0.7620750890625
3 0.3473137125 0.800742321875 0.5252860328125 0.8010225109375 0.6538877203125 0.8010225109375 0.65448220625 0.7092983515625 0.589617203125 0.7091582546875 0.588428228125 0.7046752484375001 0.5866447953125 0.7006125296875 0.584068703125 0.696269615625 0.577727575 0.6901054875 0.567389825 0.6847893890625001 0.5574818171875 0.681707321875 0.5432142546875001 0.6808667546875 0.5434124125 0.709290884375 0.539449203125 0.7095710671875 0.540043690625 0.677777225 0.540043690625 0.62470404375 0.47835935625000003 0.6244238546875 0.409399525 0.62456395 0.3470780484375 0.62406218125 0.3471155546875 0.6717531890624999 0.346917390625 0.7588691828125 0.3473137125 0.800742321875
5 0.36752608124999997 0.7259620531250001 0.3673279234375 0.711112103125 0.3667334375 0.6808667546875 0.34617428906250003 0.6807760109375 0.3459265875 0.7025663734375 0.346124753125 0.7256818640625 0.36752608124999997 0.7259620531250001
0 0.5784215578125 0.6898438828125 0.570821378125 0.6857283125 0.5635446187500001 0.6827559546875 0.554489096875 0.6809268109375 0.5459186984375 0.680355203125 0.5423611640625 0.68024088125 0.54316969375 0.7158041640625 0.5902260703125 0.7161378171874999 0.5895792578125 0.7063061703125 0.5866685484375 0.6977320640625 0.5784215578125 0.6898438828125
0 0.6036769453125 0.7284106265625 0.6051700609374999 0.7326330046875 0.6079904078125 0.73673809375 0.6157878109375 0.744127253125 0.626239659375 0.75010895625 0.6347006734375 0.7524547218750001 0.6424980765625 0.7537448906249999 0.6541112359375 0.7538621812499999 0.6539038578125 0.7197255953125 0.6035110390625 0.7197312953125 0.6035110390625 0.7246574031249999 0.6036769453125 0.7284106265625
0 0.568156065625 0.5688570093750001 0.5709982671875 0.57421529375 0.5761142234375 0.5789037921875 0.585588228125 0.5849318625000001 0.5958201562500001 0.5888166203125 0.6052941609375 0.590692021875 0.614389196875 0.5912278468750001 0.6147681656249999 0.5572027421875 0.5665928453125 0.55689004375 0.5658822953125 0.5610874984375 0.56664021875 0.564704340625 0.568156065625 0.5688570093750001
3 0.3470913296875 0.6318716671875 0.43352847656250004 0.6317337937499999 0.5208304296875 0.6314580453125 0.5401375078124999 0.6317337937499999 0.5401375078124999 0.6114662625 0.5399424890625 0.5579930656250001 0.540332525 0.5058986109375 0.407740071875 0.5057607359375 0.3469422828125 0.5058175312500001 0.3468963125 0.5189966703125 0.3470913296875 0.6114736140625 0.3470913296875 0.6318716671875
5 0.3669834625 0.588057021875 0.3669834625 0.5687546140624999 0.36678844375 0.5432478578125 0.34655501875 0.5432 0.346116225 0.5651698781250001 0.346116225 0.588057021875 0.3669834625 0.588057021875
0 0.4897426796875 0.523226296875 0.49383952343750004 0.5315935296875 0.5008951828125 0.538029859375 0.5118200703125 0.5449489140625 0.5245657984375 0.548006165625 0.5398151265625 0.5486498015625 0.5394737203125 0.5139228515625 0.48951508125 0.514054528125 0.48883226718749995 0.5177554171875001 0.4897426796875 0.523226296875
3 0.549147515625 0.5131357484375 0.6395337453125001 0.5125719156249999 0.6395337453125001 0.403229325 0.6390020484375001 0.348370084375 0.637938696875 0.2967058703125 0.5539479640625 0.2959540953125 0.5531504296875001 0.2803548515625 0.5462385453125 0.2803548515625 0.538529128125 0.2814825078125 0.5326805953125 0.2839257625 0.5260345484375 0.288624334375 0.5217810828125 0.29445055625 0.5212494078125001 0.29257112812499997 0.5169959421875 0.288248446875 0.5103498953125001 0.28411370625 0.50131126875 0.2816704484375 0.4901458984375 0.28091867812500004 0.4906775953125 0.2963299828125 0.346657765625 0.2959305359375 0.3468652671875 0.40810581562500003 0.34713110468749997 0.512383975 0.549147515625 0.5131357484375
5 0.4888247984375 0.31022772656250003 0.4888247984375 0.29538025156250003 0.46037972812500005 0.2955681953125 0.42940914843750005 0.29569570624999997 0.429807915625 0.31022772656250003 0.460645565625 0.31022772656250003 0.4888247984375 0.31022772656250003
5 0.6146928218750001 0.3108388390625 0.6146928218750001 0.29523959375 0.581728428125 0.29523959375 0.55567591875 0.29522605 0.55541008125 0.311402671875 0.5825259421875 0.3110267859375 0.6146928218750001 0.3108388390625
5 0.36702792500000003 0.4610212859375 0.36702792500000003 0.4387283734375 0.3666795 0.41150884843749996 0.3462963109375 0.41138127031250005 0.3461220984375 0.432446946875 0.3461220984375 0.460898121875 0.36702792500000003 0.4610212859375
0 0.5959865328125 0.481753684375 0.5872267156250001 0.48717250781250004 0.580109365625 0.4936234875 0.5766419515625001 0.500461528125 0.575181978125 0.506783484375 0.5751363515625 0.51282765625 0.6231784499999999 0.5128474062499999 0.6239084218750001 0.47672192031250005 0.6087612578125 0.47827015624999997 0.5959865328125 0.481753684375
3 0.629430096875 0.5129260203125 0.762045134375 0.5129260203125 0.789170946875 0.5123933218750001 0.789170946875 0.43943242031249996 0.789170946875 0.37198554375000004 0.7889197859375 0.2963706078125 0.7404339734375001 0.29654817499999997 0.6292307328125 0.296453978125 0.6291789359375 0.3652474796875 0.6291789359375 0.4190311984375 0.629430096875 0.5129260203125
0 0.6765454875 0.4832137625 0.6662596125 0.47899140781250005 0.6553101171875 0.4764110796875 0.645024240625 0.47547278125 0.644194734375 0.5129728921875001 0.693467415625 0.5127702281250001 0.692472021875 0.5019797671874999 0.688158578125 0.49236219062500003 0.6765454875 0.4832137625
5 0.7342791453124999 0.310419421875 0.7346109421875 0.294937459375 0.7070713421875 0.294937459375 0.6694946828125 0.294911053125 0.669245840625 0.3113577171875 0.7030896953125 0.310888565625 0.7342791453124999 0.310419421875
1 0.5376075265625 0.28300600625 0.529829771875 0.28655913593750004 0.5231289390625 0.292227228125 0.5220520171875 0.29544196562499997 0.5176246843750001 0.2891816859375 0.509368296875 0.284021184375 0.5002743093750001 0.2813986328125 0.49285553281250005 0.28063724843750004 0.491299978125 0.2812294359375 0.49106066562499995 0.30542457968750003 0.49201792187500004 0.3053399796875 0.4915224859375 0.305550359375 0.5525745828125 0.305344421875 0.5535315562500001 0.2800855671875 0.5445476796875 0.280975640625 0.5376075265625 0.28300600625