5 0.23098667968750003 0.0844184375 0.121161153125 0.0842842265625 0.12171864375000001 0.09891317968749999 0.1715210875 0.099181596875 0.230615025 0.09891317968749999 0.23098667968750003 0.0844184375
5 0.4773972515625 0.0846868578125 0.38095148437500004 0.0846868578125 0.38076566562499997 0.09864475624999999 0.4279664953125 0.09864475624999999 0.477768921875 0.09864475624999999 0.4773972515625 0.0846868578125
0 0.2622061171875 0.3461290140625 0.2499413390625 0.35579217343749997 0.2436231296875 0.3651869171875 0.2402781890625 0.37565533906250004 0.24046400937499998 0.3858553328125 0.3060620078125 0.3855869171875 0.3060620078125 0.3778027 0.2622061171875 0.3461290140625
3 0.1782109671875 0.3871974421875 0.177467640625 0.3853184984375 0.3383964265625 0.3853184984375 0.337281446875 0.19635003906249998 0.33802475468750004 0.0862973828125 0.069686246875 0.0854921203125 0.069314584375 0.19742371875 0.0681996046875 0.27526584062500004 0.06857126718749999 0.3869290265625 0.1782109671875 0.3871974421875
0 0.5034134609375001 0.29311584375 0.49783856093749995 0.2850632125 0.49114868281249996 0.2783526828125 0.48297215 0.2711053125 0.438372953125 0.301168478125 0.438372953125 0.3101605828125 0.5056434203125 0.3108316375 0.50527175 0.3000947921875 0.5034134609375001 0.29311584375
0 0.39711869375000003 0.351900071875 0.40046363281249997 0.3457263828125 0.40195028437499997 0.34035795625 0.4023219390625 0.33123164374999997 0.34387840000000003 0.3308961125 0.3435996546875 0.34035795625 0.3818806453125 0.3663948125 0.39154379375000004 0.35995270625 0.39711869375000003 0.351900071875
0 0.55581751875 0.38357375781249997 0.5710555671875001 0.3776684984375 0.5848069984375 0.3696158640625 0.5364911890624999 0.3336474328125 0.5219964484374999 0.33351321875 0.524226409375 0.3862579640625 0.540579471875 0.38572113125 0.55581751875 0.38357375781249997
3 0.40195028437499997 0.2823870921875 0.4023219390625 0.3100344734375 0.5364911890624999 0.3097579515625 0.5361195515625 0.21607899062499997 0.5379778390625 0.0960947578125 0.5253413890624999 0.08589475156250001 0.3271537015625 0.0860960671875 0.326131646875 0.1927263546875 0.32650330156249996 0.281581828125 0.40195028437499997 0.2823870921875
0 0.583320346875 0.44718955937500005 0.575887159375 0.4399421890625 0.56399405 0.4359158734375 0.5532158890625001 0.43215797343749995 0.5387211484375001 0.43001060625000004 0.5231114296875 0.4297421828125 0.5257130609375 0.48262114375 0.5361195515625 0.48154746406250004 0.583320346875 0.44718955937500005
0 0.49895354062499997 0.5730790515625 0.5037851328125 0.5623422125 0.5063867296875 0.5486527359375 0.4297318578125 0.5485185218749999 0.43131143437499997 0.5585843125000001 0.48037055312500004 0.5921369546874999 0.49189198906250003 0.58247379375 0.49895354062499997 0.5730790515625
0 0.22419885156250002 0.4378420546875 0.21995483125 0.433833809375 0.209507990625 0.42888244531249997 0.19873469375 0.4255815328125 0.18208505156250002 0.42157328749999995 0.1600487609375 0.42027649843750003 0.1611913890625 0.47368049687499997 0.1762087078125 0.473444721875 0.22419885156250002 0.4378420546875
3 0.43264924374999997 0.5568257437499999 0.48273427187499995 0.59184380625 0.48593118750000003 0.59030455625 0.495521934375 0.5787601375 0.5056455171875001 0.5583649937499999 0.5354833796875 0.557210553125 0.536549003125 0.48255666406250003 0.5845027359375 0.447153778125 0.571715075 0.43791824375 0.5578617890625 0.4333004765625 0.536016215625 0.4298371515625 0.536549003125 0.3863531734375 0.5504023359375 0.3848139234375 0.5695838296875 0.3790417140625 0.5834371140625 0.36942136406250003 0.536016215625 0.335172928125 0.536549003125 0.3016941125 0.507243975 0.3024637421875 0.504579846875 0.295921903125 0.49818601406249996 0.27975971875 0.48593118750000003 0.2705241859375 0.4395759109375 0.3009244828125 0.40121292343750004 0.3009244828125 0.40281138125 0.33132478593750003 0.3266182171875 0.33132478593750003 0.3276838640625 0.37673283125 0.30423980781250004 0.37673283125 0.26321271562500004 0.346332528125 0.25202351093750003 0.353643996875 0.24403122187499998 0.3617250875 0.23976868437499999 0.3775024640625 0.180092909375 0.37788727187500004 0.17902728750000002 0.3736543140625 0.1593129578125 0.3730770921875 0.160911415625 0.47986295625000003 0.160911415625 0.5579801859375 0.43264924374999997 0.5568257437499999
5 0.33461050625 0.7607771265625 0.2264481859375 0.7615467437500001 0.22591537499999997 0.77540004375 0.44756819999999997 0.776169678125 0.44756819999999997 0.7615467437500001 0.33461050625 0.7607771265625
3 0.5370818374999999 0.708442421875 0.536549003125 0.5491294609375 0.3841627234375 0.5491294609375 0.3841627234375 0.5933830640625 0.1601121875 0.5924210265625 0.1603786046875 0.7746304281249999 0.536549003125 0.7750152359375 0.5370818374999999 0.708442421875
5 0.5654813359374999 0.771454628125 0.60204036875 0.813054771875 0.6145993078124999 0.7994729859375 0.5996732390624999 0.7845615265625 0.5815252265625 0.76347651875 0.5654813359374999 0.771454628125
5 0.7098763375 0.8005177437500001 0.612823959375 0.7981907890625 0.6036184578125 0.8138145874999999 0.8256027671874999 0.8134346765625 0.8129780671875 0.80013783125 0.7098763375 0.8005177437500001
5 0.8113999796875 0.8007076953125001 0.824287678125 0.8138145874999999 0.8590056031250001 0.7727843140624999 0.8475644671874999 0.7624317656249999 0.845591859375 0.76157696875 0.8279698984375001 0.7826619703125 0.8113999796875 0.8007076953125001
5 0.522947384375 0.0872561546875 0.5362363125 0.0971240703125 0.5577607140625 0.0800518875 0.580822575 0.0608977265625 0.5685229171875 0.0497938671875 0.546037603125 0.0683928328125 0.522947384375 0.0872561546875
5 0.779001353125 0.048961078125 0.6627311265625 0.0496550703125 0.5701564640625 0.0490998765625 0.5792851234375 0.0628409015625 0.6755683921875 0.06270210625 0.779001353125 0.0622857109375 0.779001353125 0.048961078125
5 0.7818451328125 0.0495162703125 0.7731969328125 0.0621469109375 0.7947213343749999 0.0814398671875 0.8154770093750001 0.0989284453125 0.8265755296874999 0.08532621562500001 0.8250861296875 0.08615900625 0.80836628125 0.07269557812500001 0.7818451328125 0.0495162703125
3 0.525056259375 0.774561865625 0.5675660765625 0.774561865625 0.6024562015625 0.814531778125 0.8242290703125 0.8142421453124999 0.857113990625 0.7754307765624999 0.912456946875 0.774561865625 0.912456946875 0.5191019921875 0.91285799375 0.4084606453125 0.700308975 0.4084606453125 0.525056259375 0.40809859531250003 0.5254573078125 0.47971135625 0.5246552296875 0.647411203125 0.525056259375 0.774561865625
3 0.696699653125 0.4159912125 0.912456946875 0.4154119359375 0.91285799375 0.21034890781249999 0.91285799375 0.08609461562500001 0.825432178125 0.0855153375 0.78372441875 0.0481521578125 0.5703733234375 0.0475728859375 0.5244547046875 0.08486365312500001 0.525056259375 0.30129493749999997 0.5254573078125 0.4159912125 0.696699653125 0.4159912125