3 0.5255047578125 0.7740312609375 0.5650698968750001 0.7740312609375 0.6058844765625 0.8158819375 0.823511003125 0.8143765171874999 0.8589113921875 0.773429090625 0.9126366953125 0.774332340625 0.9120188062500001 0.5480689578125 0.9120188062500001 0.4068905390625 0.5263780296875 0.4065391625 0.5250882890625 0.5251310390625 0.5246718031250001 0.6560544562499999 0.5255047578125 0.7740312609375
0 0.5722146328125 0.4383022875 0.5574143828125 0.43311966718750006 0.5444641671875 0.43044476875 0.5370640328125 0.429776040625 0.5244297296875 0.42993224375 0.5245763296875 0.48327405468749995 0.532901475 0.48344123281250007 0.583546075 0.44666135156250003 0.5722146328125 0.4383022875
5 0.8616429968749999 0.77162985 0.8434574484375 0.7623733265625 0.811539971875 0.8000701859375001 0.6137779640625001 0.8000701859375001 0.5797936171875 0.7618367171875 0.5628599125 0.7719196671875 0.6029266234375 0.8148269625 0.6712151953125 0.8145586578125 0.8223028343750001 0.8145586578125 0.8616429968749999 0.77162985
0 0.4817542671875 0.59256535625 0.4944025359375 0.5811912765625 0.5021148984375 0.567140940625 0.5042743515625 0.5488532078125 0.4298957671875 0.549011175 0.42931020000000003 0.5550977984375 0.440415996875 0.5642416671875 0.4817542671875 0.59256535625
5 0.4475945171875 0.7761036984375 0.4479030078125 0.7620533578125 0.3291326203125 0.761384296875 0.225789803125 0.76134825625 0.22609546093750002 0.775880671875 0.308155009375 0.7761036984375 0.4475945171875 0.7761036984375
3 0.8261005906250001 0.4167708171875 0.9122702953124999 0.4167708171875 0.9128334875 0.2601021640625 0.9133967234375 0.08508974375 0.8253039796874999 0.08508974375 0.7802479109375 0.046816984374999995 0.5690475921875 0.046816984374999995 0.5239915234375 0.085496903125 0.5242102890625 0.09828649687499999 0.524278246875 0.259266153125 0.5248414390625 0.4155493484375 0.8261005906250001 0.4167708171875
5 0.7720277734375001 0.063094371875 0.8151075734375001 0.09959718749999999 0.8273610124999999 0.08814232968749999 0.7796148765625001 0.0474464484375 0.6784262109375 0.0477519125 0.568423525 0.0479046453125 0.5502546359375 0.06271959375 0.522964346875 0.0885846328125 0.53597843125 0.09761168125 0.5792879828124999 0.0629416390625 0.6367523546875 0.06278890937500001 0.7720277734375001 0.063094371875
0 0.5714930359375 0.37811118125 0.5838283921875 0.36891043749999997 0.5323331953125 0.3333378765625 0.5243493515625001 0.333596965625 0.5250886312499999 0.386604175 0.5432979625 0.385754878125 0.5613114828125 0.38221613125 0.5714930359375 0.37811118125
0 0.4920890875 0.276668096875 0.48377757031249996 0.270659415625 0.45364829687499997 0.29206535 0.4383239203125 0.30408271875000004 0.437963190625 0.30950294375 0.5048161125 0.3095280859375 0.50403691875 0.2958207765625 0.49806300312499996 0.2841789515625 0.4920890875 0.276668096875
5 0.47711377656250004 0.0988250015625 0.47711377656250004 0.084690490625 0.429285096875 0.0845736765625 0.3803777078125 0.0846833171875 0.379678996875 0.0988250015625 0.42185226406250004 0.0988250015625 0.47711377656250004 0.0988250015625
3 0.17729825 0.386915171875 0.17702551718749998 0.3853377984375 0.3384168828125 0.3857321359375 0.338144146875 0.3508432640625 0.338144146875 0.27121743125000003 0.338144146875 0.163800903125 0.3384168828125 0.086146790625 0.23935286093750002 0.085752446875 0.068973075 0.0855360203125 0.0684757328125 0.2625418734375 0.0687484671875 0.386915171875 0.17729825 0.386915171875
5 0.23035964843749998 0.098681146875 0.23035964843749998 0.0852574859375 0.17499542968749998 0.08476487499999999 0.1210597078125 0.08481613125000001 0.12116437499999999 0.098681146875 0.17192909843749998 0.098927453125 0.23035964843749998 0.098681146875
0 0.2530882296875 0.35431643749999997 0.24612645781250003 0.36264008125 0.24331496874999997 0.36959776875 0.2417084046875 0.376276040625 0.2406501921875 0.385070453125 0.306372553125 0.38479222812499997 0.306372553125 0.3794689671875 0.2624598453125 0.347638165625 0.2530882296875 0.35431643749999997
0 0.21068866874999997 0.4279358015625 0.1893290671875 0.42239267343750003 0.17728008281250002 0.42080891875 0.161039928125 0.4215434734375 0.16139730000000002 0.47445850156249997 0.172624775 0.4748544328125 0.224380715625 0.4380322171875 0.21068866874999997 0.4279358015625