3 0.6410264999999999 0.7279062140625 0.6414219453125 0.7907914953125 0.6414219453125 0.8816605765625001 0.937219490625 0.8819402609375 0.9368240453125001 0.7186466609375 0.9368240453125001 0.6012220453125 0.857338346875 0.6015017328125001 0.7363302640625 0.6015017328125001 0.6486389328125 0.6014941 0.64814461875 0.6524200234374999 0.64814461875 0.7279062140625 0.6410264999999999 0.7279062140625
0 0.711416821875 0.696581053125 0.7137895234375 0.6828762984375001 0.6471559921875001 0.6836176843749999 0.6473537140625 0.727626528125 0.68136253125 0.7231515 0.7042987187499999 0.7088873703125 0.711416821875 0.696581053125
5 0.9380104109375 0.8478480375 0.93840585625 0.797798625 0.93840585625 0.7371061296875 0.91309696875 0.7370853796875 0.913887890625 0.7821211375 0.9154696703124999 0.8475683421875001 0.9380104109375 0.8478480375
5 0.8763200187500001 0.88279424375 0.8763200187500001 0.866572278125 0.7869480078125 0.8662925937500001 0.7015305406250001 0.8660368796875 0.7015305406250001 0.8830739281250001 0.7869480078125 0.88279424375 0.8763200187500001 0.88279424375
0 0.616650440625 0.7690934421875 0.600618378125 0.7638964390625 0.5879263078125 0.7612979296875 0.574900240625 0.7605892484375001 0.5741487421875 0.8108600156250001 0.638694565625 0.8113782031250001 0.63602254375 0.790353934375 0.62867451875 0.7790150078125 0.616650440625 0.7690934421875
0 0.6103044296875 0.7133562999999999 0.592602334375 0.7086317453125 0.5769042703125 0.7074506078125 0.5774887578125 0.7518282734375 0.6370245578125 0.7520976453125 0.635020528125 0.7346167921875 0.6263364921875 0.723986546875 0.6103044296875 0.7133562999999999
3 0.5718481375 0.8112615468750001 0.572785 0.728017984375 0.5656024562499999 0.7282388531249999 0.564977896875 0.6628973453125 0.565914759375 0.600194471875 0.48458683750000003 0.600194471875 0.39308758906249996 0.6004153390625 0.2979190171875 0.600007134375 0.29760774687499997 0.713452490625 0.29729546875 0.8110406812500001 0.5718481375 0.8112615468750001
5 0.5174557765625 0.811935928125 0.5174557765625 0.79669605625 0.431577628125 0.7958125828125 0.342888940625 0.7959436 0.3432012203125 0.8121567921875 0.41814940156249997 0.8121567921875 0.5174557765625 0.811935928125
0 0.5265109859375 0.6195573609375 0.5162056015625 0.6255207890625 0.5080862203125001 0.634797228125 0.502465096875 0.64561974375 0.502465096875 0.6566631296875001 0.5652341937500001 0.65622139375 0.56609298125 0.6138054765625001 0.5536796921875 0.6140356687499999 0.5402514671875001 0.61558174375 0.5265109859375 0.6195573609375
3 0.29781360156250003 0.6083499671875 0.5371705812500001 0.608856725 0.5648754515625 0.607843209375 0.5648754515625 0.5546514890625 0.5651143015625 0.46937401875000007 0.5646366203125 0.419729615625 0.5003653078125 0.419729615625 0.29770797656250003 0.41941777968749994 0.2973359296875 0.4734280953125 0.2973359296875 0.5352257171875 0.29781360156250003 0.6083499671875
5 0.4688379375 0.433918875 0.46859910625 0.418716096875 0.42272437968750004 0.41905393437500005 0.36707578750000003 0.41878460000000006 0.367094178125 0.43408779218750004 0.415816546875 0.43408779218750004 0.4688379375 0.433918875
0 0.5045798593749999 0.5683581156249999 0.5120807562499999 0.577948153125 0.5276595562499999 0.588354359375 0.545546334375 0.594067578125 0.5642985875 0.5950877953125 0.5651640625 0.552007765625 0.5005409078125 0.552646778125 0.5011179140625 0.5593802140624999 0.5045798593749999 0.5683581156249999
0 0.6328164359375 0.50553235 0.621853571875 0.5147143 0.6172376374999999 0.524508378125 0.615290278125 0.53798576875 0.6694554453125 0.538383321875 0.6697439375 0.49777870625 0.64897221875 0.4994110515625 0.6328164359375 0.50553235
5 0.6325279218750001 0.43435385625 0.68099529375 0.434149815625 0.6812837859374999 0.4182344390625 0.6365668734375001 0.4182344390625 0.592571203125 0.41867132500000004 0.5927154484375 0.41905060625 0.5930039515625001 0.43394577500000003 0.6325279218750001 0.43435385625
3 0.6683312406249999 0.538015090625 0.6686430265625 0.5463948109375 0.675190634375 0.556538684375 0.685167940625 0.5646978890625001 0.7076169140624999 0.5717544984375 0.7079287 0.6103335671875 0.8794173890625 0.6101130421875001 0.936163359375 0.609672003125 0.9358515734375 0.5748535125 0.93647516875 0.5146753390625001 0.9355397859375 0.42473885625 0.798964675 0.424959371875 0.7986528890625 0.41635913750000003 0.7790100640625 0.4161386125 0.7786982546875 0.42010795312500004 0.7768275124999999 0.42010795312500004 0.773397815625 0.41216927343750004 0.768097375 0.40312799843749997 0.7559375187499999 0.39585086875000003 0.7409715359375 0.39055840937499997 0.7235112390625 0.3892353 0.723823025 0.41922588125000004 0.7082334703125001 0.41941358125 0.7082404859375 0.48312936874999995 0.7097994421875 0.538015090625 0.6683312406249999 0.538015090625
0 0.7640510968750001 0.3982648203125 0.7540737921875 0.39297236562500004 0.74284929375 0.38966458125000003 0.7216475124999999 0.38834146875000003 0.7218813468749999 0.43291460937500004 0.7793288656249999 0.4328863078125 0.7790170796875 0.4187730890625 0.7727812578125001 0.407967659375 0.7640510968750001 0.3982648203125
0 0.6755024203125 0.556121153125 0.6823618390624999 0.5618546515625 0.6929627171875 0.5682496968749999 0.7076169140624999 0.571336965625 0.7207121296875 0.5719985203125 0.72110186875 0.5354122140625 0.6680194296875 0.537818078125 0.6689548125 0.546859353125 0.6755024203125 0.556121153125
5 0.936935375 0.5732449749999999 0.9367113343750001 0.552171628125 0.9371593984375 0.5309398296875 0.9169970015625 0.5309398296875 0.9156528453125 0.5444077593750001 0.9156528453125 0.5729280812499999 0.936935375 0.5732449749999999