5 0.08727853125 0.2890809859375 0.0617905375 0.288873725 0.062122971875 0.30849555156249997 0.0753868125 0.3090838734375 0.08727853125 0.3090838734375 0.08727853125 0.2890809859375
5 0.165032078125 0.2890809859375 0.13935133125000002 0.28863844843750003 0.1391904578125 0.3090838734375 0.150853490625 0.3090838734375 0.164803390625 0.3087897125 0.165032078125 0.2890809859375
0 0.09482519843750001 0.48376729999999996 0.0913948953125 0.47082425624999996 0.0840769140625 0.4602344921875 0.073786003125 0.4522921703125 0.06075085 0.4514096890625 0.0608759046875 0.5029740765625 0.095282571875 0.5031818671875 0.095511259375 0.493474584375 0.09482519843750001 0.48376729999999996
0 0.16891975625 0.531405346875 0.16114440000000002 0.5190506218750001 0.150853490625 0.5108141390625 0.138733084375 0.5093433390625 0.1384366984375 0.5610870296875 0.17349349375 0.5614096765625 0.17303611875 0.5469958312500001 0.16891975625 0.531405346875
5 0.029649431250000004 0.526404625 0.029649431250000004 0.5119907796875001 0.014229673437500001 0.5121498046874999 0.014327409374999999 0.541406790625 0.029878118749999998 0.5422892703125 0.029649431250000004 0.526404625
5 0.029649431250000004 0.6061114187500001 0.029649431250000004 0.5905209328125001 0.014412600000000001 0.59096696875 0.015013470312499999 0.621113584375 0.029649431250000004 0.6217019046875001 0.029649431250000004 0.6061114187500001
0 0.2192308734375 0.63229166875 0.2171726921875 0.621113584375 0.21259895312500002 0.6099355 0.20711046875 0.603463978125 0.1988777390625 0.59699245625 0.1892728890625 0.5943450140625 0.1788634328125 0.5947313703125 0.178981978125 0.640233990625 0.21968824687500002 0.638763190625 0.2192308734375 0.63229166875
5 0.059378728125 0.7884483078125 0.040754001562499996 0.7876569625000001 0.040626403125 0.8078628734375 0.050002565624999995 0.808157034375 0.059836103125 0.808157034375 0.059378728125 0.7884483078125
0 0.086363784375 0.7525607734374999 0.0781310546875 0.7557965359375001 0.071956509375 0.7605030968750001 0.0664680234375 0.7672687796875 0.061894284375 0.7746227828125 0.058921354687500004 0.78697750625 0.0592295671875 0.8083611718749999 0.092995703125 0.807274553125 0.09368176406249999 0.75314909375 0.086363784375 0.7525607734374999
5 0.2045949125 0.8728616625000001 0.1592903078125 0.8721207281250001 0.15908621875 0.891687909375 0.2553634046875 0.891687909375 0.25444865625 0.8719791812500001 0.2045949125 0.8728616625000001
5 0.317492271875 0.710760553125 0.31726358593750004 0.6722255796875001 0.3021558265625 0.67190160625 0.3023989375 0.6878160656250001 0.3026276234375 0.7116430328125001 0.317492271875 0.710760553125
0 0.459049465625 0.6798737421875 0.46247976875 0.6681073375000001 0.463851890625 0.6581058953125 0.463851890625 0.64751613125 0.42855796875 0.6464918953125001 0.42932016875 0.7001707890625 0.44075451250000003 0.6986999890625001 0.4508167375 0.692228465625 0.459049465625 0.6798737421875
5 0.370547634375 0.605745396875 0.37077632031249996 0.5789768265624999 0.3561191140625 0.5784973875 0.355911671875 0.6354555671875 0.37123369375 0.6348672453125 0.370547634375 0.605745396875
5 0.31726358593750004 0.619870378125 0.317492271875 0.541623790625 0.302338753125 0.5408533703125 0.30217025 0.576923003125 0.3028563109375 0.619870378125 0.31726358593750004 0.619870378125
0 0.43206441093750003 0.4772292125 0.4270332984375 0.4663452890625 0.4199440046875 0.457814646875 0.408738346875 0.451637284375 0.3995908703125 0.4513431234375 0.40130193593749997 0.5015624265625 0.43457996718749997 0.503703621875 0.43412259375 0.49340801875 0.43206441093750003 0.4772292125
5 0.31817833281249996 0.46105040781250006 0.317949646875 0.4313402375 0.301424121875 0.4314504421875 0.3017128765625 0.44369496093749994 0.30194156250000004 0.462227046875 0.31817833281249996 0.46105040781250006
5 0.317949646875 0.4028225984375 0.317720959375 0.3725241078125 0.3021558265625 0.3726316640625 0.30217025 0.3881145921875 0.3023989375 0.40370507812499995 0.317949646875 0.4028225984375
5 0.28318923749999997 0.1587120890625 0.20538776093750002 0.15829603750000001 0.205207003125 0.1778324953125 0.239052665625 0.1778324953125 0.28273186250000004 0.1781266546875 0.28318923749999997 0.1587120890625
3 0.31708230312499996 0.6594851328125 0.316857065625 0.5392764875 0.316857065625 0.42486228437499995 0.31708230312499996 0.30899947031249997 0.316857065625 0.1592130703125 0.179913084375 0.1592130703125 0.17968784843750002 0.18847501718749998 0.179237375 0.27249446875 0.17868733750000002 0.3088468125 0.1790121375 0.46308475312499997 0.179913084375 0.6618029109375 0.31708230312499996 0.6594851328125
3 0.0992758203125 0.5596925734375 0.18838541250000002 0.558640996875 0.18811290625 0.36870055 0.20092070781250002 0.36835002499999997 0.20037569375 0.35082376718749997 0.194653059375 0.35082376718749997 0.194108046875 0.2884302921875 0.14096930000000002 0.2884302921875 0.14069679375 0.2603882796875 0.08701303125 0.2603882796875 0.08701303125 0.288079765625 0.034419296875 0.2884302921875 0.034087748437499996 0.350308428125 0.0158888625 0.3501227171875 0.015343848437499998 0.558640996875 0.0992758203125 0.5596925734375
3 0.09808236875000001 0.8685513609375001 0.1398257359375 0.8693774296875001 0.1404679421875 0.8908552375 0.2762944375 0.8916813078124999 0.275973334375 0.869790465625 0.3170744953125 0.8681383265625 0.3173955984375 0.648455896875 0.18767005781249999 0.6496950015625 0.18767005781249999 0.6410212703125 0.2213858546875 0.6377169921875 0.219138134375 0.62243470625 0.213358284375 0.6096306296875 0.20308299375 0.598478690625 0.18767005781249999 0.5931092390625 0.18734895468749999 0.5501536234375 0.1735415328125 0.5501536234375 0.1706516078125 0.5336322328125 0.16487175625 0.52082815625 0.152348746875 0.5105022875 0.1375780171875 0.508024078125 0.138220221875 0.5505666578125 0.12601831562500002 0.5505666578125 0.014916737499999999 0.5505666578125 0.014843109375 0.7168050078125 0.014595634375 0.80700918125 0.09808236875000001 0.8082482859375 0.09808236875000001 0.8685513609375001
5 0.5768848859375 0.159168434375 0.5457514765625 0.1585956875 0.545844465625 0.1691033984375 0.5595430546875 0.16966575625 0.5768848859375 0.1698532078125 0.5768848859375 0.159168434375
0 0.601221740625 0.121303096875 0.594372446875 0.12467723593749999 0.5881060703125 0.129925896875 0.5827140734375 0.13742398281249998 0.5789251015625 0.14510952187499998 0.57673915625 0.15560684375 0.5768754 0.1698402859375 0.6108399 0.16966575625 0.610985628125 0.12092819218749999 0.601221740625 0.121303096875
0 0.6184178421875 0.40223988281249995 0.6147746 0.39961555312499997 0.60909114375 0.39699122343750004 0.60326195625 0.395866509375 0.595293303125 0.3959316734375 0.59582974375 0.4399177671875 0.601221740625 0.439730315625 0.6184178421875 0.40223988281249995
0 0.5593973250000001 0.44740235312500004 0.553422409375 0.44983923125 0.5474474921875 0.45471298750000005 0.5420554953125001 0.4612738125 0.53812079375 0.4702715171875 0.535497659375 0.4805813859375 0.5357265421874999 0.49263521875 0.569015484375 0.49239087187499997 0.5698898625 0.44665254374999996 0.5593973250000001 0.44740235312500004
3 0.5207789625 0.408047525 0.520487503125 0.49182851562499996 0.5350604703124999 0.4920159671875 0.5688697546875 0.49239087187499997 0.596558390625 0.49220342031250003 0.59582974375 0.35970511875 0.6316792421875 0.35970511875 0.631824971875 0.351832128125 0.6580563125000001 0.3520195796875 0.657764853125 0.2781803046875 0.6579105828125 0.1589809828125 0.6112770875 0.159730790625 0.610402709375 0.1211156453125 0.6063222796875001 0.12092819218749999 0.5999101734375001 0.12205290625000001 0.5924779609375 0.126176853125 0.5851914781249999 0.1338623921875 0.5795080203125 0.14379735625 0.5765934265625 0.1589809828125 0.5209246921874999 0.159168434375 0.5210388484374999 0.262345846875 0.5207789625 0.26205266875 0.521070421875 0.3523843578125 0.5207789625 0.408047525
5 0.4926509171875 0.3513850953125 0.426633146875 0.3513389703125 0.42693281875 0.3697289953125 0.454719665625 0.3699181078125 0.49294495781250003 0.3697289953125 0.4926509171875 0.3513850953125
0 0.4967674875 0.5096346953124999 0.48985753125000003 0.5122822671875 0.48397671718749996 0.5164427390624999 0.47868398437500004 0.5221161109375 0.47456741406249997 0.5283568187500001 0.47162700625 0.5357322015625 0.4700097828125 0.5465116078125 0.4702632734375 0.5608283171874999 0.503530425 0.5608841484375 0.50367744375 0.50944558125 0.4967674875 0.5096346953124999
3 0.4616829 0.5598538578125 0.5123995531250001 0.5595049984375 0.5129419765625001 0.49637386250000004 0.5294859109375001 0.497769303125 0.527587428125 0.35264345 0.42615412187499996 0.351248009375 0.35591020156250003 0.351248009375 0.35617335781250004 0.4338321140625 0.356452625 0.5015942015625 0.46141168749999995 0.5026407828125 0.4616829 0.5598538578125
0 0.6145397531250001 0.5772856140625 0.6101663640625 0.5643800734375 0.6024486203125 0.5534599984375 0.590872003125 0.5475035953125 0.5786113828125 0.5472868265625 0.579038128125 0.5918457125 0.616340559375 0.5918457125 0.6145397531250001 0.5772856140625
5 0.6587881546875 0.5633873390625 0.658530896875 0.5064705921875 0.6432264625 0.5062630593749999 0.6433526656249999 0.53426714375 0.6436099234375 0.5640491609375 0.6587881546875 0.5633873390625
0 0.55073973125 0.6255867484375 0.5473953765624999 0.6394850234375 0.5473953765624999 0.648750540625 0.584183290625 0.648750540625 0.585196359375 0.60498476875 0.57595103125 0.6030847796875001 0.5651461890625 0.6077175375 0.556913928125 0.6143357640625 0.55073973125 0.6255867484375
5 0.658530896875 0.6388232015625 0.6582736390624999 0.6140048515625 0.6432264625 0.6147775390625 0.6436099234375 0.625917659375 0.6436099234375 0.6394850234375 0.658530896875 0.6388232015625
5 0.658530896875 0.7010285703125 0.658530896875 0.6669447046875 0.64302068125 0.6674467625 0.6430954078125 0.6815048015625 0.6430954078125 0.700366746875 0.658530896875 0.7010285703125
0 0.5080348796874999 0.69441034375 0.5149808499999999 0.6980503671875 0.52861553125 0.7006976578125 0.52861553125 0.6474209359375 0.494241375 0.64627320625 0.4936284234375 0.6616501234375 0.495943746875 0.6762102203125 0.5021179421874999 0.686468471875 0.5080348796874999 0.69441034375
0 0.6088800734375 0.7569466234375 0.6173695921875 0.7612484703125 0.6274026609375001 0.7619102921875001 0.6276599187499999 0.7096263046875 0.5928102375 0.7087352 0.591643778125 0.7241864031249999 0.5949881343750001 0.7384155890625 0.6011623296875 0.7496665734375 0.6088800734375 0.7569466234375
5 0.5530550562500001 0.8723989187500001 0.5115269375 0.8715069203124999 0.51163649375 0.8909299531249999 0.5993615218749999 0.8912608640625 0.5993615218749999 0.8723989187500001 0.5530550562500001 0.8723989187500001
0 0.7686373843750001 0.8052239218749999 0.7637494796875 0.7946347609375 0.7557744765625001 0.7847074203125 0.746513184375 0.7804055734374999 0.735193825 0.7787510171875 0.736033471875 0.8312771609375 0.7717244828125 0.8310350046874999 0.770438190625 0.8174676406250001 0.7686373843750001 0.8052239218749999
5 0.90253055 0.8217924296874999 0.90253055 0.7781121359375 0.8916035359375 0.7780785984375 0.8922402234375 0.7986286375 0.8922402234375 0.822123340625 0.90253055 0.8217924296874999
5 0.9027878078124999 0.6953902656250001 0.90253055 0.6523717953125 0.8916035359375 0.6528899421875 0.8917257078124999 0.67024100625 0.891982965625 0.6960520890625 0.9027878078124999 0.6953902656250001
3 0.8030904703124999 0.8860008687500001 0.8994508343750001 0.88514309375 0.8997842609375001 0.7740844828125 0.931793240625 0.7723689328125001 0.9304595328125 0.6887359328125 0.8997842609375001 0.6891648203125 0.8984505546875001 0.5776541515625 0.7860857 0.5780830390625 0.6877247750000001 0.576796378125 0.6873794203125 0.752763346875 0.6873913468749999 0.825527775 0.80275704375 0.8250988874999999 0.8030904703124999 0.8860008687500001
5 0.40871120000000005 0.8204656515625001 0.38796440625 0.819840390625 0.388004025 0.8384245390625 0.4309871 0.8388281093750001 0.43083022812499994 0.82006208125 0.40871120000000005 0.8204656515625001
3 0.4393013453125 0.8380209671875001 0.45294925625 0.8380209671875001 0.45294925625 0.8301513437500001 0.4744407953125 0.8295459875000001 0.47475454062500005 0.745603325 0.4739701765625 0.64796106875 0.356629515625 0.6483646390625 0.35646838125 0.75011910625 0.356629515625 0.774458615625 0.3707480453125 0.7746604015624999 0.3715324078125 0.8384245390625 0.4393013453125 0.8380209671875001
3 0.439054228125 0.8908852765624999 0.5122491390625 0.8911266890625 0.598018559375 0.8908852765624999 0.6578882421875 0.890402453125 0.657512884375 0.7108310921875 0.54677678125 0.7103482671875 0.546401421875 0.6485468109375 0.4659545625 0.64757451875 0.465517003125 0.8203929890625 0.4396172671875 0.8203929890625 0.439054228125 0.8908852765624999
1 0.120566078125 0.2717395546875 0.1155762390625 0.2781603734375 0.1135565359375 0.2859570890625 0.1109428125 0.2795362640625 0.10619058125 0.271586671875 0.1001314890625 0.2659302328125 0.09526044375 0.2642485875 0.09027060625 0.26241406562499997 0.086944040625 0.263025571875 0.086944040625 0.30338504843749997 0.13957500312499999 0.3024677859375 0.13921858125 0.261802559375 0.1332782921875 0.263484203125 0.12579353437500002 0.26684749375 0.120566078125 0.2717395546875
1 0.93168629375 0.7577590859375001 0.9244612421875 0.7470317109375 0.9163099015625 0.7389265890625001 0.9120489609375 0.7374962671875 0.9211265921875 0.7315366156249999 0.92705484375 0.7222395625 0.9327978531250001 0.7103202578125 0.9350209421875 0.6993544921875 0.9352062125 0.692918075 0.899821921875 0.6940617625 0.899821921875 0.781120921875 0.9342799218750001 0.7789754609374999 0.9344651624999999 0.773254190625 0.93168629375 0.7577590859375001