3 0.593896371875 0.43365374218749997 0.712208128125 0.43036786875 0.711444828125 0.2996255484375 0.709154921875 0.016383128125 0.432839721875 0.015725954687499998 0.431074990625 0.2827272171875 0.4916139484375 0.28118914687499996 0.49085064687499996 0.4349680921875 0.593896371875 0.43365374218749997
3 0.16957976875 0.433870596875 0.3700040015625 0.433105371875 0.5144338796875 0.433870596875 0.5148782796875 0.2372080671875 0.455773128125 0.2372080671875 0.45532872968750004 0.013762701562499998 0.31800924531249997 0.012232253125 0.21624172968750002 0.012232253125 0.0103897671875 0.011915856249999999 0.010484703125 0.2096600078125 0.0118179015625 0.433105371875 0.16957976875 0.433870596875
3 0.2321315109375 0.6395509421875001 0.37008199375 0.6364356546875001 0.369629696875 0.3965584828125 0.18690184375000002 0.3950008390625 0.009410075 0.394666896875 0.0096015484375 0.780517721875 0.23258380625 0.7797389 0.2321315109375 0.6395509421875001
5 0.6054320468750001 0.057483134375 0.605567453125 0.01623118125 0.5774004625 0.01623118125 0.542464028125 0.015532315625000001 0.5028389515625 0.0161877421875 0.5029247296875 0.05771609062500001 0.546798396875 0.057250171875 0.6054320468750001 0.057483134375
0 0.5852555671874999 0.3894378515625 0.5828181390625 0.37592645 0.579161996875 0.3619491359375 0.573610084375 0.348903640625 0.56440203125 0.333295640625 0.5543815046875 0.3237444765625 0.5443609703125001 0.316982284375 0.53447585 0.3132550015625 0.5270281609375 0.31348795625000003 0.5270281609375 0.4052723078125 0.5207991828125 0.405042078125 0.520268690625 0.4336712171875 0.592838665625 0.43369934375 0.5929740828125001 0.40481289687500005 0.5866096890625 0.40481289687500005 0.5852555671874999 0.3894378515625
3 0.6860984546875 0.8642176234375001 0.6864152812500001 0.9891268328124999 0.8029945749999999 0.9885817640625 0.9946819953125001 0.9891268328124999 0.9946819953125001 0.848955690625 0.9943651671874999 0.23912653125 0.9943651671874999 0.0166057515625 0.8768317718749999 0.0166057515625 0.6855195453125 0.0174755234375 0.6860984546875 0.2871367953125 0.6864152812500001 0.6182146984375 0.6860984546875 0.8642176234375001
5 0.8674031171875001 0.058287909375 0.8672271703125001 0.015891314062500002 0.8313314109375 0.015891314062500002 0.763784559375 0.0157005734375 0.7637807453125001 0.058287909375 0.7977350984375 0.057682592187500006 0.8674031171875001 0.058287909375
5 0.9948942328125 0.7829066375 0.9948942328125 0.6975513624999999 0.9948942328125 0.603464284375 0.9708295546875 0.6030001687500001 0.970534340625 0.6707107546875 0.9702510953125 0.7829066375 0.9948942328125 0.7829066375
0 0.7560611390624999 0.6245782156249999 0.7558603734375 0.60281814375 0.7522464484375 0.58278505625 0.74602246875 0.5627519703125 0.73758998125 0.54547609375 0.728153625 0.5323509750000001 0.719319590625 0.5261338046875 0.708879375 0.52198903125 0.702655396875 0.52198903125 0.702655396875 0.5095547046875 0.685262259375 0.5083985140625 0.6859912015625 0.6349401593749999 0.7034584875000001 0.6349401593749999 0.703257721875 0.623887421875 0.7560611390624999 0.6245782156249999
0 0.6706053125 0.5749490609375 0.6590442999999999 0.5747255921875001 0.646963703125 0.5807592796875001 0.6398192593750001 0.5865695015625 0.6317655234374999 0.5959552390625 0.6241014859375 0.6111511953125001 0.61838593125 0.62388898125 0.6143590624999999 0.63912115 0.611761084375 0.65454058125 0.611371384375 0.6670549 0.6047465390625 0.6666079609375 0.6048764375 0.6950248515624999 0.6772301609375 0.6950248515624999 0.6773600546874999 0.6661972265625 0.670995003125 0.6657502859375 0.6706053125 0.5749490609375
5 0.0336451796875 0.654289653125 0.033486495312499996 0.5728959765625 0.0339625421875 0.4759200484375 0.0096176921875 0.476036475 0.01016039375 0.5682552328125 0.0103190796875 0.654289653125 0.0336451796875 0.654289653125
0 0.2990278 0.4615236484375 0.29859967656249997 0.48177799375 0.30116844062500003 0.49761320937500003 0.3048075109375 0.5101340750000001 0.3101590953125 0.525232765625 0.3159387921875 0.537385371875 0.32621382187500003 0.5510110171875 0.33734511718750004 0.5605858078125 0.35254359375 0.565004934375 0.3527576640625 0.5771575421875 0.3688124046875 0.5771575421875 0.3689726015625 0.44962289687499996 0.3523295390625 0.4501381109375 0.3523295390625 0.46302724843750004 0.2990278 0.4615236484375
0 0.4547631734375 0.717432434375 0.44824984375000004 0.690385609375 0.43679538593749995 0.666429840625 0.4244425265625 0.6505881296875 0.41141586874999997 0.6386102453125 0.3988384046875 0.6328144984375 0.384913375 0.6304961953125 0.38446418125 0.7467975671875 0.3775016578125 0.746411184375 0.3772487 0.7741622109375 0.4639716640625 0.773844390625 0.46419626875000003 0.7471839484375 0.4576829390625 0.7467975671875 0.4547631734375 0.717432434375
5 0.3182275140625 0.057920365625000005 0.3182275140625 0.015800621875 0.287498315625 0.0149410375 0.2129907421875 0.014725887500000001 0.21354838125 0.0570607828125 0.257268778125 0.058350159375 0.3182275140625 0.057920365625000005
0 0.464873475 0.375599271875 0.4577937875 0.3532702546875 0.4475675484375 0.3360160171875 0.43517808437500005 0.3214683265625 0.42514851093750006 0.3147019578125 0.41590558125 0.31267204843749996 0.40725262031250004 0.313010365625 0.4074492703125 0.40469466093750006 0.40213950781249996 0.40469466093750006 0.402565965625 0.434665790625 0.47529636406250003 0.43446668125 0.47529636406250003 0.40401802499999995 0.4688066421875 0.40401802499999995 0.464873475 0.375599271875