5 0.317604565625 0.015415951562499999 0.215011078125 0.014987728124999999 0.2151354375 0.0578098140625 0.255177990625 0.05866625156250001 0.31710715 0.05823803749999999 0.317604565625 0.015415951562499999
0 0.310640659375 0.5279962859375 0.31909683437499997 0.5421275734375001 0.3285478859375 0.5532613015625001 0.337998915625 0.5613975109375 0.3499370671875 0.5652514984375 0.36287007187500003 0.5648232640625 0.370082696875 0.5639668343750001 0.37020704531250004 0.4610867703125 0.2994486421875 0.462050265625 0.2996973390625 0.4873153015625 0.304422865625 0.509582778125 0.310640659375 0.5279962859375
0 0.40017679531250006 0.7014257203125001 0.3956999875 0.6795864484374999 0.388984778125 0.6641704984375 0.3787875921875 0.647469884375 0.369833978125 0.6419030109375 0.345211540625 0.64061835 0.345211540625 0.7172698828125 0.40142034375 0.717698096875 0.40017679531250006 0.7014257203125001
5 0.035006139062500004 0.5530472046875 0.0345087234375 0.477252109375 0.0100106359375 0.4761815546875 0.010881129687500001 0.6541073046875 0.0345087234375 0.6545355390625 0.035006139062500004 0.5530472046875
0 0.4532766890625 0.703887975 0.44382564843749994 0.6781947265625 0.43263363125 0.6602094515625 0.42069547968750004 0.6473628265625 0.41024959843750003 0.6387984140625 0.39657047031250003 0.6332315390625001 0.38512973437500003 0.632375103125 0.3843836 0.7745444125 0.45750477656250005 0.7758290734375 0.4565099453125 0.7252990234375 0.4532766890625 0.703887975
0 0.659023265625 0.5732806375 0.6455928453124999 0.579275715625 0.634152109375 0.5912659125 0.6227113859375 0.6079665249999999 0.615250040625 0.6293775515625 0.6107732328125001 0.6520732640625 0.61027580625 0.69618 0.6712101359375 0.695323571875 0.6717075515625 0.5732806375 0.659023265625 0.5732806375
0 0.7567668796875 0.6131051734375 0.7555233296874999 0.5934070046875 0.7507978046875 0.571995975 0.741844190625 0.551441365625 0.7289111859374999 0.5334560921875 0.712744946875 0.5210376906249999 0.6852623203125 0.5205024078125 0.6856353875 0.625523565625 0.7567668796875 0.6259517984375 0.7567668796875 0.6131051734375
5 0.6058611859374999 0.015415951562499999 0.5026459109375 0.0156300578125 0.5021484953125 0.0578098140625 0.5528856390625 0.057381590625 0.6056124671875 0.0578098140625 0.6058611859374999 0.015415951562499999
0 0.5735286859375 0.34257665625 0.5586059953125 0.3245913828125 0.5434345984375 0.31388586875 0.5272683484375 0.31131654375 0.5268952812500001 0.4344300234375 0.5273305374999999 0.43410885 0.5270196406250001 0.434644140625 0.58745654375 0.434644140625 0.5877052390624999 0.39267849374999997 0.5829797359375 0.36826990625 0.5735286859375 0.34257665625
0 0.4675775921875 0.3777978265625 0.46185723593750005 0.3585278890625 0.45340103593750003 0.3401144 0.4382296515625 0.32170089062499996 0.4213172546875 0.311851815625 0.40813555468749996 0.310995378125 0.40838427343749995 0.43389475937500005 0.4693185796875 0.434322975 0.46906986093749997 0.3962113140625 0.4675775921875 0.3777978265625
5 0.9951568390625001 0.7805395078124999 0.9949081203125001 0.6041125265625 0.969912615625 0.6052901312500001 0.9710318171875001 0.6824769374999999 0.970783121875 0.782252384375 0.9951568390625001 0.7805395078124999
5 0.8680652625 0.015737128125 0.7636064375 0.015737128125 0.7638551515625001 0.05684632656250001 0.8061361015624999 0.058130989062500006 0.867567846875 0.058559203125 0.8680652625 0.015737128125
3 0.826422578125 0.9873216906250001 0.99425819375 0.9888628875000001 0.9951533031249999 0.6028832984375 0.99425819375 0.015989792187499997 0.6872309015625 0.015219203125 0.686335771875 0.391653653125 0.685888215625 0.6521139390624999 0.6849930859375 0.9873216906250001 0.826422578125 0.9873216906250001
3 0.48895663593750005 0.43388865625 0.71024130625 0.43104891562500003 0.71024130625 0.309413365625 0.7091417453125 0.016920118749999997 0.43081787031249996 0.0176300515625 0.430680434375 0.28054268125 0.4897812984375 0.28054268125 0.48895663593750005 0.43388865625
3 0.514678303125 0.2386678046875 0.45382725468749996 0.2386678046875 0.4548008546875 0.0165537921875 0.010101273437499999 0.0148774484375 0.0103446859375 0.4314460265625 0.5132178781250001 0.43312237187499997 0.514678303125 0.2386678046875
3 0.23151032656249998 0.63500645625 0.3691470515625 0.635773359375 0.37003789062500003 0.39266098125000004 0.00991073125 0.39323616875 0.0101334515625 0.7750058828124999 0.2310648875 0.7757727859375 0.23151032656249998 0.63500645625