3 0.9443494234375001 0.6457462140625 0.9447358890625001 0.5472612421874999 0.9447358890625001 0.43302636093749997 0.7530400640625 0.433361465625 0.6602868625 0.433361465625 0.660673328125 0.49368025937500004 0.5904320890625 0.49331457500000003 0.590783784375 0.56334625 0.590783784375 0.645076009375 0.9443494234375001 0.6457462140625
0 0.7324052 0.455075421875 0.7352939703125 0.4439826953125 0.7365320093750001 0.4332477953125 0.6714316109375 0.43305789531250005 0.6713284500000001 0.4400465640625 0.7266276640625 0.4661681515625 0.7324052 0.455075421875
5 0.8472096421875 0.6460803390625001 0.8474159796875 0.62693643125 0.77635569375 0.6271153468749999 0.7201795265625 0.6270978765625 0.7196912765625 0.6464381640625 0.777260246875 0.6462592515625001 0.8472096421875 0.6460803390625001
3 0.3203677328125 0.6453774453125 0.3697203609375 0.6449339937499999 0.60168955 0.6449339937499999 0.601945259375 0.5188076875000001 0.6022009875000001 0.4337005890625 0.46955318437500004 0.43325713749999994 0.319385665625 0.4330667078125 0.31908916718749997 0.49067220312500004 0.3198563046875 0.585978675 0.3203677328125 0.6453774453125
5 0.47328417968750003 0.646252525 0.47328417968750003 0.6267406906249999 0.4211187015625 0.6267406906249999 0.37598533437500004 0.6267166765625001 0.3758574890625 0.646695978125 0.42060728281250004 0.6469177078125 0.47328417968750003 0.646252525
0 0.5130244234375 0.6174911015625 0.5102115734375 0.629686 0.5079740828125 0.64389306875 0.5759298546875 0.64409815 0.5759298546875 0.6305729046875 0.520951525 0.604631025 0.5130244234375 0.6174911015625
3 0.3303848359375 0.6453780359375 0.3299525296875 0.583922246875 0.3299525296875 0.441538346875 0.39263783124999996 0.4419132078125 0.39350244375 0.44903539062500003 0.3952316984375 0.45690729531249996 0.4051748625 0.4715265234375 0.4587815953125 0.44528686874999995 0.4600785453125 0.4422880546875 0.5231961359375 0.442662915625 0.5218991859375001 0.3182519375 0.5214668796875 0.2167069390625 0.2835968859375 0.2167069390625 0.05792984062499999 0.21694688437499998 0.058569128125 0.442662915625 0.0581368234375 0.6450031890625 0.3303848359375 0.6453780359375
5 0.2652586890625 0.23512301875000002 0.26467456718750004 0.21562378437500002 0.1869880203125 0.2153705515625 0.12419625781250002 0.2155391234375 0.12332010625 0.23562948437500003 0.17851842812500002 0.23562948437500003 0.2652586890625 0.23512301875000002
5 0.079803940625 0.35866204375 0.08009600156249999 0.3080416953125 0.079803940625 0.273361759375 0.05665860625 0.273442321875 0.056731624999999994 0.31434561250000004 0.057023674999999996 0.35866204375 0.079803940625 0.35866204375
5 0.079803940625 0.579389984375 0.079803940625 0.5571051453125 0.079803940625 0.49002440937499997 0.057023674999999996 0.4898673953125 0.057023674999999996 0.53000881875 0.057023674999999996 0.5796432171875 0.079803940625 0.579389984375
5 0.254744725 0.6464707203125 0.254744725 0.6267182484375 0.1884482921875 0.626465015625 0.1340531046875 0.6265569171875 0.13500229531250002 0.646723953125 0.183483371875 0.6464707203125 0.254744725 0.6464707203125
0 0.3961904375 0.4603368546875 0.40679085156249994 0.47106024375000005 0.45979291875 0.4453241046875 0.4604996296875 0.433068803125 0.3892118375 0.43189174843749994 0.3919502828125 0.444404959375 0.39371701875 0.45175814531249997 0.3961904375 0.4603368546875
0 0.493007553125 0.3776462265625 0.4824071390625 0.383773878125 0.514561721875 0.43156955 0.5216286640625001 0.43126317187499996 0.5212753218749999 0.3717898109375 0.511734959375 0.37213134375 0.5043146765625 0.37366325625 0.493007553125 0.3776462265625
0 0.6589892296875 0.348775125 0.6559711890625 0.3568875234375 0.6547639671875001 0.363168084375 0.653858546875 0.372161084375 0.7205572453125 0.3723272453125 0.7205572453125 0.3639531640625 0.666232509375 0.338830890625 0.6589892296875 0.348775125
5 0.6869976656250001 0.235441815625 0.68675915 0.21558731875 0.6328535984375 0.21558731875 0.5647560875 0.21556712500000003 0.5639212703125 0.235441815625 0.6173497890624999 0.2356486296875 0.6869976656250001 0.235441815625
3 0.7349089046875 0.44240654843750005 0.9101405484375 0.44242525781250003 0.9442489374999999 0.4418047984375 0.9442489374999999 0.3692448859375 0.944010403125 0.2770372921875 0.944010403125 0.217082228125 0.9184218484375 0.216875409375 0.734999846875 0.2168591828125 0.7349089046875 0.3012755828125 0.73509605625 0.3609683609375 0.7349089046875 0.44240654843750005
5 0.89720281875 0.23510028906249997 0.8973899843750001 0.215951346875 0.827550378125 0.21611362500000003 0.7671462625000001 0.21598255625 0.76639105625 0.23510028906249997 0.8156034625 0.23526256406249998 0.89720281875 0.23510028906249997
0 0.777807478125 0.381569165625 0.7686369046875 0.3775121859375 0.758530559375 0.37475343906249997 0.7482370625 0.3726438125 0.7411252 0.372156971875 0.735136246875 0.3725151640625 0.7355105656250001 0.42863011875 0.7471141375 0.42863011875 0.7647066640625 0.4023408953125 0.777807478125 0.381569165625
4 0.482751009375 0.23333015937499998 0.48291358906250004 0.21671581718750002 0.41167269375000004 0.2168566171875 0.3444421734375 0.21670033437499997 0.343927825 0.2334709578125 0.3782334015625 0.23361175781250001 0.482751009375 0.23333015937499998