5 0.3534371125 0.08938956406250001 0.301608634375 0.089165996875 0.3012982859375 0.1068277953125 0.321367603125 0.10697684062499999 0.35364401875 0.1071258875 0.3534371125 0.08938956406250001
5 0.499715503125 0.1317182640625 0.499715503125 0.1084672890625 0.4760254296875 0.10861633125 0.47674959218749996 0.11830423906250001 0.476542684375 0.13186730625 0.499715503125 0.1317182640625
5 0.695339553125 0.13618960625 0.5048879953125 0.1358915140625 0.50457764375 0.1524354765625 0.5925102046874999 0.15303165624999998 0.695546459375 0.15303165624999998 0.695339553125 0.13618960625
0 0.5016810484375 0.42533634062500003 0.51699165 0.41997073125 0.52506075625 0.4131146734375 0.532095365625 0.40551339375 0.5362333609375 0.3959745328125 0.5364402671875 0.386435671875 0.468266675 0.385951275 0.46940462656250004 0.4278701 0.490715340625 0.42772105781249997 0.5016810484375 0.42533634062500003
0 0.5370609671875 0.517445975 0.5354057640625001 0.5096956453125 0.5306470578125 0.5013491421875 0.5248538593750001 0.49494021874999994 0.51450885 0.488382253125 0.504370746875 0.483761865625 0.49092223593749995 0.48122810781250003 0.468266675 0.4806319265625 0.46899082812500004 0.5217682671875 0.53768166875 0.52310966875 0.5370609671875 0.517445975
5 0.7342958171875 0.44393903124999995 0.7344986265625 0.390615215625 0.7101623703125 0.3909074 0.710365178125 0.41472050312500003 0.7105679687500001 0.44393903124999995 0.7342958171875 0.44393903124999995
5 0.7338902203125001 0.5875481046875 0.734093028125 0.5137713171875 0.7101116625 0.5137347921875 0.710365178125 0.547957 0.7105679687500001 0.5874020140625 0.7338902203125001 0.5875481046875
5 0.734093028125 0.8236338249999999 0.734093028125 0.7140643359375 0.7099595609375 0.7144660890625001 0.7101623703125 0.739192271875 0.710365178125 0.8233416374999999 0.734093028125 0.8236338249999999
0 0.359310271875 0.8718758015624999 0.347779215625 0.8599483421875 0.327378140625 0.8501507859374999 0.298994034375 0.8480208812500001 0.2986244453125 0.9004164953125 0.36581494531250003 0.9006294921875 0.366110621875 0.8835902640625 0.359310271875 0.8718758015624999
0 0.47136833906250003 0.880608396875 0.4852647421875 0.876774571875 0.49738711249999995 0.8695329062500001 0.5059614671875 0.8612262828125001 0.5115791640625 0.851428728125 0.51276184375 0.8399272515625 0.44320598437500003 0.8397142609375001 0.444462590625 0.8818863390624999 0.4601329734375 0.8820993359375 0.47136833906250003 0.880608396875
0 0.37557198125 0.7472764765625 0.39153804062500003 0.742803675 0.40336476093750007 0.7362009734375 0.41223479375 0.7274683734375 0.41962649687500003 0.717031846875 0.4202178234375 0.7053173828125 0.351179390625 0.7052108859375 0.3513272421875 0.74770245 0.36433661562499997 0.74770245 0.37557198125 0.7472764765625
0 0.40779977812499996 0.581357028125 0.39892974375 0.57113349375 0.3876943796875 0.563891821875 0.37202396875 0.5604839765625 0.3507358890625 0.5604839765625 0.3516228921875 0.593923459375 0.4110521140625 0.593923459375 0.40779977812499996 0.581357028125
0 0.3374308390625 0.482955509375 0.32826514375000004 0.48402045937500005 0.31762110468750004 0.48870624687499997 0.30697706406249997 0.4936050234375 0.297515690625 0.5031895859375 0.29337635156249997 0.5108572375 0.29160234375 0.5198028296875 0.2917501703125 0.5318900281250001 0.3486662203125 0.5317302859375 0.34955322187500004 0.482955509375 0.3374308390625 0.482955509375
3 0.49956195000000003 0.0901267734375 0.26771393906249996 0.089799928125 0.2670333671875 0.14193128125 0.26726022656250004 0.34195878281250003 0.26726022656250004 0.5315273281249999 0.3645027125 0.5315273281249999 0.48088043437500005 0.5312004921875 0.481107278125 0.5222123234375 0.5375947062499999 0.5220489046875 0.5339650046875 0.50717758125 0.5271592921875 0.497862575 0.5155895765625 0.48838414218750004 0.500390140625 0.4818472984375 0.4821223875 0.48063294843750004 0.4821223875 0.4287354375 0.48427293593750004 0.4283481390625 0.517606165625 0.4194403609375 0.53373515625 0.40588504218750004 0.537498603125 0.38574570625 0.4821223875 0.38574570625 0.4821223875 0.3570858875 0.7321217328125 0.35660176250000003 0.7333101 0.13662374375 0.499108221875 0.13670180468749998 0.49956195000000003 0.0901267734375
3 0.733474271875 0.47955634687500004 0.73377885 0.349012584375 0.47002352500000005 0.34895773281250003 0.4697189625 0.48087275468749996 0.5875865328125001 0.48065335625000005 0.733474271875 0.47955634687500004
3 0.4826813625 0.62852023125 0.5893793453125 0.6293335828125 0.7336192203125 0.62852023125 0.7341837515625 0.471949353125 0.46885013437499995 0.47255936875 0.4702614875 0.5317309609375 0.48324589375000004 0.5317309609375 0.4826813625 0.62852023125
3 0.44513947031249995 0.8273855765624999 0.44457493281250005 0.882287053125 0.4448572046875 0.9005875453125001 0.5862743874999999 0.9005875453125001 0.7339014749999999 0.9005875453125001 0.7336192203125 0.7151425609375 0.7339014749999999 0.620386678125 0.4953129265625 0.6203358421875 0.49453669375000003 0.6714247140625 0.494818959375 0.8275889125000001 0.44513947031249995 0.8273855765624999