0 0.36481033749999997 0.884825775 0.3608876390625 0.872816153125 0.3471582265625 0.8579807515625 0.319209046875 0.8473840359375 0.2981245640625 0.8470308171875001 0.2966535546875 0.9000143953125 0.2976342359375 0.9000143953125 0.3653006671875 0.8996611765625 0.36481033749999997 0.884825775
0 0.46642134999999996 0.88048831875 0.48467951718749996 0.8769988484375 0.5003293640625001 0.8684093687500001 0.5122530453125 0.8541830593749999 0.51374351875 0.837540946875 0.44536856875 0.8382119953125 0.4455548796875 0.848546215625 0.44592749062500003 0.8815620109375001 0.46642134999999996 0.88048831875
5 0.7383894640625 0.7324458265625 0.7377881046875 0.7127352859375 0.7161393031250001 0.7123020859375 0.7077203296875 0.7125186875 0.70741965625 0.7124494609375 0.7098250703125 0.8242147328125 0.736585396875 0.8245005609374999 0.7371867578125 0.776632096875 0.7383894640625 0.7324458265625
0 0.3828487 0.7481840562500001 0.40188913125000003 0.7400196625000001 0.4195695328125 0.719771996875 0.42228959374999997 0.7027900765624999 0.351794646875 0.7030350078125001 0.35247466250000004 0.7263035 0.35338137812500003 0.749816921875 0.3828487 0.7481840562500001
5 0.7356236328125 0.54322741875 0.7363587859375 0.5270749078125 0.7367263796875 0.5125111671875 0.7201851859375 0.5119815796875 0.709525284375 0.5119815796875 0.709525284375 0.512113975 0.7098928765625 0.550906478125 0.709525284375 0.588507403125 0.7359911921875 0.5882426125 0.7356236328125 0.54322741875
0 0.410403871875 0.594853421875 0.41001540312499996 0.5898164421875001 0.40535393124999997 0.5758248234375001 0.3921464296875 0.5657508625000001 0.37427745625000003 0.5598743859375 0.35349504375 0.5598743859375 0.352912359375 0.571067684375 0.352135459375 0.5954130906249999 0.410403871875 0.594853421875
5 0.735669625 0.41337190625 0.7351612875 0.3888378171875 0.7224532359375 0.3893870875 0.7084743609374999 0.3895244046875 0.7082202140625 0.42399113593750004 0.7094910125 0.44486341874999996 0.735923771875 0.44431414843750006 0.735669625 0.41337190625
3 0.73413565625 0.47959087343749995 0.734851671875 0.3496022640625 0.667542153125 0.3496022640625 0.5873435031249999 0.3501181078125 0.5157375640625 0.3496022640625 0.4711628796875 0.3496022640625 0.4727740140625 0.48217001875000004 0.4799346265625 0.48268583906250007 0.48065070781249997 0.4785592328125 0.73413565625 0.47959087343749995
3 0.6529816046875 0.6295755640625 0.7326495578125 0.6287125437500001 0.734446578125 0.47250703281249995 0.6350113937499999 0.4720755328125 0.5553434937499999 0.47250703281249995 0.50682386875 0.47250703281249995 0.4870566921875 0.4720755328125 0.4699849359375 0.47185977343749996 0.470883446875 0.5307604671874999 0.4840616203125 0.5307604671874999 0.4840616203125 0.62828104375 0.6529816046875 0.6295755640625
3 0.7319579734375 0.9003489046875 0.7326289906250001 0.6871645359375 0.7346421703125 0.619753809375 0.495073996875 0.6205791781250001 0.495073996875 0.8288040265625 0.4447043953125 0.8287671484375 0.4447445484375 0.9003489046875 0.7319579734375 0.9003489046875
3 0.4958062296875 0.531784071875 0.49509646875 0.5238774109375 0.5372643171875 0.5241324625 0.5365556171875 0.513123821875 0.5308859828125 0.50088123125 0.5160032234374999 0.4876184390625 0.484465928125 0.4802218734375 0.4816311125 0.4278945078125 0.493324715625 0.4278945078125 0.507498775 0.42355859687499997 0.5191923796875 0.418712571875 0.5287598796874999 0.41157106875 0.5340751499999999 0.40187901875 0.53797301875 0.38527985625 0.4816311125 0.385024803125 0.4816311125 0.3577340390625 0.6765245078125 0.3567138265625 0.7339294890625 0.3564587734375 0.7339294890625 0.25409953750000003 0.7342838296875 0.1361820109375 0.500472909375 0.13592695 0.5001185687499999 0.090017265625 0.4232242453125 0.090017265625 0.2662416484375 0.09016093593749999 0.2665342578125 0.3671710375 0.2661799171875 0.531273965625 0.4958062296875 0.531784071875
5 0.3536098796875 0.10692911093749999 0.35389742812499997 0.0897510890625 0.330894253125 0.0896476078125 0.3007849890625 0.0896646359375 0.300846365625 0.10723955624999999 0.3231306890625 0.1071360734375 0.3536098796875 0.10692911093749999
5 0.5010767921875 0.131540059375 0.50073825 0.1225241015625 0.5009075265625 0.10826914218749999 0.4757135078125 0.10798311875 0.4753476 0.1194781703125 0.47585540625 0.131540059375 0.5010767921875 0.131540059375
5 0.695367159375 0.15372430937499998 0.6958749656250001 0.1351951734375 0.624125221875 0.1351951734375 0.5538826703125 0.1354388484375 0.5041992890625 0.135611775 0.50357548125 0.1532369609375 0.6054842203125 0.153602471875 0.695367159375 0.15372430937499998
0 0.48969214843750003 0.42823768125 0.49815707031249995 0.4271624703125 0.5106054703125 0.42304084218750004 0.521311090625 0.416589596875 0.53077188125 0.40745033125 0.5362491796875 0.3961606484375 0.536996090625 0.38594618125 0.4691175546875 0.385878084375 0.468529865625 0.4287752828125 0.48072929062499997 0.4287752828125 0.48969214843750003 0.42823768125
0 0.531020840625 0.501961990625 0.5233028453124999 0.4937187328125 0.513593078125 0.48726748593749997 0.5008957203125 0.48278745624999997 0.48396587343749997 0.48027863593750003 0.47873755156250003 0.48045783750000004 0.4691175546875 0.48036877499999997 0.46877882499999995 0.5232869421874999 0.5364981390625 0.5232869421874999 0.5355022703125 0.5125348625 0.531020840625 0.501961990625
0 0.3036903125 0.494287834375 0.2926852640625 0.5064742171875001 0.2888758296875 0.5180512921875 0.290090140625 0.530936628125 0.35025000156249997 0.530847003125 0.34898020937499996 0.4799688296875 0.31935130312500004 0.48606201718750003 0.3036903125 0.494287834375