3 0.7568946265625 0.6008293124999999 0.75741914375 0.7409076531250001 0.9423678984375 0.7412211359375 0.9423678984375 0.5136967718750001 0.9423678984375 0.386157896875 0.7570342890624999 0.386131159375 0.7570342890624999 0.45008240781250003 0.663633875 0.4493479546875 0.6630044374999999 0.5277869546875 0.756632346875 0.5281004421875 0.7568946265625 0.6008293124999999
0 0.69526279375 0.5133999921875 0.7036552140625 0.5071302625 0.708375946875 0.5008605328125 0.6692987453125 0.4563454546875 0.6626138218750001 0.45522332031249996 0.663791225 0.5224911062500001 0.6740194890625 0.5212371546875 0.6873949015624999 0.5174753265625001 0.69526279375 0.5133999921875
5 0.9021148625000001 0.7433192890625 0.902377121875 0.7257640484375 0.8596282328125 0.7254505671875 0.7991028296875 0.725490134375 0.7985209484375 0.7436327828125 0.8441547265624999 0.7433192890625 0.9021148625000001 0.7433192890625
3 0.7640311843750001 0.74133000625 0.7642332281249999 0.6141156484375 0.7642332281249999 0.5192482375 0.7018734249999999 0.519972709375 0.602694084375 0.5193466890625 0.6028558828125 0.6452551359375 0.602249796875 0.7401225499999999 0.7640311843750001 0.74133000625
0 0.615381859375 0.5496632546875 0.6202306234375 0.5607718484374999 0.6295240796875 0.5697070234375 0.6650816578125001 0.526238609375 0.6648796296875 0.519476859375 0.6107691546875 0.519950159375 0.6123513828125 0.5356567640625001 0.6137655984375 0.543142990625 0.615381859375 0.5496632546875
5 0.7264020328125 0.7420091734375001 0.7263062109375 0.7274636796875 0.6842182328125 0.7275782093750001 0.6459523578125 0.7274224578124999 0.646199228125 0.7422382328125 0.6716904671874999 0.7420091734375001 0.7264020328125 0.7420091734375001
3 0.4235013453125 0.740986803125 0.6104826375 0.740986803125 0.6104826375 0.6596876953125 0.6103214265625 0.5747375453125 0.4755725828125 0.5751229484375 0.4236637703125 0.574773375 0.42334013437499995 0.6098090515625 0.42334013437499995 0.68319716875 0.4235013453125 0.740986803125
0 0.5852124671875 0.6212624921875001 0.588526671875 0.6157446796875 0.5938530671875 0.60541645625 0.5969305390625 0.59353193125 0.5981141828125 0.5839111234375001 0.5983509078125 0.5749977281249999 0.5458460859375001 0.5747395609375 0.5460338671875 0.5815059203125 0.5817798984375 0.624941040625 0.5852124671875 0.6212624921875001
5 0.47725159687499996 0.742460178125 0.5138283343750001 0.7421772125 0.5609477734375 0.7423186984375 0.5610940109375 0.7272986890625 0.5366704984374999 0.72760451875 0.47677813750000003 0.7274630390625 0.47725159687499996 0.742460178125
5 0.43512222031250003 0.5629120453125 0.434912346875 0.548110825 0.4349823046875 0.5321388890625001 0.42280488437499997 0.5321569328125 0.42294938281250005 0.546438371875 0.4230893046875 0.563079290625 0.43512222031250003 0.5629120453125
0 0.5219826000000001 0.5197806890625001 0.5160719359375 0.5229207312499999 0.5089791390625 0.5284158031249999 0.5031998203125 0.5373649203124999 0.5394518890625 0.5777144562500001 0.545887946875 0.5777144562500001 0.5434605953125 0.5165520031249999 0.5352487531250001 0.5160126359375 0.52815595625 0.517111653125 0.5219826000000001 0.5197806890625001
0 0.52432274375 0.45535257187499995 0.5168954484375 0.459713665625 0.5098590609375 0.4654765421875 0.5041257124999999 0.4732642125 0.539698553125 0.5143831140625 0.5447803796875 0.5142273578125 0.54516821875 0.4526988515625 0.536050053125 0.45254900937500003 0.5307076140625 0.453327775 0.52432274375 0.45535257187499995
5 0.4363825078125 0.5041785609375 0.436185728125 0.48112730625 0.436185728125 0.4521956328125 0.4223837625 0.45236424687500004 0.4222141578125 0.4757173203125 0.42201737812499995 0.5041785609375 0.4363825078125 0.5041785609375
3 0.630057665625 0.2474193625 0.63025906875 0.2247893546875 0.630057665625 0.11601124062499998 0.6296548421875 0.05368401874999999 0.593200134375 0.05320253125 0.42374568124999995 0.0527006125 0.42318098125 0.1398449671875 0.4233823859375 0.24669712968750002 0.630057665625 0.2474193625
5 0.573204178125 0.0679007875 0.573204178125 0.0512894078125 0.52650289375 0.051770898437500004 0.47065615625 0.0514974015625 0.4696808453125 0.0679007875 0.5158031140625 0.0679007875 0.573204178125 0.0679007875
0 0.563536625 0.20266380625 0.5564873703125001 0.197126675 0.5208382953124999 0.24046072500000001 0.5209883890625 0.2473198828125 0.5748154265625 0.24811593125 0.574614021875 0.230060075 0.5693774375 0.21470104218750002 0.563536625 0.20266380625
3 0.7178646625 0.3189074953125 0.6631636546874999 0.3181893796875 0.6655680890625 0.39260828124999997 0.8732180359375 0.3934438546875 0.9406258062499999 0.3927918 0.9406258062499999 0.1480505609375 0.9403529046875001 0.051255615624999994 0.77620881875 0.049951507812500004 0.6207206390625 0.05129954531249999 0.6206852203125 0.2456854453125 0.7180650296875 0.24520670625 0.7178646625 0.3189074953125
0 0.6963124734374999 0.3384958859375 0.6851085296874999 0.332230690625 0.677957084375 0.33023722968749997 0.6639521687500001 0.328497690625 0.666753159375 0.3891869859375 0.6741429828125 0.3894717734375 0.707993153125 0.34960236718750004 0.6963124734374999 0.3384958859375
5 0.888893921875 0.068176390625 0.888893921875 0.051414340625 0.8420926625 0.051414340625 0.7276232390625 0.051032640625 0.7270372125 0.067617653125 0.75910735625 0.067617653125 0.888893921875 0.068176390625