3 0.671327853125 0.69956543125 0.6712428421875 0.6262879031249999 0.716265821875 0.6262879031249999 0.716126434375 0.537043825 0.7159870453125 0.4559700859375 0.6709311625 0.4561693640625 0.67107055 0.38027681874999997 0.532683275 0.37987826875 0.4838142296875 0.3802569359375 0.4838847828125 0.5587964328125 0.48363852500000004 0.6992133734375 0.671327853125 0.69956543125
0 0.50476555 0.463697234375 0.5128576640625 0.4574308328125 0.5036416453125 0.4326865625 0.490379584375 0.39711452343750003 0.4838579703125 0.3961409921875 0.48397332656250003 0.4694816125 0.4922902171875 0.46899958281250004 0.4991460296875 0.4662680703125 0.50476555 0.463697234375
5 0.7014539375 0.5327845765625 0.701698434375 0.6054596625 0.6726038921875 0.6056344328125001 0.6728483796875 0.6267812265625 0.7163679515625 0.626955996875 0.7164901953125 0.601798875 0.7164901953125 0.52090974375 0.7163679515625 0.455216015625 0.67214745 0.45533570624999997 0.67211490625 0.47723664687499995 0.70133169375 0.47688711093749997 0.7014539375 0.5327845765625
0 0.4820278703125 0.7591530953125 0.47759934687500005 0.771634534375 0.47519528906249997 0.7823070671875 0.47418306093749996 0.7891809015625 0.473198853125 0.8089585906250001 0.5245416890625 0.8088979578125001 0.5246682265625 0.7920751515625 0.5013868453125 0.7725389859375 0.4820278703125 0.7591530953125
0 0.400941665625 0.6765079265625 0.4098970796875 0.681591453125 0.4205645515625 0.6859218625 0.4300467453125 0.6878046484375 0.430429259375 0.61475018125 0.424910553125 0.6149407890624999 0.4104238609375 0.6518434171874999 0.400941665625 0.6765079265625
5 0.3018347625 0.7445315484374999 0.3019330140625 0.7015560546875 0.301736509375 0.656481040625 0.2848747015625 0.65661498125 0.2850333234375 0.6960853218749999 0.2850333234375 0.7442506125 0.3018347625 0.7445315484374999
3 0.3959585484375 0.5443705546875 0.43052483906249994 0.5450294515625 0.43040962031249996 0.53021309375 0.43052483906249994 0.40210191406250007 0.43040962031249996 0.35583210468750004 0.385271128125 0.35533793125 0.32593664375000003 0.35550265468750003 0.286080584375 0.355486921875 0.2859128875 0.611074271875 0.39607377499999996 0.6115515015625 0.3959585484375 0.5443705546875
0 0.41286897031249997 0.457996134375 0.40628702499999997 0.46312623750000004 0.40207045625 0.4673900421875 0.42490160625 0.5266422359375 0.43004375625 0.5266422359375 0.43027825468750003 0.45360773906249996 0.4239760171875 0.4541734125 0.41914239999999997 0.4556436890625 0.41286897031249997 0.457996134375
5 0.301991696875 0.5029065421875 0.301876565625 0.45747771875 0.3017614359375 0.40498876250000004 0.28499681250000003 0.40498321718749997 0.2850672296875 0.4443099453125 0.2851823609375 0.5027419484375 0.301991696875 0.5029065421875
3 0.4225170421875 0.3669206421875 0.4227377484375 0.3915321921875 0.5891471171875 0.3902700578125 0.588484984375 0.3038477671875 0.595989084375 0.3041633078125 0.5955476562500001 0.283056259375 0.594664834375 0.24203702656249998 0.6134250781249999 0.193163115625 0.6076866375 0.1881146 0.5988582874999999 0.18275054375 0.605700271875 0.180857340625 0.6134250781249999 0.1748622296875 0.595106246875 0.1206074453125 0.5944441125 0.0650737140625 0.4142040234375 0.0650737140625 0.287296496875 0.06475818125 0.2856635703125 0.24075807968750002 0.28610498125 0.36628958749999996 0.4225170421875 0.3669206421875
0 0.473080509375 0.348742309375 0.43231519687500003 0.3804424234375 0.43181603125 0.39065914375 0.482802771875 0.39068399375 0.48092654843749993 0.36727468124999996 0.4771740859375 0.356057721875 0.473080509375 0.348742309375
1 0.6129429015625 0.1872530765625 0.5917184484375 0.1862749890625 0.6054116859375 0.179428296875 0.6122582765625 0.1725816046875 0.591033709375 0.113895703125 0.578709834375 0.11585190781250002 0.579394459375 0.255719971875 0.591033709375 0.2596323625 0.6129429015625 0.1872530765625
0 0.6524570656249999 0.6857251375 0.6107412015625 0.6535439953125 0.604066671875 0.67857385 0.6012330828125 0.6981842421875 0.60239805625 0.6976440984375001 0.6541256796875 0.6976440984375001 0.6524570656249999 0.6857251375
0 0.6478605921875 0.377982234375 0.5985650953125 0.377982234375 0.5971956734375 0.3848289265625 0.6013036515625 0.40830334375 0.6081502421875 0.42101855937500005 0.6478605921875 0.38971944375 0.6478605921875 0.377982234375