0 0.1617728484375 0.60539486875 0.1553820078125 0.5916455734375 0.142296034375 0.579185275 0.1079072796875 0.5701623046875001 0.094516971875 0.5703771359375 0.09273423750000001 0.6269607390624999 0.11216783906250001 0.627522634375 0.16207716249999998 0.62666330625 0.1617728484375 0.60539486875
0 0.2413947171875 0.24834131093749998 0.2138620875 0.24834131093749998 0.19153829375 0.26199914375 0.1759116828125 0.2761822921875 0.169470696875 0.2984511515625 0.172935165625 0.30034615625 0.2413947171875 0.2987702578125 0.2413947171875 0.24834131093749998
3 0.3229433453125 0.29929555625000004 0.3229433453125 0.1364521046875 0.28871358125 0.1369774046875 0.1703976296875 0.1364521046875 0.093008625 0.1359268046875 0.0663669859375 0.1365401375 0.06622009375 0.3045485734375 0.14212090156249998 0.3050738734375 0.16221225156250002 0.29982085625 0.3229433453125 0.29929555625000004
3 0.22865573593750002 0.615330509375 0.1951103125 0.615330509375 0.19473341093750002 0.738104221875 0.311966253125 0.7378380890625 0.39903355625 0.7378380890625 0.39865665625 0.77888730625 0.39074143281249996 0.7786211734374999 0.3771725171875 0.781016375 0.363603578125 0.78607290625 0.3511653921875 0.795653709375 0.34438092187499997 0.80709744375 0.3424963671875 0.8206702375000001 0.3982797296875 0.8201379734375 0.3979028296875 0.8949429984374999 0.4948274671875 0.8952091390625 0.7405758578125 0.8952091390625 0.740952784375 0.5985856703125 0.53697166875 0.5980534046875 0.53659474375 0.6350459390625 0.424274165625 0.6345136734375 0.4246510921875 0.5927307374999999 0.31345795 0.5924063546875 0.313838459375 0.5993625125 0.22865573593750002 0.598031840625 0.22865573593750002 0.615330509375
0 0.38511162187500003 0.6221094375 0.3912060828125 0.6133493718749999 0.39403563125 0.60351350625 0.3944709625 0.5927555328125 0.330401890625 0.5924839671875 0.3304792609375 0.5985955749999999 0.37858186250000003 0.627642109375 0.38511162187500003 0.6221094375
0 0.37837826875 0.78088373125 0.365971715625 0.7854942874999999 0.35726537187499996 0.79087328125 0.35008262968750004 0.7976354375 0.34442348749999996 0.80870078125 0.3420292390625 0.8206882406249999 0.407762221875 0.8206882406249999 0.40748979218750003 0.7785802265624999 0.399926496875 0.7787321359375 0.391220153125 0.7791931921875 0.37837826875 0.78088373125
5 0.7417504874999999 0.7808625640625 0.7415273640625 0.7241065484375 0.7415273640625 0.680282334375 0.7210766828125 0.6800477593750001 0.7216686890624999 0.7152837921875 0.7216686890624999 0.7807050140625 0.7417504874999999 0.7808625640625
3 0.4154815171875 0.6407834953125 0.7052761484375 0.6405810875 0.740535671875 0.64037868125 0.740535671875 0.3815373546875 0.650047309375 0.38093013125 0.5327371296875001 0.381132540625 0.41465397187499997 0.3812604 0.41519484531249995 0.46314054843749997 0.41576816875 0.598447440625 0.4154815171875 0.6407834953125
5 0.741585596875 0.549995 0.741585596875 0.5030908171874999 0.7413686328125 0.43717736250000006 0.7214584109375 0.4373167484375 0.7216241578125 0.475643103125 0.721190215625 0.549535396875 0.741585596875 0.549995
0 0.4790868796875 0.56181710625 0.4730793796875 0.553333515625 0.4610643890625 0.545203409375 0.4472137640625 0.5396157796875001 0.434865025 0.537023571875 0.4275225296875 0.5367879171875 0.42251628593749996 0.53690574375 0.4157510796875 0.5368688046875 0.41600815625000004 0.581258665625 0.4847606203125 0.5810230125 0.4837593625 0.5721859375 0.4790868796875 0.56181710625
0 0.372359340625 0.4906143125 0.36051123125 0.4962700375 0.352834975 0.5022792484374999 0.346827484375 0.50993804375 0.34232185937500004 0.51983556875 0.342154990625 0.5246664984375 0.3415984796875 0.5327182171875 0.39989370156250004 0.5330322640625 0.4002274484375 0.48660817187500005 0.3848749609375 0.48743296562499994 0.372359340625 0.4906143125
3 0.3138089703125 0.29297719375 0.2536119375 0.2933918671875 0.2536119375 0.3880048765625 0.34844569375 0.387797540625 0.5606574015625 0.3880048765625 0.6858323625 0.387590203125 0.7401565296875 0.387590203125 0.7410374703125 0.2141386125 0.73956924375 0.1097807453125 0.43980756249999997 0.1097807453125 0.3049268609375 0.1095832703125 0.304999653125 0.14876016718750001 0.31322168437500003 0.14855283125000002 0.3138089703125 0.29297719375
0 0.712286734375 0.22963572812500002 0.700976446875 0.23179860468750002 0.6906086828125 0.2352924859375 0.677648975 0.24261299531249997 0.669637528125 0.2519300078125 0.663275484375 0.2632435234375 0.662097325 0.2743906640625 0.730430325 0.2745570375 0.730430325 0.27705267031249997 0.739619946875 0.27705267031249997 0.7399605984375001 0.22566066718750002 0.730194703125 0.22664097499999997 0.730430325 0.229302978125 0.712286734375 0.22963572812500002
5 0.741024865625 0.3152161953125 0.741024865625 0.309814334375 0.740820853125 0.28077083593749996 0.722221596875 0.2808396078125 0.72205174375 0.29013405937500003 0.722153746875 0.31543226875 0.741024865625 0.3152161953125
5 0.72223080625 0.22316305 0.74080050625 0.22324819062499998 0.7410416703125 0.206802125 0.74116225625 0.18849674375 0.721780378125 0.18849151875 0.7223513921875 0.18866012968749998 0.72223080625 0.1973445421875 0.72223080625 0.22316305
1 0.315402990625 0.3781094078125 0.30853956875 0.36355531874999997 0.289093334375 0.349809765625 0.2650714515625 0.3401070234375 0.2868054625 0.3376813328125 0.3028200828125 0.3255529171875 0.3119712796875 0.3134245015625 0.310827440625 0.30453032812499997 0.2520011078125 0.303636359375 0.2513446078125 0.306956034375 0.2513446078125 0.3773008390625 0.315402990625 0.3781094078125