3 0.6032686953125 0.826368534375 0.7726246140625 0.8266094328125 0.7726246140625 0.6939140593750001 0.6409296609374999 0.694636746875 0.5046864140625 0.693846875 0.5042041046875 0.733902853125 0.5031818375 0.826368534375 0.6032686953125 0.826368534375
0 0.5897339609375 0.78809169375 0.576785209375 0.773878815625 0.55736210625 0.7620748890625 0.5379389765625 0.756293378125 0.523967971875 0.755088896875 0.5035552390625 0.7555502453125 0.5045448546875 0.8104950531249999 0.5938230265625 0.8107359546874999 0.5934822765625001 0.79748665625 0.5897339609375 0.78809169375
5 0.7755204625000001 0.8122047546875001 0.774973165625 0.779520828125 0.77442585 0.73754065625 0.7509776515625 0.7377721453125 0.750891803125 0.7742871765625 0.7506181578125 0.8116243781250001 0.7755204625000001 0.8122047546875001
0 0.40091264375 0.7589989421875 0.3631421875 0.747017415625 0.333119478125 0.7473597453124999 0.3053608046875 0.751178071875 0.32730865 0.812744659375 0.42657721562499995 0.7949435296875 0.418345165625 0.7771424015624999 0.40091264375 0.7589989421875
3 0.516436321875 0.702989446875 0.7723059812499999 0.703508490625 0.7730402 0.5730110015625 0.7726730765625 0.45185625937499996 0.6126651640625 0.45185625937499996 0.4420184984375 0.45159673125 0.24894195 0.45176285156249996 0.24912965156250003 0.601271103125 0.2480283640625 0.702702259375 0.516436321875 0.702989446875
0 0.32284605312500003 0.48296475625 0.3290369046875 0.4917179390625 0.3407307125 0.5003090234375 0.3554053046875 0.5085759171875 0.37810506093749996 0.5147355625000001 0.39805332187500003 0.5155460421875 0.39644829531250003 0.45121122812500003 0.3166549296875 0.4516903265625 0.3180309578125 0.4642746921875 0.3187188359375 0.47400045 0.32284605312500003 0.48296475625
5 0.774643915625 0.567015734375 0.774643915625 0.5431247078125 0.7740610796875 0.492458371875 0.7503957453125001 0.49255594687500004 0.7507472500000001 0.5190999828125 0.751524365625 0.566741040625 0.774643915625 0.567015734375
5 0.7742553578125 0.680560559375 0.7744496375 0.6406072765624999 0.7742553578125 0.60655990625 0.7508817203125 0.606505203125 0.7509415296874999 0.6437516109375 0.7513300875 0.68028586875 0.7742553578125 0.680560559375
3 0.398758596875 0.459948059375 0.7237952140624999 0.45975505781250003 0.7729369828125 0.45936905 0.7732099875 0.3706184359375 0.7734829921874999 0.2976940828125 0.7723909703125 0.1848283546875 0.534684215625 0.18463535312499998 0.3995682234375 0.184770003125 0.399577634375 0.3025191625 0.39985064062500003 0.380461596875 0.398758596875 0.459948059375
0 0.425014915625 0.44042718281250004 0.4383155625 0.438295871875 0.45356697031250004 0.43315565312500004 0.4650941984375 0.4265109765625 0.476089409375 0.41723350937500003 0.48460181562500004 0.407210496875 0.48850334687499997 0.39693005625 0.48939005625 0.3848944203125 0.39950853125 0.3850701015625 0.3991229890625 0.44117940781250004 0.41206894531250005 0.4415555203125 0.425014915625 0.44042718281250004
5 0.774777453125 0.42117060000000006 0.774777453125 0.397617265625 0.774777453125 0.3680342765625 0.750118428125 0.36802873125 0.7507891984375 0.395167715625 0.7510557312499999 0.42135902343750004 0.774777453125 0.42117060000000006
5 0.7761101328125 0.318339853125 0.775043984375 0.26786158437499996 0.775043984375 0.22546558437500003 0.7507851390625 0.2253563859375 0.7499895828125 0.271044753125 0.750256134375 0.3179629984375 0.7761101328125 0.318339853125
0 0.34594285 0.3160399375 0.3335576140625 0.3250692359375 0.3223335046875 0.3360138375 0.31614090156249997 0.3491473546875 0.3128046484375 0.369291140625 0.39625779843750003 0.36939487187500003 0.39625779843750003 0.3061897984375 0.3703262296875 0.3072842578125 0.34594285 0.3160399375