0 0.3838332296875 0.680214659375 0.3829927078125 0.6726847609375 0.3737469515625 0.6489366203125 0.361139103125 0.634456046875 0.3140698015625 0.653570403125 0.2804488703125 0.6651548625 0.28212991718749997 0.6790562140625 0.3838332296875 0.680214659375
0 0.414449040625 0.5662290140625 0.441758115625 0.5650069828125 0.4676485375 0.5576747953125001 0.45452599375 0.535678234375 0.43856614531250004 0.515392515625 0.41608185468750003 0.502535565625 0.414094378125 0.511726421875 0.414449040625 0.524924359375 0.414449040625 0.5662290140625
0 0.2532913953125 0.563392721875 0.2809551328125 0.563148315625 0.28485642968749997 0.5619262843749999 0.2837924390625 0.502779971875 0.2781178265625 0.502779971875 0.27398932343750004 0.5035972578125001 0.2536460578125 0.525754159375 0.23662221875 0.547750721875 0.2302382796875 0.555816128125 0.2532913953125 0.563392721875
5 0.9291495421875 0.6296569812499999 0.9286660937500001 0.5810164906249999 0.9291495421875 0.5550304749999999 0.9286660937500001 0.53903908125 0.8902190031250001 0.5393421796875 0.8890234234375001 0.569689253125 0.889506871875 0.604670428125 0.8904737656249999 0.6289906734375 0.9291495421875 0.6296569812499999
3 0.7525867093749999 0.7231098312500001 0.9245955406249999 0.7241973078124999 0.9222284453125 0.489758865625 0.897768475 0.489758865625 0.8946123484375 0.49139008124999994 0.46537930312500003 0.4919338203125 0.44013030156250005 0.4919338203125 0.414092265625 0.4919338203125 0.4164593609375 0.67961073125 0.40462389062500004 0.67961073125 0.403834859375 0.7225660921875 0.7525867093749999 0.7231098312500001
5 0.1112966125 0.40082330625000007 0.11194048906250001 0.37730669843750003 0.087473171875 0.3759755703125 0.0719964453125 0.375314840625 0.0720201296875 0.4261147515625 0.0720201296875 0.454512165625 0.10872110625 0.454955875 0.1112966125 0.40082330625000007
0 0.255847909375 0.45924509531249996 0.27119528437499996 0.47638585000000006 0.2833673390625 0.47602115312500004 0.28389655937499997 0.4231400984375 0.2831133375 0.41521510937499995 0.25267259062499997 0.41730494843750005 0.23044536093749998 0.4245988859375 0.2415589765625 0.43918676406249996 0.255847909375 0.45924509531249996
5 0.928313825 0.41707481093750004 0.92996633125 0.38177269375 0.9316188359375 0.35368283749999996 0.9106870953125 0.352544059375 0.8947128703124999 0.35330324375 0.8963653781250001 0.4778096359375 0.897467046875 0.4941321203125 0.9277629890625001 0.4941321203125 0.928313825 0.41707481093750004
3 0.2069726046875 0.2808313328125 0.27016414375000003 0.2811119609375 0.2697564703125 0.3543991515625 0.4140271484375 0.35467977031250003 0.414434821875 0.361414640625 0.4258500890625 0.361414640625 0.4258500890625 0.36814951875 0.4935039984375 0.366746415625 0.4930962984375 0.3543991515625 0.502880809375 0.3549603890625 0.5387573031249999 0.36646579687499997 0.5795260328125 0.38021615625 0.5856413390624999 0.368991375 0.5921643453125001 0.35467977031250003 0.7633930953125 0.3549603890625 0.7646161140625 0.1979803421875 0.768693003125 0.1968578578125 0.7825543609375 0.19405166093749998 0.79804651875 0.1890005125 0.7633930953125 0.1429788890625 0.7633930953125 0.101705065625 0.512353553125 0.101424446875 0.26178044218749996 0.101424446875 0.0762779015625 0.10136075156249999 0.0764451984375 0.26820345 0.20656491875 0.26876469687500004 0.2069726046875 0.2808313328125
0 0.37124865156250003 0.31887126875 0.29570650781249996 0.3482420796875 0.29588887656249996 0.3544810328125 0.385472078125 0.3549864859375 0.3845238421875 0.3406274265625 0.3794666203125 0.3297493484375 0.37124865156250003 0.31887126875
3 0.9240395937500001 0.499812365625 0.9245834328125 0.3368493078125 0.7228131703125 0.337598003125 0.7222693328124999 0.34620802500000003 0.46545534687499995 0.34455625156249997 0.4645115046875 0.5013097640625 0.7815487171875 0.500935415625 0.9240395937500001 0.499812365625
0 0.5778050609375 0.380964359375 0.581724596875 0.3764678828125 0.5902169015625 0.3636529 0.593156546875 0.3458917875 0.5019210625 0.34478280625 0.5013743109375 0.352186865625 0.53893644375 0.3659011421875 0.5778050609375 0.380964359375
5 0.7646291046875 0.3154712890625 0.765111428125 0.2676371421875 0.7646291046875 0.20103183906250002 0.7337248359374999 0.2010276296875 0.7349660640625 0.2584938359375 0.7347248937499999 0.31563728593749996 0.7646291046875 0.3154712890625
0 0.780273825 0.1954585703125 0.7913640640625 0.19268175625 0.79791738125 0.18932644999999998 0.76347044375 0.13830256406250002 0.7362643656250001 0.13770168437500002 0.7370891265624999 0.1989295828125 0.7627983 0.1985824796875 0.77103196875 0.197078384375 0.780273825 0.1954585703125