3 0.724026965625 0.6057856375 0.7177798390625 0.610292509375 0.7123136015625 0.6176161765625 0.70762825625 0.6260665609375 0.7357403296875 0.67395206875 0.7352718031250001 0.7384116234375 0.7352718031250001 0.8220475078125 0.7299617359374999 0.823174225 0.725276390625 0.825145978125 0.7198101546875 0.829371175 0.7134068499999999 0.8382084390625 0.70887768125 0.8477855390625001 0.7352718031250001 0.8931359375 0.7348032625 0.9151069375 0.95297168125 0.9153886140624999 0.95281550625 0.8165491484375 0.95297168125 0.67098091875 0.95297168125 0.584817034375 0.805846853125 0.58397199375 0.73546329375 0.5836021484375 0.7354279781249999 0.6018421265625 0.729649384375 0.602687165625 0.724026965625 0.6057856375
0 0.7285006109375 0.6020324140625 0.7204128109375 0.606471934375 0.7137315828124999 0.6153509625 0.7077536390625 0.6267668609375 0.7367642437499999 0.6762357453125001 0.751357446875 0.6762357453125001 0.750782740625 0.59915829375 0.7404565 0.60076398125 0.7350060265625 0.6010810906249999 0.7285006109375 0.6020324140625
0 0.7304346625 0.8229554609375 0.723753428125 0.8258094328125001 0.717951303125 0.829614734375 0.7137315828124999 0.8365911125000001 0.7084569296875001 0.8476899015624999 0.7358851359374999 0.8958903656249999 0.74836848125 0.8962074687499999 0.7479240390624999 0.8206432078124999 0.7423905375000001 0.8207357 0.7362367734374999 0.8220041374999999 0.7304346625 0.8229554609375
5 0.90356088125 0.91613243125 0.903394109375 0.89808513125 0.8716238203125 0.89808513125 0.8409230046875 0.8980717281249999 0.8411043250000001 0.916433221875 0.869372378125 0.9162828296875001 0.90356088125 0.91613243125
5 0.7174748890625 0.9168702375000001 0.7174748890625 0.8975210125 0.6681595671875 0.8975210125 0.621806784375 0.8973275125000001 0.6217858546875 0.9174944078125 0.669370815625 0.9171823281249999 0.7174748890625 0.9168702375000001
3 0.0604603484375 0.3658176578125 0.0604603484375 0.48267094843749997 0.21044867968749997 0.482251965625 0.21044867968749997 0.44747586093749997 0.2106809859375 0.33439347812500003 0.21439794218750002 0.33439347812500003 0.219741078125 0.3306225859375 0.227407296875 0.3230807859375 0.2346089203125 0.3113714109375 0.22392264687500002 0.2904219578125 0.2055701734375 0.2610927234375 0.21044867968749997 0.2594167765625 0.21091329218750002 0.1626303015625 0.11685909218749999 0.1629172484375 0.1169116640625 0.25017668125000003 0.060924960937499995 0.24891970937500002 0.0604603484375 0.3658176578125
0 0.10712847031249999 0.3113365734375 0.11033936562499999 0.3032704109375 0.1133209078125 0.29189504843749997 0.1159584296875 0.2774173140625 0.11721984999999999 0.2635600515625 0.1168758234375 0.24866866562499998 0.0694456625 0.2486524390625 0.06917113124999999 0.26025085468750003 0.10277083437500001 0.318782271875 0.10712847031249999 0.3113365734375
5 0.13176818125 0.23343899218750003 0.1315135625 0.20176098750000002 0.13159843437500002 0.170993265625 0.1162546921875 0.170833403125 0.116576090625 0.19164999375 0.116830709375 0.232826696875 0.13176818125 0.23343899218750003
5 0.1896216640625 0.48472022187499997 0.1893492453125 0.4653125109375 0.1576120671875 0.46555817343749994 0.13257331875 0.46540218906249997 0.1329578703125 0.4839832125 0.15638616562500002 0.4842288859375 0.1896216640625 0.48472022187499997
0 0.125300375 0.42797424062499995 0.12135025156249998 0.418393221875 0.11549317343750001 0.40856653437499996 0.080623146875 0.47194866874999997 0.0801027671875 0.4822846046875 0.13224713593749998 0.4822666921875 0.13224713593749998 0.4623676453125 0.129114278125 0.4407489359375 0.125300375 0.42797424062499995
3 0.41738596093749997 0.245936846875 0.41690135625 0.06474581093750001 0.388032128125 0.065182578125 0.1993570578125 0.065597190625 0.199314665625 0.48301156718750005 0.41738596093749997 0.48388511718749994 0.41738596093749997 0.245936846875
0 0.22683834531249997 0.32211214374999997 0.23353644375 0.3106851578125 0.20399304062499998 0.2578622921875 0.199328290625 0.25732084843749997 0.199447896875 0.33483275468749996 0.2090166125 0.3346171546875 0.2175088546875 0.3309518921875 0.22683834531249997 0.32211214374999997
5 0.37188275000000004 0.4837472015625 0.37188275000000004 0.46587017968750005 0.34290049218749996 0.46587017968750005 0.30561352343750003 0.4658621125 0.305637596875 0.484267890625 0.33384956093749996 0.484267890625 0.37188275000000004 0.4837472015625