0 0.1086744328125 0.292362971875 0.10248970937499999 0.283710484375 0.09542145156250001 0.2777903625 0.0591966421875 0.30488630781250003 0.05890213125 0.3231020703125 0.11014698593750001 0.3231020703125 0.11014698593750001 0.30488630781250003 0.1086744328125 0.292362971875
0 0.198205671875 0.5972492796875 0.1920209484375 0.5872306109375 0.1814185640625 0.5781227296875 0.17081618125 0.5731133953125 0.15579613750000001 0.5699256375 0.137241965625 0.570153334375 0.1366529453125 0.6118218890625 0.2005617578125 0.6113664953125 0.198205671875 0.5972492796875
0 0.13488587968750002 0.6758047515625 0.1316462640625 0.66965693125 0.12575605 0.6610044453125 0.114270134375 0.6539458375 0.10278421874999999 0.648481109375 0.085408090625 0.6466595328125 0.0851135796875 0.703811484375 0.1360639234375 0.7035837875000001 0.1360639234375 0.6855957234375001 0.13488587968750002 0.6758047515625
5 0.2329579296875 0.6855957234375001 0.192315459375 0.685368025 0.192315459375 0.703811484375 0.2768400171875 0.7035837875000001 0.27625099531249997 0.6860511171875 0.2329579296875 0.6855957234375001
0 0.07480570625 0.6111387984375 0.06891549375 0.601120128125 0.061847239062500003 0.595427703125 0.03092361875 0.618880496875 0.029745576562499997 0.62958225625 0.07480570625 0.63003765 0.07480570625 0.62001898125 0.07480570625 0.6111387984375
3 0.3331731765625 0.7037071328125 0.33442570625 0.599425715625 0.33484321562499997 0.5071070546875001 0.1761893234375 0.5061386765625 0.1761893234375 0.5555259328125 0.1386134015625 0.5555259328125 0.1377783796875 0.6394519890625 0.1386134015625 0.64011700625 0.13694336093749998 0.7037071328125 0.3331731765625 0.7037071328125
3 0.1116061953125 0.3049095953125 0.1062088390625 0.2878970234375 0.09333821875000001 0.2763413140625 0.0576326265625 0.3049095953125 0.008226053125 0.30458860312499997 0.008641234375 0.40505907656250006 0.008641234375 0.6294324328124999 0.0734095171875 0.628148465625 0.07257915312499999 0.703260575 0.1489725109375 0.7029395843749999 0.1489725109375 0.61209886875 0.20003981093749998 0.6104939093749999 0.20003981093749998 0.6034320875 0.1967183609375 0.591876378125 0.186338828125 0.5799996765625 0.176789659375 0.5751847984375 0.1614279515625 0.5710119031249999 0.149802875 0.569727934375 0.1493876921875 0.5636290890625 0.18799955468750001 0.5629871046875 0.18758437187500002 0.5154802984375 0.33414336875 0.51419633125 0.3345585515625 0.432985375 0.3345585515625 0.30458860312499997 0.1116061953125 0.3049095953125
5 0.767885653125 0.3055533625 0.7005760140625 0.3057920765625 0.7005760140625 0.3222633125 0.726820596875 0.3225020265625 0.76757689375 0.322979453125 0.767885653125 0.3055533625
5 0.8954034562500001 0.3055533625 0.8299463749999999 0.30531465 0.8299463749999999 0.3222633125 0.8614398765625 0.3222633125 0.8957122156249999 0.3222633125 0.8954034562500001 0.3055533625
0 0.8759515875 0.49915006406250007 0.8839793421875 0.5032081953125 0.894168415625 0.5063114703125 0.9213392796875001 0.5075050390625 0.9216480390624999 0.4705044359375 0.8611311171875 0.470027009375 0.86236615625 0.4810078328125 0.86792383125 0.4912725171875 0.8759515875 0.49915006406250007
0 0.6601284781250001 0.5994097609375 0.6700087921875 0.60108075625 0.688843140625 0.60108075625 0.6897694203125 0.5607381640625 0.6749489484375 0.5602607374999999 0.6394415703125 0.5889063640625001 0.64839560625 0.59535163125 0.6601284781250001 0.5994097609375
0 0.8290200953125 0.6342619421875 0.8364303312500001 0.6249521125 0.840444209375 0.6099131578125 0.8401354484375 0.600364615625 0.787955040625 0.6001259015625 0.7882638015625 0.6488234687500001 0.803084271875 0.6471524734375 0.8179047421875 0.6416620625 0.8290200953125 0.6342619421875
0 0.9077538468749999 0.6323522328125 0.9136202843750001 0.621132696875 0.9160903625 0.6101518718750001 0.915781603125 0.6006033296875 0.8617486359375001 0.6006033296875 0.8629836750000001 0.6483460421875 0.8781129062499999 0.6481073281249999 0.8957122156249999 0.64022978125 0.9077538468749999 0.6323522328125
5 0.9145465640625 0.7471734578125 0.8947859359375 0.7471734578125 0.8944771765624999 0.7641221218750001 0.9349247109375 0.764360834375 0.9349247109375 0.7471734578125 0.9145465640625 0.7471734578125
5 0.7638717749999999 0.74693474375 0.7175578046875 0.74693474375 0.71724904375 0.7641221218750001 0.8188310218750001 0.764360834375 0.8185222609375 0.7466960312500001 0.7638717749999999 0.74693474375
3 0.8608223562499999 0.7639351609375 0.8598960765625 0.6008420421875 0.7891900796875 0.6008420421875 0.6764927484375 0.600364615625 0.6752577093750001 0.6765142421875 0.6752577093750001 0.76298030625 0.71724904375 0.7639351609375 0.8608223562499999 0.7639351609375
5 0.5952889171875 0.74693474375 0.5440347890624999 0.7464573171875 0.5440347890624999 0.764360834375 0.6517919640625001 0.7641221218750001 0.6517919640625001 0.74693474375 0.5952889171875 0.74693474375
3 0.68853438125 0.7638834078125 0.6879168609375 0.6762755296875 0.688843140625 0.544505640625 0.606404271875 0.5435507875 0.6054779921875 0.59559034375 0.514393846875 0.596306484375 0.5137763265624999 0.5631253 0.42207466250000003 0.5628865859375 0.42207466250000003 0.6693528359375 0.42207466250000003 0.76364469375 0.5375508328125 0.7641221218750001 0.68853438125 0.7638834078125
3 0.9228846328125 0.5154842000000001 0.9206621531250001 0.470808903125 0.9912258796875 0.470808903125 0.990670259375 0.395204553125 0.9912258796875 0.3054243890625 0.80620445625 0.30499481875 0.6661882453125 0.30499481875 0.6661882453125 0.4136760703125 0.665632625 0.5150546296875 0.7934251984375 0.5154842000000001 0.9228846328125 0.5154842000000001
5 0.04976764375 0.6858259453125 0.0351872796875 0.685375040625 0.03479846875 0.703260925 0.06804170000000001 0.703110621875 0.06804170000000001 0.6859762468749999 0.04976764375 0.6858259453125
5 0.27048789375000004 0.3235108875 0.2704981109375 0.3056074578125 0.2037716484375 0.3054107171875 0.12580529375 0.305180478125 0.12608364218749998 0.323707628125 0.175491790625 0.3235108875 0.27048789375000004 0.3235108875