5 0.39278106875 0.6580786796875 0.35401688125 0.6574823375000001 0.3299999390625 0.6580786796875 0.31483134375 0.6580786796875 0.3029254296875 0.6580113421875 0.302190846875 0.6688128390625 0.34432583437500003 0.6691110109375 0.39151701875 0.66940918125 0.39278106875 0.6580786796875
5 0.5404366625 0.6588042578125 0.5120948609375 0.6580879625 0.48881409375 0.658446109375 0.46452112031250004 0.6579088875 0.45844787656249997 0.657550740625 0.45212158125 0.6577298140625001 0.452627684375 0.6616694390625 0.4531337890625 0.66865331875 0.4974178546875 0.6691905390625 0.5401836109375 0.6688323921875 0.5404366625 0.6588042578125
0 0.5507086921875 0.467606409375 0.553478840625 0.42369535156250004 0.494197646875 0.42369535156250004 0.494197646875 0.4276159828125 0.4958597375 0.44173025 0.5086024234375001 0.4550603921875 0.5329797375 0.467606409375 0.5507086921875 0.467606409375
0 0.6514937296875 0.3495813296875 0.6660520203125 0.3336128046875 0.66969159375 0.3155838265625 0.6164884203125001 0.31543783125 0.6158259187499999 0.316614053125 0.6165538328125 0.3537022390625 0.6514937296875 0.3495813296875
0 0.6097059375 0.22052641718750002 0.5805548218750001 0.2248693609375 0.56470070625 0.2339171625 0.5529379750000001 0.2473079078125 0.5521808328125 0.264163525 0.552426553125 0.2646796859375 0.6102173609375 0.2646796859375 0.6097059375 0.22052641718750002
5 0.4865519375 0.1153759359375 0.4862317328125 0.097928103125 0.48687214218749997 0.08841110468749999 0.47566496875000003 0.08773131875 0.46943516093750004 0.0878441390625 0.46894066562500003 0.1092578640625 0.46894066562500003 0.13101100625 0.48591152812500005 0.1312376015625 0.4865519375 0.1153759359375
5 0.5785693375000001 0.07717498125 0.5514287453125 0.07667826875 0.52615991875 0.07618155625 0.5055705046875001 0.07667826875 0.497615503125 0.0763471265625 0.489178040625 0.07716158281249999 0.48919256093749997 0.0876059484375 0.56289330625 0.08777152031249999 0.5783353671875 0.087440378125 0.5785693375000001 0.07717498125
5 0.7262196984375 0.07617590937499999 0.7084617062499999 0.07638191875 0.693323746875 0.07617590937499999 0.6723634953125 0.07658792812500001 0.658485340625 0.07706315312499999 0.658972221875 0.087300409375 0.7151573421874999 0.08750641875000001 0.72563746875 0.087300409375 0.7262196984375 0.07617590937499999
3 0.5469353031249999 0.28348510312499997 0.5469353031249999 0.2650360359375 0.764419334375 0.2640650328125 0.7657914734375 0.1528851265625 0.7657914734375 0.078117853125 0.60113479375 0.078117853125 0.5297835656250001 0.078117853125 0.48381690937500005 0.0786033546875 0.472153728125 0.078117853125 0.4735258671875 0.13492156093750002 0.475584075 0.1436605921875 0.47592183125 0.282772890625 0.5469353031249999 0.28348510312499997
3 0.6114625031250001 0.4528839171875 0.6055117421875 0.4518311421875 0.6069994328125 0.4234062359375 0.4879841984375 0.4234062359375 0.4463288671875 0.4234062359375 0.4186525875 0.4238132109375 0.4180627484375 0.6671234859374999 0.6099748125 0.6676498734375 0.6099748125 0.5650043796875 0.6114625031250001 0.4528839171875
3 0.426735059375 0.42432500624999997 0.41769087968749996 0.42392499531250005 0.41769087968749996 0.41032462187499996 0.4063856546875 0.3959242265625 0.392254125 0.38832401875 0.37246998124999997 0.38192384375 0.354381621875 0.380723809375 0.3532511 0.42392499531250005 0.25206934062499997 0.42392499531250005 0.2373725484375 0.423524984375 0.2373725484375 0.6680075296875 0.42786558125 0.668407540625 0.426735059375 0.5924054562500001 0.426735059375 0.42432500624999997
3 0.23443055 0.42813094375 0.3425047265625 0.4288340421875 0.484086153125 0.4285996765625 0.484086153125 0.3188591265625 0.484086153125 0.2416955375 0.484086153125 0.135217128125 0.2341739203125 0.1349626859375 0.23443055 0.2688820640625 0.23443055 0.3486236875 0.23443055 0.42813094375
5 0.32693483125 0.1436957609375 0.4046918125 0.1437908484375 0.4048263453125 0.13485250937499998 0.3681113671875 0.13485250937499998 0.3015403734375 0.1346623328125 0.254455690625 0.1346623328125 0.254298734375 0.1437908484375 0.28052944375 0.1437908484375 0.32693483125 0.1436957609375
0 0.4144564875 0.1559859640625 0.4194944515625 0.16323255781249998 0.428043728125 0.17024665781249998 0.43918830625 0.1752104796875 0.4503328953125 0.17812402968750002 0.4639201359375 0.1796347578125 0.464530796875 0.13514993749999998 0.4112467875 0.1348387234375 0.41125051562500003 0.1421735859375 0.41186117656250004 0.1487560484375 0.4144564875 0.1559859640625
0 0.45155461093750004 0.37066165 0.4409953265625 0.37547156249999997 0.4320786140625 0.3826034984375 0.42550839375000005 0.3933843359375 0.42456979375000004 0.4063213390625 0.483936390625 0.4056579046875 0.48369280000000003 0.36645946406249996 0.47032666562500003 0.366681034375 0.46164457968750006 0.3680079078125 0.45155461093750004 0.37066165
0 0.401103246875 0.40261810000000003 0.394199703125 0.396560596875 0.38682005468749997 0.3928587875 0.37872625000000004 0.389661771875 0.370632446875 0.3878108671875 0.363014746875 0.387306075 0.3576585546875 0.38722194375 0.35741864687499997 0.42862625000000004 0.41026829062500003 0.4287080484375 0.409554125 0.415583453125 0.4058643015625 0.4083481015625 0.401103246875 0.40261810000000003
0 0.63253241875 0.42141126093750003 0.6207732312500001 0.429619828125 0.6153703703125 0.437388209375 0.6121922125 0.44614928125000003 0.6120333 0.45176535624999997 0.6115842984375 0.4597261125 0.6652674328125 0.45940321562499997 0.66510851875 0.41523357968749997 0.6498533703125 0.4162444734375 0.63253241875 0.42141126093750003