5 0.5776898375 0.078073953125 0.49018560468750005 0.0777174390625 0.4900005671875 0.0868946796875 0.5309222265625 0.08703250312500001 0.5776898375 0.0868946796875 0.5776898375 0.078073953125
5 0.48415461562499995 0.1092221421875 0.48415461562499995 0.0893755078125 0.47179267031250005 0.089074921875 0.471683253125 0.1304470140625 0.48434948125000005 0.1304470140625 0.48415461562499995 0.1092221421875
0 0.6010736421875 0.2233519140625 0.5895766046875 0.2250058 0.5792487578125 0.228313571875 0.5683363140625 0.2341021734375 0.5621006328125 0.2415446625 0.5568392765625 0.2491249734375 0.5548906265625 0.25849699375 0.5553402390625 0.26561211406249996 0.6082836484375 0.265663834375 0.609063109375 0.22321409062500003 0.6010736421875 0.2233519140625
0 0.562685228125 0.315696215625 0.5735976703125 0.310596734375 0.5817820031250001 0.30384336562500003 0.5848998437499999 0.29667652499999997 0.5848998437499999 0.2904744515625 0.5434939421875 0.290311884375 0.54378331875 0.3177635734375 0.55430603125 0.3173501015625 0.562685228125 0.315696215625
0 0.4325153796875 0.384614340625 0.426669428125 0.3934350671875 0.42452591249999994 0.4004640828125 0.42452591249999994 0.4048744453125 0.48415461562499995 0.4052879171875 0.48426245625000003 0.3681602640625 0.468370546875 0.368213303125 0.45511972500000003 0.3702806609375 0.44245349687499996 0.3759314375 0.4325153796875 0.384614340625
0 0.5106562625 0.45408065937500003 0.5190354593750001 0.45890449375 0.531117090625 0.46317703281249994 0.54280899375 0.46483091875 0.5498241359375 0.4642796234375 0.550019 0.42293247031250003 0.49719985937500005 0.42252181093749996 0.4962362484375 0.431753196875 0.4983797640625 0.4390578609375 0.503251390625 0.447327290625 0.5106562625 0.45408065937500003
0 0.64958144375 0.41590353125 0.6406176515625 0.418522184375 0.631653859375 0.422243428125 0.6238592578125 0.42720508749999997 0.6180133062500001 0.433544984375 0.6133365453125 0.4407118234375 0.6111930296875 0.4504973171875 0.6114542796875 0.4597919984375 0.6653655109375001 0.45973151406249996 0.66497578125 0.41452529374999997 0.64958144375 0.41590353125
0 0.6509454984375 0.418520634375 0.659909290625 0.420725815625 0.6712114625 0.42100146406250005 0.6711533828125 0.392529234375 0.6291206140625001 0.3926097515625 0.631653859375 0.4046004265625 0.6384741359375 0.41300768125 0.6509454984375 0.418520634375
0 0.6413971109375 0.3479501734375 0.6521146890625 0.34271286875 0.6595195609375 0.3369242671875 0.6667295671875 0.32824136406250004 0.6673141625000001 0.3177667515625 0.614415853125 0.317547790625 0.614895465625 0.35001753125 0.6302898031249999 0.35015535625 0.6413971109375 0.3479501734375
5 0.723825025 0.0777983828125 0.658995340625 0.0777174390625 0.6587400999999999 0.086619109375 0.6912825625 0.08675693281249999 0.7234352937499999 0.0862056375 0.723825025 0.0777983828125
0 0.4403118609375 0.17724707343749999 0.457577396875 0.1798929078125 0.464195853125 0.180096434375 0.465634646875 0.134913728125 0.410358925 0.1346315375 0.411535965625 0.1495675796875 0.416140109375 0.16116854375 0.4267871890625 0.169513096875 0.4403118609375 0.17724707343749999
5 0.40491751093749995 0.13409962656250002 0.2540680234375 0.13446870625000001 0.254131825 0.143868859375 0.3280858734375 0.144072384375 0.4046297515625 0.143868859375 0.40491751093749995 0.13409962656250002
0 0.40491751093749995 0.40297424375 0.39168059843749997 0.392797959375 0.3749905796875 0.3879133421875 0.35714952499999997 0.3858780859375 0.356957615625 0.4290318046875 0.411823725 0.429229059375 0.41096044843749996 0.41416815781249994 0.40491751093749995 0.40297424375
5 0.39110508125 0.659229125 0.305167553125 0.658950596875 0.3047773984375 0.667777203125 0.33815743593750003 0.6681842546875 0.39024180468749997 0.66838778125 0.39110508125 0.659229125
5 0.490957434375 0.659229125 0.45432293437500004 0.6586249328125 0.4544120484375 0.66838778125 0.5404519718749999 0.6687948328125 0.54073973125 0.659229125 0.490957434375 0.659229125
3 0.42563615312499997 0.66838778125 0.42563615312499997 0.624218125 0.42592391249999995 0.494156046875 0.42592391249999995 0.4229220515625 0.411535965625 0.42312557812499996 0.4106726890625 0.41803743437499996 0.40520526874999996 0.40460473906249994 0.395421465625 0.39564960781249997 0.374127303125 0.3873050546875 0.357437284375 0.3864909515625 0.357437284375 0.42312557812499996 0.346790203125 0.42312557812499996 0.34650244531249996 0.45324738125 0.23427271093750002 0.45313094062500003 0.2342764578125 0.548506565625 0.2342764578125 0.667777203125 0.42563615312499997 0.66838778125
3 0.61064740625 0.6680619453125 0.61064740625 0.5837965828125 0.61064740625 0.45943665781250004 0.6132372359375 0.45964018281249996 0.61266171875 0.45129562968750003 0.6069065390625 0.45170268125 0.6071942984375001 0.42341260781249995 0.4165737328125 0.423495515625 0.41756115625 0.5911292312499999 0.41727339687500004 0.6678584187500001 0.61064740625 0.6680619453125
3 0.23472976406249998 0.4279557703125 0.34606763906250004 0.42873544375000006 0.48358644687499996 0.428540525 0.48413762499999996 0.2078779828125 0.48331085937499996 0.134783725 0.4094530609375 0.1351735625 0.2342845921875 0.13517540156250002 0.234454175 0.24121729531249997 0.23417858749999998 0.32210218125 0.23472976406249998 0.4279557703125
3 0.47662246875000003 0.143443096875 0.4758977296875 0.2841540734375 0.5476469265625 0.28389777656250004 0.548009296875 0.26467555625 0.7650687375 0.2654444453125 0.76543110625 0.20751428125000002 0.7650687375 0.07808466562500001 0.6143229484375 0.07782836875 0.4719116625 0.07782836875 0.470959909375 0.13447529062500002 0.4711869234375 0.134472728125 0.47082455312500004 0.143443096875 0.47662246875000003 0.143443096875