0 0.054222989062500004 0.303992109375 0.0778676859375 0.309135290625 0.09287297343749999 0.3084923921875 0.090852921875 0.2676731484375 0.02557653125 0.267668396875 0.028304765625 0.2821335921875 0.0360347609375 0.294348646875 0.054222989062500004 0.303992109375
5 0.1653387421875 0.3189124953125 0.1147362453125 0.3188736125 0.1145996390625 0.330456671875 0.139969190625 0.330456671875 0.1657761484375 0.330456671875 0.1653387421875 0.3189124953125
0 0.21855648125 0.2822173453125 0.206600715625 0.284381878125 0.196540375 0.287577140625 0.1869174421875 0.2929369375 0.1799189453125 0.2993274640625 0.17350365625 0.3083978890625 0.1716082296875 0.3180867515625 0.17188341406250002 0.3303361375 0.2257007796875 0.3304555125 0.22584658281249997 0.282114271875 0.21855648125 0.2822173453125
5 0.09695759375 0.6018670328125 0.0968117921875 0.573315809375 0.0800980625 0.5733581453125 0.080481965625 0.6249553859375 0.0968117921875 0.625058459375 0.09695759375 0.6018670328125
0 0.180939559375 0.7021646046875001 0.1898334828125 0.6970109546875001 0.194936553125 0.6914450125 0.19872740625000002 0.6845391203125 0.199456415625 0.6777363015625 0.152873234375 0.6778402906250001 0.1535287796875 0.70505065 0.166942565625 0.7054629421875 0.180939559375 0.7021646046875001
0 0.19202051250000002 0.7863804703125 0.20324726875 0.7917402671875 0.21461982656249998 0.793698653125 0.22599238437500002 0.79421401875 0.22599238437500002 0.7514387203124999 0.1720000421875 0.7513158953125 0.1720456359375 0.7619521671875 0.1753990828125 0.77225946875 0.18196017343749998 0.7800930171875 0.19202051250000002 0.7863804703125
0 0.16125628593750002 0.7997817 0.157028028125 0.7912266406249999 0.149883728125 0.7837023109375 0.1409898046875 0.7782394421875 0.1302004546875 0.7743226671875 0.12188974062499999 0.7723642796875 0.10920496406249999 0.77164276875 0.10925478125000002 0.8195137921875 0.162422703125 0.8194686453125 0.1628601078125 0.8081306140625 0.16125628593750002 0.7997817
5 0.19231211718750002 0.8083367593749999 0.17678174375 0.808298659375 0.1767113 0.8197778640625 0.2127244 0.8195717171875 0.21257859843750002 0.8083367593749999 0.19231211718750002 0.8083367593749999
5 0.433791490625 0.808214759375 0.3464560796875 0.8083178328124999 0.271366140625 0.8082161953125 0.271513840625 0.8197589359374999 0.344560653125 0.8196558625 0.433791490625 0.8196558625 0.433791490625 0.808214759375
0 0.22376882343750001 0.4494197609375 0.21875386875 0.460646425 0.2215399546875 0.4769940234375 0.233520121875 0.49137203124999995 0.2515604421875 0.4998087875 0.280883578125 0.46675215468750003 0.22934099375 0.44331403125 0.22376882343750001 0.4494197609375
5 0.4550139296875 0.43898093281249995 0.416698725 0.43914114687500005 0.41684455781249996 0.4513893515625 0.4377402 0.4513893515625 0.4552925390625 0.45079847500000003 0.4550139296875 0.43898093281249995
5 0.301222003125 0.404112540625 0.30150061250000004 0.3619633125 0.2836520921875 0.3620853625 0.2845054890625 0.37831091093749997 0.2845054890625 0.404506459375 0.301222003125 0.404112540625
3 0.23385883437500002 0.51987568125 0.2945812015625 0.45038941875000005 0.3010770828125 0.45058907968749995 0.300794653125 0.319006228125 0.22623323437499998 0.319006228125 0.22623323437499998 0.2814701 0.20985231718750003 0.28246840156249997 0.1940362578125 0.28726024687499996 0.1827390734375 0.2946476765625 0.17370132656249998 0.304630690625 0.171159459375 0.3186069078125 0.0799263046875 0.3189697078125 0.080499553125 0.40825773437499996 0.0810644125 0.5180787390625 0.23385883437500002 0.51987568125
3 0.151777171875 0.7582718359375 0.1676159203125 0.7580230140625 0.17324747499999998 0.774445303125 0.1859184734375 0.7853934953125 0.20950060937499998 0.795097575 0.227451190625 0.795097575 0.22674724687499997 0.7582718359375 0.23906627343750003 0.7577741921875 0.23977021718749997 0.8192333625 0.4752396109375 0.8192333625 0.47735144375000005 0.5579500859375 0.4748876390625 0.4390129046875 0.407728525 0.44003003124999995 0.407728525 0.41122619531250004 0.374993853125 0.41534102968750003 0.36044510937499996 0.4279427078125 0.3455326484375 0.4158553828125 0.333529934375 0.41122619531250004 0.3124342578125 0.409168778125 0.3117068203125 0.43977285468750005 0.2855190828125 0.4395156765625 0.2848226578125 0.449712275 0.273559546875 0.4628998703125 0.23061894062500002 0.4434917109375 0.2207637203125 0.4551863703125 0.220059775 0.47036454687499996 0.2278031640625 0.486289190625 0.24399388437499997 0.49649091562500003 0.2285071078125 0.5124155578125 0.0803268171875 0.5131620265625 0.0799748453125 0.6734191468749999 0.152481115625 0.67491208125 0.151777171875 0.7582718359375
5 0.7408672515625 0.45125057343749997 0.7399930796875 0.43909685625000006 0.6495534671875001 0.4388521390625 0.6499533484375 0.4508385828125 0.6924963921875 0.451044578125 0.7408672515625 0.45125057343749997
0 0.7198871203125 0.5458058484375 0.7085228828125001 0.5350940984375 0.6959930812499999 0.527060284375 0.6799665921875 0.522528390625 0.6671454 0.5217044093750001 0.667244521875 0.5657541078125 0.7216354640625 0.56537539375 0.7204699015625 0.5594015328124999 0.7198871203125 0.5458058484375
3 0.7659268531250001 0.5647608828124999 0.765344071875 0.45269138125 0.76505268125 0.439919678125 0.5628232875 0.43951137031250004 0.5631189140624999 0.4965718359375 0.5628275234375 0.5645548890625001 0.7659268531250001 0.5647608828124999
5 0.9221166843749999 0.43930232968749994 0.80643456875 0.43930232968749994 0.80643456875 0.45104405625000005 0.8620901968749999 0.451456046875 0.9221166843749999 0.4512500515625 0.9221166843749999 0.43930232968749994
0 0.7128981484375 0.6043149171875 0.705904771875 0.6127607203125 0.7044478187500001 0.6257384187499999 0.76680543125 0.6259444140625 0.767096821875 0.587217315625 0.7516531140625 0.586805325 0.735335234375 0.5901012484375 0.7219312609374999 0.5958691140625 0.7128981484375 0.6043149171875
0 0.7446597374999999 0.675181903125 0.756315365625 0.666324109375 0.763891525 0.653964396875 0.7659312593750001 0.6432526453125 0.7031625828125 0.6430489421875001 0.704156428125 0.6821857390625 0.7295074203125 0.6801257875 0.7446597374999999 0.675181903125
5 0.8556796 0.8076449312499999 0.8113882109375 0.8080569203125 0.8106138968750001 0.8080215015625001 0.8113882109375 0.8200046421874999 0.9063815859375 0.8200046421874999 0.9060901953125 0.8080569203125 0.8556796 0.8076449312499999
3 0.9576663515625 0.8191806625 0.9576663515625 0.6148241484375 0.9288186703125 0.6156481296874999 0.9186199953124999 0.6185320625 0.9194941671875 0.629655803125 0.822461059375 0.6294498078124999 0.703395665625 0.6293698984375 0.704156428125 0.6819820625 0.703573646875 0.8195926531250001 0.9576663515625 0.8191806625
3 0.7415263578125 0.5888249609375 0.7259956859375001 0.5929680640625 0.7122232046875 0.60374013125 0.7069486375 0.612647803125 0.7048974171875 0.62528426875 0.757350059375 0.62528426875 0.757350059375 0.6350205609375 0.9173452734374999 0.6356420265625 0.9574905921875001 0.634191940625 0.9574905921875001 0.5299835749999999 0.9571975609375001 0.43945677187500004 0.757517115625 0.43933446875 0.7564709656249999 0.49663625468749995 0.7564709656249999 0.5863390984375 0.7415263578125 0.5888249609375
5 0.579684421875 0.5863788875 0.5799774531249999 0.5729138015624999 0.5622655859375 0.5729175046874999 0.5623955625 0.6033656093750001 0.5799774531249999 0.6029513 0.579684421875 0.5863788875
0 0.6816593937500001 0.684577421875 0.6678869109375001 0.6889276796875 0.658509903125 0.6945208703125 0.6505980515625 0.70301423125 0.6473747046875 0.7148220750000001 0.6478199765625 0.722411175 0.6966040015625 0.7222796609375 0.6960179375 0.683541646875 0.6816593937500001 0.684577421875
5 0.6409280109375 0.8080488859375 0.597424925 0.807433628125 0.5972663140625001 0.8204781953125 0.6904503390625 0.820271040625 0.6907433703125 0.8076345765624999 0.6409280109375 0.8080488859375
1 0.4055462125 0.41251208124999994 0.3837230984375 0.41534102968750003 0.36917435468750004 0.422027634375 0.35971767187500003 0.4341149578125 0.3502609890625 0.42099892499999997 0.328437875 0.4132836125 0.31498028749999996 0.4119977265625 0.31461656875 0.4505742921875 0.32661928125 0.450317115625 0.4055462125 0.4500599390625 0.4055462125 0.41251208124999994