3 0.6608128140625 0.45024591562499994 0.6608128140625 0.50796328125 0.9441818265625 0.50765695625 0.9441818265625 0.34093765 0.944325465625 0.28367976875 0.9440382093749999 0.2228991765625 0.6905035640625 0.1774102375 0.6609156859375 0.17246276562500001 0.6609564406249999 0.2400369296875 0.6608128140625 0.3338840578125 0.6608128140625 0.45024591562499994
5 0.8433336656250001 0.23040408750000002 0.9080697921875001 0.24170537812499998 0.9122350671874999 0.21599058906250002 0.8328074140625 0.2018997375 0.7569733890625 0.18829813281250002 0.6893234625 0.1760987984375 0.6843682156249999 0.20160974375000001 0.7456984296875 0.21294368437500003 0.800561584375 0.2225928578125 0.8433336656250001 0.23040408750000002
3 0.34662608437500003 0.6849779546875 0.3472778609375 0.7792318781249999 0.5073099140624999 0.7799268953125 0.6821915765625 0.7796952265625 0.6828433515625 0.6701508796875 0.6826260984375 0.58053041875 0.6821915765625 0.486508165625 0.6724150296875 0.486508165625 0.6724150296875 0.46566993125 0.6726323 0.42028669687500003 0.6750221187500001 0.4200550265625 0.68175706875 0.4184333140625 0.693923434375 0.41379985 0.7032654734375 0.408008021875 0.6724150296875 0.3466516859375 0.6721977765625 0.2609696703125 0.6724150296875 0.17482430625 0.5754170953125 0.1567538046875 0.47057775937499996 0.138219953125 0.393234403125 0.124551234375 0.347121696875 0.1167134734375 0.34662608437500003 0.3167658484375 0.34662608437500003 0.49762848281250005 0.34662608437500003 0.6849779546875
5 0.5859166671875 0.185212553125 0.645691984375 0.19633286249999998 0.650037115625 0.1690077828125 0.5416260875 0.1495472375 0.45647350937500003 0.1340480046875 0.3745435515625 0.1198976203125 0.369655278125 0.1465601828125 0.44612960468749996 0.1604605703125 0.5200181875000001 0.17366594062500001 0.5859166671875 0.185212553125
0 0.6934830078124999 0.4141367390625 0.7041285828125 0.40834491249999993 0.6689330078125 0.34083918125 0.6607858859375 0.34047218749999997 0.6615462796875 0.42178195625 0.6730608859375 0.4210869296875 0.6837064609375 0.418306859375 0.6934830078124999 0.4141367390625
0 0.37669573125 0.5764452578125 0.364169325 0.572220278125 0.3574243265625 0.570165253125 0.346343271875 0.5691262734375 0.3465841703125 0.65145349375 0.35597897343749996 0.6511966203124999 0.3904266171875 0.58338095 0.37669573125 0.5764452578125
0 0.2712288375 0.7357133124999999 0.2675794375 0.74849989375 0.2658416265625 0.7568389625 0.265320284375 0.7672164796875001 0.2648423828125 0.779185628125 0.33987237656249997 0.77833524375 0.3396985984375 0.758692090625 0.2773111765625 0.723297359375 0.2712288375 0.7357133124999999
0 0.23251910312500002 0.620409275 0.224351396875 0.62467146875 0.2168788046875 0.6302308515624999 0.2516350234375 0.6958118078125 0.2601503 0.6959971171875 0.25962895 0.6152537890625001 0.24920208437500002 0.616517709375 0.2401654734375 0.6181855234375 0.23251910312500002 0.620409275
3 0.056143398437500006 0.44754098437499995 0.056143398437500006 0.516080421875 0.2478219765625 0.516080421875 0.35795484843750003 0.5162531359375 0.35827877343750003 0.384019428125 0.35795484843750003 0.18530962499999998 0.35795484843750003 0.118842740625 0.17682573125 0.08638190625 0.088716546875 0.07101045 0.0788366609375 0.0696287484375 0.056121009374999996 0.0697462953125 0.056143398437500006 0.0827549328125 0.05630537343749999 0.2752470640625 0.056143398437500006 0.44754098437499995
5 0.2760486984375 0.13005067812499999 0.335040503125 0.1405861671875 0.3394135640625 0.11450650625 0.21964796718750002 0.09318195625 0.1281481625 0.0769469359375 0.0875646890625 0.06996209375 0.083029665625 0.0955356921875 0.14927350625 0.1076256015625 0.21319935625 0.118333809375 0.2760486984375 0.13005067812499999
0 0.2709861671875 0.4867993484375 0.2681045078125 0.49956358125 0.26766118437499997 0.5050002015625 0.2663311859375 0.5157268765625 0.34125415625 0.5149279421874999 0.34169748125 0.5050002015625 0.2785227921875 0.47025311875 0.2709861671875 0.4867993484375