3 0.9679652093750001 0.9227177375 0.96832660625 0.68043829375 0.8478682296875 0.6809768921875 0.8485909968750001 0.5932058640625 0.7522938546875 0.5921286593749999 0.6276192390625 0.5915900515625 0.534022928125 0.5936941765625 0.5346994265625 0.7229811328125 0.5350607968750001 0.92379493125 0.9679652093750001 0.9227177375
5 0.7769466281249999 0.92592065625 0.7773079984375 0.8849866203125 0.73381744375 0.8849866203125 0.637420465625 0.8844172374999999 0.63709424375 0.925382046875 0.7006963625 0.92592065625 0.7769466281249999 0.92592065625
0 0.7578389421875 0.6341118015625 0.7636249875 0.6505752078125 0.776775065625 0.6678225875 0.7975521703124999 0.6815420890625 0.8246413374999999 0.689773784375 0.848837471875 0.6878138546875 0.848574475 0.6079065984375001 0.755997928125 0.608632734375 0.755997928125 0.6196083406249999 0.7578389421875 0.6341118015625
0 0.8891090765625 0.5336794109375 0.8995440703125 0.5518417171875 0.91468418125 0.5642251109374999 0.931301375 0.5738566390625001 0.9473646703125 0.5766085046875 0.9674899265624999 0.5782596203125 0.9679976781249999 0.49588098281250004 0.88080048125 0.4959788484375 0.883939284375 0.5177185828125 0.8891090765625 0.5336794109375
3 0.5254584796875 0.47293527031249993 0.4579850828125 0.475388059375 0.4579850828125 0.4858124265625 0.45963078125 0.503595159375 0.46868209062500005 0.52260429375 0.49871598281249996 0.5508113953125 0.5345097734375 0.5606225499999999 0.5345097734375 0.605999196875 0.68690630625 0.6096783734375 0.849006965625 0.6078387859375 0.8485955484375 0.473581165625 0.967908221875 0.472354765625 0.9683196390625 0.27316353125 0.96749680625 0.09417513749999999 0.8720466796874999 0.0929487359375 0.8309043765625 0.050024890625 0.6561168640624999 0.048798503124999996 0.6108603312499999 0.0935619484375 0.42952561874999995 0.09441205 0.4283626375 0.3601722453125 0.5254584796875 0.36262503281249997 0.5254584796875 0.47293527031249993
5 0.637878253125 0.119605290625 0.6497902578125 0.10621700468749999 0.664631459375 0.08846297187499999 0.64153973125 0.062258075 0.6269426421875 0.0750746859375 0.612101446875 0.09108241875 0.637878253125 0.119605290625
5 0.8711634343749999 0.09054104375000001 0.8533611140625 0.072057284375 0.8421596578124999 0.0611640875 0.8195567234375 0.088454165625 0.8319583328125001 0.10336042031249999 0.8469602859375 0.1191610546875 0.8711634343749999 0.09054104375000001
0 0.8013956359375 0.51598676875 0.78615734375 0.5234196625 0.7731355390625 0.5362207640625 0.764269621875 0.5519124328125 0.7587284234375 0.57297231875 0.75762018125 0.59196749375 0.8490499453125 0.59320630625 0.84925773125 0.5083172031250001 0.8332575203125 0.5097926875 0.8188504156249999 0.5110315015625 0.8013956359375 0.51598676875
0 0.4678973375 0.5167378031250001 0.48337804218749997 0.5386375078125 0.5080421796875 0.5546712328125001 0.532181575 0.5609282875 0.5515980390624999 0.5613193484375001 0.5517292203124999 0.47552925625000003 0.45897626562499994 0.472938378125 0.4608129609375 0.49835768593749996 0.4678973375 0.5167378031250001
5 0.49958535 0.889509071875 0.49927864843750003 0.8549962203125 0.4546529625 0.8552247796874999 0.41064067812499994 0.854514340625 0.4091071484375 0.88905195625 0.44453166250000004 0.889509071875 0.49958535 0.889509071875
0 0.46030440625 0.7293080625 0.47187460625 0.7445628734375 0.4896748984375 0.7571646750000001 0.5121477624999999 0.7661185921875 0.5288355359375 0.7681083453124999 0.52816801875 0.6752529515625 0.45173801874999997 0.6758979593750001 0.4502917421875 0.6915026453124999 0.45296179687500004 0.7104053484375 0.46030440625 0.7293080625
3 0.3519877921875 0.8894242046875 0.3519877921875 0.6740507906250001 0.33660273749999997 0.6740507906250001 0.3369232546875 0.646846453125 0.33756431249999996 0.45535884375 0.2621066671875 0.45535884375 0.13325692656250002 0.45535884375 0.0329336046875 0.4543526875 0.032294975 0.69315941875 0.032294975 0.8889464765625 0.3519877921875 0.8894242046875
0 0.2874278921875 0.48710504062500004 0.2701197125 0.49857021562500003 0.256337278125 0.51433483125 0.246721625 0.5372652 0.246721625 0.565450415625 0.3371087671875 0.5664058515625 0.3362273265625 0.48061584999999996 0.31948006875 0.48137244843750004 0.30377449843750004 0.48328331875 0.2874278921875 0.48710504062500004
5 0.2721288125 0.8886380234375 0.2721288125 0.8526985734375 0.190289209375 0.8530615921875 0.10357822187500001 0.8528349609375001 0.10382179843749999 0.88972709375 0.1778671328125 0.8893640609375 0.2721288125 0.8886380234375
3 0.11177854375 0.4758445703125 0.3387277359375 0.47353122656249996 0.540194290625 0.474919228125 0.54298813125 0.23625608437499998 0.44590126718749995 0.236231425 0.4471429765625 0.09426606562499999 0.3804082671875 0.093803396875 0.14791803750000002 0.09426606562499999 0.0318962765625 0.09376610937499999 0.032161379687500005 0.2857616453125 0.0324718140625 0.4739938875 0.11177854375 0.4758445703125
5 0.337740828125 0.130816903125 0.33805125 0.09102738125 0.2510117921875 0.0924153921875 0.140810521875 0.092031840625 0.140930653125 0.13127958281250002 0.22412485000000001 0.130816903125 0.337740828125 0.130816903125
0 0.3943197328125 0.3900810796875 0.3779488609375 0.38227318593750004 0.3609231640625 0.379019896875 0.351318915625 0.379345225 0.3512097703125 0.472013446875 0.42880771093750003 0.47303992499999997 0.4270614765625 0.435952446875 0.41243683906250006 0.40829948906249997 0.3943197328125 0.3900810796875
1 0.7295878 0.1105706640625 0.7404156421875 0.0883798 0.7492131984375 0.1040142875 0.7661316375 0.121161746875 0.7857570359375 0.128222471875 0.803690590625 0.1302398296875 0.8033522015625 0.0465197734375 0.702727034375 0.047391434375 0.6815199078124999 0.047965876562499996 0.6818778078125 0.127213803125 0.694059078125 0.128222471875 0.7103007906250001 0.12418779375 0.7295878 0.1105706640625