5 0.41595506406249994 0.10380948593749999 0.18399239843749998 0.10353321093750001 0.18484522812499998 0.1132027609375 0.2863288453125 0.11347902968750001 0.41510223437500005 0.1132027609375 0.41595506406249994 0.10380948593749999
5 0.6453592421875001 0.10380948593749999 0.5383323484375 0.10353321093750001 0.5370531421875 0.1132027609375 0.5907797765625 0.11292648593750002 0.6436536609375 0.11292648593750002 0.6453592421875001 0.10380948593749999
0 0.824448025 0.1032569390625 0.6879994015625 0.10353321093750001 0.6905578125 0.114307846875 0.69993870625 0.12480621562500001 0.7246699890625 0.1364096703125 0.824448025 0.1032569390625
0 0.584810203125 0.26984940625 0.6743545953125001 0.2977529578125 0.6879994015625 0.29885804375 0.6892786078124999 0.25603576562499997 0.66582653125 0.255759496875 0.6359784265624999 0.2582459515625 0.6069830734375 0.2629425921875 0.584810203125 0.26984940625
0 0.6342727671875 0.355770234375 0.656445715625 0.3577041390625 0.6879994015625 0.35825668906249997 0.6905578125 0.31446745 0.670943353125 0.314605590625 0.5856629546875001 0.344443046875 0.60613024375 0.35052104375000004 0.6342727671875 0.355770234375
0 0.2718312078125 0.41130105625 0.2760952015625 0.3996976 0.144337025 0.3996285234375 0.14561622968750002 0.40522304687500005 0.233455040625 0.43229777968749994 0.25733353124999997 0.42345704843750004 0.2718312078125 0.41130105625
3 0.6845882390625 0.30963268125 0.6879994015625 0.2524442234375 0.683735409375 0.10380948281249999 0.015137259375 0.10408575625000001 0.015137259375 0.2197749671875 0.014284468750000001 0.3085275953125 0.2829176828125 0.30990894999999996 0.6845882390625 0.30963268125
5 0.317882609375 0.5864579703125 0.112356884375 0.5852838078125 0.11150409375 0.595298703125 0.2070180984375 0.595574971875 0.3170297796875 0.595298703125 0.317882609375 0.5864579703125
0 0.6436536609375 0.5588306937499999 0.6231863703125 0.5673951515625 0.610394315625 0.5756833343750001 0.6001606703125 0.585629153125 0.601653025 0.5929503765625 0.7349036328125 0.5928122484375 0.7331980515625001 0.5881156078124999 0.6436536609375 0.5588306937499999
0 0.380990059375 0.7008348875 0.41169099375 0.7013874375 0.41169099375 0.6555261531250001 0.3102073765625 0.6870212453125 0.3315274953125 0.693928071875 0.3588171890625 0.6997298 0.380990059375 0.7008348875
5 0.5549620203125001 0.7328825296875 0.47437206718749997 0.7317774296875 0.476504103125 0.7422757984375 0.6308616046875 0.7419995296875 0.63171435625 0.7331587984375 0.5549620203125001 0.7328825296875
5 0.7621933265624999 0.7328825296875 0.7167815281250001 0.731984634375 0.7178475843750001 0.7422757984375 0.8253008546875 0.7419995296875 0.824448025 0.7326062484375 0.7621933265624999 0.7328825296875
3 0.32129385 0.6917178859375 0.34517230312499997 0.696138246875 0.3835484703125 0.6994535187500001 0.380990059375 0.7417232484375 0.8525905484375 0.7414469796875001 0.8534433781249999 0.6795618812499999 0.8525905484375 0.5881156078124999 0.72893398125 0.5881156078124999 0.6445064125 0.5596595125 0.62574478125 0.5665663328125 0.6069830734375 0.5765121515625 0.6035718328125 0.5875630578125 0.41169099375 0.5886681515625 0.4108382421875 0.5864579703125 0.38269571875 0.5864579703125 0.3841880734375 0.6555261531250001 0.38184288906249997 0.664090609375 0.3102073765625 0.6870212453125 0.32129385 0.6917178859375
3 0.6151079015625001 0.3517164671875 0.6699659453125 0.357519471875 0.6722050140625 0.373477734375 0.6699659453125 0.38798524375 0.6621290531249999 0.39487631093750003 0.6430967171875 0.3981405 0.61846655625 0.40031662656250006 0.2926771546875 0.40067931718749994 0.0161480234375 0.3999539453125 0.0172675578125 0.47321686874999996 0.0150284890625 0.5943545968749999 0.410315509375 0.595442659375 0.409195975 0.5914530890624999 0.8525383046874999 0.5921784703124999 0.8547773734374999 0.44166303281249997 0.8525383046874999 0.2784535359375 0.8536577875000001 0.10400071875000001 0.6745296625 0.10472609687500001 0.6722904921875 0.255241525 0.620791153125 0.2592310953125 0.5872046171874999 0.269023665625 0.671171009375 0.2962252484375 0.670611165625 0.3102793875 0.6722050140625 0.3172365390625 0.587119190625 0.34627615 0.6151079015625001 0.3517164671875
3 0.2331175390625 0.4317600171875 0.2393092578125 0.43035591406249996 0.2523118296875 0.42514034375 0.263456890625 0.4193233703125 0.27088693125 0.41310523125 0.27398276250000003 0.4048812359375 0.304941246875 0.40468065312499996 0.304941246875 0.3055915578125 0.0137765296875 0.3057921421875 0.01578885 0.40508217812499997 0.1482912328125 0.4052827703125 0.2331175390625 0.4317600171875