3 0.47466624687500003 0.69516851875 0.493976753125 0.695846396875 0.4936549171875 0.805947075 0.8954179234374999 0.805947075 0.8950960859375 0.6165529484375 0.8950960859375 0.48137085625 0.6923589953125 0.4817097875 0.5999904140625001 0.482048728125 0.600955925 0.48374341875000004 0.600955925 0.4922168703125 0.49478616718749996 0.492182328125 0.49429859218749994 0.5789669578125001 0.4759536203125 0.5789669578125001 0.47466624687500003 0.69516851875
0 0.5617784875 0.5398581796874999 0.5688696156249999 0.5271189453125 0.5753350796875 0.510206528125 0.575960759375 0.4913173234375 0.5154904921875 0.49156843749999996 0.515060371875 0.49878514999999995 0.5300769078124999 0.5128422234375 0.5617784875 0.5398581796874999
5 0.6583253796874999 0.8085058187499999 0.658479740625 0.788022909375 0.6175849765625 0.7883480328125 0.557021134375 0.787930778125 0.5568398078125 0.8081806921875 0.5867009515625 0.8081806921875 0.6583253796874999 0.8085058187499999
5 0.8299038 0.807821946875 0.8299038 0.7881518468750001 0.7819138671875 0.7883144140625 0.7280736531249999 0.7881338953125 0.72879604375 0.8081470671875 0.7737156703125 0.807821946875 0.8299038 0.807821946875
3 0.10507257343750001 0.805336825 0.5044817984375001 0.8067207078124999 0.5044817984375001 0.6190484734374999 0.504919815625 0.491780953125 0.293173234375 0.49131965937500005 0.10529415312499998 0.4894530515625 0.1046345546875 0.5941905203125 0.10507257343750001 0.716793284375 0.10507257343750001 0.805336825
0 0.4496332859375 0.539998096875 0.457949484375 0.5266422109375 0.4625233890625 0.5117536859375 0.464186634375 0.49226723124999994 0.402832915625 0.4913854578125 0.40306256874999996 0.4994925453125 0.4255163125 0.51876005 0.4496332859375 0.539998096875
5 0.4562862390625 0.8092002453125 0.45649415781249997 0.7877432515625 0.45503881249999995 0.7877432515625 0.3966175171875 0.787305353125 0.35290784531249997 0.7873876109375 0.3535811859375 0.8085433999999999 0.39453846718749996 0.8087623453124999 0.4562862390625 0.8092002453125
5 0.28229917968749996 0.8079344531249999 0.2824644 0.7879229703124999 0.2378508015625 0.78809698125 0.1796287203125 0.787550903125 0.180018359375 0.8081084640625 0.2145525921875 0.80828248125 0.28229917968749996 0.8079344531249999
0 0.2962055953125 0.47807356562500003 0.3089115984375 0.46862819062499994 0.28175561718750003 0.4347822453125 0.26830219375 0.41956469375000005 0.259309971875 0.42033681562499997 0.259582384375 0.485682346875 0.27527805 0.48515759999999997 0.286738365625 0.4820091390625 0.2962055953125 0.47807356562500003
3 0.25984653281250003 0.3399014109375 0.2601520734375 0.414045115625 0.470032240625 0.414045115625 0.5103642671874999 0.414045115625 0.5125030890625 0.414045115625 0.5126558593749999 0.342958284375 0.5128086296875 0.25997430781249997 0.5128086296875 0.1982189921875 0.5144891281249999 0.198058103125 0.515100221875 0.11040837031249999 0.440360178125 0.11089103593750001 0.440360178125 0.108638603125 0.34043885937499996 0.1087994890625 0.34043885937499996 0.11008659531250001 0.259706025 0.1104026078125 0.25969375625 0.1967709984375 0.259540984375 0.2752501046875 0.25984653281250003 0.3399014109375
5 0.44084947343750003 0.12696104531250002 0.4407331 0.10833236406249999 0.3991200171875 0.10845492187500001 0.33930682968750003 0.10814113593750001 0.339389975 0.12696104531250002 0.377657734375 0.12720615468750002 0.44084947343750003 0.12696104531250002
0 0.438181128125 0.3783758046875 0.42542349062499996 0.3675314265625 0.41796147968749997 0.3790655265625 0.4142304640625 0.388951903125 0.41158265624999996 0.39833128125 0.41122158593749997 0.404161709375 0.41067025937499996 0.41432213124999995 0.47079735781250004 0.4139921015625 0.47091771875 0.4079081765625 0.45370693749999996 0.3918111328125 0.438181128125 0.3783758046875
0 0.5704912171875 0.364148003125 0.5624526999999999 0.3549620015625 0.5176422125 0.3956685984375 0.5174909078125001 0.40221128437500003 0.5776745859375 0.40287330312499997 0.57750354375 0.386302478125 0.5742539375 0.37387435625 0.5704912171875 0.364148003125
5 0.62641881875 0.2010382015625 0.6269319078125 0.181045140625 0.6057238890625001 0.181045140625 0.566262371875 0.1812111265625 0.5670705703125 0.2010382015625 0.5925543984375 0.2010382015625 0.62641881875 0.2010382015625
3 0.60159531875 0.3915634265625 0.6013254078125 0.49132148124999997 0.802108821875 0.49132148124999997 0.8952298937500001 0.4916057421875 0.8952470359375001 0.3121433796875 0.8952470359375001 0.2414175734375 0.8951175859375 0.1833631171875 0.8066631234375 0.1834994484375 0.8065336734375 0.1818634984375 0.7074146531250001 0.181999825 0.7074146531250001 0.1839084359375 0.642314521875 0.1834890421875 0.64154291875 0.312855334375 0.64154291875 0.391279178125 0.60159531875 0.3915634265625
5 0.8070156640624999 0.199908453125 0.8071146234375 0.1816715109375 0.74652034375 0.18187993281249998 0.70596534375 0.1816666671875 0.7064523984375 0.19980424375 0.751304215625 0.199908453125 0.8070156640624999 0.199908453125
0 0.6360071640625 0.41484028124999994 0.623193903125 0.4098086546875 0.6138554203125001 0.4072928421875 0.60114714375 0.40613037187499995 0.6012593468749999 0.47247524218750003 0.6073402046874999 0.47293266406249995 0.6459971578125 0.42444610625 0.6360071640625 0.41484028124999994