3 0.43084290625 0.73558919375 0.430177234375 0.8204680640625 0.3403101890625 0.820681946875 0.3416415328125 0.8713617250000001 0.5530045015625 0.871575609375 0.8918365859374999 0.871575609375 0.8918365859374999 0.7257503984375 0.8918365859374999 0.6368076796875 0.613259353125 0.63702156875 0.378772940625 0.637431646875 0.3789197546875 0.679798928125 0.43084290625 0.6795850453125001 0.43084290625 0.73558919375
0 0.4027456328125 0.8588948765625 0.41660797812499994 0.8561466375 0.43135516406249996 0.8513135296875 0.3470012671875 0.825087453125 0.3399963546875 0.8252094421875 0.3402175765625 0.8638227531249999 0.365287790625 0.8632541546875 0.3882933875 0.8611692828124999 0.4027456328125 0.8588948765625
5 0.8916564593749999 0.82375566875 0.8926426046874999 0.7986493718750001 0.892149521875 0.768402678125 0.892149521875 0.73411611875 0.8666331250000001 0.734110071875 0.8660167875000001 0.7838449859375001 0.8662633187500001 0.82375566875 0.8916564593749999 0.82375566875
0 0.118771478125 0.8385690578125 0.08991111562500001 0.8341465625 0.06327079687500001 0.83214930625 0.0388504890625 0.8318639828125001 0.0389614796875 0.8706106968749999 0.164948065625 0.8705251578125001 0.157843984375 0.8555457375 0.141415790625 0.844418165625 0.118771478125 0.8385690578125
0 0.22133679687500002 0.7426189265625001 0.23554496249999998 0.7379111046875 0.1560679546875 0.71408669375 0.1388627375 0.7148198296875 0.13786373125 0.7490386796874999 0.1707201515625 0.7490386796874999 0.2004685125 0.746328115625 0.22133679687500002 0.7426189265625001
3 0.38185182812499996 0.492924634375 0.379291815625 0.6042533531250001 0.37980382968750004 0.6471726578125 0.6132660296875 0.647501678125 0.84213226875 0.6473371640625001 0.89230850625 0.6471726578125 0.89230850625 0.5600179828125 0.891284515625 0.4833831125 0.5064986328125001 0.483712128125 0.3969300546875 0.48328567031249997 0.374683803125 0.48305409375 0.374683803125 0.492924634375 0.38185182812499996 0.492924634375
0 0.4243480453125 0.537333284375 0.44585218125 0.5356881953125 0.4729882984375 0.5309174328124999 0.4893724078125 0.5248306 0.4094999796875 0.49785113125 0.39311589062499996 0.49808516249999996 0.39260389687499997 0.5381558296875 0.4089879859375 0.5381558296875 0.4243480453125 0.537333284375
5 0.8925472062500001 0.60514169375 0.8922962828125 0.562907578125 0.8922962828125 0.5305053 0.8663880624999999 0.5305017249999999 0.8661998750000001 0.569760621875 0.8661998750000001 0.6049804453125 0.8925472062500001 0.60514169375
3 0.5081432718750001 0.49384521875000004 0.8135489687499999 0.49384521875000004 0.891762521875 0.49384521875000004 0.8923334140625 0.445438334375 0.8923334140625 0.3706268015625 0.5800360953125 0.3706268015625 0.3769378046875 0.370423496875 0.3779776984375 0.41389755 0.37398140468749996 0.49329491875000003 0.5081432718750001 0.49384521875000004
5 0.892710709375 0.4541544578125 0.892710709375 0.43879993281249996 0.8924344828124999 0.403933609375 0.8660543781250001 0.40390469375000004 0.865916275 0.419199384375 0.865916275 0.4540657046875 0.892710709375 0.4541544578125
3 0 0.5462023 0.4090400890625 0.5459494296875 0.40825304687499997 0.5386163500000001 0.42005795468749996 0.537352025 0.4649166421875 0.5340647828125 0.49403539218750003 0.5247087765625 0.47042557656249995 0.5176285593750001 0.41140103437500003 0.49992800937500004 0.40982707031250004 0.4572207796875 0.42320594375000004 0.45671504843750005 0.46176865468750006 0.45342780468750005 0.4901004234375 0.44558899375000005 0.412975059375 0.420049625 0.41118003593749997 0.38126657812500003 0.8350954953124999 0.38126657812500003 0.8911074890625 0.38116769375000004 0.8920307734374999 0.249616025 0.8911074890625 0.186850890625 0.8569463265625 0.1869497765625 0.8566385734375 0.1896196484375 0.7439990437499999 0.1894218828125 0.7433835359375001 0.1829944078125 0.5707689234375 0.1831921734375 0.5707689234375 0.186850890625 0.41588465937499997 0.1869497765625 0.4155769046875 0.14908765625 0.1634196421875 0.1489887703125 0.000846328125 0.148905109375 0 0.42233889218750004 0 0.5462023
5 0.29366475937500003 0.15730640625 0.2933695265625 0.14914897031250002 0.2284223078125 0.149243825 0.105244009375 0.1492363828125 0.1050225953125 0.15759096718750001 0.18679705 0.1574012625 0.29366475937500003 0.15730640625
5 0.4160312140625 0.1834116578125 0.4160312140625 0.17354685 0.41632642343750004 0.159603328125 0.390126125 0.1595473453125 0.3909379703125 0.169942403125 0.391528390625 0.1834116578125 0.4160312140625 0.1834116578125
5 0.5438591578125 0.19509264531249998 0.5441543671875 0.187124915625 0.4989865203125 0.18721976875 0.44732395937499997 0.1870432484375 0.4458478875 0.19528235 0.483930578125 0.19528235 0.5438591578125 0.19509264531249998
5 0.89176959375 0.258048940625 0.8914743828124999 0.23178452031250002 0.8914743828124999 0.20816589843750002 0.8665287328125 0.2081392421875 0.86608590625 0.22835966875000002 0.866971559375 0.258143796875 0.89176959375 0.258048940625
0 0.41054881875 0.4592544765625 0.4336241453125 0.45731265312499997 0.4649406640625 0.453075959375 0.48966424531249997 0.44583826406249993 0.4110982234375 0.41476914843749996 0.3764851921875 0.4144899421875 0.3742875328125 0.4603136484375 0.38582523750000003 0.4604901734375 0.41054881875 0.4592544765625
0 0.1122806953125 0.5150767140625 0.10105263125 0.5121562484375 0.0208521203125 0.5391276109375001 0.021520457812499998 0.5467528359375 0.143291575 0.546858253125 0.1395489015625 0.5322559265625 0.12457812343750001 0.5205740624999999 0.1122806953125 0.5150767140625
0 0.212798684375 0.6035313359375001 0.2357895140625 0.5970032375 0.15558900312499999 0.5724369671875 0.1371428609375 0.5729399625 0.1384795375 0.6078261375 0.1668170671875 0.6078261375 0.193015909375 0.6057646375 0.212798684375 0.6035313359375001
4 0.688330084375 0.19895578125 0.8613447703125001 0.198845975 0.8623700109374999 0.1875361875 0.74525656875 0.1885244234375 0.74525656875 0.18259501718749999 0.56908791875 0.18263556875 0.57042866875 0.1952224515625 0.6886718234375 0.1954420609375 0.688330084375 0.19895578125