5 0.4409240921875 0.10881076249999999 0.3400577546875 0.10855034687500001 0.3399339921875 0.12721354375 0.37970297343750004 0.12721354375 0.441254134375 0.1270399296875 0.4409240921875 0.10881076249999999
0 0.42574257812500005 0.36783854374999997 0.42128713281249996 0.37252604375 0.41749175781250003 0.3808593796875 0.413861390625 0.3907552140625 0.4115511640625 0.4027343796875 0.41183993281250003 0.414800346875 0.4707920828125 0.41453992968750003 0.4706270625 0.4041232625 0.42574257812500005 0.36783854374999997
0 0.5757838359375 0.379644096875 0.57314356875 0.3723524296875 0.56934819375 0.363671875 0.563737628125 0.3556857625 0.5185231015625 0.392317709375 0.5186468640624999 0.403081596875 0.578754134375 0.4029079875 0.5779290421875001 0.3886718765625 0.5757838359375 0.379644096875
0 0.6450907671875 0.4246093796875 0.6412953781249999 0.4211371546875 0.6351897765625 0.41610242968750005 0.6290841625 0.41280382187500003 0.6214933984375001 0.410894096875 0.6120874578125 0.4086371546875 0.6004537953125 0.408940971875 0.6015264109375 0.47078992968750005 0.610602309375 0.4700954890625 0.6450907671875 0.4246093796875
0 0.57000825 0.524956596875 0.572978546875 0.517144096875 0.5746287171875 0.5095052140624999 0.5752887875 0.503081596875 0.575123765625 0.4917968765625 0.516171615625 0.4924045125 0.516212875 0.5020399296875 0.5604373015624999 0.5397135468750001 0.565882846875 0.5332899296875 0.57000825 0.524956596875
5 0.6581270625 0.7895399296875001 0.5576320124999999 0.7884982625 0.5577970328124999 0.807942709375 0.60548680625 0.8075954875000001 0.6577970328125 0.8069010437499999 0.6581270625 0.7895399296875001
5 0.2266717703125 0.787691121875 0.18016888125 0.787942015625 0.17897650625 0.8077628859375 0.28295220312499997 0.8082646718750001 0.28295220312499997 0.787189325 0.2266717703125 0.787691121875
5 0.40028256874999996 0.7881929203125 0.3540181421875 0.787942015625 0.35354121875 0.8077628859375 0.45703992656250003 0.8077628859375 0.45656300312500003 0.787691121875 0.40028256874999996 0.7881929203125
0 0.46467118437500005 0.5122062203125 0.46610204218750007 0.491130871875 0.4019518890625 0.490629075 0.40266731875 0.5021703453125 0.44940871250000003 0.5418120625 0.45799386093749994 0.5302708171875 0.46467118437500005 0.5122062203125
0 0.2986916421875 0.47758243437500003 0.3110923984375 0.46855014375000004 0.2753209453125 0.41937433124999995 0.25850836250000003 0.4183707390625 0.2571967578125 0.48761831093749997 0.2834291484375 0.48360396406249995 0.2986916421875 0.47758243437500003
3 0.4751641578125 0.4133528078125 0.51284339375 0.4133528078125 0.513320359375 0.1990867703125 0.5142742515625 0.198584971875 0.5142742515625 0.110771025 0.44225442187499997 0.111272815625 0.44130048750000006 0.10776026093749999 0.3397095609375 0.1087638484375 0.340186528125 0.110771025 0.258866078125 0.1101437796875 0.2605354203125 0.2567930828125 0.25958150625 0.412851021875 0.4751641578125 0.4133528078125
5 0.627789009375 0.1810221859375 0.5661428578125001 0.179767696875 0.56578514375 0.20109395000000002 0.592494503125 0.20109395000000002 0.6268351187500001 0.202097534375 0.627789009375 0.1810221859375
5 0.8090310234375 0.1810221859375 0.705293809375 0.1812730796875 0.705532315625 0.202097534375 0.7537045234375 0.202097534375 0.8090310234375 0.20159573593750002 0.8090310234375 0.1810221859375
3 0.601556596875 0.48862190625 0.89583644375 0.4901272890625 0.8963133687499999 0.18252756718750002 0.81046188125 0.183029359375 0.8099849578124999 0.179516803125 0.7060092390625 0.180018596875 0.705532315625 0.18252756718750002 0.6416206234375 0.1820257703125 0.6406667328125 0.39127386406250003 0.6020335625000001 0.3902702796875 0.601556596875 0.48862190625
5 0.777674609375 0.7883247546875001 0.7282829390625001 0.7877649984375 0.7287263328125 0.8081028484375 0.830524546875 0.806983334375 0.83087925625 0.7875784234375 0.777674609375 0.7883247546875001
3 0.494814725 0.6967543375 0.49134132499999994 0.805165403125 0.6893251078125 0.80699255625 0.895413525 0.8057744734375 0.895413525 0.701626753125 0.895413525 0.48175932968749996 0.601332334375 0.48297744062500003 0.601332334375 0.4933313015625 0.495972534375 0.49150415000000003 0.49351219999999996 0.5776848593749999 0.4751321359375 0.5767712828125 0.473974328125 0.69614528125 0.494814725 0.6967543375
3 0.5057189046875 0.49186348750000003 0.273112765625 0.49121778593750004 0.26083802500000003 0.4899263796875 0.1049489625 0.4899263796875 0.104795509375 0.8047060984375 0.10679017187499999 0.8101945859375 0.5038776953124999 0.805028959375 0.5057189046875 0.49186348750000003