5 0.6352245062499999 0.7313040265625 0.5974477578124999 0.7310125453125 0.5587715640625001 0.7313040265625 0.49940810312500006 0.7315955078124999 0.47469590312500004 0.73088560625 0.4742236046875 0.7426718078125 0.5515759921875001 0.7435462515625 0.6334256125 0.7435462515625 0.6352245062499999 0.7313040265625
5 0.8233028812500001 0.73146339375 0.7963931125 0.73146339375 0.7710210453124999 0.73146339375 0.73334736875 0.732210871875 0.7163484062500001 0.7323510625 0.7164326562500001 0.74242641875 0.7771718484375 0.74242641875 0.8233028812500001 0.742177259375 0.8233028812500001 0.73146339375
0 0.360141034375 0.6980394859375 0.4090857296875 0.7011495640625001 0.41676332968749996 0.656053434375 0.4074670734375 0.6547559234375 0.352463434375 0.670048784375 0.30159933906249997 0.6859101812499999 0.3275112375 0.6924413453125 0.360141034375 0.6980394859375
0 0.7363311203125 0.5881755359375 0.7098828593750001 0.5807104468750001 0.6740497296875 0.5682686312499999 0.6407761109375001 0.5591446328125 0.6168873578125 0.56688620625 0.602383471875 0.5815399 0.601094078125 0.59136120625 0.6365102625 0.5917698375 0.737184290625 0.5917698375 0.7363311203125 0.5881755359375
3 0.32981865312499997 0.696180453125 0.3845958203125 0.7023548921875 0.3845958203125 0.74120240625 0.850598671875 0.7408802734375 0.850598671875 0.6907129546874999 0.85139254375 0.5884346828125 0.802966353125 0.5881774140625 0.7394565953125001 0.5881774140625 0.641810340625 0.5565334125 0.6227574140625001 0.5603924375 0.6044983578124999 0.5683677546875 0.5917964062500001 0.58226024375 0.5917964062500001 0.5879201453125 0.4092058515625 0.5881774140625 0.405236490625 0.5866338046874999 0.3840515265625 0.58646645 0.3830080765625 0.6627355734375 0.326643165625 0.678428940625 0.305208621875 0.685632453125 0.32981865312499997 0.696180453125
5 0.316561015625 0.5953401453125 0.315135890625 0.584717890625 0.2866333875 0.5844869734375 0.221790190625 0.5840251359375 0.1797489984375 0.5840251359375 0.13058217968750002 0.5849488093749999 0.10988552968750001 0.585118203125 0.1113429890625 0.59626381875 0.168347996875 0.5960329 0.258130884375 0.5955710640625 0.316561015625 0.5953401453125
0 0.28147374062499997 0.41314277656250004 0.28910601874999997 0.400775903125 0.154015865625 0.3986321578125 0.140201525 0.40043883906250005 0.2038789203125 0.425097421875 0.233135984375 0.4341664640625 0.2547607703125 0.42592188125 0.28147374062499997 0.41314277656250004
0 0.6122496640625 0.353840634375 0.6655298375 0.3605357640625 0.6840147953125 0.3601833875 0.6883641968750001 0.311555609375 0.683456084375 0.31186572031250004 0.6568310328125 0.3207173640625 0.5948520578125 0.3408027515625 0.5807165015625 0.3460883796875 0.6122496640625 0.353840634375
0 0.6394334265625 0.255567228125 0.5948520578125 0.26226235781249996 0.5883279546875 0.2696622375 0.6860653953125 0.3008767203125 0.697063 0.2992617546875 0.6861894953125 0.2523958515625 0.6394334265625 0.255567228125
5 0.08682205781249999 0.29011723125 0.08933580625000001 0.277083234375 0.056657075 0.275861296875 0.0289437265625 0.2761313328125 0.030262715625 0.29256110625 0.029005842187500002 0.307631665625 0.083051434375 0.30885360156249997 0.08682205781249999 0.29011723125
5 0.0886617125 0.386496575 0.0898331046875 0.366756834375 0.054691342187500006 0.3648587828125 0.028920715625 0.3648587828125 0.0300921078125 0.3868761859375 0.028920715625 0.402819821875 0.0839761453125 0.40319943281250004 0.0886617125 0.386496575
5 0.4178937484375 0.101807740625 0.35790031718750004 0.101807740625 0.308705703125 0.101807740625 0.2571113515625 0.101807740625 0.2163158171875 0.101807740625 0.1799948890625 0.10215860937500001 0.1815196265625 0.1130840640625 0.2859081984375 0.1142505796875 0.41702989375 0.1138125640625 0.4178937484375 0.101807740625
5 0.6458438484375 0.103158765625 0.6206224984375 0.10339229218749998 0.5853126078125 0.1026917125 0.5644149171875 0.10292523906249999 0.5500027171874999 0.10339229218749998 0.5365209171875 0.10360258124999999 0.5355905171875001 0.11366745625 0.61485761875 0.11366745625 0.646564459375 0.11390098281250001 0.6458438484375 0.103158765625
0 0.7513948546875 0.1285023890625 0.791389859375 0.11493374687499999 0.8245107234375 0.10460537656249999 0.7776415765625 0.10460537656249999 0.738896415625 0.10460537656249999 0.6989014109375 0.10460537656249999 0.678848696875 0.10446047968750001 0.688902659375 0.1191866046875 0.7057755515624999 0.129109940625 0.723273365625 0.13660307031250002 0.7513948546875 0.1285023890625
5 0.0858272453125 0.147257621875 0.08835024062499999 0.11073720312499999 0.059756296875 0.11019212187500001 0.0261163625 0.109647040625 0.0269573609375 0.11891341562499999 0.02948035625 0.16470020937500002 0.030321354687500003 0.1717862609375 0.08666824375 0.1723313421875 0.0858272453125 0.147257621875
3 0.684324178125 0.30942923125 0.6865625203125 0.24849776875 0.6854433484375 0.16725581875 0.684324178125 0.10414823124999999 0.4627282859375 0.10451091875 0.3015676375 0.10451091875 0.1359303046875 0.10487360625 0.074375890625 0.10451091875 0.0159251921875 0.10435104531249999 0.0161789890625 0.30834116875 0.2109147734375 0.30942923125 0.633961475 0.30906654375 0.684324178125 0.30942923125