3 0.486915028125 0.635987678125 0.477162890625 0.63649931875 0.47734348281249994 0.6656490703125 0.47734348281249994 0.764367984375 0.552646503125 0.764623809375 0.8153061562499999 0.764367984375 0.8153061562499999 0.682035125 0.85702365 0.6825467640625 0.8568430578124999 0.6700116328125 0.8553982906250001 0.6595230421875 0.8510640031250001 0.6477553656249999 0.8458267375 0.6385458703125 0.838602928125 0.629848025 0.8308373421875 0.6232239921875 0.818737453125 0.617595978125 0.8288507968750001 0.6145261468750001 0.8378805593750001 0.608642309375 0.8456461453124999 0.59840954375 0.8528699546875 0.58664185625 0.8568430578124999 0.57078106875 0.85702365 0.553129553125 0.81512555 0.55364119375 0.815038465625 0.5375245843750001 0.8146772656250001 0.41349320624999997 0.7533642890625 0.413749021875 0.7537254734375 0.426539978125 0.7275445375 0.42679579843750004 0.659578934375 0.42705161875000003 0.585399434375 0.426780090625 0.585700628125 0.5257841734375 0.487095634375 0.5250167171875 0.486915028125 0.635987678125
0 0.5226709625 0.6052942125 0.5320518734374999 0.59934419375 0.540592715625 0.5900224953125 0.547453375 0.577130784375 0.5526338875000001 0.5622557359375 0.5557141828125001 0.5408356624999999 0.5554341593750001 0.5255745187499999 0.5074094734375 0.5251627125 0.5079695296875 0.6062858828125 0.5149702125 0.606682553125 0.5226709625 0.6052942125
5 0.8148397624999999 0.721717253125 0.8147499687499999 0.704927271875 0.81466016875 0.683310590625 0.7941421375 0.683423196875 0.794636009375 0.7009841671875 0.794636009375 0.7215900546875 0.8148397624999999 0.721717253125
5 0.8149295546875001 0.5518568687500001 0.8150193484375 0.5411723375 0.8149295546875001 0.5130618359375 0.794366625 0.5132110562500001 0.79427683125 0.5317597703125 0.79427683125 0.5514752781250001 0.8149295546875001 0.5518568687500001
3 0.5798050484374999 0.4421536796875 0.7019894250000001 0.441641603125 0.7704934999999999 0.4418976359375 0.7704934999999999 0.3627956296875 0.770674246875 0.25760506875 0.6121082859375 0.25709299531249996 0.518796340625 0.257272165625 0.518662221875 0.34208386874999996 0.518481475 0.4418976359375 0.5798050484374999 0.4421536796875
0 0.5705373453125 0.38403311093750003 0.5611383609375 0.371231228125 0.550654896875 0.363550096875 0.5414366734375 0.36098971875 0.5329414375 0.36073368125 0.5327155 0.44218053749999997 0.5812015703125 0.4418976359375 0.5801170625000001 0.41398952656250004 0.576321325 0.399139340625 0.5705373453125 0.38403311093750003
5 0.770978609375 0.3964119875 0.7708418046875 0.3541652515625 0.770705 0.30321851875 0.7521333765625 0.303204140625 0.75237279375 0.33246050625 0.7526464046875 0.3964119875 0.770978609375 0.3964119875
0 0.4594973890625 0.3877389875 0.45032852968750003 0.37527051093749997 0.440242784375 0.36721795625000003 0.43052378750000003 0.36384107656250003 0.42227181406250003 0.36384107656250003 0.421354928125 0.4414684078125 0.4703166453125 0.441509278125 0.469216371875 0.4194296890625 0.46554882812500004 0.4012464984375 0.4594973890625 0.3877389875
3 0.217573975 0.570651209375 0.21786781249999998 0.5577483421875 0.38358853437499996 0.5577483421875 0.3832947078125 0.36635301249999996 0.3832947078125 0.2569311359375 0.235579065625 0.2573473578125 0.1253189484375 0.25649113125 0.1247628046875 0.4025642859375 0.1247628046875 0.5702349953125 0.217573975 0.570651209375
5 0.143274171875 0.4999157421875 0.142980321875 0.45165623281249995 0.14415565156250001 0.335574809375 0.123587475 0.3350194375 0.123587475 0.3963209640625 0.1241751515625 0.4999157421875 0.143274171875 0.4999157421875
0 0.342273709375 0.4863123984375 0.331937503125 0.49555971874999993 0.3255907046875 0.506091390625 0.32069460312500003 0.5176505390624999 0.31670518593749997 0.5317783875 0.3157985 0.543594403125 0.31511848593749997 0.5581972203125 0.3636714890625 0.5584928703125 0.36421550625 0.47860630000000004 0.35406061875 0.481175 0.342273709375 0.4863123984375
0 0.2509090234375 0.59660784375 0.240834084375 0.5829436453125 0.226686275 0.575048775 0.21704004999999998 0.5726195796875 0.20010557968749998 0.5714049859375 0.1983370953125 0.5703128875 0.19817633125 0.6369931359375001 0.2592690890625 0.6376004359375 0.2575541984375 0.6139158296875 0.2509090234375 0.59660784375
1 0.8487435671875 0.6397190359375 0.8349093890624999 0.6238544625 0.8230514937500001 0.619188403125 0.8217339718750001 0.6173219375000001 0.8329330562499999 0.6117226812500001 0.843144025 0.601457346875 0.852037421875 0.5874591687499999 0.858295775 0.56879493125 0.8573076078125 0.552463725 0.7934068062499999 0.551530509375 0.794724378125 0.6835799828125 0.8576369640625 0.6821801859375001 0.8563194421875 0.6677153734375 0.8540137546875 0.6523173984375 0.8487435671875 0.6397190359375