3 0.48653448125 0.6367683390625001 0.47661028437499997 0.63706760625 0.4770326 0.764824940625 0.815483159375 0.764824940625 0.815483159375 0.682556984375 0.857291440625 0.682556984375 0.857080290625 0.6661129640625 0.8534906812499999 0.6526457156250001 0.8431441859375 0.6334923 0.8321642421875 0.6230177718750001 0.8192839171875 0.6179301421875001 0.8311084781250001 0.61403960625 0.8416661218750001 0.6044628921874999 0.8507457031250001 0.5889007359375 0.8560245265624999 0.5724407640625 0.857080290625 0.5529880703125001 0.81442739375 0.5529880703125001 0.8143614296875 0.536228825 0.8145725781250001 0.41417361562500005 0.7533382359374999 0.414772159375 0.7537605515625 0.42734159531250004 0.7391541109374999 0.42734159531250004 0.6630518375000001 0.42764086875 0.5852731390625 0.4267297765625 0.5849397921875 0.5249767203125 0.48695677968749995 0.5245891125 0.48653448125 0.6367683390625001
0 0.5212058749999999 0.604744784375 0.5306034140625 0.599750025 0.537259996875 0.59272036875 0.5456133624999999 0.5803358281250001 0.551878378125 0.5635016453125 0.555010890625 0.5488873515625 0.555532978125 0.525023509375 0.5078808765625 0.5245033265625 0.50763166875 0.6064097078125 0.5138966843749999 0.6064097078125 0.5212058749999999 0.604744784375
5 0.8149100390624999 0.552170328125 0.8149100390624999 0.5338950234375 0.8149100390624999 0.513772721875 0.7939818328125 0.5137583859375 0.79413338125 0.5329069093750001 0.7942199484375 0.5518022375 0.8149100390624999 0.552170328125
5 0.8149100390624999 0.721910978125 0.8149100390624999 0.7054695843750001 0.81499660625 0.683636065625 0.7939818328125 0.6837745140625 0.7942199484375 0.70166598125 0.79413338125 0.7216655828125 0.8149100390624999 0.721910978125
0 0.25101014843749997 0.5987741578125 0.239875678125 0.584136553125 0.22987077500000003 0.577732596875 0.2188976703125 0.5733870515625 0.1982318265625 0.57130923125 0.1984037640625 0.635596903125 0.25811039999999996 0.635596903125 0.256819453125 0.6131830546875 0.25101014843749997 0.5987741578125
3 0.1253212078125 0.5699529984375 0.1658594203125 0.5699529984375 0.21858252031249997 0.5696208765625 0.21834818125000002 0.55633630625 0.2194252265625 0.55633630625 0.38368697812499997 0.557996878125 0.383218334375 0.4823101890625 0.383218334375 0.3910141234375 0.383218334375 0.257225115625 0.3569739375 0.25755723124999996 0.227336696875 0.257225115625 0.12490632343750001 0.2565319953125 0.125789859375 0.328908725 0.125086878125 0.4640438953125 0.1253212078125 0.5699529984375
5 0.1251403875 0.49670385 0.1427806140625 0.49670385 0.1430308265625 0.47152460625000003 0.14290572031249998 0.4032852953125 0.1430308265625 0.337341675 0.124896215625 0.3372491203125 0.12526549375 0.37970191875000003 0.1251403875 0.44758659375 0.1251403875 0.49670385
0 0.334606678125 0.49246830937499997 0.32457066874999996 0.5055984062500001 0.318651990625 0.5209168625 0.31607865625 0.537329496875 0.31483030312500004 0.55742685625 0.36368535 0.557754096875 0.3644573578125 0.4804323765625 0.3479880109375 0.4829854546875 0.334606678125 0.49246830937499997
0 0.4562760328125 0.3795327828125 0.44253877968750005 0.368749315625 0.42246125625 0.363657128125 0.421652075 0.4417090078125 0.46959060625 0.441837253125 0.46895657343749997 0.412781803125 0.46367301406249994 0.3942102765625 0.4562760328125 0.3795327828125
3 0.5798380125 0.44156746875 0.70045113125 0.442140296875 0.7705729796874999 0.442140296875 0.7703708875 0.402057703125 0.7705729796874999 0.2568919625 0.7281822499999999 0.2574647875 0.606506278125 0.2568919625 0.5184231796875001 0.2570178875 0.5188341078125001 0.33019849375 0.5188341078125001 0.44156746875 0.5798380125 0.44156746875
0 0.56490840625 0.376566915625 0.5546023015625 0.3653967984375 0.5459128609375 0.3611006 0.5335859703125 0.3602413625 0.5324570515625 0.440602090625 0.5812769015625 0.441296325 0.5804685765625 0.41781043437500004 0.574608246875 0.3943245421875 0.56490840625 0.376566915625
5 0.770765478125 0.3968293921875 0.77104921875 0.35721835 0.7709073421875 0.30295054062500004 0.7521720359375 0.30278471093750003 0.7527484015625 0.334497296875 0.7528902671875 0.3968293921875 0.770765478125 0.3968293921875
1 0.8606613796874999 0.6804144421875 0.859869978125 0.65967478125 0.8452288546875 0.632769275 0.822673571875 0.6170744046875 0.8345447640625 0.612590159375 0.8479987875000001 0.5991374015625001 0.855912915625 0.581760940625 0.858682846875 0.562142346875 0.8567043156249999 0.5503711890625 0.7934902265625 0.550627190625 0.7922041921874999 0.6848986874999999 0.8602656796874999 0.6843381640625 0.8606613796874999 0.6804144421875