5 0.2858953875 0.2854425890625 0.2054494921875 0.2847055609375 0.20478300625 0.31091863124999997 0.240253371875 0.3112878484375 0.2861561984375 0.31091863124999997 0.2858953875 0.2854425890625
5 0.4541188140625 0.2854425890625 0.3625424921875 0.28500095625 0.3623131609375 0.3112878484375 0.40326056875000005 0.3112878484375 0.45437962499999995 0.31091863124999997 0.4541188140625 0.2854425890625
0 0.3367536328125 0.6531982625 0.3406658046875 0.6365834515625 0.3406658046875 0.6188609875 0.298912525 0.617911315625 0.299718396875 0.6864278828125 0.3151062765625 0.6834741390625 0.329450909375 0.6709207265625 0.3367536328125 0.6531982625
0 0.3464036578125 0.5893235453125001 0.343013109375 0.6081536640625 0.342752296875 0.620337859375 0.3912632390625 0.620337859375 0.3909151984375 0.5609000484375 0.37665779375 0.5608937593750001 0.3646604640625 0.5664320296875001 0.354488815625 0.5771393515625001 0.3464036578125 0.5893235453125001
0 0.438546415625 0.49620668125 0.4275923328125 0.5035910421875001 0.418724740625 0.51466758125 0.4132476984375 0.529067084375 0.41037877187499994 0.5456818953125 0.41073436875 0.5614908375 0.4521086140625 0.56155826875 0.4521086140625 0.494729809375 0.438546415625 0.49620668125
0 0.5804278796875 0.495099028125 0.569473796875 0.501006515625 0.5606062046875 0.5091293109375 0.5538251046875 0.52463646875 0.5483480625 0.5449434578125001 0.5488426890625 0.5614908375 0.590860340625 0.560450615625 0.590599528125 0.49362215468750004 0.5804278796875 0.495099028125
0 0.64746221875 0.615833315625 0.6576338671874999 0.6121411359375 0.6659798359375 0.6025414687499999 0.67406499375 0.5896188375 0.6777163546875 0.573004028125 0.67719473125 0.56155826875 0.6285366140625 0.5614908375 0.6279013546875001 0.62063315 0.638333815625 0.6184178421875 0.64746221875 0.615833315625
0 0.5861715125 0.7509733375 0.5783471671875 0.7391583609375 0.5697403875 0.728081821875 0.5582646812500001 0.7240204234375 0.549136278125 0.7240204234375 0.54926940625 0.7963300015625 0.5906053078125 0.7963871515625 0.5906053078125 0.7694342375 0.5861715125 0.7509733375
0 0.4435076140625 0.6656839765625 0.4500279015625 0.6486999484375 0.4526360171875 0.634300446875 0.452896828125 0.6180548546875 0.4101179703125 0.617320525 0.410123740625 0.6870986218749999 0.4195129546875 0.68599096875 0.433335965625 0.678975825 0.4435076140625 0.6656839765625
5 0.6375490265625 0.6407711 0.6377371703125 0.618531215625 0.628229784375 0.618904915625 0.6285181234375 0.62891870625 0.6284240515625 0.6406379265625 0.6375490265625 0.6407711
5 0.6009826203124999 0.28520988125 0.5197461359375 0.2848000390625 0.5201512375 0.31105980781250003 0.55569756875 0.31105980781250003 0.60146955625 0.31140447187500003 0.6009826203124999 0.28520988125
3 0.6370158875 0.5609521171875 0.637989759375 0.46030198437500003 0.6375028234375 0.2872739984375 0.48079617499999994 0.285903046875 0.48046595 0.4103235234375 0.48022248125000006 0.5595734546875 0.6370158875 0.5609521171875
3 0.6511959203125001 0.7948797109375 0.8554197374999999 0.7942823765625 0.8554197374999999 0.5798159984375 0.8558416875000001 0.2853304 0.6277111046875 0.286172909375 0.62714476875 0.6545062500000001 0.6499300703124999 0.6562982515625 0.6511959203125001 0.7948797109375
3 0.48961049843750004 0.560982878125 0.48988945937499995 0.437759290625 0.4893315375 0.2857182453125 0.32997825625 0.286508909375 0.329765659375 0.4018245375 0.329486696875 0.55900831875 0.48961049843750004 0.560982878125
3 0.3374430453125 0.2864876078125 0.2905327578125 0.28561117812500003 0.14396082500000001 0.2862685 0.14396082500000001 0.42109820156250005 0.14396082500000001 0.5397086828125001 0.14396082500000001 0.681958446875 0.20326116875000003 0.6826157687500001 0.275231546875 0.6821775546875 0.293649771875 0.681301125 0.292875896875 0.6326592921875 0.30030509843750003 0.6328784 0.2995312234375 0.6865597015625 0.3112941234375 0.68502595 0.3198067484375 0.679548265625 0.331105325 0.6661827171875 0.338534525 0.64909234375 0.34227786718750003 0.633529284375 0.3914735609375 0.633529284375 0.3918249203125 0.5474183703125 0.3386812453125 0.54855355625 0.3385264703125 0.3723776890625 0.3374430453125 0.2864876078125
4 0.8167475484375 0.3097538875 0.8170255624999999 0.284943109375 0.742516734375 0.2841554625 0.670093021875 0.28402128125 0.6685639250000001 0.310541534375 0.7330641171875001 0.30936005624999996 0.8167475484375 0.3097538875