5 0.40908345625000003 0.081479175 0.40908345625000003 0.0974298078125 0.42813829062500003 0.0974298078125 0.44989255312500004 0.09695367187500001 0.45005134843750005 0.081479175 0.44766949375 0.081479175 0.447748884375 0.0738609609375 0.41162410625 0.0743371 0.41162410625 0.08171724375 0.40908345625000003 0.081479175
0 0.44608158593749997 0.1657556640625 0.4521156265625 0.17456422031250002 0.46053150625 0.18051595625 0.47053529374999997 0.183134709375 0.48101545312500005 0.1833727859375 0.4810948421875 0.125998109375 0.43639538906249997 0.12576004375 0.4371893359375 0.1405203296875 0.44020635625000004 0.154090278125 0.44608158593749997 0.1657556640625
0 0.5030873062500001 0.3847793 0.495306578125 0.3902548890625 0.48911375625 0.39573048437499997 0.4851439953125 0.404062903125 0.482444565625 0.41334760625 0.48117424687500004 0.4228703703125 0.48097575 0.439713759375 0.5122971328125 0.439773284375 0.5122971328125 0.3828747484375 0.5030873062500001 0.3847793
0 0.44862223593749995 0.5169076968749999 0.44433489843749996 0.5238116953125 0.44020635625000004 0.5328583265625 0.4379832828125 0.5414288171875 0.43655417031250005 0.55047545 0.43671296406250004 0.5599982125 0.481333028125 0.5604743546875001 0.4810948421875 0.5034567812499999 0.46990012812500004 0.503813884375 0.4618018234375 0.5059565078125 0.4546562609375 0.51071789375 0.44862223593749995 0.5169076968749999
0 0.502610934375 0.624991096875 0.50769221875 0.6195155015625 0.5121383515625 0.613087634375 0.5161080984375 0.6054694281249999 0.5186487484375 0.5966608609375 0.521348178125 0.586423890625 0.5216657687499999 0.578091465625 0.5218245484375 0.5645215234375 0.48347669687500006 0.5634502125 0.48371488281249997 0.6314189640625 0.49038407343749996 0.630942821875 0.49594174375 0.6290382765625 0.502610934375 0.624991096875
0 0.5611251421875 0.41221677031250004 0.5568378046875 0.398170690625 0.550644984375 0.3869814421875 0.542705475 0.3788870890625 0.5330192640625 0.37412570624999997 0.5233330656249999 0.3729353578125 0.5236109390625 0.439713759375 0.562395475 0.44030894062500003 0.5619191046875 0.423644090625 0.5611251421875 0.41221677031250004
0 0.6264673515625 0.49304125781249997 0.6318662109375001 0.5018498140625 0.6386941984375001 0.508515753125 0.6466337078125 0.5135152046875 0.6550496015625 0.514467484375 0.6623539453125 0.515181690625 0.6619966671874999 0.45864025937499997 0.6194805703124999 0.45852122656249994 0.6205921062499999 0.47185309843749995 0.622497590625 0.4823281453125 0.6264673515625 0.49304125781249997
0 0.63917056875 0.5099441671875 0.6321838015625 0.511610653125 0.62599098125 0.5161339640625 0.6197981593749999 0.52256183125 0.6142404906250001 0.5289896984375 0.609953153125 0.5387505390625 0.606777353125 0.5508920671875 0.60630098125 0.5635097359375 0.60673765 0.5775558109375 0.644093071875 0.5777938875 0.6447282234375 0.5108964453125 0.63917056875 0.5099441671875
5 0.6431403312499999 0.7687253593750001 0.6429815359375 0.7599167984374999 0.6455221843750001 0.7596787265625 0.6458397609375 0.74468036875 0.611382265625 0.74468036875 0.6115410609375 0.760392934375 0.6142404906250001 0.7606310046875 0.6143992859375 0.768963425 0.6431403312499999 0.7687253593750001
3 0.692524103125 0.7677730859375 0.692524103125 0.72801553125 0.692841678125 0.6427867703125 0.692682896875 0.5539869625 0.646792503125 0.554225034375 0.646951296875 0.564938146875 0.6439342765625 0.564938146875 0.644093071875 0.51089644375 0.6361535484374999 0.5113725828125 0.6286904109375 0.5151816874999999 0.621227271875 0.5206572796875 0.614081703125 0.5320846 0.6080476703125 0.5470829578124999 0.60630098125 0.5656523531250001 0.5649361093749999 0.564700075 0.5643803484375 0.6675459578125 0.564221553125 0.7670588781250001 0.692524103125 0.7677730859375
5 0.4692956796875 0.9098764765625 0.4691528171875 0.9019510078125 0.47129588437500003 0.9017368093749999 0.471438746875 0.886314265625 0.4328635625 0.8861000578124999 0.43272069375 0.9017368093749999 0.435149503125 0.9023794140625 0.435006628125 0.9092338718749999 0.4692956796875 0.9098764765625
3 0.5809189328125 0.7451953671875 0.5723159250000001 0.7451953671875 0.5731762140625001 0.5646201171875 0.32411878125000004 0.564297659375 0.322828328125 0.910292759375 0.5804888078125 0.909647828125 0.5809189328125 0.7451953671875
5 0.5794070453125 0.1987493421875 0.5841992390625 0.1992882015625 0.58443885625 0.16983054687500002 0.5795268421875 0.17001016875 0.579766459375 0.16605853125 0.5688342453125 0.16578910156249999 0.5692236140625 0.20306021875 0.5795268421875 0.2027009765625 0.5794070453125 0.1987493421875
3 0.47315225468750005 0.35445242499999996 0.472956396875 0.43945934375 0.5211621375 0.438509871875 0.52066848125 0.2579252140625 0.4809303390625 0.258295259375 0.4806835109375 0.07364005312500001 0.3241991265625 0.07364005312500001 0.3241991265625 0.24867395625 0.323981375 0.3541587890625 0.41870558906250005 0.3547460546875 0.47315225468750005 0.35445242499999996
3 0.480753171875 0.5765849656250001 0.480753171875 0.4681917203125 0.4805873625 0.342395878125 0.4044760546875 0.3433903109375 0.3238876046875 0.34314170312500003 0.324053421875 0.457688009375 0.3238876046875 0.5763363609375001 0.40530514999999995 0.5768335703125 0.480753171875 0.5765849656250001