3 0.42894679687500004 0.623227409375 0.428621928125 0.6924959015625001 0.6888828171875 0.6934167328124999 0.6898573546875 0.6257597171875 0.6892076625 0.5327919296875 0.6888828171875 0.45615674375 0.5292821625 0.45615674375 0.43156138437499997 0.45625304843750003 0.43154558749999994 0.5129939203125 0.43219530468749995 0.623227409375 0.42894679687500004 0.623227409375
0 0.4449556 0.5011607109375 0.4563492453125 0.4994608703125 0.467343103125 0.49577788749999996 0.47693773281249996 0.4894034875 0.48373394062499997 0.482462471875 0.486532378125 0.4735383125 0.486532378125 0.46461415156249997 0.43104999531250004 0.46446017656249994 0.4313632046875 0.50144401875 0.437759625 0.5011607109375 0.4449556 0.5011607109375
0 0.48553293750000004 0.5477420000000001 0.4809355 0.5368346984375 0.4679427578125 0.527768884375 0.4573486875 0.5212528296875 0.4453553875 0.520402909375 0.43179999531249996 0.5209203546875 0.431762975 0.5562412 0.431762975 0.557091121875 0.486532378125 0.557091121875 0.48553293750000004 0.5477420000000001
5 0.6907857453124999 0.6488177984375 0.6907857453124999 0.6218004921875 0.6909896718749999 0.5965174109375 0.6759524406249999 0.5968246890625 0.6765105203124999 0.62222634375 0.6765105203124999 0.6489623156250001 0.6907857453124999 0.6488177984375
5 0.690581815625 0.5251636515625 0.6907857453124999 0.502185171875 0.690581815625 0.47284785781250005 0.675442325 0.4727721171875 0.676102646875 0.49091270624999994 0.6763065921875 0.5248746125 0.690581815625 0.5251636515625
0 0.388398025 0.5406814109375 0.4061940296875 0.5496895203125 0.42871140468749996 0.55380751875 0.42943778750000006 0.5126275890625 0.37665015468749996 0.51234288125 0.3764129828125 0.5218930687500001 0.3796816125 0.5316733015625 0.388398025 0.5406814109375
0 0.3604328953125 0.482514759375 0.3528060296875 0.4765951453125 0.3371891375 0.4714476546875 0.3255672578125 0.4699034046875 0.3103321078125 0.469251025 0.31031354218749996 0.5072227171875 0.368059746875 0.5069653421875 0.368422925 0.49486873906250006 0.3604328953125 0.482514759375
3 0.689141053125 0.46169485468750004 0.689141053125 0.402783521875 0.689141053125 0.34181318437499997 0.5009849546875 0.34181318437499997 0.419348075 0.34126177812499997 0.41747967499999994 0.394791190625 0.41747967499999994 0.4606653609375 0.689141053125 0.46169485468750004
5 0.6916228921875 0.432874909375 0.6916228921875 0.41392274687499997 0.6913775421875 0.391145378125 0.676082028125 0.3913082046875 0.6766563125 0.4106191625 0.6771470125 0.433048778125 0.6916228921875 0.432874909375
0 0.46703822968750003 0.4316935625 0.4574904671875 0.4243390625 0.4479427078125 0.42036762968749997 0.436319328125 0.4174258296875 0.41877879531250006 0.41741052500000003 0.41929940468750004 0.45405125 0.47347259062499997 0.45434542968749997 0.473057478125 0.44360785312499995 0.46703822968750003 0.4316935625
3 0.6435117781249999 0.3463440125 0.6883042625 0.3457525328125 0.6888607046875 0.242077934375 0.5142515953125 0.2418807734375 0.4193638796875 0.24171354531250003 0.4197748328125 0.2927270171875 0.4192184 0.346935490625 0.6435117781249999 0.3463440125
0 0.46428910781250005 0.3136154625 0.449821975 0.30513758750000003 0.4386934078125 0.3035603046875 0.41806090312500005 0.30256071875 0.41810555000000005 0.3384576140625 0.4740266046875 0.3390490921875 0.47040983281250004 0.32209334218749996 0.46428910781250005 0.3136154625
5 0.6763503625 0.316523903125 0.6913419843749999 0.31680721093750003 0.6909422000000001 0.2988172390625 0.6909422000000001 0.275161134375 0.6760499953125 0.27525663749999996 0.676550246875 0.275444440625 0.676150475 0.2928677984375 0.6763503625 0.316523903125
3 0.4270105875 0.18073981875 0.41833739531249997 0.1704958796875 0.40330387031250003 0.16393975624999998 0.37959713281249996 0.161890965625 0.380753540625 0.1954910953125 0.369767509375 0.1954910953125 0.36745465 0.29260365781250003 0.42643238281249995 0.29219389218749997 0.42643238281249995 0.2467108 0.6895192171875 0.2467108 0.6912538296874999 0.08738060156250001 0.5432313546875001 0.09598550624999999 0.46875867187500003 0.10096218906250001 0.46806369062500003 0.1954910953125 0.431058059375 0.1954910953125 0.4270105875 0.18073981875
0 0.41965707500000005 0.17028361875 0.405817853125 0.1636286265625 0.390990090625 0.160126 0.37813935 0.1597757359375 0.377824640625 0.2009649734375 0.43102504062499997 0.20180725000000002 0.4315192921875 0.187796746875 0.42657670468750003 0.179040184375 0.41965707500000005 0.17028361875
5 0.405817853125 0.1153297359375 0.4053236 0.10307054687499999 0.3820934171875 0.10447158906250001 0.3580432453125 0.10643441093749999 0.35787475 0.118482090625 0.38011639218750004 0.1170810484375 0.405817853125 0.1153297359375
5 0.624774453125 0.10096896250000001 0.62378595 0.08906004375 0.587705046875 0.09081135781250001 0.5502936796875 0.09330516562499999 0.5516241828124999 0.1062229015625 0.582762459375 0.103771075 0.624774453125 0.10096896250000001
0 0.4077948953125 0.26304718125000004 0.395438425 0.25814350625000004 0.389013046875 0.25674245625 0.374185284375 0.255691665625 0.37270251249999997 0.292819503125 0.42015136249999996 0.29211896875 0.419162821875 0.27880899531250003 0.41471448750000006 0.27005243125 0.4077948953125 0.26304718125000004