5 0.24372453906249997 0.1743946609375 0.1539312875 0.17386134375 0.1532186421875 0.2069269984375 0.190276175 0.2069269984375 0.24301189375 0.2069269984375 0.24372453906249997 0.1743946609375
5 0.368793709375 0.1743946609375 0.281494715625 0.1743946609375 0.280782071875 0.20479373125000003 0.325322375 0.20639368125000002 0.368793709375 0.20639368125000002 0.368793709375 0.1743946609375
0 0.198471590625 0.483718525 0.188138240625 0.5109176921875 0.1827934046875 0.5402501281250001 0.1827934046875 0.562116125 0.2519199546875 0.5615828078125 0.2519199546875 0.5445166640625 0.198471590625 0.483718525
0 0.35382816875 0.51998408125 0.3474143640625 0.5013179859375 0.338506303125 0.482118575 0.28790851875 0.541850078125 0.287552196875 0.561049490625 0.3573913921875 0.562116125 0.3570350703125 0.5375835421875 0.35382816875 0.51998408125
0 0.321402828125 0.6634463562499999 0.316057990625 0.6437136265625 0.3046556734375 0.6197143625 0.2540578890625 0.6778459156250001 0.254770534375 0.70344513125 0.3246097296875 0.7045117656250001 0.3231844390625 0.6762459640625 0.321402828125 0.6634463562499999
3 0.38992150312499996 0.3401035015625 0.38903127187500003 0.17787979375000001 0.36855594062499997 0.1775466859375 0.3683333828125 0.174215603125 0.28109067187500003 0.17588114531250001 0.28109067187500003 0.17787979375000001 0.25082279375 0.178212903125 0.251267909375 0.346765665625 0.25171302500000003 0.5586225 0.3896989453125 0.5579562828125 0.38992150312499996 0.3401035015625
3 0.781821165625 0.702860034375 0.8808276968750001 0.702860034375 0.881271665625 0.64751199375 0.881271665625 0.2725475046875 0.8809756828124999 0.17843251875 0.840286740625 0.178875159375 0.8404347359375001 0.1755553515625 0.8176475859375 0.17533403125 0.7546137093749999 0.17533403125 0.7546137093749999 0.17843251875 0.7408504781249999 0.178875159375 0.740702490625 0.17599799375 0.655185703125 0.1755553515625 0.655185703125 0.17843251875 0.610428990625 0.17812530625 0.60979363125 0.507057334375 0.6116034406249999 0.701280840625 0.781821165625 0.702860034375
5 0.7413398124999999 0.20479799375000002 0.74124283125 0.17506503125 0.694400975 0.1752100703125 0.654928459375 0.1746299140625 0.65469865 0.2046529546875 0.6806277796875 0.2045079171875 0.7413398124999999 0.20479799375000002
5 0.8407079546875 0.20479159687499998 0.8406109734375 0.17490184687500002 0.8020045187499999 0.17490184687500002 0.754082578125 0.174688246875 0.7543034796875 0.20479159687499998 0.7743708390624999 0.2046465578125 0.8407079546875 0.20479159687499998
3 0.3761446484375 0.7023526046875 0.617865734375 0.7020284875 0.6174154984375 0.680118096875 0.659512715625 0.605660959375 0.6534345171875 0.5982543671875 0.6408278671875001 0.589501125 0.6212615375 0.5814212078125001 0.6210364265625 0.39410003437499996 0.6201359531249999 0.1785264265625 0.59874965625 0.1781897640625 0.59874965625 0.1754964578125 0.51374068125 0.1744864671875 0.5135155703125001 0.1778530984375 0.5090131765625 0.17886308906249998 0.5090131765625 0.1758331203125 0.42301776562500004 0.1751597921875 0.42324287656250004 0.1781897640625 0.378867365625 0.177564865625 0.3784201109375 0.269418975 0.3784201109375 0.522851559375 0.3761446484375 0.7023526046875
5 0.5094069421875 0.2048811953125 0.50919013125 0.17489006406250002 0.45939707968750004 0.175052178125 0.4228077453125 0.1747317171875 0.4229021390625 0.2048811953125 0.4548807328125 0.20471908125 0.5094069421875 0.2048811953125
5 0.599311375 0.20521388593749998 0.5989861656250001 0.17457429375 0.5580129609375 0.1742500671875 0.51324293125 0.174087953125 0.51269816875 0.205376 0.54359274375 0.205051771875 0.599311375 0.20521388593749998
0 0.6516133609375 0.596778665625 0.641216490625 0.589781875 0.6285669781250001 0.5833033640624999 0.6202494749999999 0.5812302421875 0.60953406875 0.579978115625 0.6107190124999999 0.68177670625 0.6169571375 0.68177670625 0.6595842921874999 0.6061077171875 0.6516133609375 0.596778665625
0 0.41970061562499994 0.5956887890625 0.410342246875 0.5890091875000001 0.4001331203125 0.583601890625 0.392688965625 0.5807392015625 0.38609556875 0.5794669015625 0.3780689796875 0.57847769375 0.376311821875 0.6822055375 0.3854574921875 0.6828416875000001 0.4292716796875 0.6065033828125 0.41970061562499994 0.5956887890625