3 0.56432798125 0.467966096875 0.914396796875 0.46832801875 0.9152949906250001 0.3344741515625 0.91559438125 0.250717771875 0.8112489953124999 0.250536809375 0.811847778125 0.276957234375 0.66331023125 0.277319159375 0.56480918125 0.27747704687499997 0.56432798125 0.3153018484375 0.5637291875 0.42364974375 0.56432798125 0.467966096875
0 0.6478592546875 0.30951106875 0.6559429390625 0.301186825 0.661930846875 0.290148153125 0.6637272140625 0.2774808265625 0.581692903125 0.27747704687499997 0.58229170625 0.28236679531250003 0.6382786140625 0.31566377343749996 0.6478592546875 0.30951106875
5 0.792838353125 0.47031859843749996 0.79313774375 0.4569274265625 0.760431896875 0.4569274265625 0.670014509375 0.4565528453125 0.6712838750000001 0.47013763593749996 0.7137979953125 0.47031859843749996 0.792838353125 0.47031859843749996
3 0.8118403125 0.23175576250000002 0.8114222859375 0.25752794218749997 0.9150941125 0.2590439578125 0.9155121359375 0.14841555312500002 0.9146760859375 0.038545151562500005 0.7348995984375 0.039050481250000005 0.5660148140625 0.03930315625 0.5643667171875 0.1155686421875 0.5647847765625 0.2327664296875 0.8118403125 0.23175576250000002
5 0.70577599375 0.05003970625 0.70577599375 0.038814517187499994 0.6612039281250001 0.038814517187499994 0.6114730609375 0.0389392421875 0.6112667109375 0.050164426562499996 0.6477910390625 0.050289150000000005 0.70577599375 0.05003970625
5 0.8763776546875001 0.0500083234375 0.8765840046875001 0.0389078625 0.83325005 0.0389078625 0.7821262953125 0.038835048437500005 0.7818683562500001 0.0501330453125 0.8252023109375 0.0501330453125 0.8763776546875001 0.0500083234375
0 0.6535226984375 0.20389231093750002 0.6465634046875001 0.197582746875 0.6378642671875 0.1926753078125 0.5833496640625 0.226151053125 0.583277165625 0.2317338484375 0.662221834375 0.2319348265625 0.662801790625 0.22089308124999998 0.6604820109375 0.21212979999999998 0.6535226984375 0.20389231093750002
5 0.241138540625 0.091766371875 0.2414600796875 0.07505370624999999 0.2414600796875 0.0472640328125 0.21991835312500002 0.0470696984375 0.22023987968749997 0.0688350359375 0.22023987968749997 0.09157204218750001 0.241138540625 0.091766371875
3 0.30133092499999997 0.38617904375 0.414994609375 0.3864218046875 0.41459297812499996 0.26582179375 0.41459297812499996 0.22020230624999998 0.41459297812499996 0.17130555625 0.391900396875 0.1710627953125 0.338982875 0.1388970828125 0.3311509203125 0.1442378046875 0.3235198 0.1520061265625 0.317896853125 0.1619592921875 0.31669194218749996 0.1711841734375 0.223461603125 0.17125488125 0.222309209375 0.307557121875 0.22291165781250002 0.3877569828125 0.30133092499999997 0.38617904375
5 0.24058375625 0.277461340625 0.2411862203125 0.250285146875 0.2403829390625 0.2124275125 0.22170674531249998 0.2122031796875 0.22090346562500002 0.229050109375 0.22130511249999998 0.277461340625 0.24058375625 0.277461340625
0 0.3287316375 0.1453658828125 0.3215307796875 0.152205321875 0.31844470937499997 0.1592001984375 0.315872978125 0.167438615625 0.3156158078125 0.1716355375 0.31574438437499996 0.17716688125 0.3953394984375 0.1775423296875 0.3953394984375 0.17225730781249998 0.3397900734375 0.138526446875 0.3287316375 0.1453658828125
0 0.2731179328125 0.365306028125 0.2852050671875 0.36033189062500004 0.2906057 0.3556686375 0.234027596875 0.3219593453125 0.2228405671875 0.32147185 0.22296916093750002 0.3710573734375 0.2404569265625 0.37167913750000003 0.25845905 0.369192071875 0.2731179328125 0.365306028125
3 0.16794025937499998 0.5692738390625001 0.4163787140625 0.5714501046875 0.4163787140625 0.500582628125 0.415349959375 0.37969420625 0.2414945125 0.38062689375000003 0.2389226859375 0.3784506265625 0.225549196875 0.3784506265625 0.06442424062499999 0.37765396875 0.065581575 0.6217819390625 0.16794025937499998 0.6224037250000001 0.16794025937499998 0.5692738390625001
5 0.20653439687500003 0.389847309375 0.20633373437500002 0.37747605625 0.1497462109375 0.37735476874999996 0.09712182968750001 0.3773744734375 0.09616867500000001 0.3894834484375 0.1423216140625 0.38972601875 0.20653439687500003 0.389847309375
0 0.331029703125 0.53957230625 0.3234633140625 0.5490047609375 0.320153015625 0.5565793109375 0.31873431874999997 0.56286761875 0.318970765625 0.570027496875 0.399363696875 0.5704421671875 0.39912725 0.5644396921875 0.344743796875 0.531140259375 0.331029703125 0.53957230625
3 0.1117251859375 0.8076451 0.416155403125 0.8080513015624999 0.41548338124999995 0.616799746875 0.3207269734375 0.616799746875 0.064851009375 0.6162352390625 0.0653550625 0.6553880000000001 0.066027084375 0.8076451 0.1117251859375 0.8076451
0 0.321659740625 0.6364753046875 0.3283765171875 0.64527151875 0.3470342734375 0.6556465499999999 0.4007686203125 0.62204048125 0.4007686203125 0.616401878125 0.3177416015625 0.6163745656249999 0.3179281890625 0.6231682000000001 0.3179281890625 0.6274535421875 0.321659740625 0.6364753046875
0 0.3783793125 0.7726438124999999 0.367930984375 0.7658774890625 0.3112113859375 0.7994835609375001 0.309345609375 0.8068780437499999 0.3925592203125 0.8071520624999999 0.3910665921875 0.792942778125 0.385469265625 0.7812144953125 0.3783793125 0.7726438124999999
5 0.2529991875 0.8092372624999999 0.25262603906250003 0.7950279874999999 0.20859372031249998 0.7950279874999999 0.12789891874999998 0.7950420265625 0.1276190640625 0.808786171875 0.177621859375 0.8092372624999999 0.2529991875 0.8092372624999999