5 0.1933525296875 0.7947176859375 0.15923697812499998 0.7947176859375 0.1277867265625 0.7943955859375 0.128319796875 0.79729448125 0.128319796875 0.803414371875 0.12938591093750001 0.8088900593749999 0.2530547234375 0.80856796875 0.25252165312499997 0.7943955859375 0.1933525296875 0.7947176859375
0 0.39306179375 0.7893894421875001 0.3885603765625 0.78164794375 0.37609492499999997 0.770977234375 0.3646682765625 0.7663741796875 0.309055578125 0.8020841624999999 0.3068424375 0.805709359375 0.3954856484375 0.8067555046875 0.39306179375 0.7893894421875001
5 0.7308303109375001 0.453414234375 0.6977049734375 0.4529010015625 0.6686799359375 0.45432947031250004 0.6688264609375 0.47240379062500004 0.7962315453125 0.4718905578125 0.7953821984375 0.4529010015625 0.7308303109375001 0.453414234375
5 0.1656172796875 0.3755689109375 0.12742504999999998 0.3755689109375 0.10930102343749999 0.375425346875 0.0966131421875 0.375979 0.096990590625 0.3910742546875 0.20918032968750003 0.3910742546875 0.21037384062500003 0.3762900921875 0.1656172796875 0.3755689109375
5 0.2436093109375 0.238538596875 0.24634994687499998 0.21811406562500002 0.24543641875 0.207625790625 0.2326467203125 0.207073778125 0.21859606718750002 0.2080596609375 0.218029865625 0.2440587421875 0.218029865625 0.2788356453125 0.24269578281249998 0.27993966875 0.2436093109375 0.238538596875
5 0.2415934359375 0.06723366875 0.24245719999999998 0.0453125703125 0.2303645125 0.0450516078125 0.2191051515625 0.0450375203125 0.218703671875 0.0659288453125 0.2191355671875 0.09124249062499999 0.2411615390625 0.0915034578125 0.2415934359375 0.06723366875
5 0.7084915171875 0.0365832421875 0.6567391546875 0.0362825546875 0.6383272765625 0.0359818671875 0.614939196875 0.0356811875 0.607972540625 0.035380499999999995 0.6069773015625 0.0504148375 0.6572367890625 0.051016214062499995 0.707993884375 0.051316901562499996 0.7084915171875 0.0365832421875
5 0.879092409375 0.0368102265625 0.8235028 0.03638770625 0.797281265625 0.036176448437499995 0.7930858109375001 0.0359651890625 0.782649109375 0.0358888921875 0.7825972265625001 0.0509645484375 0.8493746812499999 0.051598325 0.879092409375 0.0513870671875 0.879092409375 0.0368102265625
0 0.398268240625 0.17092571406249998 0.386718675 0.1654977296875 0.363619540625 0.1505061359375 0.3388093765625 0.13551454375 0.3139991921875 0.1603282140625 0.314053984375 0.1764881734375 0.3388093765625 0.177129134375 0.398268240625 0.177129134375 0.398268240625 0.17092571406249998
0 0.2526455515625 0.370457659375 0.2763173578125 0.364100453125 0.29021983906250004 0.35501872031250004 0.281014153125 0.349229121875 0.2518940625 0.33344960625 0.22480992031249997 0.31884898906250003 0.2244648140625 0.3198270140625 0.2244648140625 0.371819921875 0.2526455515625 0.370457659375
0 0.39997246406250003 0.562549290625 0.38089444375000003 0.552038559375 0.34386070625 0.5283046375 0.325904925 0.544579321875 0.31580481250000003 0.5693304125 0.3270271640625 0.570347584375 0.411194784375 0.5700085265625 0.39997246406250003 0.562549290625
0 0.37921110156250004 0.6364317671874999 0.4072669953125 0.616088403125 0.359010875 0.61574935 0.33488283124999996 0.61574935 0.31653462656250003 0.61555993125 0.32085486875 0.634736490625 0.3337605921875 0.6506721265625 0.343299571875 0.6574532390625001 0.37921110156250004 0.6364317671874999
3 0.41347770625 0.616391996875 0.27091112968750003 0.6167246093750001 0.166876078125 0.6170572296875 0.09036352187499999 0.6170572296875 0.07660227343750001 0.6177224515625 0.0661437375 0.6177224515625 0.0661437375 0.8056028749999999 0.3149471421875 0.8059354875 0.4145785796875 0.8059354875 0.41347770625 0.616391996875
0 0.6650905890625001 0.2923612859375 0.6694977765625 0.27804743125 0.5703363578125 0.27804743125 0.568535515625 0.27850437031249997 0.596228509375 0.29768736875 0.6353421640625 0.31832595 0.6546235640625 0.308006659375 0.6650905890625001 0.2923612859375
0 0.665495396875 0.2126986171875 0.651782515625 0.20026958437500003 0.6375799015625 0.19227949375 0.6028080046875 0.21181083125 0.5744027765624999 0.2277910125 0.5665668562499999 0.23400552968750002 0.6694133703125 0.23222995000000002 0.665495396875 0.2126986171875
3 0.9139636578125 0.040720584375 0.74059974375 0.0401418234375 0.613210778125 0.0401418234375 0.568193615625 0.038984309375 0.5678951062500001 0.0400597546875 0.5662779875 0.234604934375 0.9130058703125 0.232289890625 0.9139636578125 0.1286919875 0.9139636578125 0.040720584375
3 0.757206409375 0.27722009375 0.6318824875 0.27774964999999996 0.5906921078125 0.27722009375 0.5661531359375 0.2766905328125 0.5661531359375 0.46786189843750003 0.9140804046875 0.46733235000000006 0.9158331437499999 0.27827921093749997 0.757206409375 0.27722009375