5 0.3760153984375 0.3913100578125 0.3032513171875 0.390928959375 0.3032513171875 0.40899294218750004 0.3373975796875 0.40899294218750004 0.375608884375 0.40929782187499997 0.3760153984375 0.3913100578125
5 0.17276381875 0.48826105000000003 0.12184930468749999 0.48810860937499995 0.1215444265625 0.5062488140625 0.1439021109375 0.506858565625 0.172357321875 0.5062488140625 0.17276381875 0.48826105000000003
0 0.26585304375 0.5867364359375 0.26544652812499997 0.5775901171875 0.26097500625 0.5675291640625 0.253251434375 0.5592974765625 0.2422758515625 0.5525901656250001 0.2256092359375 0.547407253125 0.20264179843750002 0.5464164 0.20365806718749999 0.5464926218749999 0.20406456562500003 0.587041309375 0.26585304375 0.5867364359375
5 0.5060963828125 0.637955828125 0.5056898671875001 0.5882608140625 0.48068992499999996 0.5882608140625 0.48170619531250003 0.6071632124999999 0.4812996796875 0.637955828125 0.5060963828125 0.637955828125
0 0.266259540625 0.6724069578125 0.263414025 0.6580777328125 0.255690453125 0.6467972625 0.24512138593750002 0.637955828125 0.2252027203125 0.6324680359375 0.2035564296875 0.6323918078124999 0.20365806718749999 0.6324680359375 0.2048775765625 0.6717972125 0.266259540625 0.6724069578125
5 0.1467476265625 0.7565531015625 0.1215444265625 0.7560957859374999 0.12073142343750001 0.7733213640625001 0.17276381875 0.773931109375 0.173170334375 0.7562482296875 0.1467476265625 0.7565531015625
5 0.338210609375 0.80990664375 0.3032513171875 0.8096017578125 0.3028448390625 0.8285041578125 0.37520236875 0.8278943984374999 0.375608884375 0.80990664375 0.338210609375 0.80990664375
3 0.2048775765625 0.6221021984374999 0.20406456562500003 0.7568579890625 0.1947149875 0.7568579890625 0.194308490625 0.8275895249999999 0.5044703578124999 0.827284653125 0.5048768734375 0.5327731484375 0.5040638796875 0.39222468906249996 0.195121503125 0.391614934375 0.1938003546875 0.48993787343750006 0.195121503125 0.506858565625 0.2044710609375 0.506858565625 0.2048775765625 0.6221021984374999
3 0.216060071875 0.5861019453125 0.26600011874999996 0.5854083359375 0.265075296875 0.5763913859375001 0.2590640015625 0.565987209375 0.2484286140625 0.5559298328125 0.23363157656250003 0.5495139265625 0.2162912828125 0.547433090625 0.216060071875 0.4895165078125 0.193633284375 0.48934310312499996 0.06808955312500001 0.4895165078125 0.0673959421875 0.5732267765625 0.067164740625 0.6313601125 0.2167536828125 0.6306665031249999 0.216060071875 0.5861019453125
5 0.8469340875 0.3915123640625 0.7765725140625 0.3916745703125 0.7762841640625 0.40578653437499995 0.8100231109375 0.4062190859375 0.8477991890625001 0.4062190859375 0.8469340875 0.3915123640625
0 0.7399499140625 0.6041109890625 0.7341825546875 0.593946046875 0.723512990625 0.5852950375 0.7090946203125 0.5796718765625 0.69035076875 0.5775091265625 0.6900623921875 0.6237920375 0.7425452171875 0.6242245921875 0.7419684656250001 0.61427593125 0.7399499140625 0.6041109890625
0 0.6113381828125 0.607571390625 0.6073010531249999 0.6160061265625 0.6090312546875001 0.6270361671875 0.6142218625 0.6359034578125 0.6290727578124999 0.648123009375 0.6580536484375 0.6244408640625 0.6194124703125 0.5976227296875 0.6113381828125 0.607571390625
0 0.76215416875 0.670507503125 0.7592704890624999 0.6596937453125 0.75263805625 0.651907834375 0.7393731609375 0.6423917171875 0.7075806921875001 0.66872323125 0.7500427515625 0.6962442671875 0.7566751859374999 0.6888909109375 0.7604239671874999 0.6800236203125001 0.76215416875 0.670507503125
5 0.6197008328125 0.7563688046875 0.5946128984375 0.7565850765625 0.5946128984375 0.7734545500000001 0.64536550625 0.7736708218749999 0.64594223125 0.75593625 0.6197008328125 0.7563688046875
5 0.8117533140625 0.8106538984375 0.7765725140625 0.8100050718749999 0.7768608890625 0.8277396484375 0.8477991890625001 0.8273071 0.8475108125 0.81022135 0.8117533140625 0.8106538984375
3 0.7761321828125001 0.8264571671875001 0.84775210625 0.8266819125 0.9772073578124999 0.8269066578125001 0.9766080374999999 0.6387919937500001 0.93435528125 0.638567246875 0.7518593234375001 0.6383424984375 0.7431690343749999 0.640589984375 0.7069095828124999 0.6693578203125 0.6775424140624999 0.6689083234375001 0.67686816875 0.756279378125 0.667653471875 0.7572345640625 0.66825280625 0.8266819125 0.7761321828125001 0.8264571671875001
3 0.6679594984375 0.3920621609375 0.6668373484375001 0.5019244828125 0.6672113937499999 0.5193178031250001 0.6773107390625001 0.5184761921875001 0.6773107390625001 0.531688459375 0.6769366953125 0.624546334375 0.743143515625 0.6234241890625001 0.742021365625 0.639695353125 0.7502504562500001 0.6469893296875 0.93353486875 0.6469893296875 0.9769246718750001 0.645867171875 0.9775792359375 0.5501337921875 0.9769246718750001 0.5014717375 0.9765506109375 0.3920621609375 0.6679594984375 0.3920621609375