5 0.44098178125 0.1687750109375 0.3317640296875 0.24903396875 0.34643229062500003 0.260461790625 0.39987328906249997 0.2208277375 0.45779888281250003 0.17802295937499998 0.44098178125 0.1687750109375
0 0.578882009375 0.406843565625 0.56318605 0.4010305625 0.544874084375 0.4007663390625 0.5280569828125 0.4031443828125 0.5134821609375 0.40869315000000006 0.503018175 0.416289671875 0.544500359375 0.44489225625 0.5882248203125 0.41265655468749995 0.578882009375 0.406843565625
0 0.44434520156249996 0.39257530625000003 0.43687091093749997 0.40129479687499997 0.4331338015625 0.4150345984375 0.43649722031250004 0.4303597625 0.447334896875 0.441457296875 0.45593029218750003 0.44700606406250004 0.4970387859375 0.4163557375 0.4529405984375 0.3862338578125 0.44434520156249996 0.39257530625000003
0 0.5351575484375 0.5918024765625 0.529551846875 0.5785911203125 0.5190878624999999 0.57119276875 0.5086238765625 0.565644 0.49367536406249996 0.5611521374999999 0.47274739375 0.5611521374999999 0.47312111874999996 0.6026357890625 0.5362786875000001 0.6021073296874999 0.5351575484375 0.5918024765625
0 0.403610434375 0.6420056062499999 0.39127789375 0.6427982875 0.3770767796875 0.64808283125 0.3658653796875 0.656273865625 0.3568962578125 0.6652575921875 0.35278540625 0.67741203125 0.351664265625 0.6887737890625 0.4178115296875 0.6898307046875 0.416690390625 0.6420056062499999 0.403610434375 0.6420056062499999
0 0.472373703125 0.6752982109375 0.4824639640625 0.6752982109375 0.482277084375 0.6332861140625 0.47125256406249993 0.6324934328125 0.45817257343750006 0.6340787953125 0.4432240625 0.6406844734375 0.472373703125 0.6752982109375
0 0.10146318437499999 0.72715276875 0.0999683203125 0.7171121375 0.0924940640625 0.7057503796875 0.081656371875 0.6983520203125 0.0700712625 0.6925390250000001 0.0543753015625 0.6906894390625 0.038866187499999996 0.689764640625 0.03942675625 0.73032349375 0.1010894609375 0.730587715625 0.10146318437499999 0.72715276875
5 0.059607278124999996 0.6444497078125 0.060728417187499995 0.61010019375 0.039707040625 0.6102983640625 0.03942675625 0.6772138609375 0.059981001562500004 0.677478084375 0.059607278124999996 0.6444497078125
0 0.23114170781249999 0.6254253624999999 0.242353109375 0.628067634375 0.2531908203125 0.6301814484375 0.261412490625 0.6293887671875 0.261412490625 0.5863197609374999 0.2036737765625 0.5857252515625 0.204608071875 0.5995311156249999 0.20871890781250002 0.61010019375 0.2191828921875 0.6190839140625 0.23114170781249999 0.6254253624999999
0 0.109684890625 0.5672954156250001 0.1059477453125 0.5791856328125 0.10632147031250001 0.5863197609374999 0.16873158906250002 0.585791309375 0.1698527296875 0.5458930265624999 0.1686381484375 0.54470400625 0.147056203125 0.5458930265624999 0.1313602421875 0.550384890625 0.1190277015625 0.5580474718749999 0.109684890625 0.5672954156250001
5 0.0459803890625 0.5758723406249999 0.0588685421875 0.57597954375 0.0585652953125 0.546391278125 0.045828765625000004 0.54649848125 0.0459803890625 0.54821374375 0.039422590625 0.548481753125 0.0402186234375 0.5736210609375 0.0456771359375 0.57340665 0.0459803890625 0.5758723406249999
5 0.039460499999999996 0.525486525 0.0459803890625 0.5251649140625 0.0459803890625 0.5273089921875 0.059020171875000006 0.5275234015625 0.0590959796875 0.473546253125 0.0462836421875 0.4738142640625 0.045828765625000004 0.47617275000000003 0.0393088703125 0.47606554531249995 0.039460499999999996 0.525486525
5 0.202964515625 0.35104650625 0.2115964734375 0.3582738171875 0.2533933140625 0.32856153906249996 0.2908741703125 0.30141897812499996 0.279970646875 0.29451288125 0.2779262375 0.295476521875 0.273723825 0.29218407968750004 0.2002386359375 0.3467101203125 0.20478177187500002 0.34960104375 0.202964515625 0.35104650625
3 0.5624410359375001 0.4562173890625 0.735317625 0.3281136078125 0.74621120625 0.3163929984375 0.6377489265625 0.242030484375 0.48263358749999996 0.137800821875 0.29531113593749997 0.2753852 0.4364542203125 0.3711592828125 0.5624410359375001 0.4562173890625
3 0.17050844375000002 0.3679762703125 0.2747080328125 0.439639396875 0.37180310625 0.5066142859375 0.5032366890625 0.408328634375 0.4248501875 0.35555090312500004 0.3007579265625 0.2718322984375 0.17050844375000002 0.3679762703125
0 0.24392178125 0.504237153125 0.2567099140625 0.5132787609375 0.29270615312500003 0.4868236875 0.23918544375 0.47543795468749994 0.2372909125 0.487493434375 0.23776454062500002 0.49686992031250005 0.24392178125 0.504237153125
0 0.30691518906250004 0.5300224874999999 0.30691518906250004 0.5213157484375001 0.2496053953125 0.5215669046875 0.24913176875 0.528013240625 0.29981067031249997 0.5487754609375 0.30549428437500004 0.5383943437500001 0.30691518906250004 0.5300224874999999
3 0.3215532859375 0.7491099453125 0.321126140625 0.6757021859375001 0.31001965781249996 0.6757021859375001 0.3095925109375 0.5866052296875 0.1989551 0.5866052296875 0.040260903125000004 0.5868317484375 0.0400473296875 0.6766242859375 0.0396201453125 0.7497139828125 0.3215532859375 0.7491099453125
5 0.8249534625000001 0.6181634781249999 0.9221681 0.4930327375 0.9039714828125 0.4855425140625 0.8623437078125 0.5392077390625001 0.8065075937499999 0.611113853125 0.8249534625000001 0.6181634781249999
3 0.561726115625 0.675325771875 0.5672100265625 0.6873101203124999 0.7217563874999999 0.68942500625 0.7960383249999999 0.6545077671875 0.9510831921875 0.456001571875 0.744190534375 0.3132467765625 0.55624220625 0.452761784375 0.4734851375 0.5117746046875 0.4729865984375 0.615756496875 0.561726115625 0.675325771875