5 0.1568353734375 0.1119981640625 0.127831571875 0.11169131875 0.1274018859375 0.12856775468749998 0.1417963640625 0.1288745984375 0.157050215625 0.1288745984375 0.1568353734375 0.1119981640625
0 0.11902300937500002 0.12918144375 0.1196675375 0.111384475 0.0857223484375 0.1119981640625 0.0857223484375 0.127954065625 0.11408162031249999 0.14697841250000002 0.1181636375 0.13654570625 0.11902300937500002 0.12918144375
0 0.132987803125 0.267568215625 0.1299800015625 0.2776940765625 0.1280464140625 0.2865925609375 0.1284761 0.29763895625000003 0.16349550468750002 0.2973321109375 0.1628509765625 0.2884336265625 0.132987803125 0.267568215625
0 0.1175191078125 0.3516435484375 0.12396439687500001 0.35225723750000004 0.12331986875 0.30162793125 0.1175191078125 0.30162793125 0.10269494374999999 0.343665596875 0.109355075 0.3479614171875 0.1175191078125 0.3516435484375
5 0.049628728125 0.31758383437500004 0.0498435703125 0.2985594875 0.037382678125 0.2985594875 0.037382678125 0.3402903109375 0.049413884375 0.339369778125 0.049628728125 0.31758383437500004
0 0.19636648125 0.408102896875 0.20324145625 0.40779605312499995 0.20302661249999998 0.3587009671875 0.1957219515625 0.3599283453125 0.18841729062499998 0.3620762546875 0.18197200156249999 0.368213140625 0.19636648125 0.408102896875
0 0.1564056875 0.4924850765625 0.1619916046875 0.49279191874999995 0.1632806625 0.443696834375 0.1542572578125 0.44431052187500003 0.14824165312499998 0.44707212187499995 0.1420112078125 0.4519816296875 0.1564056875 0.4924850765625
0 0.21011643124999999 0.4719265078125 0.2165617203125 0.46671015625 0.2028117703125 0.42589986562500004 0.1961516375 0.425593021875 0.1965813234375 0.4746881078125 0.20560472968750002 0.47376757343750003 0.21011643124999999 0.4719265078125
5 0.049628728125 0.569196146875 0.049413884375 0.5446486046875 0.037382678125 0.544955446875 0.037597521875 0.5955847546874999 0.0498435703125 0.5952779109375 0.049628728125 0.569196146875
0 0.1946477375 0.577174096875 0.191639934375 0.5710372125000001 0.16499940625 0.5906752453124999 0.165643934375 0.6047900828125 0.197011009375 0.6047900828125 0.1961516375 0.5845383609375 0.1946477375 0.577174096875
0 0.206479771875 0.3273757625 0.2086162953125 0.3212728859375 0.2102949921875 0.3121185703125 0.17946800624999998 0.29882301718750004 0.17473713125 0.30536181406249996 0.1997649828125 0.3393635578125 0.2040380296875 0.33217088125 0.206479771875 0.3273757625
5 0.22666472031249998 0.6226611234375 0.226840975 0.6122142109375 0.2163537671875 0.6120883453125 0.216530021875 0.632478703125 0.22640033750000002 0.632856303125 0.22666472031249998 0.6226611234375
5 0.25142863437499996 0.6310941718749999 0.2279866375 0.63096830625 0.2279866375 0.64544294375 0.27971765937500004 0.64544294375 0.2794532765625 0.631471771875 0.25142863437499996 0.6310941718749999
5 0.29117427500000004 0.6319752375000001 0.29117427500000004 0.6096968828125 0.280687065625 0.6096968828125 0.280687065625 0.6183816656250001 0.28077519375 0.632478703125 0.29117427500000004 0.6319752375000001
3 0.170015309375 0.29571736406250004 0.1708033296875 0.21496485937499998 0.1704093203125 0.11198431093750001 0.038809984375 0.1128284140625 0.0384159734375 0.2172157984375 0.03821896875 0.2959987328125 0.10953477656249999 0.2965614671875 0.170015309375 0.29571736406250004
3 0.23069284687499997 0.3818158546875 0.2310868578125 0.3849108984375 0.23955807187499997 0.38462953125 0.2653657265625 0.406857571875 0.27580699062499997 0.407138940625 0.30181165 0.3840667953125 0.31461697499999997 0.383785428125 0.31461697499999997 0.2295959734375 0.314025959375 0.1125211609375 0.164696175 0.1130838953125 0.164696175 0.2090561390625 0.164696175 0.2895272765625 0.1987780390625 0.3370784046875 0.23069284687499997 0.3818158546875
3 0.165643590625 0.6146423515625 0.165821128125 0.6042461734375 0.1670639 0.6037390421875 0.166708821875 0.5905536453125 0.1617377390625 0.5910607765625 0.1626254328125 0.5385727546875 0.1620928171875 0.4254826171875 0.0875265703125 0.42497548749999997 0.0376382 0.42472192187499996 0.0376382 0.542376234375 0.0381708171875 0.6164173093749999 0.165643590625 0.6146423515625
3 0.21634139375 0.6452261984375001 0.29114843125 0.645425159375 0.2912877375 0.6050363453125 0.31413383437500003 0.6038425875 0.31413383437500003 0.466361459375 0.31413383437500003 0.3756358515625 0.30396453437500004 0.37603377031249996 0.2351476328125 0.3756358515625 0.2311077734375 0.38120672031249997 0.2311077734375 0.41602466250000003 0.1965600171875 0.41602466250000003 0.196977934375 0.48566054531249997 0.1965600171875 0.6044394671875 0.2162020890625 0.6048373859375 0.21634139375 0.6452261984375001
5 0.44046629375 0.11176335468750001 0.3984767296875 0.110854709375 0.3980525921875 0.12872472968749998 0.415866346875 0.129633375 0.44025422656249996 0.1290276125 0.44046629375 0.11176335468750001
5 0.5034506421875 0.11176335468750001 0.4680352 0.11176335468750001 0.4684593375 0.12842184843749999 0.48500068125 0.12872472968749998 0.5034506421875 0.12872472968749998 0.5034506421875 0.11176335468750001
5 0.5950642375 0.111157590625 0.54586434375 0.111157590625 0.545652275 0.12872472968749998 0.5706763593749999 0.12872472968749998 0.5952763062499999 0.1281189671875 0.5950642375 0.111157590625
0 0.509812696875 0.220497890625 0.5170230265625 0.2214065359375 0.5174471625 0.17264257968750002 0.5170230265625 0.17264257968750002 0.5085402859375 0.172339696875 0.501542025 0.175671396875 0.49560410624999995 0.1808203859375 0.509812696875 0.220497890625
0 0.44449559531249994 0.22231518125 0.44067836250000003 0.2132287296875 0.41162497656249997 0.23473333125 0.41183704531250004 0.2453341921875 0.44619214375 0.2453341921875 0.44598007500000003 0.2320073953125 0.44449559531249994 0.22231518125
0 0.4173508265625 0.305001890625 0.42392494999999997 0.2998529015625 0.40950429218749995 0.25835810625 0.4031422359375 0.25896386875 0.4033543046875 0.3080307078125 0.410776703125 0.3077278265625 0.4173508265625 0.305001890625
0 0.5327160953125001 0.313482578125 0.52911093125 0.3101508796875 0.520204053125 0.30681918124999996 0.510024765625 0.3065162984375 0.510024765625 0.3564917828125 0.5174471625 0.3561889 0.5327160953125001 0.313482578125
5 0.3736647140625 0.397986578125 0.37430091875 0.3789050296875 0.3624250828125 0.3789050296875 0.3619885609375 0.41615948124999996 0.3738767828125 0.41615948124999996 0.3736647140625 0.397986578125
0 0.5085279015624999 0.4352410296875 0.5087399687499999 0.42403440468750003 0.4726883234375 0.42403440468750003 0.4726883234375 0.43705831875 0.4750210765625 0.4503851140625 0.47799003593749995 0.4579571578125 0.5085279015624999 0.4352410296875
5 0.39973675625 0.61515276875 0.4495728546875 0.6154556515625 0.44936078593750006 0.5978885109375 0.42200394843750005 0.598494275 0.3999449296875 0.59761095 0.39973675625 0.61515276875
3 0.49601585937500003 0.5242882546875001 0.5161623671875 0.5236824906249999 0.5161623671875 0.42585169531249994 0.43769701875000006 0.42494305 0.36304890312500004 0.4255488140625 0.363473040625 0.536100640625 0.363473040625 0.6139412421875 0.4962279265625 0.61515276875 0.49601585937500003 0.5242882546875001
5 0.565162578125 0.597282746875 0.5333523015625 0.5981913921875 0.5333523015625 0.6148498874999999 0.5963366484375 0.61515276875 0.5963366484375 0.597282746875 0.565162578125 0.597282746875
0 0.52423335625 0.419188296875 0.5305954109375 0.4149479546875 0.5172350953125 0.373756040625 0.509812696875 0.3725445125 0.510236834375 0.4234286421875 0.5165988890625 0.4234286421875 0.52423335625 0.419188296875
3 0.49115066875 0.5158075656250001 0.4905144625 0.6148498874999999 0.6393865562500001 0.6148498874999999 0.6383262140625 0.5006634796875 0.6393865562500001 0.3916260609375 0.575553934375 0.3928375875 0.575341865625 0.3649724703125 0.510024765625 0.3649724703125 0.5106609703125 0.4237315234375 0.5104489015625 0.5158075656250001 0.49115066875 0.5158075656250001
3 0.5757290140625 0.373487934375 0.5746829953125 0.3579508359375 0.612758096875 0.35824962656250003 0.611712078125 0.3077540578125 0.6393269874999999 0.30655889687500004 0.6391177828125 0.2387334875 0.6393269874999999 0.1126439609375 0.5102482078125 0.11234517031249999 0.5102482078125 0.1727008203125 0.49685916093750004 0.1810669515625 0.51087581875 0.21961090625000002 0.5104574109375 0.2387334875 0.5102482078125 0.2880338953125 0.510039003125 0.37199398281249996 0.5757290140625 0.373487934375
0 0.799052128125 0.2594732015625 0.79363374375 0.255831471875 0.7850280781250001 0.2521897421875 0.7748287671874999 0.2512793109375 0.7751474968750001 0.3063604640625 0.7821595218749999 0.30727089531249996 0.799052128125 0.2594732015625
0 0.7971397578125 0.338680809375 0.7910839171874999 0.33276300000000003 0.7840718921875001 0.33048691875 0.7741913109375 0.330031703125 0.775466225 0.381471128125 0.7821595218749999 0.3805606953125 0.7971397578125 0.338680809375
5 0.699927590625 0.395582828125 0.6996088625 0.3732772375 0.6868597265624999 0.37418766875 0.6868597265624999 0.417433203125 0.699290134375 0.417433203125 0.699927590625 0.395582828125
3 0.7893480125 0.42526156718749997 0.6871272328125 0.42526156718749997 0.6879755375000001 0.5615633515625 0.810979796875 0.5615633515625 0.9619781265625 0.5621691375 0.9619781265625 0.49613849375 0.9636747375000001 0.19627456875 0.7749268234375 0.195668784375 0.7749268234375 0.3895202109375 0.7910446234374999 0.3870970671875 0.7893480125 0.42526156718749997
4 0.2782233765625 0.12767336093749998 0.2775083625 0.1123491609375 0.2464059859375 0.1123491609375 0.20073551875 0.11118073125000001 0.20028864531249999 0.127162553125 0.22030856875 0.127162553125 0.2782233765625 0.12767336093749998
1 0.27090732812499996 0.39425664843749997 0.2750026765625 0.40595980468750004 0.300393840625 0.38653255937500003 0.300721475 0.37623378125 0.23941409687499998 0.3755696234375 0.23912742968749998 0.38255348749999996 0.266811978125 0.40572573749999996 0.27090732812499996 0.39425664843749997