0 0.11876069375000001 0.1306619578125 0.1192983828125 0.11238853906249999 0.0866034078125 0.1125122828125 0.0863917984375 0.12682300468750002 0.11392149062500001 0.14617133124999998 0.11693255 0.139414771875 0.11876069375000001 0.1306619578125
5 0.156721559375 0.112081421875 0.127978746875 0.112389428125 0.127793875 0.1275907953125 0.1427416375 0.1278979109375 0.156721559375 0.1278979109375 0.156721559375 0.112081421875
0 0.134353684375 0.2696415765625 0.1320953890625 0.2742483203125 0.130589859375 0.2802370890625 0.128761715625 0.2883756703125 0.1285808828125 0.29704071718749997 0.1615607640625 0.297128484375 0.1619909140625 0.28883634375 0.134353684375 0.2696415765625
0 0.11306118750000001 0.3478052625 0.11693255 0.34964795937500004 0.123384821875 0.34964795937500004 0.1234197171875 0.3025692 0.1180079296875 0.30281272656249997 0.104350621875 0.34227716875 0.108221984375 0.3448876578125 0.11306118750000001 0.3478052625
0 0.1425265625 0.45300295312500005 0.156506484375 0.4920067203125 0.16220599062500002 0.4920067203125 0.1620424359375 0.4448354640625 0.1562914078125 0.4451714875 0.150914515625 0.447321303125 0.1458602359375 0.4500853484375 0.1425265625 0.45300295312500005
0 0.19414473593749998 0.5803112890625 0.191133675 0.5726333828125 0.166077353125 0.5905996859375 0.1661713671875 0.6046700140625 0.195757803125 0.6048805921875 0.1953276515625 0.5887569874999999 0.19414473593749998 0.5803112890625
5 0.0495656546875 0.5695452140625 0.0493656828125 0.5444168546875 0.0375563171875 0.5448240234374999 0.03796725625 0.5941024765625 0.0499656 0.5943880265625 0.0495656546875 0.5695452140625
5 0.049765628125 0.320815490625 0.049765628125 0.2988281734375 0.0372364015625 0.2992341390625 0.037767284375 0.3393762109375 0.0495656546875 0.34080395937499997 0.049765628125 0.320815490625
3 0.1171563234375 0.29654056562500003 0.1703489796875 0.295969465625 0.170748925 0.2317143921875 0.17094889687499998 0.11264022656249999 0.038516062499999996 0.11235737187499999 0.038767146875000005 0.19830830625 0.038367201562499995 0.29739721406249997 0.1171563234375 0.29654056562500003
3 0.1667494765625 0.6140893390625 0.16694944843749998 0.591530925 0.1617501671875 0.5909598265625 0.1617501671875 0.42505071406250006 0.0881603265625 0.4253362640625 0.038516062499999996 0.42534168906250003 0.038167228125 0.4778836453125 0.039167090625 0.61469520625 0.1667494765625 0.6140893390625
5 0.22613872812500002 0.6236441312500001 0.226228759375 0.612330790625 0.21668237812500002 0.612075496875 0.216415275 0.6317434546875 0.22613872812500002 0.632386259375 0.22613872812500002 0.6236441312500001
5 0.2282994953125 0.6452423281249999 0.27961771875 0.6453708890625001 0.27907752656249996 0.6312292125 0.2530582875 0.6313577734375 0.22793839999999999 0.6319937625 0.2282994953125 0.6452423281249999
5 0.2907816828125 0.6318720156250001 0.290961746875 0.6093738937500001 0.2807770390625 0.6097098140625 0.2815083890625 0.6195301890625 0.2813283265625 0.6321291375 0.2907816828125 0.6318720156250001
0 0.20774142968749998 0.3213464921875 0.20909280937500002 0.3125556578125 0.179212303125 0.2994766078125 0.1752114421875 0.30513850625 0.1990325375 0.33807052187500003 0.20488851718749998 0.3282076328125 0.20774142968749998 0.3213464921875
0 0.19708054531250002 0.4073251578125 0.2024860640625 0.40711074687500004 0.20211551249999998 0.3600314875 0.1964799328125 0.36015481718750003 0.190323646875 0.36294215625000004 0.1826658296875 0.3680880109375 0.19708054531250002 0.4073251578125
0 0.20639005 0.47272643125 0.212095875 0.4688670390625 0.2159998609375 0.46607970156249995 0.2021857578125 0.42662814375 0.196230246875 0.426589228125 0.19708054531250002 0.47379848437499994 0.2027863703125 0.4733696625 0.20639005 0.47272643125
3 0.21675062656250002 0.6039553875 0.21675062656250002 0.6451222296875 0.2906260484375 0.6451222296875 0.29092635625 0.6041697984375001 0.31404996406249996 0.603526565625 0.31404996406249996 0.376024821875 0.23627055624999999 0.3762392328125 0.23131549687500003 0.38074185625 0.23161580312500002 0.4169772546875 0.19671067656250002 0.41698295625000004 0.1969303921875 0.475941384375 0.1967802390625 0.6041697984375001 0.21675062656250002 0.6039553875
3 0.1682583671875 0.295831628125 0.21015113593749998 0.35286485624999997 0.23117259843750002 0.38052382812499996 0.23132275156249998 0.38502645156250004 0.23702857656249998 0.3837399875 0.2400316421875 0.3837399875 0.26600816250000003 0.40603869374999996 0.2753176671875 0.4053954625 0.300543421875 0.3843832203125 0.314357525 0.3824535234375 0.314207371875 0.209195259375 0.3138998109375 0.11292488437499999 0.165002309375 0.11215536718750001 0.1654054546875 0.19604654375 0.1651051484375 0.28918489687500004 0.1682583671875 0.295831628125
5 0.440370309375 0.11190687968749999 0.39809922656249996 0.11212459999999999 0.39791378593750004 0.1281458734375 0.41762574375000006 0.1286871734375 0.44018077031249997 0.1286871734375 0.440370309375 0.11190687968749999
5 0.5034864781249999 0.11136558125 0.468295246875 0.11147499375 0.4680428640625 0.1281458734375 0.48415359843749994 0.1281458734375 0.5029178640625 0.1281458734375 0.5034864781249999 0.11136558125
0 0.4445401453125 0.224767884375 0.440559846875 0.2134005890625 0.41250821562500006 0.23451128125 0.41250229843749997 0.245077171875 0.44491922187500005 0.2453372765625 0.44472968437500005 0.23396998125000001 0.4445401453125 0.224767884375
0 0.5108784625 0.2215200859375 0.5159959890625 0.2215200859375 0.5165076328125 0.1731875078125 0.5091726203125 0.17361505625 0.503107403125 0.17740415468749998 0.496663109375 0.180922603125 0.5108784625 0.2215200859375
0 0.41781528124999995 0.30353461406250004 0.4236909609375 0.299204215625 0.40985468281250004 0.2588773828125 0.40370884374999993 0.25915195625 0.403979003125 0.3067824125 0.412318678125 0.3062411125 0.41781528124999995 0.30353461406250004
0 0.5332439531250001 0.314901909375 0.524904278125 0.3100302109375 0.51732275625 0.3073237125 0.51044318125 0.3078723625 0.5108784625 0.3563113421875 0.5161855281250001 0.3563113421875 0.5332439531250001 0.314901909375
0 0.524714740625 0.4188390796875 0.5309694953124999 0.41450868124999996 0.516375065625 0.374993796875 0.5105947921875 0.37499825468750003 0.5103098484374999 0.42235752812499994 0.5192181359375 0.42046297812500005 0.524714740625 0.4188390796875
0 0.5068981640625 0.434266121875 0.5068981640625 0.42479337656249994 0.4723887515625 0.42393519375000005 0.47259177656249995 0.434807421875 0.47410808125 0.44455081874999997 0.4778988421875 0.4578126625 0.5068981640625 0.434266121875
5 0.42274327031250003 0.598833434375 0.3999185625 0.5986790484375 0.399430090625 0.615072428125 0.44889952187500004 0.614531128125 0.449089059375 0.5982921343750001 0.42274327031250003 0.598833434375
5 0.5609165078125 0.598562784375 0.5337913171875 0.598245978125 0.5340021046875 0.615884378125 0.596360121875 0.614801778125 0.596170584375 0.5982921343750001 0.5609165078125 0.598562784375
3 0.4955190390625 0.523318765625 0.49627719218750005 0.477308284375 0.5163682234375 0.47568438437499994 0.51665924375 0.4250178703125 0.3636005578125 0.42506859218750004 0.36341101875000004 0.6139864796875 0.4957085765625 0.6137158296874999 0.4955190390625 0.523318765625
3 0.4899245203125 0.516253409375 0.49107589531249995 0.6136663015625 0.6381639953125 0.6136663015625 0.6393153703125 0.391257525 0.5751262390625 0.39166855 0.5754140828125001 0.36536295937499996 0.5099459000000001 0.365282921875 0.5100735750000001 0.4229089828125 0.51122495 0.5154313593750001 0.4899245203125 0.516253409375
5 0.59555223125 0.11176986562499999 0.5462047015625 0.1120680828125 0.5462233734375 0.1279121125 0.5703739609375 0.12827898124999998 0.59555223125 0.1286458515625 0.59555223125 0.11176986562499999
3 0.496123753125 0.2471446109375 0.5161636015625 0.2471446109375 0.5161636015625 0.1121367359375 0.4512586515625 0.1120680828125 0.4509056328125 0.2959382171875 0.49560991093749995 0.2955713484375 0.496123753125 0.2471446109375
0 0.606599840625 0.3498741828125 0.612765946875 0.350241053125 0.6129957546875 0.306962715625 0.6048013921875001 0.306950484375 0.5970937578125 0.3113529140625 0.594524546875 0.3146547375 0.606599840625 0.3498741828125
3 0.4963806734375 0.181483271875 0.5105113359375 0.22037141093749998 0.5107682578125 0.296680209375 0.5110251781249999 0.3726221390625 0.5744846984375 0.3729890078125 0.5744846984375 0.3586811078125 0.6122521046875 0.3586811078125 0.612765946875 0.30842002343749997 0.639228825 0.30768628593749997 0.6394857453125 0.2577817546875 0.6394857453125 0.1132352796875 0.5106513109375 0.1120680828125 0.5115390203125 0.1723115421875 0.50588675625 0.17414588749999999 0.4963806734375 0.181483271875
0 0.8010826484375 0.2595383546875 0.7859267125 0.2529954703125 0.7752625390625 0.25118885625 0.7750003390625 0.30584183125000003 0.7827545390624999 0.304331934375 0.8010826484375 0.2595383546875
0 0.798615403125 0.33855624375 0.7845168578124999 0.330503465625 0.7749806031250001 0.33091696875 0.7750003390625 0.3803300328125 0.78028729375 0.3793234359375 0.798615403125 0.33855624375
5 0.6995731203125 0.3934157984375 0.6999255828125001 0.3722772546875 0.6867348625 0.371989028125 0.6868844281250001 0.41858073124999995 0.7006305109375 0.417574134375 0.6995731203125 0.3934157984375
3 0.7898038125 0.426141534375 0.688646746875 0.42563823593750005 0.68758935625 0.5610255765625001 0.823640321875 0.560018978125 0.9632159234375001 0.5610255765625001 0.9632159234375001 0.4266306796875 0.9628634593750001 0.1956165921875 0.7755444734375 0.195620778125 0.775352803125 0.38839413437500003 0.7898038125 0.3873875375 0.7898038125 0.426141534375
1 0.2704333296875 0.3958717765625 0.273867228125 0.406084334375 0.30076628125 0.386067715625 0.30191093750000003 0.37626365625 0.239274115625 0.3762202859375 0.23895572031249998 0.3844337078125 0.266713240625 0.4077183546875 0.2704333296875 0.3958717765625
5 0.37419363906249997 0.3980772921875 0.3744786296875 0.37772569218749996 0.3704887515625 0.376504596875 0.36250899375 0.3769116296875 0.36250899375 0.40011245312500004 0.3622240015625 0.417207796875 0.37419363906249997 0.41761482968749997 0.37419363906249997 0.3980772921875
4 0.2767320390625 0.12792578125 0.276481625 0.11112966718749999 0.24618055781249998 0.1107722984375 0.20054906875 0.11137857656250001 0.20010290625 0.12828314375 0.2261467875 0.1293552390625 0.2767320390625 0.12792578125