5 0.378669621875 0.292077378125 0.3240133859375 0.291879359375 0.3240133859375 0.30593867656249996 0.3481181875 0.3061366953125 0.378669621875 0.30593867656249996 0.378669621875 0.292077378125
5 0.4523854703125 0.291879359375 0.3963277921875 0.292077378125 0.395767215625 0.3055426390625 0.42463691875 0.30574065781250004 0.45210518281249995 0.3055426390625 0.4523854703125 0.291879359375
0 0.4338864359375 0.3641561328125 0.44762056718750004 0.3685125421875 0.46892248593749997 0.3685125421875 0.4694830625 0.33821570156249997 0.417629709375 0.337621646875 0.41931144062500003 0.3489087046875 0.42491720781250003 0.356829446875 0.4338864359375 0.3641561328125
3 0.3828739484375 0.41306671875 0.45042345156249997 0.41247266250000003 0.449862875 0.3900965640625 0.4694830625 0.3904926015625 0.46864219843750005 0.2926714328125 0.386237409375 0.2926714328125 0.306355215625 0.2926714328125 0.30579463906250004 0.3453443703125 0.30607492812500003 0.3900965640625 0.382033084375 0.3902945828125 0.3828739484375 0.41306671875
0 0.48410140156250003 0.5365274890625 0.49628988124999995 0.5290205203125 0.5041030078125 0.5195264125 0.5050405828125 0.509369925 0.45097373906250005 0.5098115109375 0.45034868906250003 0.5409433531250001 0.47097534531249996 0.5398393875 0.48410140156250003 0.5365274890625
0 0.6534900125 0.5228383109375 0.6391138578125 0.5153313421875 0.6172371 0.5133442031250001 0.618174675 0.5502166671875 0.663178290625 0.550879046875 0.6616156656250001 0.533215590625 0.6534900125 0.5228383109375
0 0.5369181453125 0.6133635234375 0.5341054187500001 0.6065189359375001 0.526292290625 0.5987911734375 0.5162914875 0.59238816875 0.5022278578125 0.58995944375 0.4834763515625 0.5901802375 0.48441392656250004 0.621753665625 0.5375431953125 0.6210912875 0.5369181453125 0.6133635234375
0 0.42315900468749995 0.7723346328125 0.43659758281250005 0.7657108359375 0.4428480859375 0.7570999015625001 0.4422230359375 0.7449562750000001 0.3900313421875 0.7445146874999999 0.3894062921875 0.776750496875 0.410658 0.7758673234375 0.42315900468749995 0.7723346328125
5 0.4791009984375 0.8074407515625 0.45878686562500004 0.7964010921875 0.44691091250000003 0.8072199578125 0.48066362500000004 0.8279745203125 0.4937896796875 0.8173764468750001 0.4791009984375 0.8074407515625
5 0.5706708578125 0.8323903843749999 0.56973328125 0.81825961875 0.5278549171875 0.8180388265625 0.49285210468749996 0.8175972390625 0.49253957968749995 0.8175972390625 0.492227053125 0.832169590625 0.5706708578125 0.8323903843749999
5 0.5847344875 0.8063367859374999 0.56817065625 0.8171556531249999 0.5812967109375 0.8279745203125 0.6150494234375 0.8072199578125 0.60161084375 0.7961802984374999 0.5847344875 0.8063367859374999
3 0.4875391765625 0.8323903843749999 0.5734835828125 0.8323903843749999 0.6153619484374999 0.8065575781250001 0.6678661671875 0.8058951984375 0.66817869375 0.70940856875 0.66755364375 0.621753665625 0.48535150156249995 0.622195253125 0.48597655156249997 0.670107378125 0.3919064921875 0.6694449984374999 0.3925315421875 0.71713633125 0.39128144374999996 0.8061159921875 0.44691091250000003 0.8065575781250001 0.4875391765625 0.8323903843749999
0 0.3776461703125 0.78599538125 0.36937223124999996 0.7770185406250001 0.3534153515625 0.7703381015625 0.33598098125 0.7697118109375001 0.336571978125 0.8056191687500001 0.38030565 0.8070805156249999 0.3788281609375 0.793093346875 0.3776461703125 0.78599538125
3 0.461701053125 0.5033814234375 0.461467515625 0.44382039687499997 0.4624016609375 0.38277446875 0.384634109375 0.38277446875 0.3059324109375 0.38260947968750003 0.306165946875 0.44976000000000005 0.306165946875 0.503876390625 0.4479224171875 0.503876390625 0.461701053125 0.5033814234375
3 0.5864602031249999 0.5502177640625 0.69391525 0.54888980625 0.69391525 0.45880990625000007 0.693601971875 0.3771404140625 0.6102694843750001 0.3773617421875 0.6096429234375 0.3530158234375 0.5338291578125001 0.352794496875 0.5316361984375 0.37780439375 0.4517497921875 0.37780439375 0.45206307343749996 0.4517274578125 0.4517497921875 0.5506604187499999 0.5864602031249999 0.5502177640625
1 0.5828484921875 0.35886519843750003 0.5766201421875 0.3641479390625 0.572135721875 0.369958953125 0.5664056515625 0.3652044859375 0.55893163125 0.3590412890625 0.5499628109375 0.354286828125 0.540993971875 0.3534063703125 0.5342673625 0.3534063703125 0.5342673625 0.3838701765625 0.60875843125 0.3838701765625 0.6075127609375001 0.353230271875 0.5970491421874999 0.3539346375 0.5900733812500001 0.3560477421875 0.5828484921875 0.35886519843750003
1 0.3941704921875 0.413390728125 0.4009147546875 0.41056036406249996 0.408291284375 0.406687228125 0.4131387078125 0.4043037640625 0.41714311249999997 0.398345096875 0.4192506921875 0.401175465625 0.423255096875 0.405644465625 0.42936708125 0.410113465625 0.438640434375 0.412347965625 0.44812454218750003 0.4130928 0.44875680781250005 0.3832994640625 0.384475628125 0.3831504953125 0.38300032968750003 0.4127948640625 0.3878477515625 0.413390728125 0.3941704921875 0.413390728125