3 0.8518136875 0.7211471921875 0.8516275671875 0.7827317734375 0.857397365625 0.783055909375 0.8633532984375 0.7811111265624999 0.8702395015625 0.776573321875 0.8760093 0.7707389953125 0.8823374718749999 0.7616633625 0.8862460437499999 0.75098436875 0.8890378828125 0.739315715625 0.8901546234375 0.7470948125 0.8944354406249999 0.7577910937500001 0.8998329921874999 0.7678391015625 0.907277903125 0.7762664609375001 0.915839540625 0.781128403125 0.92477343125 0.7821008 0.924587296875 0.721488596875 0.9932665421875001 0.721488596875 0.993080421875 0.63046005625 0.9462421531249999 0.63046005625 0.9462421531249999 0.478836596875 0.9466144078125 0.360905328125 0.9017640124999999 0.361553578125 0.902694625 0.246163509375 0.8500219375 0.2458393828125 0.7882757578125 0.2455043328125 0.7878095265625 0.5581791984375 0.7878095265625 0.7214713171875 0.8518136875 0.7211471921875
0 0.9069705265625 0.40763526250000004 0.9119929046875 0.42157481093750004 0.9225085 0.4377009625 0.93427969375 0.443987425 0.9460508890625 0.444534075 0.9462470749999999 0.3825594578125 0.905087134375 0.3825674921875 0.9054010343750001 0.3954137453125 0.9069705265625 0.40763526250000004
0 0.9495037796875 0.397600340625 0.956566496875 0.41235986875 0.9691224374999999 0.42274619687500004 0.9782254859374999 0.4243861390625 0.9782254859374999 0.3604282046875 0.9464432625000001 0.360686496875 0.946835634375 0.37300113281249997 0.947149540625 0.3842074390625 0.9495037796875 0.397600340625
5 0.9631778296875 0.7219938531250001 0.9631778296875 0.706379325 0.94499399375 0.7065252562500001 0.9235630374999999 0.7065844359375 0.9242962562500001 0.7215560640625001 0.9416421343750001 0.7215560640625001 0.9631778296875 0.7219938531250001
5 0.8531728734374999 0.722023828125 0.8530406312500001 0.7059027640625 0.8341297203125 0.7056724578125 0.8128384203125 0.7056288562499999 0.8127061781249999 0.7215632249999999 0.8298979125000001 0.721793521875 0.8531728734374999 0.722023828125
3 0.72690865 0.88056054375 0.7270522578125 0.6830652328125 0.7273394859375 0.5825669078125 0.6842766499999999 0.5828170078125 0.6123193062500001 0.5828170078125 0.6123193062500001 0.5237945093749999 0.6088726640625 0.5237945093749999 0.6019793546875001 0.52479489375 0.59350633125 0.5310472765625 0.585033309375 0.5455528046875 0.5790016734375001 0.5623091875 0.5771347328124999 0.58156653125 0.5222396171875 0.581911115625 0.5219049703125 0.7863146015625 0.5221921859374999 0.8800603515625 0.72690865 0.88056054375
0 0.59052584375 0.534798703125 0.5839197625 0.5460529921874999 0.578462559375 0.5603084265625 0.57659561875 0.5793156703125 0.576620571875 0.5937855796875 0.6119238124999999 0.5940712984375 0.6123546375 0.5232943203125 0.60014774375 0.526795653125 0.59052584375 0.534798703125
5 0.6067698234375001 0.879790221875 0.6067698234375001 0.8539206046875 0.592224371875 0.85378586875 0.5687814296875 0.8539057234375 0.5688587984375 0.880194434375 0.5854158593750001 0.879790221875 0.6067698234375001 0.879790221875
5 0.690483559375 0.8803265890624999 0.6902514484375 0.8543222328125 0.6725338468750001 0.8544569687499999 0.648278528125 0.8544107750000001 0.6480077359374999 0.8803265890624999 0.6678143109375 0.8797876359375 0.690483559375 0.8803265890624999
0 0.64421146875 0.648132346875 0.652412628125 0.6397786156249999 0.6566679484375 0.6316943609375001 0.6604590515625001 0.6225322046875 0.66324435 0.61372181875 0.6643275234375 0.602673334375 0.6644822593749999 0.5949932921875 0.66510638125 0.5830303031249999 0.6302849703125 0.582529503125 0.6298981234375 0.6525786874999999 0.6363197890625 0.6515007859375 0.64421146875 0.648132346875
3 0.5657589562500001 0.41002403750000005 0.6715623328125 0.4116743984375 0.7273397375 0.412853225 0.7276105078125 0.3086950953125 0.7269335984375 0.189435403125 0.6588346578125 0.189435403125 0.5981179375 0.18967116875 0.5229808953124999 0.19061423125000002 0.5218987203125 0.25683923124999997 0.5220341000000001 0.4093167421875 0.5657589562500001 0.41002403750000005
5 0.614059178125 0.21630664687499998 0.6139237984375 0.1884863078125 0.590096546875 0.188722075 0.5535772375 0.18888555 0.5531372453125 0.21607088124999999 0.578589071875 0.21630664687499998 0.614059178125 0.21630664687499998
5 0.6952526031249999 0.21618801250000003 0.6955233625 0.1897822640625 0.6723073109375 0.18907496875000002 0.6349757015625 0.1885909703125 0.6351429656249999 0.21571647968750002 0.6600532671875 0.21618801250000003 0.6952526031249999 0.21618801250000003
0 0.6582657109375 0.3608604296875 0.650821578125 0.3491511546875 0.6426570390624999 0.3424601421875 0.6343724421875 0.3401601078125 0.629689840625 0.3401601078125 0.629629803125 0.40944080781250003 0.6654697125 0.41020665625 0.6653496484375 0.3890881421875 0.6629483140625 0.3738242671875 0.6582657109375 0.3608604296875
3 0.26103618906250003 0.8799014125 0.46552709375 0.8799014125 0.46572669375000003 0.7179718859374999 0.46532747656250006 0.582112925 0.358589090625 0.5820812046875 0.358443084375 0.7002624281250001 0.26103618906250003 0.700957646875 0.26103618906250003 0.8799014125
0 0.3708322515625 0.6192865515625 0.37602476875 0.6321366796875 0.3851344484375 0.6445108765625001 0.393697546875 0.65085661875 0.40308051875000006 0.65244305625 0.40326271093750005 0.5829740937500001 0.3679399296875 0.5822113890625 0.368190446875 0.5997076265625 0.3684637359375 0.60827438125 0.3708322515625 0.6192865515625
5 0.43348232031249995 0.88081391875 0.4335794421875 0.8544284937500001 0.408036203125 0.8545976312500001 0.37333916562499997 0.8542442828125001 0.3733634484375 0.88047564375 0.403180075 0.88047564375 0.43348232031249995 0.88081391875
5 0.3517603546875 0.8806575734375001 0.3516717671875 0.8542783265624999 0.32040221562500004 0.854124059375 0.29190085468750004 0.853914603125 0.2919672921875 0.8806575734375001 0.31863057031249997 0.8805033109375 0.3517603546875 0.8806575734375001
0 0.316166328125 0.7298256796875 0.3191113671875 0.7411629203125 0.327171503125 0.756279234375 0.3408117140625 0.768696215625 0.3508868765625 0.7705857468749999 0.3513518890625 0.7009571015625 0.315856315625 0.7002481375 0.31570131562500003 0.709850546875 0.315856315625 0.7184884390625 0.316166328125 0.7298256796875
0 0.32517405 0.43349470312499994 0.32732307031249996 0.44331873593750004 0.332561315625 0.4571191609375 0.34182896875 0.47045176718750004 0.3541858578125 0.4772350296875 0.3657368546875 0.47746893281249997 0.3653674890625 0.4159404203125 0.324771103125 0.41431445624999996 0.3243681578125 0.423670675 0.32517405 0.43349470312499994
3 0.3523661953125 0.40968648593749996 0.40163914375000004 0.4103098171875 0.46475429999999995 0.40885538125 0.4651122359375 0.2869456984375 0.46499291718749997 0.191193759375 0.3219588875 0.1897393234375 0.2607228625 0.19060596093749999 0.26041528281250004 0.314973434375 0.2606539046875 0.41093314999999997 0.3523661953125 0.40968648593749996
5 0.3519809390625 0.2157225140625 0.3519809390625 0.18933484375 0.326751815625 0.18933484375 0.29215182500000003 0.189307909375 0.2919678515625 0.21593028749999998 0.3166650875 0.2157225140625 0.3519809390625 0.2157225140625
5 0.433484203125 0.2163445140625 0.433484203125 0.1895412953125 0.40687799843750005 0.1895412953125 0.3734711109375 0.189307909375 0.3738290453125 0.21613673906250003 0.39625937968749997 0.2165522953125 0.433484203125 0.2163445140625
0 0.380412428125 0.35032744375 0.3727039703125 0.3630803921875 0.36884974062500003 0.37684015 0.3673080578125 0.39026429687499997 0.3667299171875 0.39798319375 0.36692262656249996 0.40976524375 0.40353780468749995 0.4097293265625 0.4039232359375 0.338916915625 0.3912042671875 0.341266146875 0.380412428125 0.35032744375
0 0.1871052 0.8074805453125 0.1742227 0.8093244937499999 0.1639872765625 0.8170076015625 0.15639894375000002 0.8293005718750001 0.1512812453125 0.8440521437499999 0.1498694578125 0.8618769500000001 0.1498694578125 0.8686380859374999 0.14722236718749998 0.8695600578124999 0.147045896875 0.881853028125 0.188869928125 0.881853028125 0.18922288125 0.867408784375 0.18657579062500002 0.8667941328125 0.1871052 0.8074805453125
3 0.0059945359375 0.8816172984374999 0.111002321875 0.8813773062499999 0.111140115625 0.7676623499999999 0.111140115625 0.6769860296875 0.111277928125 0.5532044546875 0.057395978125000004 0.5524844984375 0.0069591765625 0.5524844984375 0.0061323390625000005 0.5865497125 0.0058567328124999995 0.764542525 0.0059945359375 0.8816172984374999
0 0.07334696874999999 0.5937329124999999 0.0783079640625 0.6062121796875 0.087954346875 0.619171425 0.0999434203125 0.6258910281250001 0.1109678578125 0.6268509765625 0.11062334375 0.5640863078125 0.0701774390625 0.565414571875 0.071142071875 0.5814936296875 0.07334696874999999 0.5937329124999999
5 0.0958092546875 0.883293609375 0.0958092546875 0.85593521875 0.065629859375 0.85545524375 0.0399980375 0.855245040625 0.0399980375 0.883293609375 0.06314935625 0.883293609375 0.0958092546875 0.883293609375
0 0.1351946453125 0.5302843390625 0.1410244 0.5148140046874999 0.14352285781250002 0.502244353125 0.144216875 0.4882243609375 0.1439392734375 0.48629056875 0.10326983125 0.48692667656250005 0.1035474453125 0.54841364375 0.11548454687500001 0.5476884734375 0.127144046875 0.5416453703124999 0.1351946453125 0.5302843390625
3 0.0058013515624999994 0.48950259375 0.032145 0.48928821874999995 0.032145 0.4787836671875 0.145965403125 0.47921242656249996 0.210347290625 0.4787836671875 0.21071659843749999 0.284862484375 0.21022419218750002 0.193571503125 0.05644186875 0.192928365625 0.0058780765625 0.1934477203125 0.0058013515624999994 0.299428803125 0.0058013515624999994 0.40464296875 0.0058013515624999994 0.48950259375
5 0.09529587187500001 0.21865379062499998 0.09517277187499999 0.192713984375 0.06759811875 0.192499609375 0.0419007578125 0.192376284375 0.041500684375 0.21822503124999998 0.06365888593749999 0.21801065625 0.09529587187500001 0.21865379062499998
0 0.15366098125 0.22394560624999998 0.1576002125 0.2374514546875 0.16547868593749998 0.25224357343750003 0.173480259375 0.261247475 0.18271284375000002 0.266821321875 0.19059131875 0.268107590625 0.19157964375 0.24685748593749998 0.192560934375 0.20830739999999998 0.1924378359375 0.1941584140625 0.1512912796875 0.1937155796875 0.15156825625 0.20315088750000002 0.15181446406250002 0.21386981249999998 0.15366098125 0.22394560624999998
0 0.13039486718749999 0.41379359375 0.124978415625 0.42022495156249995 0.1194388640625 0.42880009531249996 0.1167306390625 0.438018371875 0.1136531109375 0.4478797859375 0.112545203125 0.457955575 0.112545203125 0.4676026109375 0.112052796875 0.47925319843749997 0.1476290234375 0.47917905625 0.14836762812499998 0.40843413125000005 0.138765746875 0.409291646875 0.13039486718749999 0.41379359375
1 0.8695948874999999 0.7763210593750001 0.8792422500000001 0.76768033125 0.8864088765625 0.747518578125 0.8886139546875 0.7427181609375 0.89302419375 0.7595196015625 0.9026715546874999 0.772480746875 0.91342145625 0.78208158125 0.923620128125 0.7835216828125 0.9261008609375001 0.7825616140625 0.9244470109374999 0.7067150375 0.8514849984374999 0.705607790625 0.8514849984374999 0.73672465625 0.8522403078125 0.7823042890624999 0.861876990625 0.78304165 0.8695948874999999 0.7763210593750001