5 0.22215968125000002 0.0630215265625 0.10675713281250002 0.0634518390625 0.1071483328125 0.07992115625 0.1617591671875 0.0800776328125 0.2220031984375 0.07992115625 0.22215968125000002 0.0630215265625
0 0.23968522499999997 0.271293778125 0.225602203125 0.2742668625 0.21292748281249999 0.280213025 0.20338231874999999 0.2856897578125 0.194619553125 0.2942960484375 0.1855438234375 0.30493655625 0.1786587953125 0.3162029734375 0.174120921875 0.3307554296875 0.17208671874999998 0.3482809671875 0.172829978125 0.3649458765625 0.2523723625 0.365346840625 0.25282937968749997 0.270667865625 0.23968522499999997 0.271293778125
0 0.1766369921875 0.503507171875 0.1739768703125 0.4923972296875 0.167874228125 0.4790966 0.1600503171875 0.46673483750000005 0.1528523296875 0.4596933265625 0.14049056875000002 0.4509305546875 0.1285982328125 0.444358478125 0.11420225937499999 0.4396641375 0.097615584375 0.43825583437500004 0.09714615 0.5280742187499999 0.176793475 0.52791774375 0.17694994375 0.516651325 0.1766369921875 0.503507171875
5 0.3366226984375 0.8772126515625001 0.284352871875 0.8770848484375 0.284480675 0.9160635656249999 0.40001101562499997 0.9160635656249999 0.399499828125 0.8767014515625 0.3366226984375 0.8772126515625001
5 0.67656814375 0.8761902625 0.55924861875 0.8767014515625 0.5595042484375 0.9170859531250001 0.803344828125 0.9155523656250001 0.8028336156250001 0.8767014515625 0.67656814375 0.8761902625
0 0.4751568546875 0.5756069078125 0.49355991718750003 0.587875615625 0.5180973578125 0.5940099703125 0.5308772312500001 0.5940099703125 0.5313884421874999 0.494837903125 0.448446846875 0.494837903125 0.44806345 0.51681934375 0.45113062656249997 0.5428903484375 0.462888146875 0.5623158 0.4751568546875 0.5756069078125
0 0.3703616453125 0.577140496875 0.3887647078125 0.5883868046875 0.4107461359375 0.59247638125 0.42301484375 0.5940099703125 0.425059621875 0.49534910312499997 0.33994545781249996 0.494837903125 0.33968987500000003 0.51733054375 0.3417346515625 0.5377783828125 0.354003359375 0.559248621875 0.3703616453125 0.577140496875
0 0.6285157328125 0.4892147609375 0.6259597203125 0.4667221203125 0.6126686359375 0.4478078703125 0.5963103734375 0.42787121875 0.5707505328125 0.4156025109375 0.552347471875 0.41406892187500005 0.529727040625 0.41355771093750004 0.528832478125 0.495349115625 0.6290268984375 0.496882703125 0.6285157328125 0.4892147609375
0 0.426082021875 0.312852065625 0.41279091250000005 0.2913818265625 0.3928542625 0.27809072343749996 0.371895234375 0.2694003875 0.3504249953125 0.266844409375 0.35068057656249996 0.365249671875 0.4347723640625 0.3644828765625 0.4332387765625 0.33381110625 0.426082021875 0.312852065625
5 0.8454209890625 0.061952109374999995 0.61723703125 0.0619659140625 0.6181453265625 0.101930903125 0.7335997484375001 0.101930903125 0.8466320484375001 0.10191709687499999 0.8454209890625 0.061952109374999995
0 0.40540242343750005 0.13826270937500001 0.423164628125 0.15118069218750002 0.4453674109375 0.158043371875 0.46312961562500005 0.16006179375000001 0.4623222546875 0.06721384531249999 0.3801719890625 0.0655990953125 0.3807775203125 0.0821502578125 0.3823922796875 0.101527221875 0.393291821875 0.1245373671875 0.40540242343750005 0.13826270937500001
5 0.3807775203125 0.06277329375 0.2754152796875 0.062268679687499995 0.27460791875 0.101527221875 0.32466506875 0.101527221875 0.3819885796875 0.101527221875 0.3807775203125 0.06277329375
3 0.558143928125 0.9176264484375001 0.8041056484375 0.915400559375 0.8029927156250001 0.9103922890625 0.9448937125000001 0.9098358234375 0.9476760687500001 0.65886580625 0.9454502046875 0.49637526093749995 0.549796809375 0.4958187828125 0.43126774218749997 0.4958187828125 0.42959831875 0.61323490625 0.46576916874999996 0.6149043296875 0.46688210156250004 0.780733721875 0.4646562109375 0.9103922890625 0.5570309703125 0.9115052468749999 0.558143928125 0.9176264484375001
3 0.28465202343749996 0.9163303859375 0.4009118625 0.917437621875 0.40017368124999997 0.9107942031249999 0.4832164109375 0.9104251296875001 0.48358549999999995 0.767222546875 0.482109175 0.59744630625 0.4470467 0.59818446875 0.446677609375 0.49668779062499996 0.186477059375 0.49594963124999997 0.18564663125 0.670062553125 0.185369821875 0.9082106578125 0.285021096875 0.910056040625 0.28465202343749996 0.9163303859375
3 0.69880315625 0.513570884375 0.9459423765625001 0.5111287890625 0.9459423765625001 0.2693621890625 0.946430765625 0.0681342265625 0.8467936203124999 0.0681342265625 0.8463052328125 0.06129638125 0.6167490375 0.0603195453125 0.61723746875 0.0691110578125 0.53274125625 0.06715739062500001 0.5317644140625 0.347875275 0.5317644140625 0.40587484218750003 0.5317644140625 0.511861415625 0.69880315625 0.513570884375
3 0.5482362359375 0.22003798593749999 0.546111975 0.068861446875 0.46680625937500003 0.067799315625 0.379711578125 0.06815335781250001 0.38041965312500003 0.0642588828125 0.2734985515625 0.06107249218750001 0.274206628125 0.0685074046875 0.2568585046875 0.06815335781250001 0.25668147812500003 0.2035749671875 0.2567160640625 0.3651457 0.5505997640625 0.363609059375 0.5482362359375 0.22003798593749999