5 0.0680369375 0.8605676390625 0.0680369375 0.807663440625 0.051150415625 0.8078820484375001 0.050365007812499994 0.9117229359374999 0.0684296421875 0.9121601546875 0.0680369375 0.8605676390625
0 0.268711528125 0.756070915625 0.2875615859375 0.7582570453125 0.2870706765625 0.7127856640625 0.245541640625 0.7127856640625 0.24829062031250002 0.732460778125 0.2565375203125 0.7473264234375 0.268711528125 0.756070915625
0 0.3272252390625 0.7783693781250001 0.330759625 0.7670015375 0.3315450328125 0.754759240625 0.29031052968750004 0.755087159375 0.2907032515625 0.800667840625 0.30562620156250003 0.7989189484375 0.3189783390625 0.789737228125 0.3272252390625 0.7783693781250001
0 0.471742340625 0.7989189484375 0.4803819625 0.801542296875 0.48587988437499996 0.800667840625 0.48745077031250006 0.75388479375 0.443467253125 0.7534475656249999 0.44503810312500003 0.77181100625 0.45132146874999995 0.7836160750000001 0.45956836875 0.7927977937499999 0.471742340625 0.7989189484375
3 0.049972287500000004 0.9130346109374999 0.0535066734375 0.9121601546875 0.05311396875 0.969873821875 0.172497665625 0.9694366046875 0.2863834578125 0.969873821875 0.28677614375 0.8605676390625 0.28599073750000004 0.693547778125 0.05380120468750001 0.6924547125 0.052721265625 0.8072262109375 0.050365007812499994 0.8067889890625001 0.049972287500000004 0.9130346109374999
5 0.5114427234375001 0.9454942765625001 0.5107971765625 0.8729021546875 0.4932864265625 0.8729021546875 0.49368991875 0.9045264515625 0.494012678125 0.9454942765625001 0.5114427234375001 0.9454942765625001
3 0.38104017031250004 0.9699312125 0.5082149578124999 0.9692124906249999 0.5085377171875 0.9458536375 0.5107971765625 0.9454942765625001 0.5107971765625 0.8732615328125 0.5082149578124999 0.87398025625 0.5082149578124999 0.7546704546874999 0.279042115625 0.755928234375 0.2787193421875 0.8301374984375001 0.2787193421875 0.9692124906249999 0.38104017031250004 0.9699312125
5 0.49368991875 0.262337828125 0.49368991875 0.1901050859375 0.47585638125 0.189925396875 0.47593708437500004 0.22604176874999998 0.4762598734375 0.262697190625 0.49368991875 0.262337828125
0 0.079080184375 0.079645471875 0.077265725 0.0702181734375 0.0730319859375 0.062362092187499996 0.06738699687500001 0.05428155 0.05791149375 0.047547765625 0.048839196875000004 0.043058571875 0.0380532390625 0.04238519375 0.0381540546875 0.087950475 0.079685003125 0.08817493125 0.079080184375 0.079645471875
5 0.00771145625 0.1402871875 0.02323515625 0.146796515625 0.036137982812500004 0.1315332671875 0.048637584375 0.117616775 0.038255178125 0.10605747968749998 0.00771145625 0.1402871875
5 0.02323515625 0.20807395781250002 0.02363838125 0.1441030015625 0.0088706875 0.13748143906250002 0.0087194828125 0.235458009375 0.0238399765625 0.22939760312500002 0.02323515625 0.20807395781250002
5 0.034323523437499996 0.24062058125000002 0.02323515625 0.2267040890625 0.0081146625 0.23388679531249998 0.038758875 0.26755572031249997 0.0480327640625 0.2561082859375 0.034323523437499996 0.24062058125000002
3 0.48796529218750007 0.26173944374999997 0.490562053125 0.26065527187500004 0.490562053125 0.18765440312499998 0.48796529218750007 0.1880157890625 0.48796529218750007 0.15585203281249999 0.48147337968750004 0.15585203281249999 0.4811574890625 0.008043334374999999 0.2369607765625 0.0073205515624999995 0.0340881578125 0.0069591625 0.0331143703125 0.0326178875 0.026622440625 0.0329792765625 0.025973243750000003 0.09152453125 0.0327897640625 0.09188592031250001 0.0327897640625 0.1063415421875 0.0045498953125 0.136336946875 0.0045498953125 0.23210543125 0.0331143703125 0.2649919578125 0.0327897640625 0.28378425625000003 0.107446903125 0.2834228703125 0.106797690625 0.30510629843750003 0.1713923390625 0.3047449140625 0.171067734375 0.284326340625 0.33183452343750003 0.2841456578125 0.4876406875 0.28378425625000003 0.48796529218750007 0.26173944374999997
5 0.6495980984374999 0.15612068125 0.5841919640625 0.15603033125000002 0.5840296687500001 0.175635775 0.6151909078125 0.175635775 0.6495980984374999 0.17527437343750002 0.6495980984374999 0.15612068125
0 0.7612591875 0.158289025 0.7570394265625 0.1463631390625 0.7505475140625 0.13624420312500002 0.7437309937500001 0.129739175 0.7310717421875 0.12504110468750002 0.7206846609374999 0.12431831874999999 0.7202789109375 0.1698535171875 0.7206846609374999 0.16949213125 0.7622329765625 0.16949213125 0.7612591875 0.158289025
0 0.8112470078125 0.13588281875 0.8073518546875 0.123595540625 0.8015091234374999 0.113837996875 0.794043390625 0.1055260203125 0.7836563234375 0.0990209875 0.769942125 0.0982982046875 0.770023284375 0.1452789671875 0.811571584375 0.144917575 0.8112470078125 0.13588281875
5 0.8252046234374999 0.1557592890625 0.7979385453125001 0.155217203125 0.79761396875 0.17527437343750002 0.858962646875 0.17527437343750002 0.858638040625 0.15612068125 0.8252046234374999 0.1557592890625
0 0.9355673328125 0.18394774375 0.9404362765625001 0.1727446453125 0.9423838531250001 0.16009597343749998 0.8992125515625 0.1595538875 0.8992125515625 0.20526978749999997 0.9131701968750001 0.204185615625 0.9284262078125 0.1955122453125 0.9355673328125 0.18394774375
5 0.994887275 0.10913991875 0.9945626984375 0.049149107812499995 0.9768721875 0.0495104921875 0.97735908125 0.0773375640625 0.97735908125 0.10913991875 0.994887275 0.10913991875
3 0.8962621937499999 0.17233163125 0.89657238125 0.16827445000000002 0.899984503125 0.16844712343749998 0.9002946906249999 0.204709290625 0.9044822874999999 0.20488197343749998 0.9127023968750001 0.20315519843750002 0.9198368109375 0.1991836328125 0.9258855640625001 0.1953840078125 0.931934315625 0.188131575 0.9367423031250001 0.1801884359375 0.9399993234374999 0.16861908125 0.944807309375 0.1682737234375 0.9451174984374999 0.17241797187500002 0.992111646875 0.17241797187500002 0.992111646875 0.10800945937499999 0.994438090625 0.10766410312500001 0.9945931921875 0.051371403125000006 0.9914912578124999 0.051371403125000006 0.9919565468749999 0.0085475125 0.9254202749999999 0.0085475125 0.8737732390625 0.008720190625 0.8738895609374999 0.081028675 0.8737732390625 0.156963384375 0.8743936281250001 0.17233163125 0.8962621937499999 0.17233163125
3 0.5843921671875 0.17291144218750001 0.5846558421875 0.1752599890625 0.649520828125 0.1749664125 0.649784490625 0.172617878125 0.709903246875 0.1723243015625 0.7106942828125 0.204029625 0.7080575109375 0.2043232015625 0.7083211734375 0.2219372703125 0.7684399296875 0.2219372703125 0.7684399296875 0.17291144218750001 0.7787234015625 0.172617878125 0.7784597390625 0.1450224953125 0.8111558890625 0.14443536875000001 0.8095738156250001 0.13298622499999999 0.8061286843750001 0.12300491093749999 0.8003277437499999 0.1127300453125 0.79189003125 0.1045101390625 0.778178728125 0.0995194953125 0.7775227265625 0.085721803125 0.728214815625 0.087189646875 0.72716009375 0.0088070359375 0.60692258125 0.0088070359375 0.47712670468749996 0.00939416875 0.476527534375 0.0748597921875 0.4766524953125 0.1720307390625 0.5843921671875 0.17291144218750001