3 0.638434625 0.7869087968749999 0.638434625 0.749262171875 0.638260909375 0.653339528125 0.6386083140625 0.5751198265624999 0.532323703125 0.57610405 0.484033775 0.57610405 0.44323805 0.5762027875 0.44319060625000006 0.6255351546875 0.4435380234375 0.7871548484375 0.638434625 0.7869087968749999
5 0.4560447609375 0.71932985 0.45621846250000003 0.689803084375 0.4560447609375 0.6464971640625 0.44278099375 0.6462989546875 0.44266949999999994 0.6674119562499999 0.4428432015625 0.7195759109375001 0.4560447609375 0.71932985
0 0.6044447328125 0.6026333265625 0.610599996875 0.614887125 0.6190842671875 0.6252557265625 0.626570390625 0.6287904765625 0.6382154703125 0.6299687265625 0.6379659546875 0.5845160203125 0.6022820828125 0.5849595796875 0.6024484390625 0.595092534375 0.6044447328125 0.6026333265625
0 0.6643337171875 0.6565720500000001 0.6664963796875 0.6487956031250001 0.6674945265625001 0.6379556984375 0.6676608828124999 0.6275871015625001 0.6385901453125 0.6277982359375 0.6382154703125 0.63748440625 0.660341115625 0.6636415484375 0.6643337171875 0.6565720500000001
3 0.6378518921875 0.5839079609375 0.6383620453125001 0.482052321875 0.5990791640625 0.4831363125 0.5988240859375 0.41773615468749997 0.49806729218749995 0.41845881250000005 0.4439902359375 0.418097490625 0.44297039375 0.5839079609375 0.5480635484375 0.584269296875 0.6378518921875 0.5839079609375
5 0.45634232656249996 0.551258071875 0.45634232656249996 0.5235110140625 0.45618300625 0.47837428125 0.4430046515625 0.4783017171875 0.4429592390625 0.5092809125 0.44279991250000006 0.550806703125 0.45634232656249996 0.551258071875
0 0.6041940218749999 0.5090426046875 0.60902903125 0.5212184234375 0.6181618359375001 0.5313649421875 0.627294640625 0.5364382 0.63857635 0.536945528125 0.63880259375 0.49227661562499997 0.6020451171875 0.4917935203125 0.6020451171875 0.497374103125 0.6041940218749999 0.5090426046875
0 0.697385409375 0.48476700156249997 0.6906798421875 0.4888378203125 0.68452166875 0.49504097031249994 0.6802793734375 0.5027949078125 0.6769950125 0.5148135125 0.675900221875 0.5270259625 0.7170915546875001 0.5276075062500001 0.7171775874999999 0.48300963750000003 0.7091543609375 0.483216215625 0.7036804296875 0.48360391406250003 0.697385409375 0.48476700156249997
3 0.5922538828125 0.42679467656250003 0.59266325625 0.4911632015625 0.6376951671875 0.4905833140625 0.63851393125 0.33840680624999997 0.6381045421875 0.230882334375 0.6254137375 0.230882334375 0.5769658093750001 0.168253496875 0.5021648484375001 0.16854344375000002 0.44319771093749993 0.1685330578125 0.4433897203125 0.311441609375 0.4433897203125 0.426214778125 0.5922538828125 0.42679467656250003
5 0.45710399375 0.3210253609375 0.456694603125 0.2914506296875 0.45628522812499994 0.2401297703125 0.4423950296875 0.2399023890625 0.44236626718750005 0.27318388125 0.44236626718750005 0.32073540624999997 0.45710399375 0.3210253609375
0 0.6170952625 0.44159444062500003 0.6117781234375 0.4473003734375 0.607266621875 0.4550604359375 0.60388299375 0.46510288125 0.6025939859375 0.48016654062499997 0.6380415515625 0.480623015625 0.6380499000000001 0.43551923906249995 0.631918784375 0.43634498437499997 0.6235402750000001 0.4377144046875 0.6170952625 0.44159444062500003
3 0.68091425625 0.43336860625 0.7170563796875 0.432434371875 0.7171882843749999 0.39172165625 0.7170563796875 0.29815117343750003 0.7171882843749999 0.23090618593749998 0.658734159375 0.23090618593749998 0.632213609375 0.23140465781250003 0.6321091937500001 0.3539885296875 0.6318453875000001 0.4329949109375 0.68091425625 0.43336860625
0 0.6633708125 0.397680840625 0.6586222140625 0.3909543484375 0.651763125 0.3852260578125 0.645959278125 0.383731284375 0.6394959078125 0.38298389374999997 0.638973553125 0.43264639843749997 0.6703618109375 0.43262122343750004 0.669966090625 0.41991562812499994 0.6677237 0.406462646875 0.6633708125 0.397680840625