5 0.2677749484375 0.8834070234375 0.2948027484375 0.8426508765625 0.31024720625 0.8178427875000001 0.3005944203125 0.8018947296875 0.28450644375 0.82315880625 0.2619832765625 0.8523969125 0.2552263265625 0.86125694375 0.216293425 0.86302895 0.20149248593750002 0.8382208609375 0.1792910796875 0.8072107484375 0.1744646859375 0.8018947296875 0.163203103125 0.8165137828125 0.163378890625 0.8168033640625 0.1808998765625 0.8461948890625001 0.19795313125 0.8705599765625 0.2085711953125 0.8838500249999999 0.2677749484375 0.8834070234375
5 0.40934913906250003 0.8275888218749999 0.40999265781250005 0.8054387437500001 0.391652365625 0.8054387437500001 0.3620504890625 0.804995740625 0.35271946249999997 0.8054387437500001 0.3432840765625 0.804759315625 0.3433884359375 0.8267028203125 0.3630157671875 0.8275888218749999 0.396478759375 0.8275888218749999 0.40934913906250003 0.8275888218749999
1 0.2963349625 0.7110276718749999 0.29858727812499997 0.718115696875 0.305344228125 0.726532728125 0.310814140625 0.73273475 0.3018048734375 0.7451387953124999 0.2960132015625 0.766402871875 0.297300240625 0.775262903125 0.32400628125000003 0.7739338984375 0.324328040625 0.7154576875 0.3242383203125 0.69565441875 0.3191798890625 0.6959656187500001 0.3191798890625 0.7012816374999999 0.2989090375 0.6981806265625 0.2963349625 0.7110276718749999
0 0.33661051249999996 0.7104337453125 0.3474254125 0.704930896875 0.354948821875 0.6958673828124999 0.359650953125 0.68550908125 0.360591378125 0.6761218703125 0.364117978125 0.6757981734375 0.363882871875 0.66964793125 0.32697114374999997 0.66964793125 0.3266230796875 0.669563490625 0.32697114374999997 0.6757981734375 0.33049774374999996 0.6754744765625 0.33049774374999996 0.709462653125 0.33661051249999996 0.7104337453125
3 0.2921415625 0.7040157296875 0.2918286921875 0.7165079000000001 0.2999633515625 0.731584659375 0.304343553125 0.7333077171875 0.2965217640625 0.7483844765625001 0.29057720468750003 0.7656150578124999 0.292454434375 0.7785379953125 0.31873564375 0.7798302875 0.31873564375 0.808260746875 0.3193613859375 0.8224759765625 0.449828821875 0.8220452125 0.45045456406250006 0.722107840625 0.45076743593749996 0.6691238015625001 0.431682271875 0.669554565625 0.405088190625 0.66998533125 0.3359435796875 0.669554565625 0.31873564375 0.66998533125 0.318422771875 0.6923850859375 0.307159396875 0.695831203125 0.29558315 0.695831203125 0.2921415625 0.7040157296875
0 0.3928279375 0.5912766421875 0.4027955203125 0.577553178125 0.4052119046875 0.5592552265624999 0.40551395156250003 0.554264875 0.3786316828125 0.5550965999999999 0.3786316828125 0.5505221109375 0.3728927703125 0.5496903875 0.3728927703125 0.5659090265625 0.37319481875 0.6012573421875 0.37742349062499997 0.6012573421875 0.3786316828125 0.5979304421875 0.3928279375 0.5912766421875
0 0.42977034999999997 0.5853398296875 0.42138361562500004 0.596582896875 0.4182937671875 0.6087375640625 0.4182937671875 0.6175496984375 0.4423504484375 0.6169419656249999 0.44301255937499995 0.622411565625 0.44963366406249994 0.6221076984375 0.448971553125 0.5795663625 0.448971553125 0.57288129375 0.4443367796875 0.5722735625 0.44389537343749996 0.5777431625 0.43639145468749996 0.5792624953125001 0.42977034999999997 0.5853398296875
5 0.19788309531249998 0.1513405046875 0.21013938593749998 0.14154322187499999 0.22382085312500002 0.138016196875 0.2375023 0.13762430625 0.2565993140625 0.1427188921875 0.27028076093750003 0.1536918609375 0.27512627031250003 0.15839455625 0.28054187656249996 0.15447564062500002 0.27455622968750004 0.1435026875 0.253749021875 0.128610803125 0.2349370265625 0.123516215625 0.21070946406250002 0.12665135156250001 0.19189747031249998 0.1384080859375 0.1850567265625 0.14585402812499998 0.1807812765625 0.1532999703125 0.1893321953125 0.15878644687500001 0.19788309531249998 0.1513405046875
0 0.3000699296875 0.2200704 0.29636220625 0.23536379218749998 0.2956206546875 0.2469187984375 0.321574734375 0.24623909375 0.3220691140625 0.2492977734375 0.32676556093750003 0.249977478125 0.3282486625 0.22346893437499998 0.328743009375 0.1993393640625 0.32182194062499997 0.1993393640625 0.32132756093750003 0.20579656562499998 0.31119311562499996 0.20817554375 0.3000699296875 0.2200704
0 0.6830519125000001 0.549987296875 0.690717121875 0.5693087703125 0.6994773546874999 0.5760838374999999 0.7086025984375001 0.577087546875 0.7089676203125 0.5826079671875 0.713712746875 0.5826079671875 0.71389524375 0.53166954375 0.7134847359375 0.53121065 0.7084201 0.5311676875 0.708237603125 0.5361862453125 0.6834169203125 0.535182534375 0.6830519125000001 0.549987296875
5 0.6683119046875 0.7460073 0.6689282875 0.724820615625 0.652696946875 0.7242556296875 0.6352328640625 0.723973140625 0.6257817125 0.723690653125 0.6206452109375 0.7225607000000001 0.62023429375 0.74374739375 0.6307127484375 0.745159834375 0.6557788421875 0.7465722765625 0.6683119046875 0.7460073
0 0.7354591375 0.6280727374999999 0.7455944624999999 0.62000500625 0.7517289890625001 0.6097369859375 0.753596025 0.595068378125 0.75706336875 0.5947016640625 0.7573300953125 0.5866339328125 0.7279910125 0.587000646875 0.720667978125 0.587406584375 0.7207895953125 0.5954350984375 0.7237235046875 0.5958018125 0.723456778125 0.6291728796875 0.7354591375 0.6280727374999999
5 0.8049922078125 0.6514461140625001 0.80536700625 0.6256812 0.8061165765625 0.61202579375 0.8055543921874999 0.5983703874999999 0.7967469078125 0.5981127390625 0.7898819031250001 0.59790861875 0.789625975 0.6303188796875 0.789251190625 0.672573340625 0.8040552515625 0.6728309875 0.8049922078125 0.6514461140625001
1 0.7512413734375001 0.545665071875 0.740586475 0.5533968046875 0.7346670765625001 0.56967410625 0.73348318125 0.5843236562499999 0.7665799703125 0.5852278140625 0.7660398578125001 0.5078203765625 0.762192253125 0.507413446875 0.7352590140624999 0.505378775 0.7325952859375 0.517586753125 0.7402904953125 0.5387472265625 0.7512413734375001 0.545665071875
5 0.805242759375 0.3680163046875 0.8055356765624999 0.332979371875 0.7979200640624999 0.3309657640625 0.78917639375 0.3316580609375 0.7894257171875 0.3680163046875 0.7891328015625 0.40265047656249997 0.8046569437500001 0.40224776718750005 0.805242759375 0.3680163046875
0 0.7881983031249999 0.2992470921875 0.7839177953124999 0.29983562343750003 0.785415975 0.2639351859375 0.778995221875 0.262758125 0.7657256546875 0.2695262390625 0.7560945109375 0.28777071875 0.7543823140625 0.29983562343750003 0.75095790625 0.2992470921875 0.7510412046875 0.305505428125 0.7515999875 0.305132403125 0.7877702531249999 0.3063094734375 0.7881983031249999 0.2992470921875
5 0.740613365625 0.070220240625 0.7270574203125 0.06963779375 0.703546359375 0.06963779375 0.668597475 0.06963779375 0.6577909156249999 0.070567284375 0.6577950890625 0.0911882296875 0.6993101296875001 0.0911882296875 0.740401534375 0.09147944999999999 0.740613365625 0.070220240625
3 0.8009796031249999 0.20669718750000002 0.8005559953124999 0.0752010265625 0.737224365625 0.07578346875 0.736377121875 0.07287124843750001 0.65970139375 0.0722888046875 0.65970139375 0.076074690625 0.6188217921875 0.07549224843749999 0.6133031703125 0.0756965359375 0.6135265078125001 0.3054214671875 0.741248778125 0.3051302453125 0.8009796031249999 0.30571268749999997 0.8009796031249999 0.20669718750000002
3 0.7208285921875001 0.68403689375 0.7205012187500001 0.589593103125 0.7139534859375 0.5886928546875 0.7132987171875 0.49776738125 0.66713739375 0.49776738125 0.6347262375 0.49776738125 0.62424989375 0.49776738125 0.6127782359375 0.497544296875 0.6131188015625 0.7407527843749999 0.7126439484375 0.740302659375 0.7136261125 0.683586765625 0.7208285921875001 0.68403689375