3 0.36612689375 0.23873320625 0.3664462375 0.31829363437499997 0.5314358640625 0.3189699875 0.6157373578125 0.31851908125 0.6160566765625 0.3052174359375 0.7287780109375 0.3054428828125 0.7284586921875 0.23783139687500002 0.7278200296875 0.1481376578125 0.6783917359375 0.14836311093750001 0.6777530984375 0.1440795234375 0.5487462515625 0.1440795234375 0.5490655703125 0.11026176562500001 0.43100855468750005 0.1099171953125 0.4299916671875 0.2103262875 0.390395528125 0.2389586546875 0.36612689375 0.23873320625
5 0.4452204421875 0.18859674843750002 0.4452204421875 0.17246709531249999 0.44487946718750004 0.15344855468750002 0.43004686249999996 0.153568925 0.4302173625 0.1668096859375 0.43004686249999996 0.1884763796875 0.4452204421875 0.18859674843750002
5 0.4032799984375 0.24514523124999998 0.4157257453125 0.236478553125 0.4392533046875 0.2198738359375 0.4273577515625 0.21179186875 0.41027007031249996 0.22468224218750002 0.392198171875 0.237441515625 0.4032799984375 0.24514523124999998
0 0.589375125 0.29228451093749996 0.579818290625 0.28719213906249996 0.5691795546875 0.28388209999999997 0.5592620921875 0.282481696875 0.5534919359375 0.2823543859375 0.5534781093750001 0.31912375625 0.6010957640625 0.31940139218749997 0.5996532171875 0.30845279531249997 0.5955059234375 0.29941383125 0.589375125 0.29228451093749996
5 0.554754153125 0.1589254421875 0.6010957640625 0.15905275000000002 0.6009154484375 0.152687284375 0.5974894125 0.1524326640625 0.5974894125 0.143266396875 0.574408765625 0.1435210140625 0.557988565625 0.143511840625 0.558721146875 0.15255997500000001 0.555114796875 0.152687284375 0.554754153125 0.1589254421875
0 0.6139244515625 0.1538330703125 0.6155473125 0.16070776874999998 0.61879301875 0.16745516093749999 0.623841915625 0.17343869843749998 0.6361035109375 0.180186090625 0.6490863671875 0.18400536875 0.6600857328124999 0.18476922812500002 0.6604463765624999 0.14924993125 0.6635117687500001 0.14924993125 0.663331453125 0.14428487031249998 0.6112119515625001 0.14382997656250002 0.611039375 0.14975916875 0.6141047671875 0.1500137890625 0.6139244515625 0.1538330703125
3 0.404539471875 0.4693383984375 0.404539471875 0.472277790625 0.5457937640625 0.472907659375 0.5460911359375 0.39503601875 0.5460911359375 0.314446125 0.4286270421875 0.3138162515625 0.3667968625 0.31406659062500003 0.36647514999999997 0.36166405625000003 0.366177765625 0.44267386093749994 0.404539471875 0.4693383984375
5 0.391454859375 0.412688071875 0.3917522328125 0.3927421625 0.3917522328125 0.3694369359375 0.37460738125000004 0.369419121875 0.3750990890625 0.39148241562499997 0.3750990890625 0.412478109375 0.391454859375 0.412688071875
0 0.5086215828125 0.426732803125 0.5005923765625 0.43135185312499996 0.49405008281249996 0.4372306453125 0.48988679375000005 0.44415923125 0.48839990625 0.4563367328125 0.5315196375 0.456126771875 0.5315196375 0.45864625625000005 0.5460911359375 0.4584363015625 0.5460668796875 0.42083663906249996 0.530330121875 0.4229535765625 0.517840278125 0.42505314531250005 0.5086215828125 0.426732803125
5 0.693780375 0.409946090625 0.693780375 0.39797854843749997 0.668503290625 0.39818850625 0.6427685484375 0.39853822499999997 0.6426314390625001 0.41036600781250004 0.66671903125 0.41036600781250004 0.693780375 0.409946090625
3 0.2728646 0.6891614234375 0.432728453125 0.689957415625 0.5330686874999999 0.6897584203125 0.5330686874999999 0.6406166734375 0.5330686874999999 0.5618455375 0.5330686874999999 0.5067444796875 0.4854164359375 0.5069434765625 0.40424228125 0.50654548125 0.272917175 0.5065307171875 0.2728646 0.5493193093750001 0.2728646 0.626498465625 0.2728646 0.6891614234375
5 0.3743809265625 0.5162580046875 0.374200175 0.5063676421875 0.35624864375 0.5063676421875 0.33573495625 0.5062025015625 0.3351572734375 0.5162580046875 0.352148165625 0.5162580046875 0.3743809265625 0.5162580046875
5 0.3309434875 0.5165219921875 0.33082474375 0.5063776843750001 0.306838278125 0.506293846875 0.2918596953125 0.5062867328125 0.2918764296875 0.5163543171875 0.3081444703125 0.5163543171875 0.3309434875 0.5165219921875
0 0.47559686250000005 0.5230475328125 0.47559686250000005 0.52765858125 0.47666556250000003 0.531263584375 0.477971759375 0.5351200953124999 0.48117787031250003 0.53973114375 0.48509645 0.54434219375 0.4904399671875 0.54819870625 0.49839587031250004 0.552055221875 0.5056393124999999 0.5540673140625 0.5164450921875 0.555827896875 0.5255884421875 0.5559117328125 0.5257071859375 0.5576723140625 0.5328318765625 0.5577561531249999 0.5327493890625 0.52126625 0.5255884421875 0.521291675 0.5251134609375 0.5234667187500001 0.47559686250000005 0.5230475328125
0 0.5059173984374999 0.4754801609375 0.50088421875 0.47705034375000005 0.4960851359375 0.4789097375 0.49175424999999995 0.4825459515625 0.5199634984375 0.5051896453125 0.5265183515625 0.5050243625 0.5266131015625 0.4740757015625 0.517388384375 0.474075259375 0.511769940625 0.47432318437500004 0.5059173984374999 0.4754801609375
5 0.4039461015625 0.5002533734375 0.41799220000000004 0.5001707328125 0.41799220000000004 0.4890185734375 0.41799220000000004 0.47943219218750005 0.40393385468750004 0.4793418328125 0.4041802 0.47951042812500005 0.4039461015625 0.490336428125 0.4039461015625 0.5002533734375
3 0.272922575 0.8713464765625 0.559154753125 0.87191893125 0.55956015 0.897679290625 0.728613284375 0.897679290625 0.72901868125 0.7820896687500001 0.6734784515625 0.743735353125 0.6613163546874999 0.7443078046875 0.6609109578125001 0.6848032671875 0.5200564671875 0.6845170390625 0.27238035312500003 0.68457575 0.272922575 0.707128909375 0.273328003125 0.79867553125 0.272922575 0.8713464765625
5 0.3755391359375 0.871996621875 0.3755391359375 0.8615032953125 0.351559359375 0.861591475 0.3263446875 0.8613858234375 0.3267053109375 0.8718202625 0.348686778125 0.871732084375 0.3755391359375 0.871996621875
5 0.4348978828125 0.8721729796875 0.4348978828125 0.861591475 0.40601344062500005 0.8615032953125 0.3857028078125 0.8613858234375 0.38643873125 0.8720848 0.40679656875000003 0.871908440625 0.4348978828125 0.8721729796875
5 0.4934347609375 0.8718380281250001 0.4935319765625 0.8614737 0.4750607546875 0.8615423390625001 0.4450403515625 0.8613989453125 0.4452151546875 0.8719753046875001 0.46582514531249997 0.871769390625 0.4934347609375 0.8718380281250001
5 0.63022865625 0.89826993125 0.63006781875 0.8883335890625 0.603689921875 0.8882768109375 0.58168394375 0.8882281671875001 0.58173515 0.8982131531249999 0.6020815125000001 0.89826993125 0.63022865625 0.89826993125
5 0.705814840625 0.89810116875 0.7056814874999999 0.8883351625 0.683967971875 0.8883351625 0.6581260171875 0.8884409984375001 0.658045115625 0.898328284375 0.6780697984375 0.89810116875 0.705814840625 0.89810116875
0 0.6468784484375 0.6914824765625001 0.63798140625 0.69203673125 0.6282993218749999 0.69388425 0.6175705421875 0.69868779375 0.6097202140625 0.705154109375 0.6044866609375 0.7147612062500001 0.6029166 0.724553053125 0.64792514375 0.724553053125 0.6481868375000001 0.72732433125 0.661009025 0.7275090875 0.6608433296875 0.6888767265625 0.6526353484375 0.6890807 0.6526353484375 0.69203673125 0.6468784484375 0.6914824765625001