5 0.218324884375 0.1373737953125 0.21874263124999999 0.1042562046875 0.206262340625 0.1040616015625 0.206349434375 0.1819248390625 0.21860338281249997 0.1819248390625 0.218324884375 0.1373737953125
5 0.2525802359375 0.11115570156250001 0.25271948593750004 0.08966869375 0.2450244734375 0.0895519234375 0.24533926718750002 0.12594034062499998 0.25271948593750004 0.12594034062499998 0.2525802359375 0.11115570156250001
0 0.297836290625 0.1840932515625 0.30730525000000003 0.189021465625 0.3194199484375 0.18961285 0.3193185625 0.14349007656249999 0.283215103125 0.1442732921875 0.2840506 0.158860803125 0.290038325 0.1742368265625 0.297836290625 0.1840932515625
0 0.3852862375 0.127837453125 0.39319660624999997 0.11046075 0.39401492031249996 0.09269789843750001 0.356257415625 0.0923153953125 0.35691801875 0.143669559375 0.3746481546875 0.138263475 0.3852862375 0.127837453125
5 0.5099427390625 0.2425236890625 0.5096699671875 0.1544817296875 0.49611687968749996 0.1550303921875 0.49712248593749997 0.18730439062499998 0.497668028125 0.24213753906250002 0.5099427390625 0.2425236890625
3 0.467390409375 0.26375970937500004 0.5085788828125 0.26375970937500004 0.509397196875 0.069526790625 0.3571301734375 0.0700716515625 0.35691801875 0.373434696875 0.467935953125 0.37459314374999997 0.467390409375 0.26375970937500004
3 0.24909849374999998 0.3750128890625 0.3647594828125 0.374392678125 0.3647594828125 0.19110479062500002 0.31941511718750004 0.19110479062500002 0.31941511718750004 0.12908374375 0.252822428125 0.1303241640625 0.252822428125 0.0695435390625 0.20672473125000002 0.0694219359375 0.2068208984375 0.263679878125 0.24931755 0.26305966875000003 0.24909849374999998 0.3750128890625
5 0.1505127390625 0.48452389374999993 0.1505127390625 0.46940211249999997 0.138331671875 0.46966740781249994 0.138706475 0.4991150859375 0.1503253375 0.499645675 0.1505127390625 0.48452389374999993
0 0.1774984875 0.5524392609375 0.1743126703125 0.5407663078125 0.16944024375 0.530419825 0.1593205875 0.5195427546875 0.1521993484375 0.5166245171875 0.138331671875 0.516093928125 0.138331671875 0.56570398125 0.17806069062500002 0.56570398125 0.1774984875 0.5524392609375
0 0.266326575 0.620891184375 0.26407776250000004 0.630707078125 0.26389036250000003 0.640788265625 0.299871359375 0.6402576765625 0.29992203281249996 0.5934124421875 0.2899391046875 0.59383115625 0.2790698453125 0.5996676328125 0.270261996875 0.610544703125 0.266326575 0.620891184375
0 0.3298555234375 0.73470994375 0.3382885703125 0.7392199484375 0.345409809375 0.7389546546875 0.3455972109375 0.6906710734375 0.3141627109375 0.69041089375 0.314676040625 0.70632344375 0.31767445625 0.718261690625 0.32292168593750004 0.7275469953125 0.3298555234375 0.73470994375
5 0.099576965625 0.6962402515624999 0.09882674062499999 0.63145488125 0.0854514453125 0.6308255265625 0.08607293125 0.75518431875 0.09920185312499999 0.7546532921875 0.099576965625 0.6962402515624999
3 0.299136571875 0.8173145546875 0.2983863484375 0.5751659499999999 0.150217090625 0.5746349234375 0.150217090625 0.5682625906250001 0.0866516515625 0.5687971375 0.08644804375000001 0.816783525 0.196355871875 0.81784558125 0.299136571875 0.8173145546875
0 0.38114978125 0.6081187140625001 0.37992756562499996 0.6005056890625 0.37772757343749996 0.5906433625 0.37393869999999996 0.582165221875 0.3694164953125 0.5743791734375 0.359272090625 0.56728521875 0.3535276703125 0.56590103125 0.344796640625 0.5654539046875 0.3449721484375 0.612444296875 0.3807831171875 0.61157918125 0.38114978125 0.6081187140625001
0 0.3754053609375 0.6692008015625001 0.3810275609375 0.664529171875 0.387383090625 0.6565701015625 0.39227195937500003 0.6458426562499999 0.3941052859375 0.634942190625 0.3937386203125 0.6287133515625001 0.360243515625 0.628992521875 0.3603720875 0.6719691734375 0.36807205625 0.671623128125 0.3754053609375 0.6692008015625001
5 0.36807205625 0.6806203375 0.3678276125 0.671623128125 0.35995022187500003 0.6713516015625001 0.3603720875 0.6915208046875 0.36807205625 0.6911747578125 0.36807205625 0.6806203375
5 0.338738840625 0.8019193953125001 0.3133163015625 0.80175111875 0.31331671875 0.8178375375 0.365138734375 0.8181835843749999 0.3641609609375 0.801400325 0.338738840625 0.8019193953125001
3 0.43647576718750003 0.6250438609375 0.508880171875 0.625548784375 0.508880171875 0.43973715625 0.34543993125 0.43822814687499995 0.34552442031249997 0.5048722109375 0.3458810921875 0.6245389375 0.43647576718750003 0.6250438609375
5 0.55236401875 0.7693933687500001 0.55236401875 0.6758981140625 0.5400074796875 0.6759001718750001 0.5398573437499999 0.7193842781249999 0.540296175 0.7693933687500001 0.55236401875 0.7693933687500001
0 0.46481730312499997 0.7653553671875 0.4545047828125 0.774363215625 0.446825246875 0.78647721875 0.44331460156249997 0.800454915625 0.443301428125 0.8180478015625001 0.47710456093750003 0.817538765625 0.47710456093750003 0.76287044375 0.46481730312499997 0.7653553671875
3 0.382317140625 0.817538765625 0.5519251875 0.817538765625 0.551705771875 0.609731778125 0.49794901718749995 0.6100423953125 0.4977296015625 0.6147016265625 0.44923881562499995 0.6150122421875001 0.3604606734375 0.6137727109375 0.35949794687500003 0.7013685828125 0.382755971875 0.7019898125 0.382317140625 0.817538765625
5 0.5099118265625 0.5006478140625 0.5099118265625 0.4673292375 0.502136284375 0.4673292375 0.4964069390625 0.46703951093749996 0.49620231875 0.524695134375 0.49579307968749997 0.5357047500000001 0.5099118265625 0.5357047500000001 0.5099118265625 0.5006478140625