5 0.5860839921875 0.053007515625 0.46588346875 0.053358103125 0.46540255 0.06870778749999999 0.5129617109375 0.0695800265625 0.5860839921875 0.0691439078125 0.5860839921875 0.053007515625
0 0.7127102843750001 0.1363061828125 0.7275725578125 0.1267115796875 0.67525743125 0.08571641875 0.6600631890625 0.085545515625 0.6603951593749999 0.1459008 0.6889306890625 0.14372020000000002 0.7127102843750001 0.1363061828125
5 0.8916517031250001 0.1672706078125 0.8922461796875 0.08702477343750001 0.8692209609375 0.0882932203125 0.8696555984375 0.121914271875 0.8690611234375 0.16770672656250002 0.8916517031250001 0.1672706078125
0 0.6437494609375001 0.47431398125 0.6758519062499999 0.477366809375 0.6755761703125 0.41487769375 0.661584175 0.41543796093749996 0.6104580640624999 0.45512476093750004 0.6229423046875 0.46689996562499997 0.6437494609375001 0.47431398125
0 0.5189066265625 0.52010645 0.5474421234375 0.52272316875 0.5493326046875 0.4611961640625 0.535552325 0.4603581890625 0.4820482484375 0.5022255890625 0.4975049953125 0.512692421875 0.5189066265625 0.52010645
0 0.520690084375 0.6103897968750001 0.54863110625 0.6125703859375 0.5493326046875 0.5510854000000001 0.535552325 0.551949884375 0.48383170625 0.5929450453125 0.4969104875 0.60297576875 0.520690084375 0.6103897968750001
0 0.44875681875 0.642669353125 0.4523237671875 0.6976203046875 0.4606466171875 0.7050343328124999 0.51456213125 0.6609936359375 0.5052333359375 0.6544445578125 0.48680417968749995 0.6465944218749999 0.46599702499999995 0.642669353125 0.44875681875 0.642669353125
0 0.8375531515624999 0.7124483500000001 0.8226908796875 0.703289853125 0.8078286718750001 0.696748078125 0.7882104671875 0.6932591171875 0.7691889828125 0.6923959890625 0.77097029375 0.75257126875 0.783454534375 0.7516990296875 0.8375531515624999 0.7124483500000001
0 0.8191239625 0.7381793453125 0.802478265625 0.7521351375 0.793560875 0.76478258125 0.7899939578125 0.7796106140625 0.7905861984375 0.79288351875 0.8809508890625001 0.793130296875 0.8809508890625001 0.78353568125 0.8191239625 0.7381793453125
0 0.74600168125 0.6212927609375 0.7632419203125 0.6252178296875 0.784049075 0.6260900687500001 0.783632103125 0.565216459375 0.77156476875 0.5659056890625 0.71924964375 0.60733696875 0.73173395 0.614314865625 0.74600168125 0.6212927609375
3 0.890462753125 0.39494038124999997 0.8898682140625 0.22789562968750002 0.8886792625 0.054311353124999996 0.6622029109375 0.054535690625 0.6609897 0.18428150000000001 0.661584175 0.3945042609375 0.890462753125 0.39494038124999997
3 0.0371099171875 0.20197955781250002 0.088863534375 0.24217621406249998 0.08809179218749999 0.32879717343750003 0.5357012609375 0.33106178124999996 0.5341577328125 0.45902549531250003 0.48167943593749996 0.5032214203125001 0.504831634375 0.5162428718750001 0.5341577328125 0.521904375 0.5349295390625 0.554174925 0.48322287968750005 0.592106978125 0.48939682187500005 0.6005992390625 0.5063751203125 0.60795918125 0.5326142890625001 0.61192224375 0.5333860109375 0.6560819437500001 0.6121035609375001 0.6566480953125 0.6121035609375001 0.6792941046875 0.7718538265625 0.6792941046875 0.7710821046875 0.7919579515625 0.89070183125 0.7919579515625 0.8914735531250001 0.6254639328125 0.7826581828125 0.6254639328125 0.7826581828125 0.5558274640625 0.6661253421875 0.5552613281250001 0.6684405921875001 0.5065724 0.67538625625 0.5065724 0.6745553625 0.1487508984375 0.70928368125 0.1419570921875 0.728577228125 0.1255387375 0.67609880625 0.088172828125 0.6768706109375 0.0542038296875 0.0874442390625 0.053470643750000005 0.0872730484375 0.12888935625 0.0386534015625 0.1656891140625 0.0371099171875 0.20197955781250002
5 0.1077224609375 0.42850402968749995 0.10693323437499999 0.3963708375 0.086256753125 0.3968071375 0.08799185312499999 0.47019032968749996 0.10732785781250001 0.469900840625 0.1077224609375 0.42850402968749995
5 0.10811706406249999 0.634337640625 0.10811706406249999 0.5943882671875 0.08661183125000001 0.5948284687500001 0.0875972296875 0.6713921296875001 0.1077224609375 0.6713921296875001 0.10811706406249999 0.634337640625
3 0.5480886421875 0.5446894796875 0.548623953125 0.45279419687500005 0.5475533312499999 0.3212347015625 0.3141518828125 0.32084198750000004 0.087631234375 0.3219821609375 0.086638978125 0.545867615625 0.307192659375 0.54626034375 0.5480886421875 0.5446894796875
3 0.4544925234375 0.709909965625 0.5225201921875 0.65715301875 0.5482735375 0.6557271515624999 0.5477876375 0.536667559375 0.3208667421875 0.5363110921875001 0.08653823125 0.5364195078125 0.0881149109375 0.7926174265625 0.455950278125 0.79226095 0.4544925234375 0.709909965625
1 0.038515668749999996 0.1671641421875 0.04621715 0.17669603125 0.070765425 0.186933996875 0.0466984546875 0.1957598296875 0.036590340625 0.20282048593750002 0.087612328125 0.24518445781249998 0.10638461562499998 0.2458905328125 0.10691340625000001 0.12447777499999998 0.10638461562499998 0.1240941046875 0.087612328125 0.1290365640625 0.038515668749999996 0.1671641421875