3 0.7164800375 0.6989716953125 0.9515777875 0.69856338125 0.9515777875 0.620169159375 0.9511948984374999 0.40998002343750006 0.8427527234375001 0.40998002343750006 0.738605165625 0.4107966296875 0.6313944609375 0.41027184375000003 0.63073780625 0.5948978859375 0.63073780625 0.6989716953125 0.7164800375 0.6989716953125
0 0.669410234375 0.49615378125 0.6395443828125 0.43409168124999997 0.6305463484375 0.43526975468750007 0.6303549171875 0.5084028796875 0.6441391453125 0.50758626875 0.6563917859374999 0.5035032359375 0.669410234375 0.49615378125
5 0.863937265625 0.7006266609375 0.863921065625 0.6757201671875 0.8195052078125 0.6753118546875 0.7497225328125 0.6745354781249999 0.748685765625 0.7002183640624999 0.8003766406249999 0.7002183640624999 0.863937265625 0.7006266609375
0 0.5444813453124999 0.6611123234375 0.5408400953125 0.6722756046875 0.539702203125 0.6788279546875 0.539929778125 0.688777834375 0.5402711484375 0.6977710671875 0.606382684375 0.69775699375 0.6059275171875 0.680526715625 0.5510811234374999 0.648492971875 0.5444813453124999 0.6611123234375
3 0.171154740625 0.7000754671875 0.3198120109375 0.7000754671875 0.3198120109375 0.6978093671875001 0.3222406765625 0.6981330921875 0.5113740984375 0.6987805546875 0.5116776796875 0.6709397671875 0.51107051875 0.53016898125 0.51107051875 0.40849826875 0.31491805156249997 0.40785080625000003 0.21114331874999998 0.40817454375000006 0.113692559375 0.40849826875 0.050546884375000004 0.40821126249999995 0.051374609375000005 0.6981330921875 0.171154740625 0.6978093671875001 0.171154740625 0.7000754671875
5 0.07292913437500001 0.5913159953125 0.07262555468750001 0.5379350546875 0.07262555468750001 0.478062259375 0.049477203125 0.478188025 0.0501602640625 0.5288361046875 0.049856684375 0.5909922640625 0.07292913437500001 0.5913159953125
5 0.3220358234375 0.7005420859375 0.3220358234375 0.6759386109375 0.2265431296875 0.6759386109375 0.1693932515625 0.675579121875 0.169332615625 0.7005420859375 0.23429979531249998 0.7002183609375 0.3220358234375 0.7005420859375
0 0.46677848906249997 0.6021567234375 0.4752079046875 0.6064145562500001 0.484080965625 0.6094896656250001 0.4956159390625 0.612801309375 0.511143796875 0.613984040625 0.5113656203125 0.542701484375 0.49938698437499995 0.541600859375 0.482306346875 0.5728249828124999 0.46677848906249997 0.6021567234375
3 0.6307062218749999 0.419787809375 0.772880303125 0.4205535203125 0.9148587765625 0.4192773328125 0.9510013078125 0.4192773328125 0.9510013078125 0.2353055453125 0.951240678125 0.131209475 0.73182650625 0.1306989984375 0.631656634375 0.1304982921875 0.6309455734375 0.23965818906249997 0.6309455734375 0.304971765625 0.6307062218749999 0.419787809375
5 0.840286315625 0.153442346875 0.8400469640624999 0.1291947875 0.7903557046875 0.12945002187500002 0.7300981906249999 0.1292226484375 0.7292258031250001 0.153187103125 0.7852347703125 0.15293186875 0.840286315625 0.153442346875
0 0.6672786390625001 0.3434965609375 0.6533115296875 0.33873050937500004 0.6443725890625001 0.33724111562500003 0.6303356390625 0.336161509375 0.6315228515625 0.406646821875 0.6443725890625001 0.40694469531250005 0.6748208906250001 0.349156259375 0.6672786390625001 0.3434965609375
0 0.5633422703125001 0.283663584375 0.555976471875 0.2997755375 0.5535211984374999 0.313470696875 0.5531434703125 0.3199154796875 0.5534267671875 0.3297012625 0.619057959375 0.32978405624999996 0.61868023125 0.3148804953125 0.5922388875 0.2997755375 0.5633422703125001 0.283663584375
5 0.599982421875 0.1536239671875 0.5997935578125 0.1294560328125 0.579018215625 0.1292546359375 0.556023684375 0.1293942828125 0.5557876015625001 0.1530197703125 0.5758074718749999 0.1534225625 0.599982421875 0.1536239671875
0 0.378847503125 0.2896236375 0.37279550625 0.3018515109375 0.36881392343749997 0.3134000546875 0.36849539062500003 0.3213821390625 0.3689333671875 0.329162959375 0.4337933328125 0.3297038796875 0.4337933328125 0.321212303125 0.4005073171875 0.30083251718750004 0.378847503125 0.2896236375
5 0.45253935468749995 0.15301319375 0.45282252968750003 0.1300642859375 0.41615215 0.1300642859375 0.371694625 0.13001348906250002 0.3705619546875 0.15286221093750002 0.41289570312499996 0.15271123281250001 0.45253935468749995 0.15301319375
3 0.199732446875 0.41932857031250004 0.3254627234375 0.41932857031250004 0.3254627234375 0.252173721875 0.3257427640625 0.1309880484375 0.19349584687500002 0.1309880484375 0.0515242125 0.132182465625 0.0508798796875 0.28888615624999997 0.0514399265625 0.418432759375 0.199732446875 0.41932857031250004
5 0.1900792375 0.152844675 0.189911065625 0.1300692390625 0.1559398203125 0.1298899078125 0.11587223437500001 0.1300066078125 0.11507340937499999 0.1519480046875 0.15039005625 0.1526653375 0.1900792375 0.152844675
5 0.0718264046875 0.33743021406249996 0.0718264046875 0.277920975 0.0718264046875 0.2263760734375 0.050722978125 0.22653596718750002 0.050224479687500004 0.282970109375 0.050390646875 0.337607409375 0.0718264046875 0.33743021406249996
0 0.3027808703125 0.335716484375 0.291013778125 0.3404515546875 0.280356771875 0.346370390625 0.3127718078125 0.404848509375 0.325427003125 0.40461175000000005 0.32587103906250003 0.3325560015625 0.318322328125 0.33334894843749996 0.3109956515625 0.33429596093749997 0.3027808703125 0.335716484375
0 0.2328443234375 0.169354484375 0.2423912171875 0.18166566875 0.2956762125 0.1504142 0.2958982296875 0.1314739203125 0.2290144609375 0.130513884375 0.227959865625 0.1489936828125 0.2292919859375 0.1596475859375 0.2328443234375 0.169354484375