3 0.7335214328124999 0.957107921875 0.7910868796875 0.9579109078125001 0.9297847921875 0.9579109078125001 0.9297847921875 0.8447324203125 0.9297847921875 0.7395838078125 0.79172949375 0.738780821875 0.7335262218749999 0.7385007171875 0.7331086328125 0.7869458265625 0.7335214328124999 0.885938196875 0.7335214328124999 0.957107921875
0 0.8309960437499999 0.78590256875 0.8431733250000001 0.7840289281249999 0.85184190625 0.7794786625000001 0.859065715625 0.7725194375 0.865876725 0.7591363062500001 0.8677342796874999 0.7470914890625 0.870417415625 0.7470914890625 0.8702110078124999 0.7385262828125 0.8297576796874999 0.737831846875 0.8287257078125 0.74682383125 0.8312024515624999 0.74682383125 0.8309960437499999 0.78590256875
5 0.8961897390625 0.9581117203125 0.8961897390625 0.9484278937499999 0.872522528125 0.9484278937499999 0.8302822624999999 0.948322978125 0.8302506187500001 0.957947590625 0.8599928296874999 0.9581117203125 0.8961897390625 0.9581117203125
5 0.7785498015625001 0.9581558187500001 0.778423240625 0.9491285250000001 0.7600716640625 0.9492926546874999 0.7383661765625 0.9489382140625 0.7384294578125 0.9578275515625 0.7589325984374999 0.95799168125 0.7785498015625001 0.9581558187500001
3 0.60112324375 0.9578835828125 0.739561465625 0.9582288390624999 0.7398276890625 0.872641975 0.7398276890625 0.7387375609375 0.686800009375 0.7394280765625 0.5669977015625001 0.7387375609375 0.501239534375 0.7386206640624999 0.501270215625 0.8308843109374999 0.501270215625 0.9578835828125 0.60112324375 0.9578835828125
0 0.686985640625 0.750231709375 0.6890394171875001 0.75689028125 0.6909220359375 0.762661046875 0.6941738390625 0.7688757125000001 0.6998216953124999 0.7759781890624999 0.7063252999999999 0.7810830921874999 0.7157384078125 0.7850782328125 0.7236111843749999 0.7861879953125 0.7237823296875 0.7475801093750001 0.7254938046875 0.7471362109374999 0.725322659375 0.7391459203124999 0.6846323640625 0.7388417203125 0.6849318703125 0.7469024234375 0.686985640625 0.7469024234375 0.686985640625 0.750231709375
5 0.7342918140625 0.957165975 0.7342918140625 0.949364146875 0.6667309515625 0.9490457031249999 0.6174366906250001 0.948990096875 0.617169346875 0.95684753125 0.6720447593750001 0.95684753125 0.7342918140625 0.957165975
3 0.6850206765625 0.74719448125 0.6842178515625 0.6248583562500001 0.6842178515625 0.4109835015625 0.60313129375 0.4104629203125 0.5013717078125 0.411212378125 0.5019738421875 0.5234286234375001 0.5019738421875 0.7466739109375 0.6850206765625 0.74719448125
5 0.6559691109375 0.42000120625 0.6557997328125 0.4103361109375 0.6080343796875 0.4105557734375 0.55857520625 0.41009734218749994 0.55857520625 0.42044052968749995 0.59821029375 0.41978154375 0.6559691109375 0.42000120625
0 0.6552424671875 0.71443563125 0.6626805921875001 0.724081765625 0.6782036390624999 0.7330987984374999 0.6782036390624999 0.7356151828125 0.684348184375 0.7358248781250001 0.68463115 0.683377990625 0.648612821875 0.68570694375 0.649583021875 0.7003858375 0.6552424671875 0.71443563125
3 0.734121571875 0.6311053109375 0.8250313421875 0.6317566734375 0.8247802140625 0.49795412812500006 0.8245290859375001 0.41200924531250005 0.6778052171875 0.4118913328125 0.6781191328125 0.5025136578125 0.6781191328125 0.6307796359375 0.734121571875 0.6311053109375
5 0.7996670156250001 0.420476928125 0.7994158875 0.41005515625 0.769531178125 0.41005515625 0.7387047234375 0.41026362499999997 0.7386419359375 0.420476928125 0.7682755171875 0.420476928125 0.7996670156250001 0.420476928125
0 0.79062626875 0.5812935828125 0.7971556953125 0.59334375625 0.807954378125 0.60474256875 0.8185019140625001 0.6076736828125 0.8187530421875 0.6102791234375 0.8242779578125001 0.6102791234375 0.8244035125 0.5563503546875 0.7883660765625 0.559147315625 0.7883660765625 0.5692434078125 0.79062626875 0.5812935828125
0 0.9183562390625 0.5099798453125 0.90580365625 0.5111426109375 0.8948201390625 0.5189913265625 0.8876472218749999 0.528874896875 0.8845090875 0.537886378125 0.8811467875 0.549804790625 0.8804182796875001 0.55651255625 0.9205977734375 0.5570721187500001 0.9205977734375 0.548351325 0.9185803890625 0.5480606359375 0.9183562390625 0.5099798453125
5 0.8913810281250001 0.41867783750000004 0.8914630499999999 0.41091268750000004 0.87750578125 0.41123180625 0.8363505859375 0.4115101421875 0.836261365625 0.41867783750000004 0.8636571500000001 0.41867783750000004 0.8913810281250001 0.41867783750000004
0 0.3554199515625 0.904248053125 0.34534622656249997 0.90563785 0.33591552812500003 0.9095292796875001 0.32862815625 0.9159223421875 0.32369845937499997 0.9220374515625 0.3194117734375 0.9300982718749999 0.3168397578125 0.9370472546874999 0.3151250859375 0.9462199171875 0.3157680875 0.94872154375 0.312553071875 0.94872154375 0.31217798750000003 0.9575784374999999 0.3582062890625 0.957616246875 0.3584206359375 0.9489995109375 0.3554199515625 0.94872154375 0.3554199515625 0.904248053125
3 0.1018206421875 0.95889865625 0.3077840125 0.95889865625 0.3075086546875 0.7925461203124999 0.3072332984375 0.646191315625 0.1503473203125 0.6458342125 0.0606483375 0.6461686281250001 0.060516446875 0.808258615625 0.060241078125 0.95889865625 0.1018206421875 0.95889865625
5 0.2507374078125 0.959117653125 0.2507374078125 0.9477917687499999 0.1953598171875 0.948049171875 0.11541958906250001 0.9482024125 0.11517148125000001 0.9593750562500001 0.17372484375 0.959117653125 0.2507374078125 0.959117653125
0 0.2679524359375 0.8769429656250001 0.2733072609375 0.89302473125 0.2837350625 0.9039895671875 0.2997995171875 0.9116649453125 0.3000813671875 0.915319890625 0.3076908421875 0.915319890625 0.307620378125 0.854527165625 0.26626144375 0.857571759375 0.265697765625 0.866709121875 0.2679524359375 0.8769429656250001
3 0.21977935468749998 0.564097371875 0.21065164531249997 0.574454978125 0.20437634375 0.59184095625 0.20237965624999998 0.6107065859375 0.23746427812499998 0.6110765078125 0.2368938046875 0.6913282015625 0.30719090625 0.6909582921874999 0.307476153125 0.6776413812500001 0.428133040625 0.6780112890625001 0.42841827656250003 0.5038407687500001 0.42841827656250003 0.4091821109375 0.362488496875 0.40881220156250003 0.2374816828125 0.40867354218749996 0.2368938046875 0.5559592578125 0.2283365796875 0.55780883125 0.21977935468749998 0.564097371875
5 0.30648124062500004 0.41625144687500004 0.30648124062500004 0.40844708281250003 0.2770858890625 0.40844708281250003 0.24407398281249998 0.4086545109375 0.2443343734375 0.4165516171875 0.2768544328125 0.416101365625 0.30648124062500004 0.41625144687500004
0 0.34851017500000003 0.65635903125 0.3426281390625 0.6422947140625 0.334540346875 0.6329979640625 0.326820190625 0.6282303984375 0.3178133328125 0.624893103125 0.3095417296875 0.624654725 0.30862266250000003 0.676765128125 0.35347313125 0.6768595640624999 0.3536569421875 0.668993084375 0.35108355 0.6687547015625 0.34851017500000003 0.65635903125
0 0.3538407515625 0.4574148359375 0.3613771109375 0.45169376406249995 0.36817820156250003 0.442648096875 0.37332498125 0.430967559375 0.376449803125 0.4183335140625 0.3777364921875 0.41809513125000003 0.377920315625 0.409036759375 0.3325184015625 0.40781041093750003 0.33527560312500004 0.46170565156250004 0.3453853390625 0.46146726875 0.3538407515625 0.4574148359375
5 0.33123171406249996 0.3833046140625 0.3308640796875 0.3473222078125 0.331047903125 0.3122806 0.3233277328125 0.3124997671875 0.3229601125 0.345879228125 0.3231439234375 0.3833046140625 0.33123171406249996 0.3833046140625
0 0.309812459375 0.24023299374999998 0.29963710625 0.24891449843750002 0.293746125 0.259679565625 0.290265078125 0.275306275 0.2891939859375 0.2895439390625 0.3229333015625 0.2895439390625 0.3232010703125 0.29371106406249997 0.3304309109375 0.293363809375 0.3304309109375 0.23178412812500002 0.3234688375 0.23328778906249997 0.31731006875 0.23571860625 0.309812459375 0.24023299374999998
3 0.060301131249999994 0.6546791765625 0.1392724671875 0.6549891328124999 0.1392724671875 0.6918737453125 0.244435084375 0.691253834375 0.2446740859375 0.6472567859375 0.2446740859375 0.530453428125 0.2446740859375 0.40931071250000006 0.1596559703125 0.4090007625 0.16013397499999998 0.3637473703125 0.1532028171875 0.3637473703125 0.1453156140625 0.36560709999999996 0.1364724 0.3702564203125 0.1293022234375 0.37769533125 0.1235660765625 0.3885437453125 0.11878595781250001 0.4009419328125 0.1154398703125 0.39009351875 0.110898753125 0.382034696875 0.10540162812500001 0.373975878125 0.0967974 0.36777678593749996 0.0889102140625 0.36529714375 0.079588978125 0.36498718750000003 0.07982798125 0.40838085 0.060707504687500004 0.40826863125 0.0607791546875 0.470648696875 0.060301131249999994 0.5818728671875 0.060301131249999994 0.6546791765625
0 0.232763371875 0.5575392906250001 0.225719525 0.5605842296875 0.2186756640625 0.565268753125 0.2127154703125 0.5711244093750001 0.2089226265625 0.57908809375 0.2053103921875 0.5898625046875 0.203684884375 0.6008711375 0.20260121718750002 0.6097717328125001 0.2367368375 0.6102401859375 0.23709805625000002 0.6125824484375 0.24432252499999998 0.6125824484375 0.244548290625 0.552596665625 0.23745928749999998 0.5528547625 0.23745928749999998 0.557305059375 0.232763371875 0.5575392906250001
5 0.32327026718749996 0.1810067015625 0.33030387499999997 0.1815432609375 0.33030387499999997 0.1638367609375 0.330441796875 0.1455936921875 0.3236150515625 0.145748215625 0.3236840125 0.14613025156249998 0.323408178125 0.16437331875 0.32327026718749996 0.1810067015625
0 0.3754017390625 0.11858679999999999 0.3705747515625 0.10696131718749999 0.36560985156250003 0.097660928125 0.35747292656249996 0.08989537812500001 0.34864643281249996 0.0850663328125 0.3418886484375 0.08381435781249999 0.337061659375 0.08399321093749999 0.3369237484375 0.1276334890625 0.3337517234375 0.1276334890625 0.33361381093750003 0.13680934843749998 0.3789875 0.1368298640625 0.3791254109375 0.1286025984375 0.37705670156250004 0.128781453125 0.3754017390625 0.11858679999999999
1 0.1341954203125 0.3716892625 0.1264602546875 0.3813197765625 0.11996272031249999 0.3969693609375 0.1147028171875 0.3881414078125 0.102635953125 0.3724918078125 0.0918067203125 0.3644663796875 0.0788116515625 0.364867653125 0.0781928234375 0.41703293124999996 0.1611138125 0.41663166562500004 0.160804409375 0.363663834375 0.15059398125 0.363663834375 0.1341954203125 0.3716892625