5 0.5561418953125 0.8309572062499999 0.5348665234375 0.8303811234375 0.50649936875 0.8309572062499999 0.4781321890625 0.8300930875000001 0.47780665312500004 0.83076939375 0.47701244843749996 0.8447829828125 0.5218026984375 0.8447829828125 0.5572616609375001 0.8444949562499999 0.5561418953125 0.8309572062499999
5 0.7189282453125 0.832171775 0.6817644046875 0.8306353859375 0.6439369703125 0.8314035843750001 0.644268778125 0.8444628484375001 0.692714459375 0.8447189203125 0.7192600546875 0.84420679375 0.7189282453125 0.832171775
0 0.6347136296875 0.560508853125 0.595218540625 0.5601024781249999 0.581458890625 0.560573690625 0.583106721875 0.5808276765625 0.60206439375 0.595863609375 0.6347136296875 0.59992736875 0.6347136296875 0.560508853125
0 0.7114204734375 0.560474725 0.68099090625 0.560474725 0.6605444578124999 0.5603867 0.6622650218749999 0.57926061875 0.6772457421875 0.595156375 0.7114204734375 0.5994915875 0.7114204734375 0.560474725
3 0.6560631515625001 0.668754475 0.6553295828125 0.560641371875 0.5497059734375 0.5600753375 0.4543512984375 0.560641371875 0.4338133828125 0.560641371875 0.4096079671875 0.5612074078125 0.40887449531250003 0.8481882578125 0.621588753125 0.8487543125 0.6223222234375 0.6925280421875 0.6560631515625001 0.668754475
3 0.6127116796875 0.84927520625 0.7821606156249999 0.8488450656250001 0.7821606156249999 0.5608117906250001 0.7336669875 0.5608117906250001 0.7052396921875 0.559951509375 0.6454975546874999 0.5592644625000001 0.645040765625 0.6659473375 0.6149412640625 0.690035275 0.6143838875000001 0.78560544375 0.6127116796875 0.84927520625
0 0.5230495281249999 0.528434278125 0.5739852734374999 0.5290039421875 0.574354359375 0.5062173203125 0.5731500078125 0.4919911625 0.5503629171875 0.4936846765625 0.5341225328125 0.5025144953125 0.5226804406250001 0.519319628125 0.5230495281249999 0.528434278125
5 0.5448629125 0.32171645625 0.5448629125 0.3057330796875 0.5018037125 0.3074155421875 0.4805466640625 0.306994928125 0.4705697203125 0.3079625625 0.4701906390625 0.3170896890625 0.470735709375 0.322978296875 0.5045289859375 0.322557684375 0.5448629125 0.32171645625
0 0.7025391453125 0.280892096875 0.6772175796875 0.2929886234375 0.6577434375 0.3027447671875 0.6772175796875 0.31904270156250003 0.715501403125 0.322066825 0.73268385 0.3139249375 0.7025391453125 0.280892096875
0 0.7644865750000001 0.2558890140625 0.76463729375 0.21424902812500002 0.7403707953125 0.21669160468749998 0.718817303125 0.23146331875 0.71339125 0.25333014062500003 0.7139941624999999 0.25798265468750003 0.7302722796875 0.2570521390625 0.7644865750000001 0.2558890140625
5 0.5801270656249999 0.2011066984375 0.5801270656249999 0.1847609546875 0.5801270656249999 0.173577034375 0.564519565625 0.174437334375 0.55351180625 0.175732 0.5516991640625 0.203687596875 0.552256590625 0.2256253 0.5795696390625 0.2264856 0.5801270656249999 0.2011066984375
5 0.5767218359374999 0.12275381249999999 0.5759976734375 0.10459165468750001 0.5759976734375 0.0906207609375 0.56332478125 0.0900619265625 0.555485021875 0.09046817968750001 0.5553589609375 0.11018000937500001 0.5553589609375 0.1386806328125 0.5759976734375 0.13812180000000002 0.5767218359374999 0.12275381249999999
3 0.7044480671875 0.21777677031249998 0.7044480671875 0.2556277703125 0.783635775 0.25425968125 0.7818629015624999 0.023961375 0.665445165625 0.023961375 0.6039860359375 0.022137228125 0.57739316875 0.023049306250000002 0.5649831328125 0.023961375 0.54548168125 0.023505340625000003 0.5442997796875 0.24331481406250002 0.5720745875000001 0.237842365625 0.598076521875 0.21640864999999998 0.7044480671875 0.21777677031249998
3 0.5730054546875001 0.5259602234375 0.5730054546875001 0.4912765484375 0.6551160078125 0.489942565625 0.6568446453125001 0.335867046875 0.6551160078125 0.30385135 0.545347134375 0.30385135 0.45469138750000004 0.3048438 0.40879687656249997 0.30332828749999996 0.4096396109375 0.568177803125 0.481387365625 0.568647796875 0.5730054546875001 0.568647796875 0.5730054546875001 0.5259602234375
0 0.2889192546875 0.5109048734375 0.2878653015625 0.49380686249999994 0.2762716265625 0.4799656203125 0.25624623281250003 0.4697882203125 0.23147792968749997 0.4691775765625 0.230950978125 0.46938113125 0.23147792968749997 0.512126159375 0.2889192546875 0.5109048734375