3 0.6133202453125 0.7163017953125 0.6130043828125 0.779012409375 0.6131623140625 0.8494125296874999 0.6137940515625 0.8496501359374999 0.6158471796875 0.8497656875 0.6426407640625 0.8495150703125001 0.6426407640625 0.8424423437499999 0.7178122078125 0.8425644 0.717654265625 0.84964363125 0.7822490890625 0.8497656875 0.782880825 0.678837196875 0.782880825 0.6157604171875 0.7827228953125 0.5604886953125 0.718005390625 0.5604886953125 0.645198028125 0.5604848437500001 0.64459109375 0.666348434375 0.6130043828125 0.690303928125 0.6133202453125 0.7163017953125
0 0.6650581718749999 0.5783629625 0.6691644484375 0.5836113578125001 0.6783245859375 0.5909347 0.6890640734375 0.59520665 0.6975924874999999 0.597281596875 0.7069105687499999 0.597891875 0.7073843625 0.56092200625 0.66178105 0.560789853125 0.6622153703125 0.5661503328124999 0.6622153703125 0.5709105078125 0.6650581718749999 0.5783629625
5 0.7151231078125 0.842850409375 0.7154389703125 0.8338182890624999 0.6803777281250001 0.8339403421875 0.6442109421875 0.833620553125 0.6442109421875 0.8432165796875 0.675165915625 0.8430945218750001 0.7151231078125 0.842850409375
3 0.478506646875 0.8494620625 0.478349721875 0.8426704390624999 0.553911128125 0.842306603125 0.5540680609375 0.84958334375 0.6237443390624999 0.8497046218750001 0.6237443390624999 0.80424438125 0.6237443390624999 0.7261730187500001 0.6237443390624999 0.693804446875 0.6560716171875 0.669669921875 0.654973121875 0.5950008328124999 0.6554439015625 0.560813078125 0.5867035546875 0.560813078125 0.5109593609374999 0.5606918000000001 0.4511695734375 0.5606918000000001 0.4086419390625 0.56055505625 0.408188653125 0.7656841187500001 0.4078748015625 0.8494620625 0.478506646875 0.8494620625
0 0.58770346875 0.5767633812499999 0.5917733984375 0.582196275 0.59756995625 0.5882963640625001 0.6073131140625 0.5939198875 0.6193995640625001 0.5971605578125 0.62975936875 0.59782775625 0.6291427140625 0.560570178125 0.5852368484375 0.5604688078125 0.5849901843749999 0.5661923640625 0.5853601765625001 0.5701955484375001 0.58770346875 0.5767633812499999
5 0.551228303125 0.8430188281250001 0.551228303125 0.8337733828125 0.5191622203125 0.8336780671874999 0.481022078125 0.8336648984374999 0.48080624843750003 0.8432094578125 0.5133656531249999 0.8432094578125 0.551228303125 0.8430188281250001
3 0.408464509375 0.5684069546875 0.5736800703125 0.568938265625 0.5734509140624999 0.53831860625 0.5741384 0.491759834375 0.6554900734375 0.4915827359375 0.6554900734375 0.4191766046875 0.6554900734375 0.3504896046875 0.6538859453125 0.30410793125 0.5448270390625 0.303222425 0.5445978828125 0.310483584375 0.46874604375000006 0.310483584375 0.46920435625 0.3039308328125 0.407961446875 0.303864825 0.40810300625 0.34436698125 0.408235353125 0.501136765625 0.408464509375 0.5684069546875
5 0.541487403125 0.319483403125 0.541487403125 0.3108427640625 0.5019488515625 0.3108427640625 0.47215437343750005 0.31068005 0.4720216234375 0.319420790625 0.49684631718750005 0.319358178125 0.541487403125 0.319483403125
0 0.5506200171875 0.495286428125 0.5422156734375 0.4988482703125 0.5354379765624999 0.5037719921875 0.5300158203125 0.5107909171875 0.5258136453125 0.5192764859375 0.5252714328125 0.5278668093750001 0.5735286312500001 0.5275525296875 0.5735964015625 0.49245035625 0.5658020515625 0.4928769453125 0.5599732390625001 0.4931912265625 0.5506200171875 0.495286428125
0 0.6827228984375 0.3173765984375 0.6952117359375001 0.320098884375 0.706579775 0.319851403125 0.7173073578125 0.3172528609375 0.7249927984375 0.3131694328125 0.69793365625 0.282605590625 0.6603070421874999 0.3019090671875 0.667352028125 0.30871478125 0.673116103125 0.313045690625 0.6827228984375 0.3173765984375
5 0.558367546875 0.291575365625 0.5739655140625 0.291575365625 0.5739655140625 0.272393634375 0.558367546875 0.272393634375 0.558367546875 0.27600120625 0.5443919890625 0.2760815421875 0.5441358203125 0.28805578125000003 0.558367546875 0.287967790625 0.558367546875 0.291575365625
3 0.5572902953125001 0.138801246875 0.5443620218749999 0.138959840625 0.5445672312500001 0.17953426249999999 0.5581111328125 0.17937566875 0.5577007187499999 0.226794946875 0.5445672312500001 0.226794946875 0.544977653125 0.2390066 0.5735019375 0.23837222656249998 0.6010001828125 0.217763603125 0.70389291875 0.21760501250000003 0.7036877109375 0.25691914374999997 0.7828990390625 0.256126178125 0.7828990390625 0.0909315546875 0.7828990390625 0.023396340625 0.7445513734375 0.023237746875 0.6336906515625 0.023079153124999998 0.544885715625 0.0230257953125 0.5441568078125 0.091716065625 0.5579059265625 0.091874659375 0.5572902953125001 0.138801246875
5 0.573503984375 0.1370982875 0.5735724156249999 0.1301700703125 0.5737092859375 0.1089178890625 0.5735724156249999 0.093374703125 0.558346040625 0.0935174875 0.5584486921875 0.1123026671875 0.5582433921875001 0.1370454 0.573503984375 0.1370982875
5 0.573503984375 0.22474854843749997 0.5737777171875 0.19757300625000002 0.5737092859375 0.1815009484375 0.558346040625 0.18140489375 0.5580380921875 0.200058703125 0.5579012265625 0.224854321875 0.573503984375 0.22474854843749997
0 0.7399402687500001 0.22160204062500002 0.7306367796875 0.2269677234375 0.72327729375 0.2326553515625 0.71897269375 0.24047780625 0.716473253125 0.24477035625000002 0.716473253125 0.24831170624999999 0.71619553125 0.25626303125 0.761741003125 0.256145603125 0.7613244234375001 0.21881188749999997 0.7502157734375 0.21924114375 0.7399402687500001 0.22160204062500002