3 0.7446478234375 0.630711065625 0.76886816875 0.6303449453125001 0.76886816875 0.6786731671874999 0.8215635203125 0.679039284375 0.821696596875 0.630354703125 0.9712713703125001 0.6309038859375 0.9711382937499999 0.584059675 0.9711382937499999 0.397964253125 0.9711382937499999 0.3297116109375 0.9533598234375 0.3295285453125 0.953226746875 0.3271487484375 0.8660473734374999 0.327514871875 0.8663135375 0.3297116109375 0.840629321875 0.32934548750000003 0.840629321875 0.3772880703125 0.8058587890625001 0.3771050046875 0.744775609375 0.37722023125000004 0.7446478234375 0.44571401718750003 0.7449139765624999 0.5835007328125 0.7446478234375 0.630711065625
0 0.7591534109375 0.4314547375 0.7655411984375 0.4250475859375 0.770332034375 0.4175420703125 0.7727274562499999 0.40765675 0.7733928515625 0.4008834796875 0.7733928515625 0.3950255125 0.7499709765625 0.3957577578125 0.7499709765625 0.3900828515625 0.744514740625 0.389571609375 0.7446478234375 0.441889240625 0.7502371296875 0.44207229843749996 0.7502371296875 0.43621433906249996 0.7591534109375 0.4314547375
5 0.953975534375 0.343972146875 0.954084303125 0.32646615625000003 0.9200390031250001 0.32676540625 0.8654359859375 0.326826084375 0.8655447593750001 0.34367289843750004 0.885776153125 0.3435232765625 0.953975534375 0.343972146875
3 0.40915968906250005 0.7086424765625 0.3567491109375 0.7078953796875 0.3564775578125 0.76538236875 0.481335515625 0.7646352640625 0.5011592046875 0.7993754859375 0.6138555296875 0.7993754859375 0.6138555296875 0.794892875 0.6521451218750001 0.7956399796875 0.6518593828125 0.6043858265625001 0.65210945 0.53819720625 0.6519844109374999 0.47595518593749997 0.57707710625 0.47612717812499994 0.5225639203125 0.47578319843749994 0.5225639203125 0.5342414390625 0.47420846875 0.5340588875 0.47379036250000006 0.5734768421875 0.40888813593749995 0.571982646875 0.40915968906250005 0.7086424765625
0 0.4241526515625 0.6113799078125 0.426905328125 0.6113799078125 0.43268593906249997 0.6100546171875 0.4389482765625 0.6063627421875 0.44404072031249997 0.6013455750000001 0.447688015625 0.5954764359375 0.45050950468749995 0.5880926796875 0.4523675625 0.5799566609375 0.45732237343750004 0.5799566609375 0.4572535578125 0.5728568953125001 0.4200580484375 0.5723755453125 0.420161275 0.5798569515625001 0.4240150171875 0.5797622890625 0.4241526515625 0.6113799078125
5 0.464472828125 0.7681766796875 0.46457675312499996 0.7508785546875 0.44160903124999995 0.750735596875 0.4126135796875 0.75061129375 0.4121978765625 0.7676048390625 0.431736028125 0.767890759375 0.464472828125 0.7681766796875
5 0.6144064625000001 0.7991879609375 0.6144064625000001 0.781318 0.554960590625 0.781603915625 0.50759254375 0.7814609578125 0.493026590625 0.75471963125 0.48268592187500003 0.7657430125 0.501288740625 0.7990449984375 0.5525204234375 0.798902040625 0.6144064625000001 0.7991879609375
3 0.4786611578125 0.4829393984375 0.5277943546875 0.48264582031250003 0.6400966125 0.483232971875 0.6520481296875 0.4836733421875 0.6521548390625 0.3791910421875 0.6520481296875 0.2943784390625 0.62182713125 0.29423165 0.62182713125 0.2918830296875 0.5272804671875 0.29202981875 0.527387184375 0.2943784390625 0.4786207375 0.29422263593750003 0.4786611578125 0.3337178265625 0.47876786562499996 0.4251280984375 0.4786611578125 0.4829393984375
5 0.6227029484375 0.3089555953125 0.6227029484375 0.2913409453125 0.57273890625 0.2913409453125 0.526640209375 0.2911047046875 0.5260746468749999 0.308808803125 0.5556333 0.308808803125 0.6227029484375 0.3089555953125
0 0.516832728125 0.46789963593749995 0.512281334375 0.457659571875 0.5070898921875 0.45110525 0.5017562203125 0.44729004687499996 0.4962803171875 0.4452357078125 0.4904488359375 0.4446487546875 0.4904488359375 0.47582873125 0.48603966875 0.4757309078125 0.48627079531249995 0.48271057031250003 0.52337536875 0.482769140625 0.5235175984375 0.47572569062500003 0.518966196875 0.47572569062500003 0.516832728125 0.46789963593749995
0 0.43267851874999996 0.44448635625 0.421448284375 0.44658730625 0.4139914046875 0.452148646875 0.4091399421875 0.45882225 0.40563610937499994 0.46722604843750004 0.404108796875 0.47427041093750005 0.404108796875 0.47600060624999996 0.399886228125 0.47600060624999996 0.3998188453125 0.48288890156250003 0.4368112453125 0.48308885156250003 0.4368112453125 0.47567373125 0.43258867187499994 0.47555014843750004 0.43267851874999996 0.44448635625
5 0.465885503125 0.30794894375 0.46596036406249997 0.291473546875 0.43538252499999996 0.291679490625 0.3960081515625 0.2916960015625 0.3962565984375 0.3083608265625 0.42830767812500004 0.30815488750000003 0.465885503125 0.30794894375
5 0.36778503749999997 0.5864463578125 0.367518834375 0.5523918359375 0.367651940625 0.5210934109375 0.3550741046875 0.5213975953125 0.354741359375 0.5483638843749999 0.354741359375 0.5860801796875 0.36778503749999997 0.5864463578125
3 0.1262323625 0.5215376953125 0.1254368078125 0.6020471953125 0.12495947656249999 0.7643794265625 0.1454847953125 0.7652549046875 0.16855588593749998 0.807934734375 0.2543147171875 0.807934734375 0.254632934375 0.804870546875 0.312390225 0.8059649015625 0.312390225 0.6414439609375 0.312390225 0.4430096953125 0.3125493328125 0.2939343953125 0.293933340625 0.29502875 0.293933340625 0.2915268109375 0.26818155312499997 0.2915268109375 0.26818155312499997 0.2969985828125 0.26706778125 0.2969985828125 0.267385996875 0.2641679453125 0.257521121875 0.26570004375 0.24972468124999997 0.2707340734375 0.2425646875 0.2801455203125 0.2377913578125 0.2902135890625 0.23460913906249997 0.27927004218749996 0.2282447 0.2724850390625 0.2196527046875 0.2665755265625 0.2102651546875 0.26570004375 0.2107424921875 0.29706011875 0.20740116406250003 0.296841246875 0.20756027187499998 0.2920260890625 0.17939762812499999 0.2918072171875 0.17939762812499999 0.2946525375 0.163327415625 0.294310559375 0.1631461109375 0.384582821875 0.16330521874999998 0.5213188203125 0.1262323625 0.5215376953125
5 0.20765779375 0.30842494062500003 0.2077559046875 0.291959334375 0.193284125 0.291959334375 0.179499140625 0.2920892921875 0.179744425 0.308357459375 0.190978453125 0.308492421875 0.20765779375 0.30842494062500003
5 0.29399748125 0.30805400625 0.29399791406250003 0.29233070156249996 0.283646909375 0.29233070156249996 0.26780153281249996 0.29225792500000003 0.267604875 0.3081889703125 0.27903513125 0.30825645156250003 0.29399748125 0.30805400625
5 0.255238296875 0.8082133234375 0.255119875 0.7911083703124999 0.1745906203125 0.791271271875 0.15546290625 0.7549839640625 0.1449822625 0.76536948125 0.16771993125 0.808539134375 0.2349875609375 0.8082133234375 0.255238296875 0.8082133234375
3 0.0275261296875 0.43596172343750006 0.027295639062499998 0.486984003125 0.0312140578125 0.48714253437500005 0.0314445484375 0.5281772328125001 0.11858113125 0.528969896875 0.1685985765625 0.528969896875 0.1685985765625 0.468444090625 0.16848333124999998 0.36242775625 0.16813758437499998 0.29491804843749997 0.12486506718749998 0.29475951562499997 0.1249803125 0.29238152031250003 0.071222996875 0.29206445312499996 0.071222996875 0.29507658281250004 0.031433771875 0.294389109375 0.0312140578125 0.3687690765625 0.0315597953125 0.43564465781250006 0.0275261296875 0.43596172343750006
5 0.125366553125 0.30874880781249997 0.125366553125 0.2920235328125 0.09861303593750001 0.2920235328125 0.0711280890625 0.2919295359375 0.0713915171875 0.3081326125 0.085754959375 0.30830866874999996 0.125366553125 0.30874880781249997
0 0.039075634375 0.48658287343750006 0.038987495312499995 0.48058451093750004 0.0614191421875 0.480645134375 0.061375073437500004 0.47652282812499996 0.061200878125000004 0.471858153125 0.05996691562499999 0.466644646875 0.058071903125000005 0.4606430546875 0.05397339062499999 0.45362057812499995 0.049522315625 0.44852831875000004 0.0456235046875 0.4453153453125 0.0391011421875 0.442526725 0.0391452109375 0.43628264375 0.027609878124999997 0.4361570296875 0.027506246875 0.46191935156249997 0.027506246875 0.48676473906249995 0.039075634375 0.48658287343750006
0 0.11299442500000001 0.5127920171875 0.109473721875 0.5049320109375001 0.10514498593749999 0.498630384375 0.0993733375 0.4941843203125 0.094929171875 0.491167346875 0.09111988125 0.49013522500000006 0.086329415625 0.49005583125 0.0866179984375 0.521486084375 0.0822892609375 0.5215654765625 0.0821882578125 0.5284592484374999 0.11917009062499999 0.528591425 0.1191123703125 0.52136656875 0.11368702500000001 0.521842934375 0.11299442500000001 0.5127920171875
0 0.07614551093750001 0.571534753125 0.0785474640625 0.571186953125 0.08217146875 0.569621853125 0.0855847734375 0.5673031890625 0.08967230937500001 0.5631295953125 0.0931277546875 0.5576869109375 0.096288221875 0.5510787171875 0.0979316625 0.5449373468750001 0.0986480359375 0.539143775 0.098690175 0.5334050796875001 0.0762620703125 0.533636946875 0.076304209375 0.5278982531249999 0.070699646875 0.527865153125 0.07079378593749999 0.578081890625 0.07614551093750001 0.57813985625 0.07614551093750001 0.571534753125
5 0.0295693609375 0.5582976125 0.0413024859375 0.5582976125 0.0413024859375 0.5462406828125 0.0413024859375 0.527931409375 0.029801390625 0.527680621875 0.0292539546875 0.527492915625 0.0292539546875 0.54293865 0.0295693609375 0.5582976125
1 0.2519717703125 0.267944625 0.24638127187499997 0.272337159375 0.2423880578125 0.2800240953125 0.2386272390625 0.291082109375 0.23200570312500002 0.27618062656250003 0.22721384687500001 0.27014089218750004 0.2217874640625 0.2668327484375 0.214834884375 0.263003021875 0.20844574374999997 0.263003021875 0.20764710156250002 0.30637930468749996 0.267944625 0.30637930468749996 0.267545303125 0.26410115625 0.257633540625 0.2666972796875 0.2519717703125 0.267944625
0 0.0912275734375 0.8060509859374999 0.092951521875 0.8133142796874999 0.0969740546875 0.8218407578125 0.107892353125 0.8321041093750001 0.1190405171875 0.833840984375 0.11915545000000001 0.8025772359375001 0.12329290781249999 0.8025772359375001 0.12329290781249999 0.7918401921875 0.08597291093750001 0.791750915625 0.085251240625 0.8022614421875 0.09065293125 0.8025772359375001 0.0912275734375 0.8060509859374999
5 0.0568026265625 0.8076202765625 0.0784896421875 0.8076202765625 0.078439209375 0.7917526796875001 0.0617452484375 0.7917526796875001 0.0448284078125 0.7916785765625 0.0448999796875 0.7918912609375 0.0447991109375 0.8077588578125001 0.0568026265625 0.8076202765625
5 0.041114121875 0.786576765625 0.041114121875 0.7741422609375 0.041114121875 0.764045203125 0.0297409171875 0.7639112484374999 0.029806793749999998 0.7746125453125 0.029806793749999998 0.7866164921875 0.041114121875 0.786576765625
5 0.13664737968750001 0.7867496234375 0.13661160156250002 0.7766651203125 0.13664737968750001 0.763983428125 0.1251829734375 0.7639183843749999 0.12527005 0.775051009375 0.12527005 0.7867004703125 0.13664737968750001 0.7867496234375
0 0.1182385859375 0.7208119390625 0.11350070781249999 0.7211136890625001 0.1088569640625 0.7225793375 0.10549965937500001 0.7245191671875 0.1023933703125 0.7268038546875 0.09944396562499999 0.730166225 0.09533125625 0.7365565859375 0.092946628125 0.7419881078125 0.091377796875 0.7480662390624999 0.090781640625 0.751956375 0.0861076015625 0.751956375 0.08604018125 0.758778965625 0.122568565625 0.758681115625 0.12259994062499999 0.7518701609375 0.1182699609375 0.75191326875 0.1182385859375 0.7208119390625
5 0.079791096875 0.758977421875 0.07990797499999999 0.7499852140625001 0.054632043750000005 0.7500655015625 0.040626676562500005 0.75005415 0.0405842828125 0.7589036390625 0.057554990625 0.759104359375 0.079791096875 0.758977421875
0 0.5504065703125 0.5273626640625 0.5496768515625 0.5160483499999999 0.5474877 0.508314515625 0.5426924125 0.49813152031249996 0.537063165625 0.4922595328125 0.532163628125 0.4893951515625 0.52757683125 0.48824939843750004 0.5276810796875 0.481374878125 0.52205775625 0.48118921875 0.5221560734375 0.5330914296875 0.5277853218749999 0.5330914296875 0.5277853218749999 0.527505884375 0.5504065703125 0.5273626640625