3 0.62585688125 0.543430109375 0.6263421515625 0.6055291421875 0.7718189609375 0.605357521875 0.9011406921875 0.6048426625000001 0.9011406921875 0.4607458140625 0.9011406921875 0.3946995203125 0.900898065625 0.3264221640625 0.7109055718749999 0.3262505421875 0.6267130078125 0.3262505421875 0.62585688125 0.41288210156250005 0.62585688125 0.4766973359375 0.62585688125 0.543430109375
0 0.6809338781250001 0.5182293953125 0.6911243265625 0.508790290625 0.6974327 0.49814985 0.699616371875 0.49128504375000004 0.6998589984375 0.482360796875 0.6259175421875 0.48273302031250004 0.626584778125 0.5314441453125001 0.64866409375 0.530929284375 0.6675892328125 0.5257806828125 0.6809338781250001 0.5182293953125
5 0.8780979328124999 0.44660006875 0.8939427312499999 0.44650895156250003 0.8942003656249999 0.44404875781250003 0.9014142546875 0.444139878125 0.9014142546875 0.4280168046875 0.9014142546875 0.402148934375 0.90154308125 0.353875690625 0.8940715484374999 0.353875690625 0.8939427312499999 0.350595434375 0.877775884375 0.3506784328125 0.8779691156249999 0.3873877796875 0.8778402968749999 0.4140805703125 0.8780979328124999 0.44660006875
3 0.7023323609375 0.332356165625 0.8556695171875001 0.331626265625 0.90107345625 0.331626265625 0.90107345625 0.23775106406250002 0.9007294921875 0.12270868593749999 0.84883268125 0.1224653859375 0.608911675 0.1224653859375 0.47949322031249997 0.12287531249999999 0.478446090625 0.23458815 0.4781021265625 0.3318695625 0.7023323609375 0.332356165625
0 0.586796425 0.284912509375 0.573037653125 0.2929414390625 0.563406528125 0.301943565625 0.5572150703125 0.310945696875 0.5544633046875 0.32092102968749997 0.554119340625 0.3314167875 0.6236011593749999 0.3318695625 0.6242890859375 0.279316590625 0.6057147374999999 0.28053309375 0.586796425 0.284912509375
5 0.8942100671875 0.2333344125 0.8940456250000001 0.23077543125000002 0.9011167609375 0.23089174531249998 0.9012812015625 0.1949621140625 0.9012812015625 0.150082253125 0.8935522859375 0.150082253125 0.8935522859375 0.14717432187499999 0.877560025 0.147252990625 0.8779300234375 0.19728845781249998 0.878094478125 0.23345072656250002 0.8942100671875 0.2333344125
3 0.174321828125 0.40724029531249994 0.174321828125 0.4148282140625 0.1807583109375 0.4273482640625 0.18880393281250002 0.4364537484375 0.19953142968749998 0.44328288125000004 0.21454994218749998 0.449353203125 0.231713921875 0.45276776874999997 0.2456596796875 0.45352655000000003 0.24619604687500002 0.40688112031249996 0.2515597953125 0.40688112031249996 0.2504870625 0.3958786578125 0.42801924375 0.3960623109375 0.49290855625 0.3964994375 0.5145383265625 0.3960623109375 0.5154653265625 0.326156925 0.48641962968749997 0.3265940546875 0.48672862187500004 0.29382117343749997 0.48672862187500004 0.21275739843750002 0.48641962968749997 0.1231812953125 0.26434669843749997 0.1227441671875 0.1136335390625 0.1229441859375 0.1134608359375 0.21420884375 0.11453360937499998 0.40686089843750006 0.174321828125 0.40724029531249994
5 0.11999108437499999 0.3796839984375 0.11999108437499999 0.3825198671875 0.1374599515625 0.38272243437500003 0.138319084375 0.3110369375 0.13774634375 0.22619568124999997 0.12056384843750001 0.22599312343750003 0.12056384843750001 0.2292341171875 0.11283171249999999 0.229101615625 0.11283171249999999 0.3199280890625 0.11283171249999999 0.3800891171875 0.11999108437499999 0.3796839984375
0 0.1838462890625 0.43192981093749994 0.2022125515625 0.44388158437499997 0.222415440625 0.45089675937499996 0.2455569421875 0.453494971875 0.2459242625 0.43348873593750004 0.2451895953125 0.4007512609375 0.1731938515625 0.40034363749999996 0.17466315625 0.4103646484375 0.1779690765625 0.4197182125 0.1838462890625 0.43192981093749994
5 0.267994028125 0.466580175 0.283950375 0.466580175 0.28413169531250004 0.4302839921875 0.267994028125 0.4301557359375 0.267994028125 0.4325925828125 0.26046915937500004 0.4327083140625 0.26019717343750004 0.4638868171875 0.267994028125 0.464015075 0.267994028125 0.466580175
5 0.268175346875 0.5065752484375 0.283950375 0.5067035015625 0.284494334375 0.4892608140625 0.2843130140625 0.470022553125 0.26871931875 0.469894296875 0.26871931875 0.47245939843749996 0.2606958109375 0.47245042968749995 0.26019717343750004 0.5041384 0.267994028125 0.5038818890625001 0.268175346875 0.5065752484375
0 0.4862049078125 0.3411231421875 0.47685207968750004 0.3441302125 0.46551532812499996 0.3488266828125 0.45559567031250003 0.355843184375 0.4482267875 0.3652653375 0.4436920921875 0.37609079375 0.44114131875 0.3885200265625 0.5151136140625 0.38831954999999996 0.51624729375 0.33970425 0.5049105421875 0.33951936875 0.49754165781250004 0.3393189 0.4862049078125 0.3411231421875
0 0.44199157187500004 0.41064753749999994 0.44737654375 0.4204706390625 0.4592801234375 0.43249892343749996 0.4734510625 0.44091872031249996 0.49669139375000004 0.44673239374999996 0.5148302 0.44773475156250003 0.5148302 0.3983171359375 0.44114131875 0.39821830937499997 0.44114131875 0.40403198125 0.44199157187500004 0.41064753749999994
3 0.11368276718749999 0.7340460515625 0.528444390625 0.7342321453125 0.529496759375 0.691449784375 0.529496759375 0.6192740921875 0.513974103125 0.6190879984375 0.5150264734375 0.5591847546875 0.36496350781250003 0.5591847546875 0.28289408437499997 0.5599291390625 0.2826309921875 0.549507734375 0.2447451484375 0.5497411734375001 0.24421896406250002 0.5035892328125 0.2407987078125 0.5035892328125 0.22711771718749998 0.5043336187499999 0.2110688578125 0.5078694515625 0.1981771453125 0.514755025 0.18870568906250001 0.52164059375 0.181338990625 0.5311782203125001 0.1763401609375 0.54197181875 0.175813975 0.5496017765625 0.11418370468750001 0.5494947203125 0.11420896250000001 0.5746208453125 0.1139458703125 0.7074441703125001 0.11368276718749999 0.7340460515625
5 0.12104946718750001 0.7076302640625001 0.12104946718750001 0.7100495171875 0.1373614171875 0.7100495171875 0.13788761249999998 0.6296855781249999 0.13762451874999998 0.5740625578125 0.119997078125 0.5742486546875 0.119997078125 0.5762957125 0.11289348125000001 0.5760021671875 0.11289348125000001 0.6456799625 0.1134196765625 0.7076302640625001 0.12104946718750001 0.7076302640625001
5 0.141214028125 0.5656892515624999 0.151734271875 0.5656892515624999 0.16516781875 0.5658037375 0.165005971875 0.5543555609374999 0.161445265625 0.5543555609374999 0.161121571875 0.5488604375 0.155456825 0.54897491875 0.145098428125 0.5490206140625 0.1452602765625 0.554241078125 0.141214028125 0.5541265984375 0.141214028125 0.5656892515624999
0 0.4434518703125 0.5787790859374999 0.44778006562500006 0.5879635249999999 0.45370286249999997 0.5965034390625 0.465395446875 0.6054000734375 0.48134144687499997 0.612006421875 0.498654246875 0.615551290625 0.514600246875 0.6157124203125 0.514600246875 0.5681855359375 0.44071826875 0.567016565625 0.44071826875 0.5713670890625 0.4434518703125 0.5787790859374999
0 0.5868250781250001 0.5866274328125 0.5752319109374999 0.5903548109375001 0.5649034484375 0.5957222328125 0.5558397078125 0.602282415625 0.5474083140625 0.6106317390625 0.544035759375 0.61763920625 0.5412955484374999 0.6265849125 0.5406631875000001 0.6338905671874999 0.53992544375 0.63938235625 0.6161241796875 0.639705278125 0.615702615625 0.5833473437500001 0.6003153140624999 0.583943721875 0.5868250781250001 0.5866274328125
0 0.192678 0.516885378125 0.1820827421875 0.5281128749999999 0.1753135484375 0.541627459375 0.1738691109375 0.5548259296875 0.245948621875 0.5555578765625 0.2462429234375 0.5027470421875 0.2150457828125 0.5064895453125 0.192678 0.516885378125