5 0.209366390625 0.291287878125 0.17878787812500002 0.29015151562499997 0.17878787812500002 0.309090909375 0.1942148765625 0.308712121875 0.20881542656250002 0.30946969687500003 0.209366390625 0.291287878125
5 0.1258953171875 0.290909090625 0.070523415625 0.290909090625 0.07079889843750001 0.309848484375 0.096694215625 0.309848484375 0.1258953171875 0.309090909375 0.1258953171875 0.290909090625
5 0.29559228593750003 0.2920454546875 0.26694214843749997 0.291287878125 0.26721763125 0.309848484375 0.280716253125 0.30946969687500003 0.294765840625 0.30946969687500003 0.29559228593750003 0.2920454546875
0 0.109366390625 0.49962121249999997 0.0994490359375 0.48863636406250005 0.08595041406250001 0.4852272734375 0.08567493125 0.53181818125 0.117355371875 0.5303030296875 0.11597796093749999 0.5128787875 0.109366390625 0.49962121249999997
0 0.061157025 0.46212121249999993 0.0548209359375 0.44810606093749994 0.043801653125 0.44166666718750003 0.031404959375 0.44090909062500006 0.0319559234375 0.48181818125 0.06528925625000001 0.48219697031250003 0.061157025 0.46212121249999993
5 0.0421487609375 0.54356060625 0.041873278125 0.5261363640625001 0.028099173437500003 0.5272727265625 0.0286501375 0.559848484375 0.0421487609375 0.559469696875 0.0421487609375 0.54356060625
0 0.086776859375 0.5708333328124999 0.0955922859375 0.5606060609375 0.10027548281250001 0.546590909375 0.100826446875 0.53143939375 0.0688705234375 0.53106060625 0.06997245156250001 0.575 0.07768595 0.5746212125 0.086776859375 0.5708333328124999
5 0.08181818125 0.7488636359374999 0.0391184578125 0.7481060609375 0.03856749375 0.759848484375 0.0606060609375 0.7606060609374999 0.0815427 0.7602272734375 0.08181818125 0.7488636359374999
5 0.041873278125 0.7765151515625 0.041873278125 0.7609848484375 0.0286501375 0.7609848484375 0.0286501375 0.7863636359374999 0.0421487609375 0.7878787875000001 0.041873278125 0.7765151515625
0 0.10798898125 0.71931818125 0.1 0.7257575765625 0.09201101874999999 0.7359848484375 0.0892561984375 0.7481060609375 0.088980715625 0.7617424234375 0.121212121875 0.7602272734375 0.120385675 0.71893939375 0.10798898125 0.71931818125
5 0.0586776859375 0.790530303125 0.0443526171875 0.790530303125 0.044077134375 0.8079545453125 0.07906336093750001 0.8079545453125 0.07906336093750001 0.790530303125 0.0586776859375 0.790530303125
5 0.138016528125 0.7878787875000001 0.138016528125 0.7628787875 0.124242425 0.7632575765625 0.124242425 0.7753787875 0.12451790625 0.7878787875000001 0.138016528125 0.7878787875000001
0 0.11184572968749999 0.8352272734374999 0.1201101921875 0.8356060609375 0.120385675 0.7928030296874999 0.0892561984375 0.79431818125 0.088705234375 0.79393939375 0.0895316796875 0.8102272734374999 0.0955922859375 0.8234848484375 0.10413223125 0.8329545453125 0.11184572968749999 0.8352272734374999
5 0.164187328125 0.76931818125 0.1548209359375 0.7549242421875 0.1443526171875 0.765909090625 0.1680440765625 0.8106060609375 0.1760330578125 0.7897727265625 0.164187328125 0.76931818125
5 0.21460055156250002 0.790530303125 0.17548209374999998 0.790530303125 0.17300275468749998 0.7863636359374999 0.1655647375 0.809469696875 0.2548209359375 0.809469696875 0.2553719015625 0.790909090625 0.21460055156250002 0.790530303125
3 0.168319559375 0.5287878781249999 0.168319559375 0.45681818124999996 0.1677685953125 0.2928030296875 0.0305785125 0.29318181875 0.0303030296875 0.41212121249999994 0.0305785125 0.5284090906250001 0.12286501406250001 0.5291666671875 0.168319559375 0.5287878781249999
3 0.124242425 0.6352272734375 0.1247933890625 0.684469696875 0.1250688703125 0.765530303125 0.14490358125 0.765909090625 0.1669421484375 0.809469696875 0.313223140625 0.8056818187499999 0.3134986234375 0.6935606062499999 0.313223140625 0.46287878750000006 0.3129476578125 0.29393939375 0.294765840625 0.29431818125000003 0.294765840625 0.291287878125 0.2674931125 0.2916666671875 0.26694214843749997 0.265530303125 0.20909090937500002 0.2647727265625 0.2096418734375 0.29469697031250003 0.20771349843750003 0.29545454531250004 0.20771349843750003 0.2928030296875 0.17878787812500002 0.2916666671875 0.17878787812500002 0.29318181875 0.16336088124999998 0.29393939375 0.1630854 0.4795454546875 0.16253443437499998 0.5204545453125 0.125619834375 0.521212121875 0.124242425 0.6352272734375
5 0.46721763125000004 0.290530303125 0.3953168046875 0.290530303125 0.395041321875 0.308712121875 0.4292011015625 0.30946969687500003 0.46694214843750004 0.309090909375 0.46721763125000004 0.290530303125
5 0.6234159781249999 0.29015151562499997 0.5264462812499999 0.291287878125 0.5258953171875 0.30946969687500003 0.5721763078125 0.309090909375 0.6234159781249999 0.30946969687500003 0.6234159781249999 0.29015151562499997
0 0.5168044078125 0.46060606093749995 0.5085399453125 0.45 0.499173553125 0.4446969703125 0.4903581265625 0.44318181875 0.4900826453125 0.48484848437499994 0.52066115625 0.483712121875 0.5198347109375 0.47462121249999994 0.5168044078125 0.46060606093749995
0 0.425344353125 0.44356060625 0.4170798890625 0.446969696875 0.4088154265625 0.45643939375000003 0.40440771406250003 0.4704545453125 0.40220385625 0.48484848437499994 0.43388429687499996 0.484469696875 0.43415977968749997 0.44280302968749996 0.425344353125 0.44356060625
0 0.406887053125 0.4700757578125 0.4134986234375 0.4640151515625 0.41790633593750004 0.4515151515625 0.4201101921875 0.43787878750000003 0.3936639125 0.43712121249999997 0.39393939375000003 0.47462121249999994 0.40192837499999995 0.47310606093749996 0.406887053125 0.4700757578125
0 0.5523415984375 0.5196969703125001 0.549862259375 0.50643939375 0.5432506890625 0.49393939375 0.5333333328125 0.4859848484375 0.5209366390625 0.4859848484375 0.52066115625 0.5299242421875 0.552066115625 0.5291666671875 0.5523415984375 0.5196969703125001
0 0.4506887046875 0.5946969703125 0.45454545468749996 0.58068181875 0.45454545468749996 0.571590909375 0.42231405000000005 0.5708333328124999 0.42258953125 0.6140151515625 0.43333333281249997 0.6125 0.44407713437499996 0.6049242421875001 0.4506887046875 0.5946969703125
5 0.368317465625 0.5553030296875 0.3677665015625 0.5208333328125 0.354269971875 0.5200757578124999 0.35481884375 0.5867424234375 0.3680419828125 0.5867424234375 0.368317465625 0.5553030296875
3 0.65289046875 0.48295454531250004 0.6523395046875 0.38143939375 0.6537169140625 0.29356060624999997 0.6245158125 0.29431818125000003 0.6245158125 0.290909090625 0.5258932234375 0.2916666671875 0.5261687046875 0.29393939375 0.47906126718750003 0.29356060624999997 0.47851030312500004 0.39318181874999997 0.47851030312500004 0.484090909375 0.65289046875 0.48295454531250004
5 0.43415768593750004 0.7492424234375 0.41156815468749997 0.75 0.4118436359375 0.76856060625 0.4650116796875 0.76856060625 0.46556264531249997 0.7496212124999999 0.43415768593750004 0.7492424234375
5 0.500824353125 0.7678030296875 0.49200892500000004 0.7545454546875 0.4809896421875 0.765530303125 0.5033036921875 0.8011363640625 0.509088815625 0.78143939375 0.500824353125 0.7678030296875
5 0.554267878125 0.7799242421875 0.5063339953125 0.778030303125 0.4994469421875 0.7992424234375 0.615149421875 0.7992424234375 0.6145984578125 0.78068181875 0.554267878125 0.7799242421875
3 0.4831934984375 0.7670575000000001 0.500824353125 0.7996332578125 0.6526149859375 0.7969817421875 0.65289046875 0.6571969703125 0.6526149859375 0.5329545453125 0.5787857843750001 0.5337121218750001 0.4741025890625 0.5340909093749999 0.4749290359375 0.571969696875 0.409088815625 0.571590909375 0.4085378515625 0.70643939375 0.3564558671875 0.7056938640625 0.35673135 0.7659211359375 0.4831934984375 0.7670575000000001
5 0.9554308609375 0.3258227765625 0.8651957250000001 0.325301459375 0.8648165859375 0.34459016875000004 0.9053844828125 0.3456328015625 0.9554308609375 0.3456328015625 0.9554308609375 0.3258227765625
0 0.76813608125 0.42643685 0.7753397265624999 0.410276040625 0.7760980046875 0.3935939140625 0.7431128921875 0.393072596875 0.7431128921875 0.438427128125 0.75714104375 0.4347779125 0.76813608125 0.42643685
3 0.7677569421875 0.678232690625 0.8215947124999999 0.6808392734375001 0.8227321312500001 0.6323568453124999 0.9724921265625 0.6333994781250001 0.9724921265625 0.47022743125 0.972871265625 0.3294719921875 0.9558099999999999 0.328950675 0.9554308609375 0.3258227765625 0.8644374453125 0.325301459375 0.8644374453125 0.32790804218749997 0.8420682312500001 0.32686540937499997 0.8413099531249999 0.376390471875 0.7450085890625 0.376390471875 0.74349203125 0.5114114296875 0.7446294484375 0.6307928953124999 0.7677569421875 0.6323568453124999 0.7677569421875 0.678232690625
1 0.24082028437499997 0.28481494218750003 0.23823801093750002 0.294456878125 0.23491795781249997 0.2825313328125 0.22901561718750002 0.2728893921875 0.22089990781250002 0.26705347968750004 0.21389089687500001 0.26527733593749997 0.21057082968750002 0.2655310671875 0.2100220625 0.306045221875 0.26756522656250004 0.3071436375 0.2670118765625 0.2655310671875 0.260002865625 0.2665460125 0.2505960265625 0.27009830468749996 0.24432479687500003 0.2789790359375 0.24082028437499997 0.28481494218750003