5 0.14808052031250002 0.1014957671875 0.1022003515625 0.10145704687499998 0.1024933875 0.1196017234375 0.1226995703125 0.12001321875 0.14832693125000002 0.1191902234375 0.14808052031250002 0.1014957671875
0 0.22397695468749998 0.11630759375 0.22348410625 0.1019051328125 0.18690101718750002 0.10182741718749999 0.18750724375 0.1187765953125 0.19071063906250002 0.1344135578125 0.1958854046875 0.1521080078125 0.22397695468749998 0.11630759375
0 0.2382691140625 0.06692772500000001 0.23235511562500002 0.08379918125 0.229398103125 0.10025914375 0.22925135000000002 0.1177533421875 0.26512858281249996 0.113015603125 0.26512858281249996 0.10684312343749999 0.2382691140625 0.06692772500000001
0 0.1495590125 0.229889834375 0.1714901265625 0.2763892140625 0.1778969734375 0.2759777140625 0.1776505625 0.2142528734375 0.1702580453125 0.2146643734375 0.160647775 0.2187793625 0.153008846875 0.2249518484375 0.1495590125 0.229889834375
0 0.21781651875 0.26774773281250003 0.22964454218750002 0.2698052328125 0.2301373625 0.2084918875 0.22348410625 0.2089033875 0.2027850734375 0.2562257734375 0.2099311796875 0.263632753125 0.21781651875 0.26774773281250003
0 0.22101963281249998 0.361162196875 0.2207732234375 0.3504632265625 0.1840185328125 0.3499755640625 0.1843035109375 0.363219696875 0.1865212640625 0.37721065781249996 0.193174521875 0.3965511109375 0.22101963281249998 0.361162196875
0 0.20229194218750002 0.3874981296875 0.2237302078125 0.4311170234375 0.22989064374999998 0.4311170234375 0.2288089546875 0.3703443796875 0.22274453749999998 0.371038178125 0.2121486234375 0.37721065781249996 0.2045096953125 0.3837946390625 0.20229194218750002 0.3874981296875
5 0.1147513984375 0.7338710984375 0.11446361249999999 0.7213827796875 0.10452509375 0.721834753125 0.10452509375 0.7499195578125 0.1148130015625 0.7500224296875 0.1147513984375 0.7338710984375
5 0.14499908125 0.7476563125 0.1291051875 0.7480678125 0.11291150624999999 0.7475864828125001 0.11290327343749999 0.76545364375 0.127688290625 0.76545364375 0.1451222859375 0.764939265625 0.14499908125 0.7476563125
5 0.20962233593750002 0.7477465171875 0.19193159531249998 0.7477353734375 0.192071696875 0.7650778890625001 0.227172975 0.76535969375 0.22700422343749999 0.7474647062499999 0.20962233593750002 0.7477465171875
5 0.2260760671875 0.7528191125 0.2310543734375 0.7519736781249999 0.231645015625 0.7190018031250001 0.2208588703125 0.7193271984375 0.22109775312500002 0.7502828140625 0.2260760671875 0.750141909375 0.2260760671875 0.7528191125
3 0.176253771875 0.36019743593750003 0.176764953125 0.11804336875000002 0.175572221875 0.10353173125 0.0617765640625 0.10319241718750001 0.061409839062500006 0.17865376093750002 0.0622617953125 0.36019743593750003 0.176253771875 0.36019743593750003
3 0.1041519828125 0.7205249453125 0.1041519828125 0.7655528265625 0.1462467703125 0.7655528265625 0.1619595703125 0.788228734375 0.175926503125 0.78660903125 0.1918332828125 0.765228875 0.23160025312500002 0.765228875 0.23140627187499999 0.7626373531249999 0.23198821406249998 0.7218207140625 0.27194916406249997 0.720848878125 0.271755184375 0.44159445625 0.2294664046875 0.44094657187499997 0.22849648125000002 0.35736965 0.2230649 0.3570457078125 0.2226769390625 0.351214759375 0.061603034375 0.351024065625 0.0618632125 0.528096928125 0.061669232812499995 0.720848878125 0.1041519828125 0.7205249453125
5 0.477007128125 0.101779571875 0.43108544687499994 0.10165828750000001 0.43104347656249997 0.11973058750000001 0.451059903125 0.12034958124999999 0.477377803125 0.1194210859375 0.477007128125 0.101779571875
5 0.5744945359375 0.10085106875000001 0.529646 0.101379721875 0.52982824375 0.1188020828125 0.55095670625 0.119111584375 0.5750505546875 0.1184925828125 0.5744945359375 0.10085106875000001
0 0.5444698984375 0.2407515703125 0.538724440625 0.2271335625 0.511850540625 0.259631078125 0.5124065375 0.2704635921875 0.5479913015625 0.2720110890625 0.546323265625 0.2537505828125 0.5444698984375 0.2407515703125
0 0.479231171875 0.2741775890625 0.46996431093749996 0.28253409375 0.49164876093750004 0.3280306234375 0.497292790625 0.32813261250000003 0.49591153749999994 0.26891608749999996 0.4877566921875 0.2692255875 0.479231171875 0.2741775890625
0 0.5103678375 0.400769584375 0.518708015625 0.3933415828125 0.497023553125 0.345369053125 0.49028848593749996 0.3462394171875 0.49053674375 0.40757858281250003 0.5016569750000001 0.4066500890625 0.5103678375 0.400769584375
0 0.4655162125 0.5032205609375 0.46625756406249996 0.4837220484375 0.4290842171875 0.48496538749999996 0.429375440625 0.49424505312499994 0.456434684375 0.529218578125 0.46143879062500004 0.51745756875 0.4655162125 0.5032205609375
0 0.5453965828125 0.49517355625 0.5455819140625 0.4843410515625 0.5077992453125 0.483293990625 0.5094411531249999 0.49981605625 0.5124065375 0.51745756875 0.518893346875 0.53262308125 0.5453965828125 0.49517355625
5 0.5002256671875001 0.7046434859375 0.46983375 0.7038479765625001 0.46987268125000003 0.7233177765625001 0.5328608406249999 0.72293666875 0.5328608406249999 0.7046434859375 0.5002256671875001 0.7046434859375
3 0.605434159375 0.72141025625 0.605662371875 0.5998289390625 0.6049777093750001 0.48473435 0.49109694687500005 0.48473435 0.3957010359375 0.48534623281249994 0.39455319375000003 0.58611103125 0.3947889703125 0.7198858312499999 0.605434159375 0.72141025625
3 0.4550309546875 0.40659597031250005 0.4550309546875 0.337990621875 0.49702306093750004 0.3376095234375 0.495881975 0.27205302656249997 0.50980328125 0.27090970937500003 0.50934683125 0.1024600125 0.47739632031249996 0.10284112187500001 0.4778527578125 0.0994111515625 0.431068065625 0.0997922609375 0.430839853125 0.10322223125 0.39568288281249997 0.1035684625 0.39500963125 0.2469058390625 0.39478141875 0.40507154375 0.4550309546875 0.40659597031250005
5 0.8209797828125 0.1006009578125 0.763561015625 0.10119214218749999 0.76352779375 0.11947455468749998 0.79178286875 0.11947455468749998 0.8214507015624999 0.11947455468749998 0.8209797828125 0.1006009578125
5 0.9066868609375 0.1006009578125 0.8495799796875 0.100484340625 0.8489994171875 0.11908135312499998 0.8753708281250001 0.11908135312499998 0.9064514078125001 0.12026095781249999 0.9066868609375 0.1006009578125
0 0.8464093546875 0.317266346875 0.843348384375 0.3223779453125 0.8398165078125001 0.3357467453125 0.8372264578124999 0.35068834375 0.83729155625 0.3627244765625 0.8730162187499999 0.3616979375 0.8734871500000001 0.3538339421875 0.8464093546875 0.317266346875
3 0.7297885 0.360512240625 0.9400534046875 0.3624782359375 0.9395824718749999 0.228782109375 0.9400534046875 0.10217172187500001 0.8366868937499999 0.1029581234375 0.75831485625 0.10185185156250001 0.729490021875 0.10185185156250001 0.729553046875 0.21856094062500003 0.7297885 0.360512240625
0 0.8472584359375 0.41427257656250005 0.8524682515625001 0.40767255156250004 0.8307307156249999 0.3626723375 0.8237604031249999 0.36261474531250004 0.8274970312500001 0.42267261562499997 0.837377728125 0.42027260625 0.8472584359375 0.41427257656250005
0 0.8023461453125 0.44247271093749996 0.824802290625 0.48597291093750006 0.8307307156249999 0.48627292187500004 0.83135799375 0.42687874375 0.8240836921874999 0.4274726359375 0.8177959765624999 0.42897264843749994 0.8098914109375001 0.4340726703125 0.8023461453125 0.44247271093749996
0 0.8709721140625 0.4947168171875 0.8704331812499999 0.4842167609375 0.8349143124999999 0.4846623390625 0.8354015875 0.5009729765625 0.8380963265625001 0.513873034375 0.8436654515625 0.530716978125 0.8709721140625 0.4947168171875
5 0.827676675 0.7052883890625 0.7969263609375 0.7041859953125 0.7969566734375 0.723288478125 0.864504746875 0.7235884718750001 0.8641454562499999 0.704988378125 0.827676675 0.7052883890625
3 0.9388238859375001 0.720905284375 0.9383552249999999 0.6226748718749999 0.9388238859375001 0.4825808828125 0.8247024375 0.48610279843750004 0.7285000953125 0.48567688281250004 0.728859171875 0.5784572781249999 0.7286248359374999 0.720905284375 0.9388238859375001 0.720905284375
1 0.1666846140625 0.7781795109375 0.168763728125 0.7690364359374999 0.17128054374999999 0.7796424015625 0.175548196875 0.7865911375 0.19316593437500001 0.7575161578125 0.19294708437500002 0.7480073609375 0.1443341546875 0.7474019281250001 0.1444709390625 0.75769901875 0.16219810625 0.78604255625 0.1666846140625 0.7781795109375