0 0.148210925 0.23103148281250002 0.1715141796875 0.2752281953125 0.177043765625 0.27588784843749997 0.1762650453125 0.21458528124999998 0.1663795640625 0.21651912968749998 0.15690027499999998 0.22047704375000002 0.148210925 0.23103148281250002
0 0.206271575 0.1406591015625 0.21693577656250002 0.1235081390625 0.224835184375 0.1155923109375 0.2268100359375 0.10569752343750001 0.21970056875 0.1023992609375 0.187312996875 0.1030589140625 0.18691802500000002 0.1208695296875 0.195607375 0.1531924984375 0.206271575 0.1406591015625
5 0.148143015625 0.1016448515625 0.101789578125 0.10102633750000001 0.100607534375 0.119214878125 0.1485326515625 0.1198656203125 0.148143015625 0.1016448515625
3 0.11875 0.2328125 0.11328125 0.25859375
0 0.21271166406250003 0.347185953125 0.1945394140625 0.3492309609375 0.18293203125 0.3522617703125 0.19083275 0.3964213875 0.19873346875 0.3923607328125 0.223651121875 0.3517541890625 0.21271166406250003 0.347185953125
0 0.2124075265625 0.266192896875 0.22874656718750003 0.2714270265625 0.22964185625 0.2355358484375 0.2298656796875 0.21983345937499998 0.22852274375 0.206748134375 0.21956984531249998 0.2179641265625 0.20591667500000002 0.243013178125 0.2016640484375 0.2546030375 0.2124075265625 0.266192896875
5 0.1103275140625 0.718475803125 0.10362196406249999 0.718977009375 0.1038163765625 0.751451128125 0.114509075 0.751451128125 0.1150923125 0.7196264921875 0.1103275140625 0.718475803125
5 0.1263985296875 0.7471078265625 0.112520946875 0.7474210796875 0.11270848124999999 0.7659029921875 0.1462772296875 0.7659029921875 0.14609845625 0.7464927578125 0.1263985296875 0.7471078265625
5 0.2328830953125 0.7509793609375001 0.233786034375 0.71980901875 0.22084390781250002 0.718803515625 0.2205429328125 0.74645463125 0.192852790625 0.74695739375 0.19179935625 0.7468316921875 0.191648875 0.7655590515624999 0.22866938750000002 0.7645535484375 0.2283683984375 0.7519848640625 0.2328830953125 0.7509793609375001
1 0.1943588125 0.7570176578125001 0.1903534671875 0.7463130437500001 0.1442921390625 0.7456440140625 0.1442921390625 0.759024775 0.1437914671875 0.759024775 0.1627166671875 0.7964909703124999 0.1679236125 0.7750817125 0.1763348125 0.793814825 0.1943588125 0.7570176578125001
3 0.1444866 0.76291689375 0.16453925 0.79401975625 0.17026859218749998 0.777272053125 0.17671409062500001 0.7952160015625 0.1924697421875 0.7653094390625 0.22899423125 0.76291689375 0.230426575 0.7198514171875 0.2719642515625 0.7198514171875 0.27268037343749996 0.40882295781250005 0.22827807500000002 0.4040379234375 0.22827807500000002 0.35379486718750003 0.22183257812499999 0.350206078125 0.1695524046875 0.350206078125 0.064275934375 0.3514023234375 0.063201684375 0.349607928125 0.062127434375 0.7198514171875 0.105097421875 0.7222439625 0.1058136109375 0.7617206484375 0.1444866 0.76291689375
5 0.50399926875 0.7015774984375 0.4686887765625 0.7026799390625 0.46819376874999996 0.703506784375 0.468028778125 0.727485271875 0.534359665625 0.7258315828125 0.534359665625 0.7015774984375 0.50399926875 0.7015774984375
0 0.4681365484375 0.484550084375 0.44055116875 0.4853878609375 0.42763617812500004 0.48559730156249997 0.4403003859375 0.5080078765625 0.45635007187500004 0.5327223359375 0.4646256875 0.5151289890624999 0.4681365484375 0.484550084375
0 0.5529677328125 0.4865809234375 0.5475213328125 0.48551062500000003 0.507474434375 0.4849754875 0.5066734859375 0.48470790625 0.5113189375 0.5138733375 0.517406078125 0.5336737078125 0.5305414546875 0.5186896453125 0.5529677328125 0.4865809234375
5 0.45717550781250005 0.09860053125 0.4299436296875 0.09753024375 0.429783421875 0.097396453125 0.429302859375 0.12214693593749999 0.47896104531250006 0.1210766359375 0.47928139999999997 0.09913568125 0.45717550781250005 0.09860053125
5 0.5504047109375 0.09753024375 0.542029753125 0.09669218125 0.5285390984375 0.0969950953125 0.5286192015625 0.1210766359375 0.576995878125 0.1200063484375 0.576995878125 0.09806539375 0.5504047109375 0.09753024375
0 0.492096421875 0.3297833265625 0.49690205 0.3292481890625 0.4985039171875 0.270382190625 0.4980233546875 0.2695794734375 0.48248516406249997 0.26663618125 0.46999052812500003 0.27573366093749996 0.46582563906249996 0.28483111562499996 0.492096421875 0.3297833265625
0 0.54880284375 0.2719876265625 0.548162103125 0.25165210781249997 0.5407934531249999 0.22168397187500002 0.5270173359375 0.23934376875000002 0.5097170703125 0.2655658828125 0.5100374265625 0.2655658828125 0.5090763015624999 0.270382190625 0.54880284375 0.2719876265625
3 0.49690205 0.3386210453125 0.4985039171875 0.26958729375 0.5093966859375 0.27119273125 0.5090763015624999 0.1041029125 0.39694496562500003 0.1030326125 0.39566345625 0.1038181984375 0.39598384062499997 0.406584496875 0.4542921296875 0.406584496875 0.4565347671875 0.338085896875 0.49690205 0.3386210453125
3 0.8249259265625 0.4854715234375 0.7450511015625 0.48771390312499996 0.7289418875 0.48771390312499996 0.7269282359375 0.7209195984375001 0.9370192390625001 0.7220407625 0.939032890625 0.4854715234375 0.8249259265625 0.4854715234375
3 0.605262975 0.48658548437500004 0.576485284375 0.48601994375 0.49082926406249994 0.48658548437500004 0.3970477703125 0.4843233765625 0.3962860078125 0.48507716093750003 0.39569353125 0.7215228 0.604924434375 0.7215228 0.604924434375 0.5371623765625 0.605262975 0.48658548437500004
0 0.8758252671875001 0.35129007031250004 0.860238246875 0.3323547265625 0.8455958796875 0.314997340625 0.8366215203125 0.3370885625 0.83555876875 0.35957428281250003 0.8366215203125 0.3615467203125 0.87535291875 0.3607577421875 0.8758252671875001 0.35129007031250004
5 0.8219684640624999 0.09904093124999999 0.7903660828125 0.0995534359375 0.771956934375 0.09904093124999999 0.7622921328125 0.098272178125 0.7621387328125 0.12159100781250001 0.7937410984375 0.12107850312499999 0.821354834375 0.12107850312499999 0.8219684640624999 0.09904093124999999
5 0.9067674921875 0.09903165781249999 0.8747596546875 0.0994366984375 0.858028284375 0.09903165781249999 0.8492382468749999 0.1001455078125 0.848813915625 0.120093609375 0.8813067125 0.12090368124999999 0.9072524515625 0.12090368124999999 0.9067674921875 0.09903165781249999
3 0.938036921875 0.10249063437499999 0.8521736687500001 0.10249063437499999 0.7602316250000001 0.10249063437499999 0.7294576312500001 0.10439448437500001 0.7293626390625 0.10312524062499999 0.7290776953125 0.36141431874999996 0.938416859375 0.35951046875000003 0.938036921875 0.1754715640625 0.938036921875 0.10249063437499999