5 0.0959697875 0.223223465625 0.0602010078125 0.22294889843750001 0.06000555 0.2372264140625 0.0766194640625 0.23750098125000002 0.096360703125 0.2372264140625 0.0959697875 0.223223465625
5 0.025409515625 0.369293434375 0.025214057812500003 0.349524565625 0.015245709375 0.34897543125 0.0150502515625 0.3863166265625 0.025409515625 0.38659119375 0.025409515625 0.369293434375
0 0.132129484375 0.3794524359375 0.12528846093749998 0.38384551718750004 0.1213793046875 0.391533409375 0.11922926874999999 0.402516115625 0.1194247265625 0.41349881875000005 0.1417069171875 0.41349881875000005 0.1413160015625 0.3772558953125 0.132129484375 0.3794524359375
0 0.1710255890625 0.3772558953125 0.164966396875 0.38000157031250004 0.1596890359375 0.38439465156249997 0.1553889640625 0.39318081562499996 0.15382530156250002 0.4027906828125 0.1542162171875 0.4137733859375 0.175912034375 0.4137733859375 0.1757165765625 0.3778050296875 0.1710255890625 0.3772558953125
0 0.124311171875 0.5853781421875001 0.1241157140625 0.5958117109375001 0.14952522968749998 0.596360846875 0.1497206875 0.565609275 0.1397523390625 0.5658838421875 0.13349768906249998 0.5680803828125 0.127438496875 0.57604284375 0.124311171875 0.5853781421875001
3 0.138384134375 0.7435290859375 0.1475706515625 0.74297995 0.147766109375 0.714974053125 0.147766109375 0.6485286921875 0.147766109375 0.5378779453125 0.0754467171875 0.5378779453125 0.0138775046875 0.5387016484375 0.013486589062500002 0.6518235046874999 0.014268420312499999 0.7298007046875 0.138384134375 0.7284278671875 0.138384134375 0.7435290859375
0 0.18255760000000001 0.6540200453125 0.18490309375 0.6430373406250001 0.185294009375 0.6328783390625 0.1620345296875 0.63178006875 0.161839071875 0.6699449656249999 0.17083013125 0.668297559375 0.17767115625000002 0.6628062078125 0.18255760000000001 0.6540200453125
0 0.188421334375 0.71442491875 0.18431672187499998 0.7059133234375 0.1768893234375 0.699872834375 0.16926646875 0.6993237 0.168875553125 0.7418816796875001 0.191548659375 0.74133254375 0.1909622875 0.72348565 0.188421334375 0.71442491875
0 0.23337663281249998 0.6430373406250001 0.2349402953125 0.633976609375 0.2347448375 0.6216210671875 0.2128535625 0.6207973640625 0.2130490203125 0.659236828125 0.221062790625 0.6570402875 0.229662934375 0.65127436875 0.23337663281249998 0.6430373406250001
0 0.2329857171875 0.5669821125000001 0.22809927187499998 0.5562739750000001 0.22164916406250001 0.5502334875 0.21324447812499997 0.5488606500000001 0.2130490203125 0.585927278125 0.2345493796875 0.5862018453125 0.2347448375 0.5771411140625 0.2329857171875 0.5669821125000001
0 0.2290765609375 0.44040644531249995 0.2368948734375 0.441504715625 0.2368948734375 0.4055363578125 0.21383085156249998 0.4044380875 0.21383085156249998 0.4184410359375 0.216371803125 0.42860003750000003 0.222626453125 0.437111634375 0.2290765609375 0.44040644531249995
5 0.290450315625 0.32151867031250003 0.29005939999999997 0.28362833906249996 0.2797001359375 0.284177475 0.279504678125 0.301749803125 0.2797001359375 0.3223423734375 0.290450315625 0.32151867031250003
5 0.23259480156249998 0.223223465625 0.196826021875 0.2223997625 0.1970214796875 0.2372264140625 0.21363539375 0.2372264140625 0.23239934375 0.23750098125000002 0.23259480156249998 0.223223465625
3 0.1428796640625 0.4137733859375 0.21383085156249998 0.41322425156250003 0.2157854296875 0.42283411718749997 0.21832638124999998 0.43271855156249994 0.22751289843750003 0.44068101249999997 0.2361130421875 0.44232841718750004 0.23591758437500002 0.41349881875000005 0.2431495234375 0.41404795468750005 0.24334498125 0.4091057375 0.28966848437500003 0.4096548734375 0.2898639421875 0.22404716875 0.1276339546875 0.22294889843750001 0.1272430390625 0.3303048328125 0.127438496875 0.3319522390625 0.14405241093750001 0.33112853593749997 0.1428796640625 0.4137733859375
3 0.149462178125 0.41265142343749994 0.149462178125 0.322919340625 0.132717453125 0.32379052656249996 0.131890553125 0.2238946140625 0.015504375 0.2230234296875 0.01447075 0.322919340625 0.015504375 0.4117802390625 0.07731515156249999 0.413522609375 0.149462178125 0.41265142343749994
0 0.5117352546875 0.3381940984375 0.50953660625 0.3309360515625 0.506128703125 0.3242957109375 0.50041221875 0.31811865 0.49513546406250003 0.316574384375 0.48590114375000004 0.3170376640625 0.48645080625 0.34776854375 0.5118451859375 0.3460698515625 0.5117352546875 0.3381940984375
5 0.5258402625 0.2435681984375 0.547971278125 0.2438251265625 0.547971278125 0.2345757015625 0.5472396749999999 0.2348326296875 0.5468738734375 0.22275699062499998 0.5110252843749999 0.22224313437499998 0.510842384375 0.234318771875 0.5093791765625 0.234318771875 0.509562078125 0.2430543421875 0.5258402625 0.2435681984375
5 0.57924734375 0.3203898125 0.5878436890625001 0.3209036703125 0.5878436890625001 0.28467675468750003 0.5799789468750001 0.28467675468750003 0.5796131453125 0.2823643984375 0.575223521875 0.2826213265625 0.5748577203125 0.32347295468750004 0.57943024375 0.32270216875 0.57924734375 0.3203898125
3 0.5112081859375001 0.3866773609375 0.5029776421875 0.3869342890625 0.5029776421875 0.3951560015625 0.5033434437500001 0.4318967734375 0.5878436890625001 0.4318967734375 0.5878436890625001 0.3412010203125 0.5882094906249999 0.22301392031249997 0.487248159375 0.22327084843749997 0.4868823578125 0.3139666015625 0.48651655624999995 0.360727584375 0.5117568890624999 0.3612414421875 0.5112081859375001 0.3866773609375
0 0.470035996875 0.691946884375 0.4604549265625 0.6820506203125001 0.4483376921875 0.679279665625 0.44805589531249995 0.7240107859375 0.4728539578125 0.723614934375 0.4728539578125 0.703426553125 0.470035996875 0.691946884375
3 0.5877779249999999 0.42313840156250004 0.508593203125 0.42432595468749995 0.5077478156249999 0.39344960625000003 0.515919903125 0.39305375468750003 0.5164834968750001 0.3530728421875 0.491685434375 0.35386454375 0.49196722968750006 0.3451558296875 0.512820146875 0.3431765765625 0.5097203875 0.332092759375 0.50521165 0.3210089421875 0.49253082187499997 0.3150711828125 0.49140363750000005 0.2220462875 0.312744871875 0.2216504359375 0.312744871875 0.34278072656249997 0.3133084640625 0.72081806875 0.5869325359374999 0.7196305171875 0.5877779249999999 0.42313840156250004
5 0.3933685328125 0.23666120937500001 0.3933685328125 0.2234908859375 0.37520718125 0.2234908859375 0.3583230703125 0.22333102500000002 0.35825658437499996 0.23676742343749999 0.3749044875 0.23666120937500001 0.3933685328125 0.23666120937500001
5 0.47288869218749996 0.236662321875 0.47294551250000005 0.2233301328125 0.467888246875 0.22340988906249998 0.44248163281249997 0.2233301328125 0.4223190703125 0.22336479374999998 0.422424484375 0.23658256562500002 0.438567453125 0.236662321875 0.47288869218749996 0.236662321875
5 0.3230986765625 0.38677925156250004 0.3228561484375 0.36924823125 0.32273488125 0.3498449640625 0.3125200875 0.34964164375 0.31279123124999997 0.3656739453125 0.31279123124999997 0.38677925156250004 0.3230986765625 0.38677925156250004
3 0.043920578125 0.5426019656250001 0.116914946875 0.5426019656250001 0.148804490625 0.5424941109375 0.1485739625 0.5210223390625 0.1486508015625 0.45983391874999996 0.115927046875 0.45992429687499997 0.1156965171875 0.44827601718750004 0.115619671875 0.40651013281250004 0.088343621875 0.40618656875000003 0.048803421875 0.40618656875000003 0.0153913390625 0.40629955312500005 0.015488234375000002 0.45507958437499996 0.015565075000000001 0.5428176734375 0.043920578125 0.5426019656250001
5 0.024491928125 0.507353428125 0.024491928125 0.506874890625 0.024491928125 0.4809347796875 0.024435106249999998 0.46074356562499996 0.015444070312499999 0.4606782265625 0.015343384375 0.47519880312499996 0.015457034375000001 0.5072736734375 0.024491928125 0.507353428125
0 0.130500528125 0.49238152656249995 0.1341430375 0.48916791562500006 0.13903441249999998 0.4823024765625 0.14194841875 0.4754370375 0.142676921875 0.45966112968750006 0.121234384375 0.45910087656250004 0.1211340734375 0.49501084687499997 0.1255050875 0.49442655 0.130500528125 0.49238152656249995
0 0.0150289484375 0.5485716968750001 0.015149571875 0.5705806078125 0.014906068750000001 0.5960430125 0.024767962499999997 0.59621390625 0.024767962499999997 0.5772452671875 0.024889709375 0.5487068640625 0.0150289484375 0.5485716968750001