5 0.382456140625 0.10197368437500001 0.3138755984375 0.1015350875 0.31355661874999996 0.12258771875 0.34784689062499996 0.123026315625 0.382934609375 0.1228070171875 0.382456140625 0.10197368437500001
0 0.45645932968749997 0.21425438593749999 0.45374800625 0.20219298281250003 0.44864433750000005 0.1927631578125 0.44098883593749993 0.1826754390625 0.43078149843749997 0.17543859687500002 0.41929824531250004 0.1743421046875 0.41913875625 0.22741228125 0.45789473750000004 0.2265350875 0.45645932968749997 0.21425438593749999
0 0.462838915625 0.395614034375 0.4535885171875 0.399561403125 0.44561403437499997 0.4072368421875 0.43795853281249997 0.41929824531250004 0.4338118015625 0.43289473593750005 0.4338118015625 0.44692982499999995 0.4725677828125 0.44692982499999995 0.47288676250000006 0.3947368421875 0.462838915625 0.395614034375
0 0.4897926640625 0.471491228125 0.48548644375 0.483991228125 0.48389154687499997 0.494956140625 0.48325358906250004 0.5037280703125 0.5215311 0.5037280703125 0.52105263125 0.451096490625 0.5124401921875 0.45131578906250003 0.5046252 0.45548245625000006 0.4966507171875 0.46162280781250004 0.4897926640625 0.471491228125
0 0.4566188203125 0.5353070171875001 0.4535885171875 0.5228070171875 0.4475279109375 0.5118421046875 0.43907495937499996 0.5021929828125 0.42966507187499997 0.49714912343749995 0.41913875625 0.4962719296875 0.41929824531250004 0.5486842109375 0.457735246875 0.5486842109375 0.4566188203125 0.5353070171875001
0 0.5570972890625 0.6076754390625 0.5657097281250001 0.6127192984375001 0.5728867625 0.6144736843749999 0.578787878125 0.6144736843749999 0.5794258375 0.562938596875 0.53971291875 0.5627192984375 0.5401913875 0.5782894734374999 0.5443381171875 0.58991228125 0.5499202546874999 0.6002192984375 0.5570972890625 0.6076754390625
0 0.550239234375 0.6442982453125 0.5476873999999999 0.633991228125 0.5425837328124999 0.623026315625 0.534290271875 0.6140350875 0.524561403125 0.6072368421875 0.5132376390625 0.6054824562500001 0.5132376390625 0.6596491234374999 0.5515151515625 0.6583333328125 0.550239234375 0.6442982453125
0 0.41881977656249997 0.6872807015625 0.45645932968749997 0.687938596875 0.45645932968749997 0.635975034375 0.44625199374999996 0.6366228078125 0.43636363593749994 0.6423245609375 0.4288676234375 0.6497807015625 0.42296650781249995 0.6611842109375 0.419457734375 0.673903509375 0.41881977656249997 0.6872807015625
0 0.5060606062499999 0.8155701750000001 0.50047846875 0.8032894734375 0.49218500781249996 0.7921052640624999 0.48102073437500004 0.7853070171875001 0.4700159484375 0.7842105265625 0.4700159484375 0.835526315625 0.507655503125 0.8361842109375001 0.507177034375 0.8241228078124999 0.5060606062499999 0.8155701750000001
5 0.5164274328125 0.10131578906250001 0.4500797453125 0.10197368437500001 0.44992025468749997 0.1228070171875 0.478309409375 0.1228070171875 0.516586921875 0.1234649125 0.5164274328125 0.10131578906250001
5 0.6047846890625 0.10197368437500001 0.538118021875 0.1015350875 0.537639553125 0.123026315625 0.5642743218749999 0.123026315625 0.6047846890625 0.12324561406250001 0.6047846890625 0.10197368437500001
5 0.694098884375 0.101096490625 0.6280701750000001 0.101096490625 0.6280701750000001 0.123026315625 0.6601275921875 0.12258771875 0.694577353125 0.123026315625 0.694098884375 0.101096490625
5 0.6309409890625 0.8802631578125 0.5990430625000001 0.880043859375 0.5987240828125 0.9013157890624999 0.6700159484375 0.9015350874999999 0.6698564593749999 0.88048245625 0.6309409890625 0.8802631578125
3 0.5770562765625 0.446471309375 0.7320346328125 0.445876071875 0.7320346328125 0.2678571421875 0.7320346328125 0.103571428125 0.4199134203125 0.103571428125 0.41948051875000003 0.2744475 0.41861471874999995 0.44468559531249996 0.5770562765625 0.446471309375
3 0.427705628125 0.409523809375 0.4272727265625 0.22797619062500002 0.459740259375 0.22857142812500003 0.45627705625 0.20238095312499998 0.446320346875 0.1863095234375 0.428571428125 0.17261904687500002 0.427705628125 0.103571428125 0.2670995671875 0.1041666671875 0.2670995671875 0.26130952343749997 0.26839826875 0.41071428593750003 0.427705628125 0.409523809375
5 0.3541125546875 0.8791666671874999 0.3203463203125 0.8791666671874999 0.3203463203125 0.903571428125 0.38658008593750004 0.9017857140625001 0.38614718593749997 0.8791666671874999 0.3541125546875 0.8791666671874999
3 0.43766233750000005 0.8994047625 0.4372294375 0.8392857140625001 0.45584415624999997 0.8386904765625 0.45627705625 0.6005952375 0.2683948234375 0.6017802750000001 0.2666666671875 0.8976190468749999 0.3203463203125 0.8988095234375001 0.3199134203125 0.902976190625 0.38744588750000003 0.902380953125 0.3870129875 0.8982142859375 0.43766233750000005 0.8994047625
3 0.533766234375 0.8375 0.5389610390625 0.8375 0.5385281390625 0.8994047625 0.7316017312499999 0.897023809375 0.7324675328125 0.7178571421875 0.7324675328125 0.5630952375 0.616450215625 0.5636904765625 0.5129870125 0.5636904765625 0.5134199140625 0.7113095234375 0.53160173125 0.7101190468749999 0.533766234375 0.8375
0 0.6533121937499999 0.5730232796875 0.6599260375 0.6003121640625 0.68270695 0.615472684375 0.6878510703125 0.612440571875 0.6863812859375 0.561905478125 0.62097793125 0.5568519859375 0.6150990421875 0.562916253125 0.6158338109375 0.6114298812500001 0.632735834375 0.6063763468750001 0.6481681953125 0.5972800515625 0.6533121937499999 0.5730232796875