5 0.09529713906250001 0.223221325 0.059861734374999996 0.2232076921875 0.0601301515625 0.23663520624999998 0.075759921875 0.23694006406249998 0.09573129999999999 0.23663520624999998 0.09529713906250001 0.223221325
0 0.135239884375 0.37870985468749996 0.129487259375 0.3816060328125 0.12362609531249999 0.387855678125 0.121129675 0.3966966453125 0.119827190625 0.404470596875 0.1205122578125 0.41281159062499995 0.1411010484375 0.4130067015625 0.14099250000000002 0.3777952703125 0.135239884375 0.37870985468749996
5 0.2325245984375 0.22294324062499998 0.19649330625 0.2228306625 0.1961608875 0.23728821406249997 0.21332128749999998 0.2370013203125 0.23232031250000001 0.2370013203125 0.2325245984375 0.22294324062499998
5 0.2901345328125 0.3207759859375 0.2905431046875 0.2837659453125 0.27921389375 0.28480452968750003 0.279920009375 0.2998323203125 0.2801242953125 0.321062878125 0.2901345328125 0.3207759859375
0 0.173280346875 0.37787493437499997 0.164700140625 0.3798832296875 0.15836714375 0.3864819234375 0.1555070734375 0.393367509375 0.154689909375 0.4028351984375 0.15421389375 0.41288385625 0.1753232578125 0.41258978125 0.17511896093749998 0.378161834375 0.173280346875 0.37787493437499997
0 0.22537443750000002 0.4378369375 0.23272889531250002 0.4412797421875 0.236201828125 0.440992834375 0.23701899375000002 0.40570418750000004 0.2137727171875 0.40436245 0.2141384515625 0.417180171875 0.21577278125000002 0.42550025937499997 0.2194500109375 0.43324654687499997 0.22537443750000002 0.4378369375
0 0.23272889531250002 0.564083140625 0.2263958875 0.554615459375 0.21965429687500002 0.5500250609374999 0.212504134375 0.5488774656250001 0.212485953125 0.5851195640625 0.2337503453125 0.5861744078125 0.2347717953125 0.575272225 0.23272889531250002 0.564083140625
0 0.183290584375 0.652164271875 0.185333484375 0.643557290625 0.1859463640625 0.63265510625 0.162485953125 0.6318581890625 0.1630658234375 0.669665140625 0.1698074140625 0.6690913390625 0.17757044375 0.6624926546875 0.183290584375 0.652164271875
0 0.2315031484375 0.6452786765625 0.2349760921875 0.6349503015625 0.235180378125 0.6208922218749999 0.2119344828125 0.6215292109375 0.21270842031249998 0.65876295625 0.2194500109375 0.6576153703125 0.2274173375 0.6524511796875 0.2315031484375 0.6452786765625
0 0.18696781406250002 0.712706025 0.182882003125 0.7038121359375 0.1773661578125 0.6997955375 0.1696031171875 0.6997955375 0.1696031171875 0.7413959703125 0.1904407578125 0.741682878125 0.190849328125 0.7204523109375 0.18696781406250002 0.712706025
0 0.135070275 0.56810419375 0.128328684375 0.575563584375 0.12301713593750001 0.5864657640625001 0.12342571875 0.59593345 0.14998595312500002 0.59493209375 0.149370609375 0.5646614 0.1434461828125 0.5646614 0.135070275 0.56810419375
0 0.1391560859375 0.4811662015625 0.1426290296875 0.474280615625 0.143241896875 0.458214240625 0.12129187187499998 0.4580731359375 0.121178521875 0.49465048125 0.127307234375 0.49350287968749995 0.13425310937499998 0.4883386890625 0.1391560859375 0.4811662015625
5 0.0249446296875 0.36404053593749996 0.0249446296875 0.35005185625 0.014983809375 0.34985756874999996 0.014845468749999998 0.386772140625 0.025082978125 0.3863835640625 0.0249446296875 0.36404053593749996
5 0.0248062875 0.48275707968750003 0.0252213203125 0.46041404531249996 0.014928634375 0.46059226249999996 0.015122150000000001 0.5068486921875001 0.025082978125 0.507042975 0.0248062875 0.48275707968750003
5 0.0249446296875 0.56960849375 0.0253853375 0.549250625 0.014983809375 0.5492083375 0.015398840624999998 0.5952544078125 0.024667939062499998 0.5948658328125 0.0249446296875 0.56960849375
3 0.140010946875 0.7275097546875 0.1484785359375 0.7131333093750001 0.1484785359375 0.6424898203125 0.1489840515625 0.5365273359375 0.087436071875 0.536704821875 0.015229821874999999 0.5365812234375 0.015524775 0.620837328125 0.015524775 0.726977296875 0.140010946875 0.7275097546875
3 0.1489201875 0.5430580968750001 0.1486061828125 0.4594930265625 0.115950753125 0.4599339921875 0.11563675 0.40635678750000004 0.015246190625 0.40680018125000006 0.01547249375 0.5428376203124999 0.028817264062499997 0.5430580968750001 0.1489201875 0.5430580968750001
3 0.1485303875 0.41198316874999996 0.1492992171875 0.3236562078125 0.1322311828125 0.32430403750000003 0.1322311828125 0.2435407359375 0.1323849453125 0.22367383125 0.015624220312500001 0.22330840156249998 0.015368875 0.41327882968749996 0.0845636640625 0.4124150609375 0.1485303875 0.41198316874999996
3 0.17392175468749999 0.4123517578125 0.21374719375 0.4123517578125 0.21759135624999998 0.42660410156250006 0.22343446406249998 0.43804917187500003 0.23143031249999998 0.44215212656249997 0.23619705 0.44064050468750005 0.23588952500000002 0.41321553906249997 0.24357783125000002 0.4123517578125 0.24327030624999998 0.4082488140625 0.2895539296875 0.4076009734375 0.28970769218750003 0.223393471875 0.23327549531249997 0.223393471875 0.197294209375 0.223393471875 0.127638128125 0.223393471875 0.1274199140625 0.329624075 0.1433222796875 0.330508734375 0.1434760421875 0.4123517578125 0.17392175468749999 0.4123517578125
0 0.47454483593749996 0.7098268828125 0.47302190624999996 0.696990953125 0.4620568140625 0.6811599734375 0.447436690625 0.6785927890625 0.44713210468750003 0.7200956265625 0.447436690625 0.72137921875 0.4751540078125 0.7209513546874999 0.47454483593749996 0.7098268828125
5 0.3243918328125 0.3697400328125 0.32469471875 0.347615196875 0.317728321875 0.3471897203125 0.3107619234375 0.3463387640625 0.3107619234375 0.3748457640625 0.3104590359375 0.388461046875 0.3240889453125 0.38888652343749996 0.3243918328125 0.3697400328125
5 0.394167165625 0.22184679375 0.37442626875 0.22123732343750002 0.36423041875 0.22123732343750002 0.3611933578125 0.220932590625 0.357288565625 0.220932590625 0.357288565625 0.2373882578125 0.3674844140625 0.23769299375 0.393950234375 0.23769299375 0.394167165625 0.22184679375
5 0.473313190625 0.2391439203125 0.4734717 0.22244392500000001 0.44858550781249995 0.222221259375 0.43210038749999996 0.2219985921875 0.42623548749999995 0.222221259375 0.4210046328125 0.222221259375 0.4214801640625 0.238921253125 0.44176954375 0.2391439203125 0.4630099890625 0.2391439203125 0.473313190625 0.2391439203125
0 0.51386750625 0.347954621875 0.5140682359375 0.3386495140625 0.5088492687499999 0.3259607328125 0.49821060624999997 0.3163736515625 0.487170484375 0.31580970625 0.487170484375 0.327088625 0.487170484375 0.347954621875 0.51386750625 0.347954621875
5 0.58792738125 0.3202912390625 0.58792738125 0.28349112656250003 0.5834066453125 0.283979625 0.5794654921875 0.283653959375 0.57795858125 0.2820256359375 0.575176590625 0.28218846875 0.5750606734375 0.3246877125 0.5794654921875 0.32452488125 0.579233659375 0.320454071875 0.58792738125 0.3202912390625
5 0.5486280781249999 0.2432669296875 0.5487871015625 0.233884734375 0.5468788296875 0.2336613484375 0.547037853125 0.22249206875 0.52238934375 0.2213751390625 0.5106216703124999 0.2213751390625 0.5107806921875 0.233214578125 0.50903144375 0.23410811874999998 0.5088724203125 0.2437137015625 0.5486280781249999 0.2432669296875
3 0.48702941875 0.3859141640625 0.48702941875 0.39341080625 0.4921340625 0.3937367484375 0.503735525 0.39341080625 0.503503496875 0.4317079625 0.587266059375 0.43235984531250005 0.587266059375 0.2240205640625 0.5127846671875 0.2236946234375 0.5016472624999999 0.2236946234375 0.4872614484375 0.2236946234375 0.4867973890625 0.3608167046875 0.511392490625 0.360164821875 0.5111604625 0.3865660453125 0.48702941875 0.3859141640625