5 0.10710570781249999 0.26675938125 0.106459040625 0.2214994296875 0.083825371875 0.22127084375 0.08414872031250001 0.3133908390625 0.10678237343750001 0.3129336640625 0.10710570781249999 0.26675938125
5 0.10710570781249999 0.4114540546875 0.10710570781249999 0.373737428125 0.0843103796875 0.3736802796875 0.083825371875 0.45579965 0.10613569375000001 0.456714 0.10710570781249999 0.4114540546875
5 0.10710570781249999 0.5698638578125 0.10742905625000002 0.53351875 0.083825371875 0.533633040625 0.0847953859375 0.6174096609374999 0.10742905625000002 0.6178668359375 0.10710570781249999 0.5698638578125
5 0.10742905625000002 0.73170245 0.106459040625 0.6912428015625001 0.0840678765625 0.6913570921875001 0.084472053125 0.772847859375 0.10710570781249999 0.7730764421874999 0.10742905625000002 0.73170245
0 0.4599254828125 0.69942019375 0.47118465625 0.7037317187500001 0.4871351421875 0.7073799281250001 0.5044930265625001 0.7073799281250001 0.504141178125 0.663601390625 0.43623429218750004 0.664264703125 0.43951822187499995 0.6776967546875 0.4484317375 0.689968009375 0.4599254828125 0.69942019375
0 0.5823689843750001 0.6833349015625 0.5671221734375 0.685324834375 0.55281365625 0.689802184375 0.5413199109375 0.6967669515625 0.531937259375 0.7063849624999999 0.5272459453125 0.7178270796875 0.5273632203124999 0.7333734359374999 0.5875294234374999 0.733249065625 0.5879985703124999 0.6833349015625 0.5823689843750001 0.6833349015625
0 0.6186254 0.5739655765625 0.5963222890625001 0.573546975 0.597506459375 0.6184743218750001 0.66644185625 0.6193194234375 0.6632540859375 0.605516084375 0.6552846703124999 0.5914310359375 0.6405412687500001 0.5815715 0.6186254 0.5739655765625
5 0.9158843531249999 0.6272070453125 0.916282834375 0.5432601828125 0.8922749781249999 0.543541878125 0.8939685015625001 0.5801629984375001 0.8931715359375 0.6272070453125 0.9158843531249999 0.6272070453125
3 0.737369609375 0.732563184375 0.9134935296875 0.7334082875 0.91429049375 0.6472078125 0.91548590625 0.50438545625 0.5949163953125 0.5038220531250001 0.5967095125 0.6184743218750001 0.5959125843749999 0.732563184375 0.737369609375 0.732563184375
5 0.916282834375 0.47875068125000003 0.916282834375 0.42297389687500003 0.8931715359375 0.42290347031250003 0.8931715359375 0.4514256859375 0.8927730890625 0.47846897187500004 0.916282834375 0.47875068125000003
0 0.6632540859375 0.4362138375 0.6516984359375 0.4243824 0.6385489109375 0.4150862703125 0.6202192765625 0.4091705515625 0.5967095125 0.40832544843749996 0.5967095125 0.45396099375 0.6660433734375 0.45283419374999995 0.6632540859375 0.4362138375
0 0.4613291734375 0.45808291562500003 0.47368177031250003 0.46399863437500005 0.4888236359375 0.46681563906249995 0.504762465625 0.46681563906249995 0.5043639828125001 0.42290347031250003 0.4370225 0.4217766703125 0.43941332187500004 0.4375187546875 0.44738271875 0.4496318890625 0.4613291734375 0.45808291562500003
0 0.58246420625 0.354698684375 0.5729009140625 0.354698684375 0.556962084375 0.356952290625 0.5442110421875 0.36230460937500003 0.5318584453125 0.3707556359375 0.52309211875 0.38089686875 0.520701296875 0.3904747 0.5205020375 0.402165284375 0.5222951546875 0.4011793328125 0.5828626890625 0.4028695375 0.58246420625 0.354698684375
5 0.9162752421875 0.3315585515625 0.9166811359375 0.2471983484375 0.8918209312500001 0.2471983484375 0.8927341609375 0.28421354062500004 0.8927341609375 0.330697734375 0.9162752421875 0.3315585515625
3 0.6129930734375 0.4021738328125 0.9152910171875 0.4012720984375 0.9152910171875 0.168323871875 0.68017038125 0.16862445312500002 0.4909684203125 0.16854930625 0.4892677359375 0.2720234015625 0.489692903125 0.401572671875 0.6129930734375 0.4021738328125
3 0.21848653750000002 0.5092840703125 0.3826287109375 0.5089989625 0.3846451875 0.5010157875 0.5036180234375001 0.5001604453125 0.5032147140625 0.326526296875 0.5048279171875001 0.183114175 0.5020048203125 0.168573384375 0.297129609375 0.168288271875 0.08580158437499999 0.16800315625 0.0848941640625 0.328165690625 0.08459169062500001 0.49844976562500004 0.21727664375 0.5004455546875 0.21848653750000002 0.5092840703125
3 0.29936632812499997 0.8226707187500001 0.509162565625 0.820901534375 0.50957970625 0.7179939703125 0.5041574859375 0.718583703125 0.5045745890625 0.6130223765625 0.5045745890625 0.490064059375 0.2839339875 0.48976919375000005 0.084356440625 0.49109608125 0.08539917968750001 0.6545982015625 0.08373080625 0.8220809875 0.29936632812499997 0.8226707187500001