5 0.3186283671875 0.400298703125 0.260234321875 0.400298703125 0.2598111765625 0.4230361484375 0.2868924734375 0.42333532500000004 0.3190515125 0.42333532500000004 0.3186283671875 0.400298703125
5 0.3829464421875 0.400298703125 0.322013528125 0.3999995265625 0.32243667187499997 0.4230361484375 0.35205683906249996 0.4236345015625 0.382523296875 0.4236345015625 0.3829464421875 0.400298703125
5 0.43541645156250003 0.40059787968749994 0.3846390234375 0.400298703125 0.38379273281250004 0.42273697187500003 0.410874028125 0.42273697187500003 0.43541645156250003 0.42273697187500003 0.43541645156250003 0.40059787968749994
5 0.623716084375 0.400298703125 0.5636294609375 0.400298703125 0.563206315625 0.42273697187500003 0.5911339 0.42273697187500003 0.624139228125 0.42273697187500003 0.623716084375 0.400298703125
0 0.4455719375 0.5750180171875 0.42949241875000005 0.58130073125 0.41637491718749997 0.5899768640625 0.40621943125 0.6004480546875001 0.40241112343749996 0.6133126609375 0.404103703125 0.625878090625 0.47265323437499995 0.625578915625 0.47180694218749997 0.5741204875 0.4455719375 0.5750180171875
0 0.5526276828125 0.594165340625 0.5373944546875 0.5818990859375 0.5141214656249999 0.5750180171875 0.4929642046875 0.573821309375 0.492541059375 0.626775621875 0.56278316875 0.6264764453125 0.5598211531249999 0.6061324156250001 0.5526276828125 0.594165340625
3 0.388870475 0.6249805609375 0.48746331718749997 0.6252797390625 0.4883096078125 0.5322357203125 0.48746331718749997 0.4014954109375 0.19718568125 0.3999995265625 0.198031971875 0.5322357203125 0.1984551171875 0.67524228125 0.389716765625 0.6758406359375 0.388870475 0.6249805609375
5 0.6866691140625 0.40022425312500004 0.627521303125 0.40022425312500004 0.6284454875 0.42276749531249996 0.6538605640624999 0.42309421093750005 0.6866691140625 0.42309421093750005 0.6866691140625 0.40022425312500004
3 0.5646767546875 0.6749904546875001 0.801730090625 0.6740103140625 0.8021921828125 0.540711134375 0.801730090625 0.4015311078125 0.47641713125 0.40055096562500003 0.47549294687500004 0.53319671875 0.4750308546875 0.6250032625 0.5642146625 0.625329975 0.5646767546875 0.6749904546875001
0 0.6363010578125 0.78999366875 0.6284454875 0.7756182671875 0.612272259375 0.7612428640625 0.588705553125 0.754381878125 0.5623662953124999 0.7540551640625 0.5642146625 0.803062215625 0.63861151875 0.8024087874999999 0.6363010578125 0.78999366875
0 0.5526623546875 0.78999366875 0.539723771875 0.7896669546874999 0.52493681875 0.7922806640625 0.5078394046875 0.7984882234375 0.4935145453125 0.8082896343750001 0.48196223906249996 0.8236451765625 0.48196223906249996 0.8478219890625001 0.481038053125 0.8484754171875 0.5526623546875 0.8484754171875 0.5526623546875 0.78999366875
3 0.8012679984375 0.8471685609374999 0.8012679984375 0.7514414546875 0.8021921828125 0.6678027546874999 0.5651388468749999 0.6678027546874999 0.5646767546875 0.7488277453125 0.5656009390625 0.8468418484375 0.6667991468750001 0.8474952765625 0.8012679984375 0.8471685609374999
0 0.36162972031249996 0.740585803125 0.3900046734375 0.741439503125 0.3906083953125 0.6910711328125 0.31574681718750003 0.6919248328125 0.31816170781249997 0.7128405124999999 0.333858490625 0.7311950890625 0.36162972031249996 0.740585803125
3 0.8019069046875 0.1228312046875 0.66733655625 0.12166138281250001 0.6182514718750001 0.17274356562499998 0.5779906703125001 0.17274356562499998 0.5785421875 0.1224412640625 0.4748568390625 0.12322114375 0.4754083578125 0.3528959984375 0.802458421875 0.353285940625 0.8019069046875 0.1228312046875