5 0.229657690625 0.1366705296875 0.22937711093750002 0.07648534375 0.21604938125 0.07687114218749999 0.21731200624999997 0.1899112703125 0.22993826875 0.18952547343749998 0.229657690625 0.1366705296875
0 0.35395623593750003 0.1810378078125 0.343013475 0.191068678125 0.33712121875 0.20534336406249998 0.33620931249999997 0.2174961421875 0.36574074687499997 0.21961806718750002 0.3665824984375 0.1806520109375 0.35395623593750003 0.1810378078125
3 0.215909096875 0.19068288125 0.2195566796875 0.19068288125 0.21899550781250002 0.21614584374999998 0.2944725171875 0.21807484531250002 0.37415825625 0.21730325156250002 0.3738776640625 0.0406057109375 0.295594834375 0.0398341046875 0.2185746328125 0.0389660484375 0.21899550781250002 0.0760995390625 0.215909096875 0.0760995390625 0.215909096875 0.19068288125
5 0.455713603125 0.036659109375 0.398360015625 0.0364071546875 0.398543259375 0.0527840796875 0.4263954734375 0.0527840796875 0.455713603125 0.0532879828125 0.455713603125 0.036659109375
0 0.49804164531249995 0.0789871578125 0.5064706109375 0.081002771875 0.5077532687499999 0.081002771875 0.5081197562499999 0.040942303125 0.47985524062499996 0.040375409375 0.4802675265625 0.0537918875 0.48429877499999996 0.064373896875 0.4886964921875 0.0721844359375 0.49804164531249995 0.0789871578125
0 0.49199478125 0.14600655 0.492361253125 0.154572946875 0.5202134828125 0.1543209875 0.5199844234375 0.1123708734375 0.5110515578125 0.11400856875000001 0.501156690625 0.1220710515625 0.4934606828125 0.135172590625 0.49199478125 0.14600655
0 0.40239126406250003 0.19513731406249998 0.396894115625 0.186570928125 0.38938134375 0.1812799234375 0.379119996875 0.1802721109375 0.379257425 0.21819097968749998 0.4082548828125 0.21882086875 0.40642250312500006 0.20471151718749997 0.40239126406250003 0.19513731406249998
0 0.3538331140625 0.25283446875000004 0.34338853281250004 0.244016128125 0.33386014531249997 0.2427563609375 0.333493665625 0.2813051140625 0.36226208125000003 0.2823129328125 0.36024645624999996 0.2654320984375 0.3538331140625 0.25283446875000004
3 0.407155453125 0.21806501093750003 0.539819971875 0.2178130515625 0.5403696874999999 0.1812799234375 0.5198469953125 0.1812799234375 0.5202134828125 0.1583522375 0.5200302390625 0.1067019390625 0.5194805234375 0.0391786375 0.5117845156249999 0.0399344953125 0.5119677593749999 0.0338876328125 0.47660276562500004 0.033131775 0.47641952187500003 0.0399344953125 0.4560800734375 0.0391786375 0.4560800734375 0.03615520625 0.3979935453125 0.0359032515625 0.39817678125 0.0391786375 0.368950271875 0.0396195515625 0.3692251296875 0.1155202859375 0.3688586578125 0.21806501093750003 0.407155453125 0.21806501093750003
0 0.45553035937499997 0.404006053125 0.461943709375 0.392920134375 0.46689114375 0.3835978859375 0.46652465625 0.370244396875 0.4382143421875 0.37125220312499996 0.4388556875 0.4115646328125 0.44728463593749995 0.40980095624999996 0.45553035937499997 0.404006053125
0 0.4025744984375 0.42214664375 0.3979935453125 0.41181658125 0.3904807734375 0.4047619125 0.38223505 0.4004787125 0.375638471875 0.400982621875 0.376096565625 0.43965734375 0.4045901234375 0.43953137499999995 0.4047733578125 0.42945326250000004 0.4025744984375 0.42214664375
5 0.420898325 0.42743764375 0.4102705078125 0.4276895984375 0.4102705078125 0.44356261406249997 0.436656828125 0.44356261406249997 0.43610711249999995 0.42743764375 0.420898325 0.42743764375
5 0.5938971484375 0.44381456249999995 0.5935306609375 0.4271856890625 0.48796353437500006 0.42737465312499995 0.4877803078125 0.4417989484375 0.4877803078125 0.4440665234375 0.5456835921875001 0.44381456249999995 0.5938971484375 0.44381456249999995
5 0.6292860625000001 0.4079113125 0.6298357765625 0.35676493593749997 0.6292860625000001 0.2504409203125 0.61755880625 0.25069286874999996 0.6173755796875 0.2965482484375 0.61755880625 0.40639959687499994 0.6292860625000001 0.4079113125
5 0.6659337125 0.3439153515625 0.6659337125 0.311917359375 0.66611695625 0.28395061718750003 0.6539774140625 0.28413958125 0.6538399859374999 0.31443689375 0.6542064734374999 0.34315949375 0.6659337125 0.3439153515625
5 0.6659337125 0.2053413953125 0.66611695625 0.1746031765625 0.6540232296874999 0.1733434140625 0.653656759375 0.23431595624999998 0.665750484375 0.2345679046875 0.6659337125 0.2053413953125
5 0.229148178125 0.3339099875 0.229148178125 0.264359075 0.21726606718750002 0.26527766875 0.2175046671875 0.41054721250000004 0.22952993593749998 0.41133458125000005 0.229148178125 0.3339099875
0 0.3186696296875 0.26278434375000004 0.327068225 0.2664587234375 0.332603678125 0.26750855625000003 0.333080859375 0.22905870625000002 0.30530821406249997 0.22866502031249997 0.30588084531250004 0.239688184375 0.3100801515625 0.25307345312499996 0.3186696296875 0.26278434375000004
0 0.3570359640625 0.3756405328125 0.3633349140625 0.3780026390625 0.36944298125 0.3787900078125 0.3690135078125 0.33909349375 0.34119315625 0.3386342 0.3431019171875 0.353856659375 0.348828234375 0.3680292984375 0.3570359640625 0.3756405328125
5 0.346728590625 0.42760687343750003 0.3350850703125 0.42708195781249997 0.335657703125 0.44387916718750003 0.3614261359375 0.44335424999999995 0.3618079015625 0.428131790625 0.346728590625 0.42760687343750003
3 0.216585859375 0.26481200625 0.21608349218749998 0.41057955156250003 0.21985129531249997 0.4112703046875 0.2190977359375 0.439937009375 0.3318806234375 0.44097315468750004 0.3323830125 0.3171408890625 0.3326341828125 0.2117993984375 0.21912712031249998 0.21153974843749998 0.2190977359375 0.211277803125 0.21884654062500003 0.26481200625 0.216585859375 0.26481200625
3 0.5017076328125001 0.12150521249999999 0.49788812031249996 0.1290404421875 0.49373648125 0.1418274921875 0.49323828281250004 0.1527878265625 0.51466075625 0.1525594890625 0.51482681875 0.21196762812499997 0.4394330046875 0.210825928125 0.43876874218750006 0.3669428625 0.438602675 0.4409251203125 0.48769336562500004 0.4413818046875 0.48769336562500004 0.44343686718750003 0.5948057234374999 0.44503524531250005 0.5944735984375 0.4413818046875 0.6275206718749999 0.4413818046875 0.6273546015625 0.409414159375 0.629679515625 0.4080441171875 0.629679515625 0.25094599375 0.6276867265625 0.25071765625000003 0.6268564046875 0.17970381875000002 0.6471164109374999 0.17993215625 0.6471164109374999 0.10731994062500001 0.6275206718749999 0.10663492031249999 0.6273546015625 0.0392745328125 0.567570959375 0.0392745328125 0.5145960046875 0.0397312140625 0.5143469046875 0.11023127968749999 0.5143286218750001 0.11488333906249999 0.51001091875 0.11625338125 0.5017076328125001 0.12150521249999999
1 0.6470941640625 0.1802188765625 0.6461706015625001 0.1676415203125 0.64072158125 0.1541748484375 0.636934975 0.14883900156250002 0.62853055625 0.14363019375 0.6359190578125 0.1389295640625 0.6424763515625 0.12975530468750002 0.645801175 0.12124335312500001 0.6473712359375 0.11374775625 0.6475559453125 0.10714146718749999 0.6260369406249999 0.107395553125 0.6258522234375 0.10256788125 0.6181173859375 0.10209984999999999 0.6180942953125 0.1853006375 0.6263140046875 0.1854276859375 0.6261292953125001 0.1799647875 0.6470941640625 0.1802188765625
3 0.5647967515625 0.7442445078125 0.5162026859375 0.7435260609375 0.5161156390625 0.7569370281250001 0.5143746984375 0.7571765109374999 0.5141135546875 0.7831474921875 0.5135912734375 0.8768662125000001 0.5782732453125 0.8767464734375 0.7067568093750001 0.8769859515625 0.7066697640624999 0.8274324265624999 0.7079754703125001 0.8273126828124999 0.708062515625 0.7041441171875 0.706495665625 0.7041441171875 0.706671790625 0.6577885015625 0.6636331859375 0.657572859375 0.5857592578124999 0.6572253406249999 0.585775090625 0.73825746875 0.5647967515625 0.7380179874999999 0.5647967515625 0.7442445078125
0 0.63226376875 0.6671262718750001 0.6333867468750001 0.6721467265625 0.6357730765625 0.67784300625 0.6395714609375001 0.6843776890625 0.6457478453125 0.6904601609375 0.6538192546875 0.6935496671875 0.6585217265625001 0.694032403125 0.658451540625 0.6643113203125 0.6622415953125 0.664407865625 0.6622415953125 0.657456471875 0.6277450921875001 0.657350496875 0.627631478125 0.664422953125 0.6321233937499999 0.6643264062500001 0.63226376875 0.6671262718750001
5 0.7082454484375 0.82787724375 0.7084421640625 0.7462863671875 0.708311025 0.7040880484375001 0.69654108125 0.7040571234375 0.696836153125 0.7873926921875001 0.696901721875 0.82787724375 0.7082454484375 0.82787724375
0 0.5302258828124999 0.7806952140625001 0.5331903546875 0.7808151515625 0.5390321078125 0.7794958375000001 0.5451354265624999 0.7760176390625 0.5511515499999999 0.7693011265624999 0.5549879234375 0.7607855421874999 0.557690821875 0.751430396875 0.5615271953125001 0.751190521875 0.561614384375 0.7443540671875 0.526760071875 0.7437766781249999 0.5262151312500001 0.75071076875 0.5305746453125 0.75071076875 0.5302258828124999 0.7806952140625001
0 0.5502455265624999 0.6639380453125 0.5459668796875 0.6561605796875 0.5399309296875 0.6499596265625 0.5333601515625 0.6462810953125 0.5258725156249999 0.6454402875 0.5258725156249999 0.6746583375 0.5224343171875 0.6747634359375 0.5224343171875 0.6818402015625 0.5571219234375 0.6820153984374999 0.5572747312499999 0.6748685390625 0.552690465625 0.6748685390625 0.5502455265624999 0.6639380453125
5 0.5745878015625 0.5798994578125 0.5748934203125 0.564344525 0.53695115625 0.564239425 0.49737367031249996 0.5640292234375 0.4972079296875 0.5800045578125 0.5193673515625 0.5798994578125 0.5745878015625 0.5798994578125
3 0.2925660171875 0.6738797109375 0.292674765625 0.77481615625 0.293979765625 0.775115346875 0.293979765625 0.8160723546875 0.477917865625 0.8168203265624999 0.4783528578125 0.7731626421875 0.478244109375 0.603444603125 0.46356598125000004 0.603444603125 0.357324115625 0.6032950125000001 0.2943308859375 0.603207040625 0.2940885140625 0.6448583718750001 0.29245726875 0.6448583718750001 0.2925660171875 0.6738797109375
5 0.30402629062500003 0.775299859375 0.303952825 0.689334903125 0.3038058875 0.6443736609374999 0.292234778125 0.6442651015624999 0.2921980484375 0.7269079390625001 0.29227151406249996 0.7755019812499999 0.30402629062500003 0.775299859375
0 0.405090909375 0.6257582796875 0.406707071875 0.6255359609375 0.4109629640625 0.6248690109374999 0.4153804703125 0.62220120625 0.4187744125 0.6171620203125 0.4210370359375 0.610492509375 0.42545454375 0.610492509375 0.425400671875 0.603230153125 0.40142760781250003 0.602796296875 0.4013737359375 0.6104184046875 0.4053063984375 0.6102701921875 0.405090909375 0.6257582796875
0 0.46840788125 0.6909269921875001 0.4643309515625 0.69377421875 0.4596268 0.698605871875 0.4566788671875 0.7032649671875 0.45373093124999997 0.7102536109375001 0.4517865515625 0.7182764374999999 0.451849271875 0.72673183125 0.47261025312499994 0.72673183125 0.47254753125000004 0.7316497656250001 0.4781925109375 0.7315634875 0.47834931718749996 0.68424995625 0.4732374734375 0.6841179734375 0.4733001984375 0.68997791875 0.46840788125 0.6909269921875001
0 0.4411631671875 0.7970471203125 0.4349910921875 0.787270496875 0.42769682500000006 0.7817389875 0.42087013124999995 0.779938028125 0.4167554125 0.78006666875 0.4171294796875 0.8092678984375 0.41320179687499997 0.8093965359374999 0.41324855156250007 0.8160641937499999 0.44855095624999997 0.8162144484375 0.44864447187499995 0.8096538171875001 0.44452975937500006 0.8093965359374999 0.4411631671875 0.7970471203125