5 0.4374541625 0.0491499515625 0.357571228125 0.0479889296875 0.35780897500000003 0.06424324375 0.3982259359375 0.0654042671875 0.4374541625 0.06463025156249999 0.4374541625 0.0491499515625
0 0.2857716875 0.1257774359375 0.2869604203125 0.1168762640625 0.2871981671875 0.1072010765625 0.2579553078125 0.10487903125 0.2574798140625 0.11610224843750001 0.2762618140625 0.14551481875 0.28172999062500004 0.13777466875 0.2857716875 0.1257774359375
0 0.23320648125000001 0.20163090625 0.23891240468750002 0.20356594218750002 0.24556931718750002 0.204726965625 0.24583022031250001 0.1567380359375 0.2386978140625 0.1563510296875 0.2213191390625 0.189246665625 0.22583632968749998 0.1954387859375 0.23320648125000001 0.20163090625
0 0.32592774375 0.23336552031250002 0.3228370359375 0.2236903328125 0.3173688578125 0.216337190625 0.29882460625 0.24497574531250002 0.29858685937499996 0.25619896249999996 0.327591971875 0.2554249484375 0.327354225 0.24381472343750002 0.32592774375 0.23336552031250002
0 0.3485136921875 0.3262473203125 0.3527931359375 0.3204422078125 0.35849905937500004 0.31231505 0.33995480625 0.282128465625 0.3337733890625 0.282128465625 0.3335356421875 0.330891409375 0.34114354062499996 0.330891409375 0.3485136921875 0.3262473203125
0 0.2945451625 0.305735921875 0.3016775671875 0.29993081093749996 0.30904771875 0.2906426296875 0.29145445468750003 0.259295021875 0.2845597953125 0.259295021875 0.285035290625 0.3068969453125 0.29050346718750003 0.307670959375 0.2945451625 0.305735921875
0 0.34637397187499996 0.44583263593750005 0.3539818703125 0.44041453124999996 0.35897455312500004 0.4330613890625 0.33995480625 0.402487796875 0.3340111359375 0.402487796875 0.3335356421875 0.44970271093749997 0.3404303 0.44970271093749997 0.34637397187499996 0.44583263593750005
0 0.233919721875 0.5360053828125 0.23891240468750002 0.5379404203125 0.2462825578125 0.5375534125 0.2462825578125 0.49072550625 0.2396256453125 0.49072550625 0.2213191390625 0.522847128125 0.22678731718749998 0.5313612921875001 0.233919721875 0.5360053828125
0 0.2855107828125 0.5894124171875 0.3076212390625 0.5514856828125 0.2762386578125 0.550324659375 0.2752876703125 0.5634829140625001 0.27718964375 0.573545109375 0.280755846875 0.582059275 0.2855107828125 0.5894124171875
5 0.247471290625 0.6389493765625 0.24818453125 0.5855423421875 0.23796141718750002 0.58592935 0.237723671875 0.7000965609375001 0.247946784375 0.70048356875 0.247471290625 0.6389493765625
5 0.2579321515625 0.7221559890625 0.248897771875 0.7221559890625 0.24913551875 0.7368622734375 0.26696653124999997 0.736475265625 0.26696653124999997 0.7233170109375 0.2579321515625 0.7221559890625
0 0.28669951718750003 0.695452471875 0.27814063125 0.7097717484375 0.276000909375 0.7213819734375 0.276000909375 0.736088259375 0.3045305296875 0.736475265625 0.3045305296875 0.7233170109375 0.28669951718750003 0.695452471875
5 0.3218860484375 0.7221559890625 0.31261392187500003 0.7221559890625 0.31213842812500003 0.736088259375 0.330444934375 0.736475265625 0.330920428125 0.72176898125 0.3218860484375 0.7221559890625
5 0.3953498171875 0.7213819734375 0.35683483125 0.72176898125 0.3563593375 0.73724928125 0.43719325937500003 0.736475265625 0.436717765625 0.720607959375 0.3953498171875 0.7213819734375
5 0.4613109140625 0.7034876 0.4620985828125 0.6372418046874999 0.4515963421875 0.6385239828125 0.4515963421875 0.6680140453125001 0.45133378593750006 0.7034876 0.4613109140625 0.7034876
3 0.460260690625 0.536377240625 0.46052324687499996 0.37567776406250003 0.3342338046875 0.3739681953125 0.33397124843750003 0.5504811843749999 0.3347589171875 0.7363968015625 0.460785803125 0.7355420171875 0.460260690625 0.536377240625
5 0.12858564374999998 0.5465751734375 0.06906231874999999 0.5465751734375 0.068680759375 0.5639662015625 0.20909475624999999 0.5645873109374999 0.20909475624999999 0.5465751734375 0.12858564374999998 0.5465751734375
3 0.24572449375 0.47017887031249994 0.2464876140625 0.24471661249999999 0.1335459203125 0.24471661249999999 0.030143221874999997 0.2465799359375 0.030143221874999997 0.42359575937500005 0.03052478125 0.5621028781249999 0.2464876140625 0.5608606609375 0.24572449375 0.47017887031249994
3 0.168861346875 0.0492059796875 0.1497515234375 0.0203610953125 0.127862090625 0.019795509375 0.10944716875 0.0503371515625 0.0305757171875 0.04864039375 0.0305757171875 0.2533825140625 0.24564809062499998 0.255079271875 0.2449531875 0.049771565625 0.168861346875 0.0492059796875
3 0.2283951953125 0.19870422031249999 0.23908729687500002 0.20353887343750002 0.2393843 0.2562365859375 0.339177259375 0.2547861890625 0.460651425 0.253819259375 0.460651425 0.049796921875 0.240275309375 0.048829990625 0.2393843 0.160027 0.2212671265625 0.18951837968750002 0.2283951953125 0.19870422031249999
5 0.6312653218750001 0.048844715625 0.572668046875 0.047923117187499996 0.572101890625 0.0640510890625 0.597578965625 0.0645118875 0.6306991640625 0.0649726875 0.6312653218750001 0.048844715625
0 0.662120890625 0.1151998 0.6714624859375 0.11473900156250001 0.6714624859375 0.066815884375 0.6646685984375 0.066815884375 0.6471177234375001 0.0995326265625 0.6541946890625 0.10920940937500001 0.662120890625 0.1151998
0 0.658157790625 0.25989074843750004 0.6649516765625 0.26311634375000004 0.6723117203125 0.26311634375000004 0.6714624859375 0.216114825 0.6646685984375 0.2151932265625 0.6471177234375001 0.24698837187499997 0.6524962171875 0.257125953125 0.658157790625 0.25989074843750004
3 0.6703301703125 0.2870779015625 0.67117940625 0.1810940859375 0.6703301703125 0.0497663140625 0.5302062546874999 0.050687910937500004 0.5307724109375 0.160358121875 0.5304893328125 0.2870779015625 0.6703301703125 0.2870779015625
0 0.719302771875 0.296293884375 0.7204350859375 0.27740111875 0.690428753125 0.2760187203125 0.6912779890625 0.2870779015625 0.71024425625 0.3174906484375 0.715905828125 0.307353065625 0.719302771875 0.296293884375
0 0.7048657625 0.21242843125 0.706564234375 0.20229084843749998 0.706564234375 0.19031006875 0.6757086640625001 0.19123166875 0.6754255859375 0.2027516484375 0.6955241671875 0.232242796875 0.7009026625 0.22164441406250002 0.7048657625 0.21242843125
5 0.799980178125 0.048844715625 0.742798296875 0.048844715625 0.742798296875 0.0635902890625 0.769124609375 0.0640510890625 0.8002632578125001 0.0645118875 0.799980178125 0.048844715625
0 0.790638584375 0.1755644953125 0.7875247187500001 0.1893884703125 0.7878077984375 0.203212446875 0.8186633671875001 0.2004476515625 0.797432471875 0.163122915625 0.790638584375 0.1755644953125
5 0.922318734375 0.0647245125 0.9228220453124999 0.0487482078125 0.864941196875 0.0487482078125 0.8644378859374999 0.06390521406250001 0.8906100953125 0.0643148640625 0.922318734375 0.0647245125
0 0.8523584046874999 0.22202965468750002 0.8440537609375 0.211788434375 0.8380140203125 0.2072822984375 0.8274444734375 0.2060533515625 0.8271928171875 0.25275331562500003 0.8334842140625 0.25275331562500003 0.8523584046874999 0.22202965468750002
3 0.9608220812500001 0.192534940625 0.96031876875 0.0499771546875 0.8289544093749999 0.04956750625 0.8276961296875 0.19171564375 0.8279477859375 0.313381340625 0.96031876875 0.313381340625 0.9608220812500001 0.192534940625
0 0.8216563890625 0.31583923281250004 0.8221596999999999 0.3039594171875 0.7932192765625 0.3027304703125 0.7939742437499999 0.318297125 0.796490803125 0.3309962390625 0.8037888234375 0.34533394687499996 0.8216563890625 0.31583923281250004
5 0.869471003125 0.5485197578125 0.8375107078124999 0.5472908109375 0.8372590531249999 0.5636767640625 0.9069677265625 0.5636767640625 0.9069677265625 0.54892940625 0.869471003125 0.5485197578125
3 0.960570425 0.56203816875 0.96031876875 0.42603476249999994 0.96031876875 0.30477871562500003 0.869722659375 0.3051883640625 0.7851662890625 0.3051883640625 0.7849146328125001 0.44201106718750005 0.7846629765625 0.4432400125 0.7851662890625 0.5599899234375 0.960570425 0.56203816875
5 0.638934871875 0.5479261078125 0.5918860328125 0.5479261078125 0.5918860328125 0.5639998687500001 0.6856932890625 0.5625815953125 0.6854028624999999 0.54745335 0.638934871875 0.5479261078125
0 0.739421903125 0.5332706218750001 0.7458112515625 0.5332706218750001 0.7463921015625 0.4864676140625 0.7365176531250001 0.48741312968750006 0.7286761796875 0.49261346406250006 0.72112513125 0.5025413750000001 0.739421903125 0.5332706218750001
3 0.7458112515625 0.2765632203125 0.6064072796875 0.27609046406250004 0.53002551875 0.27609046406250004 0.53089679375 0.44297391093750005 0.53060636875 0.561163321875 0.7455208265625 0.561163321875 0.7458112515625 0.2765632203125
1 0.1707111171875 0.0564977109375 0.14852862656250002 0.0183351921875 0.1426691359375 0.0312831875 0.1397393546875 0.049682984375 0.13722812499999998 0.0312831875 0.13011301875 0.019698145312500002 0.1104417234375 0.05172738125 0.10834904375000001 0.058542121875 0.1104417234375 0.0578606421875 0.1707111171875 0.0612680125 0.1707111171875 0.0564977109375