5 0.347023915625 0.0345921625 0.321087896875 0.0349487828125 0.3208285375 0.0534930359375 0.33379654687500004 0.0534930359375 0.347023915625 0.0542062765625 0.347023915625 0.0345921625
0 0.3151226140625 0.023180315625 0.30786052812500003 0.012838328125000001 0.2990422828125 0.007132404687500001 0.28685235468750003 0.0046360625 0.28659299374999997 0.0506400734375 0.32005045625 0.0513533140625 0.319013015625 0.0349487828125 0.3151226140625 0.023180315625
5 0.254951053125 0.1512069828125 0.2546916921875 0.112691996875 0.24120496249999998 0.11197875625 0.240945603125 0.1961411328125 0.2554697734375 0.1954278921875 0.254951053125 0.1512069828125
0 0.31641941406249996 0.2992043828125 0.3286093421875 0.2999176234375 0.3283499828125 0.2567665734375 0.2948925203125 0.2556967125 0.2948925203125 0.2710313828125 0.299561003125 0.28244323125 0.3063043671875 0.29207197812499996 0.31641941406249996 0.2992043828125
0 0.22045615000000002 0.238222321875 0.21345342500000003 0.2268104734375 0.2041164578125 0.21967806875 0.1906297296875 0.2171817265625 0.1908890890625 0.2631857375 0.2251246328125 0.2635423578125 0.22382783125 0.2492775484375 0.22045615000000002 0.238222321875
3 0.24068624375 0.1982808546875 0.24302048437499998 0.197924234375 0.242761125 0.26461221875 0.2948925203125 0.2649688390625 0.3003390828125 0.28636605312499996 0.3138258125 0.29742128125 0.32809062187500004 0.3009874828125 0.32809062187500004 0.26532545937499996 0.3750348140625 0.26461221875 0.375553534375 0.1754571578125 0.3750348140625 0.03708850625 0.3467645546875 0.0367318859375 0.3465051953125 0.03423554375 0.3184942953125 0.035305403125 0.31175093125000003 0.0178310125 0.301635884375 0.007489025000000001 0.28529619375 0.0053493031250000005 0.285555553125 0.0378017453125 0.24327984374999997 0.03708850625 0.24302048437499998 0.0998536671875 0.2425017640625 0.11304861718749999 0.24042688281250002 0.11304861718749999 0.24068624375 0.1982808546875
0 0.1958169328125 0.4739483015625 0.1877767671875 0.476088021875 0.18025532187499999 0.48286380624999997 0.1748087578125 0.4921359328125 0.170140275 0.5049742625 0.169102834375 0.5199523125 0.20281965781250003 0.5195956921875 0.203338378125 0.47359168125 0.1958169328125 0.4739483015625
0 0.3478019953125 0.47537478125000004 0.3387243890625 0.4814373265625 0.3317216640625 0.49035283124999995 0.3265344609375 0.506044121875 0.32705318125 0.5195956921875 0.3610293640625 0.5188824515625 0.36051064374999997 0.47430492187500006 0.3478019953125 0.47537478125000004
3 0.2889272359375 0.5185258312500001 0.2980048421875 0.5185258312500001 0.37581289375 0.516386109375 0.3752941734375 0.2556967125 0.25443233125 0.2556967125 0.2546916921875 0.2499907890625 0.2243465515625 0.2507040296875 0.21630638593749998 0.23180315624999998 0.20463517812499998 0.21967806875 0.1911484484375 0.218964828125 0.1908890890625 0.250347409375 0.156134825 0.2499907890625 0.156134825 0.38229689843750003 0.15587546562500001 0.517812590625 0.288667875 0.51709935 0.2889272359375 0.5185258312500001
5 0.2881491546875 0.8209397953125 0.2588414546875 0.8195133140624999 0.25936017499999997 0.83984066875 0.3244595796875 0.8387708078125 0.32420021875 0.820583175 0.2881491546875 0.8209397953125
0 0.2100817421875 0.786704253125 0.20204157656250002 0.7710129625000001 0.1929639703125 0.762810696875 0.178958521875 0.7624540765625001 0.17921788125 0.8084580875 0.21241598437500003 0.8077448468749999 0.21241598437500003 0.7974028609375 0.2100817421875 0.786704253125
5 0.22149359062500001 0.7642371765625 0.22149359062500001 0.7267920515624999 0.21371278437500002 0.7267920515624999 0.2142315046875 0.79954258125 0.2212342296875 0.798829340625 0.22149359062500001 0.7642371765625
3 0.2093036625 0.81273753125 0.2090443015625 0.8366310859375 0.25936017499999997 0.8369877062500001 0.25936017499999997 0.83984066875 0.32420021875 0.8394840484375001 0.323940859375 0.8369877062500001 0.3750348140625 0.8366310859375 0.3752941734375 0.6772218375 0.3750348140625 0.5691659062500001 0.2891865953125 0.5691659062500001 0.2139721453125 0.5688092859375 0.21449086562500003 0.72179936875 0.21371278437500002 0.8134507703124999 0.2093036625 0.81273753125
5 0.7712461359375 0.034523471875 0.7268633421875 0.033826028125000004 0.727116959375 0.054051901562500004 0.7476598515624999 0.053703179687500005 0.7709925203125 0.054051901562500004 0.7712461359375 0.034523471875
5 0.7075885296875 0.247941303125 0.6411411484375 0.246546415625 0.64088753125 0.265726121875 0.6705606000000001 0.2667722890625 0.7080957609375 0.2667722890625 0.7075885296875 0.247941303125
0 0.8250127203125001 0.2939726 0.831606734375 0.293623878125 0.831606734375 0.25631063125 0.8026945156249999 0.2545670203125 0.8044698265625 0.2727005609375 0.809542146875 0.2838596640625 0.8184187046875 0.29118282500000003 0.8250127203125001 0.2939726
0 0.7704852875 0.42962543750000004 0.769724440625 0.4414819828125 0.8021872828125 0.4414819828125 0.8019336671874999 0.39510196406250003 0.789506484375 0.39893790625 0.7786009984375 0.4055636234375 0.7722606 0.41742016875 0.7704852875 0.42962543750000004
0 0.6715750640625 0.493441553125 0.6652346640625 0.4836773390625 0.6555972578125 0.47565673437499995 0.6429164593750001 0.47356440156249996 0.6421556125000001 0.5182008109375 0.6771546140625 0.51889825625 0.6746184546875 0.5039032109375 0.6715750640625 0.493441553125
0 0.77733291875 0.6493202625000001 0.7872239421875 0.6542023703125001 0.7958468843750001 0.6545510921875 0.7961005 0.6088685171875 0.7608478812499999 0.6088685171875 0.763384040625 0.6263046140624999 0.7687099765625 0.6406022140625 0.77733291875 0.6493202625000001
0 0.8255199515625 0.7023259984375 0.8313531187500001 0.7023259984375 0.831606734375 0.6542023703125001 0.798636659375 0.6548998140625 0.7996511234375 0.6751256875 0.805484290625 0.688377121875 0.8143608484374999 0.6974438921874999 0.8255199515625 0.7023259984375
5 0.7679491281249999 0.8201940171875 0.746391771875 0.81984529375 0.74613815625 0.8386762796875 0.7930571078125 0.8386762796875 0.7928034921875 0.8205427375 0.7679491281249999 0.8201940171875
5 0.708856609375 0.8208914609375 0.6880601015625001 0.8201940171875 0.687806484375 0.8390250015625 0.7342182046875 0.8393737234374999 0.7342182046875 0.8205427375 0.708856609375 0.8208914609375
3 0.746391771875 0.8393945078125 0.793310725 0.8390457859374999 0.7930571078125 0.8366047312499999 0.8445411484375 0.8359072875000001 0.8447947640625 0.7319673640625 0.8445411484375 0.6573408671875 0.73650075 0.6566434234375 0.736754365625 0.739290525 0.7380224453124999 0.8359072875000001 0.746391771875 0.8359072875000001 0.746391771875 0.8393945078125
3 0.6882998031249999 0.8397378390625001 0.734204353125 0.84010695625 0.734204353125 0.8364157999999999 0.7433315734375 0.8360466859375 0.7433315734375 0.6651461921874999 0.795141971875 0.6651461921874999 0.795141971875 0.571390846875 0.6254830499999999 0.57102173125 0.626019946875 0.721251753125 0.6254830499999999 0.8356775687500001 0.6885682515625 0.8364157999999999 0.6882998031249999 0.8397378390625001
3 0.800099046875 0.51954008125 0.800099046875 0.2573115 0.723532528125 0.2579573828125 0.723532528125 0.2514985515625 0.7089707984375 0.252144434375 0.7080313312500001 0.2482691359375 0.639450278125 0.2482691359375 0.639450278125 0.2502067859375 0.6239490812499999 0.252144434375 0.6244188140625 0.5182483140625 0.69018146875 0.520831846875 0.800099046875 0.51954008125