3 0.80149333125 0.35364259531250003 0.80149333125 0.24513230937500002 0.8028598546874999 0.1224620265625 0.66210969375 0.1218180890625 0.66210969375 0.1301892875 0.61792601875 0.172367259375 0.5778418140625 0.1730112 0.5778418140625 0.12278399531249999 0.4762344640625 0.1219820421875 0.47672034218750003 0.352354715625 0.6147374828125 0.35364259531250003 0.80149333125 0.35364259531250003
5 0.6853402843749999 0.4009787484375 0.62665575625 0.400179459375 0.6270360390625 0.42255069062499995 0.6529996734375 0.4228726515625 0.6853402843749999 0.4228726515625 0.6853402843749999 0.4009787484375
5 0.56372124375 0.42255069062499995 0.5919623828125 0.42255069062499995 0.6233920109375 0.42255069062499995 0.62293651875 0.3993688984375 0.5635407203125 0.40129181718750007 0.56372124375 0.42255069062499995
5 0.43435865781249994 0.4009787484375 0.38483405937500004 0.4007590375 0.384708915625 0.42255069062499995 0.4079395296875 0.4228726515625 0.43435865781249994 0.4228726515625 0.43435865781249994 0.4009787484375
5 0.3350591859375 0.4228726515625 0.381520403125 0.423194621875 0.3811452546875 0.4007590375 0.321381003125 0.400334809375 0.3227475265625 0.4228726515625 0.3350591859375 0.4228726515625
5 0.31910349843749997 0.39969086875 0.2593804046875 0.4007590375 0.2585217234375 0.4228726515625 0.2812968234375 0.4228726515625 0.3195590140625 0.42351659062499997 0.31910349843749997 0.39969086875
0 0.46167564843750003 0.572598353125 0.44300006875 0.576461978125 0.42660199218750006 0.5822574234375 0.4143034359375 0.591916503125 0.4061044 0.6015755828125 0.4020048796875 0.6138104046875 0.40283395625 0.6262148640625 0.472152215625 0.625079334375 0.4730632234375 0.572598353125 0.46167564843750003 0.572598353125
0 0.557331103125 0.602219521875 0.5482210828125 0.5915945328125 0.5391110125 0.5848331765625 0.5245349515625 0.5777498578125 0.5090478843749999 0.5745301656249999 0.4931053 0.5732422859375 0.49136528906250004 0.6250557078125001 0.56097513125 0.625079334375 0.5614306203125 0.6125225421875 0.557331103125 0.602219521875
0 0.3409675890625 0.7313341859375 0.35782118125 0.7377735734375 0.372852759375 0.74099325625 0.3892508328125 0.7406712953125 0.39107282187500003 0.6920539390625 0.3901618390625 0.6923759 0.317281484375 0.691088028125 0.3181924921875 0.707186484375 0.3273025359375 0.7213531359375 0.3409675890625 0.7313341859375
0 0.53318948125 0.7889716734375 0.5177024390625 0.7934792374999999 0.5035818437499999 0.800240603125 0.49173880312499996 0.8102216343749999 0.4835397640625 0.823744346875 0.482758075 0.847034065625 0.55277609375 0.846926128125 0.5518650609375 0.7886497109375 0.53318948125 0.7889716734375
0 0.6388659875 0.797664840625 0.6365884828125 0.7880057703125 0.63066695 0.7780247218749999 0.6170018703125 0.7651459484375 0.6006037953125001 0.7583846015625 0.581928215625 0.7548429390625 0.5635019296875 0.7557505359375 0.56507465 0.8041042265625 0.63795495625 0.8034602859375 0.6388659875 0.797664840625
3 0.8001185390625001 0.84660750625 0.8001185390625001 0.7522655171875 0.8010295218750001 0.6679095796875 0.671206646875 0.6675876093750001 0.5643216640625 0.6676546875 0.5641684406249999 0.73971371875 0.56462393125 0.8462855265625 0.8001185390625001 0.84660750625
3 0.56462393125 0.6756285046875 0.8001185390625001 0.675306525 0.8001185390625001 0.52268645625 0.80057403125 0.40162602343750003 0.47539710468749996 0.40162840468749994 0.47671202187499995 0.6254012953125 0.5659904296875 0.62443539375 0.56462393125 0.6756285046875
3 0.3889420015625 0.675757896875 0.388030996875 0.6245647859375001 0.48687496093749993 0.6248867484375 0.48778594531249997 0.5205620484375 0.48824148437500003 0.4014334421875 0.19711484375 0.4004692484375 0.19763111718749998 0.532803553125 0.19763111718749998 0.6754359187500001 0.3889420015625 0.675757896875