5 0.2290213890625 0.18834644218750002 0.2290213890625 0.07750659374999999 0.216801659375 0.07723559062499999 0.216801659375 0.12628696718750002 0.21719584374999998 0.18943045 0.2290213890625 0.18834644218750002
0 0.3533867046875 0.1818423921875 0.3466855625 0.18699143125 0.340575696875 0.19674750624999998 0.337028034375 0.208671596875 0.33722512656250003 0.2189696765625 0.36501515625000003 0.218427671875 0.3648180640625 0.1807583828125 0.3533867046875 0.1818423921875
0 0.31534786875 0.26097499687500003 0.32165482500000003 0.265040028125 0.3324949078125 0.266666040625 0.332692 0.228183746875 0.3049019703125 0.228183746875 0.306084525 0.2436308640625 0.310026371875 0.2533869390625 0.31534786875 0.26097499687500003
5 0.228824296875 0.344172634375 0.22862720468750003 0.2644980234375 0.21699875156249998 0.2647690265625 0.21699875156249998 0.41056814218750004 0.2290213890625 0.4102971390625 0.228824296875 0.344172634375
0 0.35496344375 0.3750668703125 0.36245295624999996 0.377776890625 0.3701395609375 0.377776890625 0.36974537500000004 0.338481590625 0.341561159375 0.33929459687499997 0.3427437140625 0.3547417140625 0.3478681171875 0.3661238015625 0.35496344375 0.3750668703125
5 0.3472768390625 0.42818327656250005 0.3352542015625 0.427912275 0.33545129375 0.443901396875 0.3612704015625 0.4436303953125 0.3612704015625 0.427912275 0.3472768390625 0.42818327656250005
0 0.3997034234375 0.41409116875 0.3931993734375 0.4051481015625 0.3829505671875 0.40054106562499997 0.375658146875 0.40108306875000005 0.3760523328125 0.439836365625 0.40522200937499997 0.4395653640625 0.4032510859375 0.4249312515625 0.3997034234375 0.41409116875
3 0.21719584374999998 0.41083914374999997 0.2189696765625 0.4102971390625 0.2189696765625 0.44146237812500005 0.33190363125 0.4411913765625 0.33190363125 0.3116523859375 0.3324949078125 0.2108396140625 0.2189696765625 0.211110615625 0.2183783984375 0.265040028125 0.2166045671875 0.265040028125 0.21719584374999998 0.41083914374999997
3 0.216894865625 0.1904530390625 0.219180375 0.19013878125 0.21872327343750003 0.21810770625 0.28546015625 0.21842196406249997 0.3741379296875 0.21842196406249997 0.3745950328125 0.1348165015625 0.37390937968750004 0.039282196874999994 0.28568870625 0.0386536828125 0.21872327343750003 0.039282196874999994 0.21872327343750003 0.0773073640625 0.21598066249999998 0.077621621875 0.216894865625 0.1904530390625
5 0.45646706562499995 0.0364207734375 0.398910790625 0.036146934375 0.3983133203125 0.0523035171875 0.42739019218749996 0.052851198437500004 0.45666622187500006 0.053125039062500004 0.45646706562499995 0.0364207734375
0 0.49809080625 0.079139878125 0.5090444234375 0.0796875578125 0.5090444234375 0.04052838125 0.47996755156250004 0.0402545390625 0.4801667078125 0.0533988796875 0.4837515265625 0.063530975 0.490522853125 0.07311538906250001 0.49809080625 0.079139878125
0 0.49291273437500005 0.14321853281250002 0.493111890625 0.153350628125 0.5209938234375 0.153350628125 0.5209938234375 0.11419145 0.50964189375 0.115012971875 0.5012773140625 0.122132821875 0.496099240625 0.1314433953125 0.49291273437500005 0.14321853281250002
0 0.4046863328125 0.1985342953125 0.40010572968749997 0.18812836093750002 0.38974958437499996 0.18183003125 0.37919428125 0.1801869875 0.37879596718749997 0.2190723265625 0.4076736828125 0.2190723265625 0.4076736828125 0.2081187109375 0.4046863328125 0.1985342953125
3 0.438144653125 0.2179769640625 0.54031201875 0.21770312343749998 0.5401128625 0.181008509375 0.5199980390625 0.181008509375 0.5192014125 0.0388853375 0.511633459375 0.038611496875 0.511633459375 0.033956210937499995 0.4771793578125 0.033956210937499995 0.47678104374999997 0.0388853375 0.45706453593749996 0.038611496875 0.45706453593749996 0.036146934375 0.39791500625 0.0369684546875 0.3983133203125 0.039706859375 0.3690372921875 0.0388853375 0.368439821875 0.07859219687499999 0.368638978125 0.21825080468750002 0.438144653125 0.2179769640625
5 0.629494303125 0.40861393125 0.63001888125 0.2502895578125 0.61716670625 0.2502895578125 0.6174289953125001 0.32133716875 0.617691284375 0.40897457968750006 0.629494303125 0.40861393125
0 0.453235896875 0.407171340625 0.46031770781250003 0.39851579375 0.466874940625 0.385893121875 0.467661809375 0.3693033234375 0.43749854062500004 0.3693033234375 0.43776082968749996 0.4111384671875 0.44458035156250003 0.41077781875 0.453235896875 0.407171340625
5 0.537168471875 0.4277282640625 0.48680892656249997 0.42664632031250005 0.487071215625 0.44503935781250004 0.593822959375 0.4439574140625 0.593822959375 0.4280889125 0.537168471875 0.4277282640625
5 0.4229445546875 0.4279503359375 0.4097714484375 0.42746732187500003 0.40959580625 0.44388979375000004 0.4368202265625 0.4436482875 0.4366445859375 0.4281918421875 0.4229445546875 0.4279503359375
3 0.48600006406249996 0.4465140953125 0.5951472703125 0.444824034375 0.5951472703125 0.4421199359375 0.62808809375 0.4421199359375 0.628333921875 0.40865673124999996 0.6307921921874999 0.40831871875000003 0.6303005374999999 0.249791003125 0.627596440625 0.249791003125 0.627596440625 0.1815125421875 0.6482459125 0.18016049375 0.64750843125 0.10647383749999999 0.6271047859375 0.10647383749999999 0.627596440625 0.0392094125 0.5150076546875 0.038871401562500005 0.5147618281249999 0.11323408125000001 0.504928746875 0.116614203125 0.4948498375 0.1314867390625 0.4918999125 0.1521054828125 0.514516 0.1521054828125 0.514516 0.21024560781249998 0.439273603125 0.21091960312500002 0.43878195 0.2764939671875 0.4390277765625 0.4424579484375 0.48649171718749995 0.44313397343750005 0.48600006406249996 0.4465140953125
0 0.44967732656250003 0.7277591218749999 0.47884825937500003 0.7284389531250001 0.4790954703125 0.687309175 0.46945422968750006 0.687309175 0.4588241453125 0.6944474015625001 0.4526438625 0.706684359375 0.44967732656250003 0.7277591218749999
5 0.30431709218749997 0.777046871875 0.304564303125 0.6434600734375 0.29245095 0.6431201578125 0.29195652656250004 0.7029452890625 0.2917093171875 0.777046871875 0.30431709218749997 0.777046871875
0 0.43929445312500004 0.7886039984375001 0.42866436874999997 0.7797661953125 0.4163038046875 0.7787464484375 0.4167982265625 0.8195363109375 0.44596915781249996 0.8178367328125 0.44374425625 0.7998212109375 0.43929445312500004 0.7886039984375001
3 0.29121489375 0.7763670406250001 0.29393421875 0.7763670406250001 0.2941814296875 0.8168169875 0.4783538359375 0.8164770718750001 0.47884825937500003 0.6839100203124999 0.478106625 0.6030101265625001 0.29393421875 0.6033500421875 0.29368700625 0.638361340625 0.2934397953125 0.6434600734375 0.2914621046875 0.6427802421875 0.29121489375 0.7763670406250001
0 0.421495240625 0.618306325 0.4232257203125 0.6026702109375 0.40394323906249996 0.6016504640625 0.40394323906249996 0.6285037906250001 0.408887465625 0.627823959375 0.41655101562499997 0.6254445515625 0.421495240625 0.618306325
5 0.575089425 0.5639641828124999 0.496875603125 0.5633936578125 0.49729053125 0.5799388890625 0.53152204375 0.5807946765625001 0.5755043515625 0.5810799390625 0.575089425 0.5639641828124999
0 0.5495713875 0.65867136875 0.5435549390625 0.6506840171875 0.5354638546875 0.6458345515625 0.5255055953125 0.6444082390625 0.52529813125 0.6834892171875 0.553928125 0.6834892171875 0.55289080625 0.6675145109375 0.5495713875 0.65867136875
0 0.543347475 0.7171502046875 0.5429325484375 0.7316985984375 0.57094015 0.731128071875 0.5707326859374999 0.69147656875 0.5634714562500001 0.6917618328125 0.5547579796875 0.696326034375 0.5472892859375 0.705169175 0.543347475 0.7171502046875
0 0.5580774 0.760224859375 0.5589072546875 0.75195224375 0.5589072546875 0.7416827890625 0.529862334375 0.7425385765625 0.530069796875 0.7830458671875 0.5429325484375 0.779907978125 0.5530982703125 0.7716353640625 0.5580774 0.760224859375
0 0.6591122296874999 0.65638926875 0.630305475 0.6569591859374999 0.631104628125 0.6717934484375 0.635461365625 0.682348165625 0.641685278125 0.68919446875 0.65081368125 0.6951849828125 0.65931969375 0.696040771875 0.6591122296874999 0.65638926875
5 0.70858161875 0.8287657859375 0.70858161875 0.703228878125 0.6961928859375 0.7035991921875 0.6961928859375 0.7591464984375 0.69646220625 0.8295064171875 0.70858161875 0.8287657859375
3 0.706696375 0.87653646875 0.706696375 0.828395471875 0.7093895781249999 0.8276548390625 0.7093895781249999 0.703228878125 0.7072350171874999 0.703228878125 0.7072350171874999 0.6565691421875 0.5855022562500001 0.6569394578125001 0.5860408968749999 0.7387791531250001 0.563687315625 0.7391494671875 0.5642259562499999 0.743593253125 0.5146710265625 0.742852621875 0.513593746875 0.876166153125 0.6089331203125 0.8772770984375 0.706696375 0.87653646875
1 0.6424956625 0.1564451296875 0.636816671875 0.14819884218749999 0.6289292 0.143858690625 0.6390251546875 0.137782496875 0.6443886265625001 0.12780013437499999 0.647859134375 0.114779678125 0.648174653125 0.10523134218750001 0.619779725 0.1034952828125 0.619779725 0.10392929843750001 0.6191487375 0.10089118906250001 0.6193483265624999 0.10207098750000002 0.61946423125 0.1820520234375 0.648174653125 0.18031597187499998 0.6465971578125 0.16946559218749999 0.6424956625 0.1564451296875