5 0.104351790625 0.05138345 0.047253640624999996 0.10331645625000001 0.053554126562500005 0.1167805671875 0.07974051875 0.09287489843749999 0.11006160625000001 0.064023228125 0.104351790625 0.05138345
5 0.24847539687500003 0.10331645625000001 0.192361696875 0.050833893750000005 0.18606121250000002 0.064572784375 0.2120507140625 0.0871045640625 0.2417811296875 0.11568145625 0.24847539687500003 0.10331645625000001
5 0.056507479687499994 0.191245353125 0.056113698437500005 0.11568145625 0.045481629687500004 0.11568145625 0.045875409374999995 0.31599447812500003 0.055916809375 0.315444921875 0.056507479687499994 0.191245353125
5 0.2514287484375 0.3113232546875 0.2506411875 0.1063390109375 0.24000911875000003 0.1118345671875 0.2405997890625 0.2003130203125 0.2407966796875 0.3115980328125 0.2514287484375 0.3113232546875
0 0.1947243796875 0.7072780734374999 0.2035844375 0.7094762968749999 0.21146004375 0.70920151875 0.21244449531249998 0.6482008453125 0.203781328125 0.6482008453125 0.17641359375000001 0.6902418499999999 0.18448609062500002 0.701507740625 0.1947243796875 0.7072780734374999
5 0.12856928125 0.7171700750000001 0.08997880781249999 0.7166205203125 0.08997880781249999 0.7320080765625 0.16007170937499998 0.7320080765625 0.15987481875 0.7171700750000001 0.12856928125 0.7171700750000001
5 0.2404029 0.7177196312499999 0.23134595156249999 0.7177196312499999 0.23173973124999997 0.7320080765625 0.2492629578125 0.732832409375 0.2500505171875 0.7179944093749999 0.2404029 0.7177196312499999
5 0.29533525781250003 0.7177196312499999 0.286672090625 0.7179944093749999 0.286278309375 0.7320080765625 0.30577043593750003 0.7320080765625 0.30537665625 0.7174448531250001 0.29533525781250003 0.7177196312499999
0 0.2868689796875 0.7037059625000001 0.2831280671875 0.69326440625 0.27544935000000004 0.6828228484375 0.2478847265625 0.7171700750000001 0.248081615625 0.7311837421875 0.2884441015625 0.733381965625 0.2884441015625 0.7160709640625 0.2868689796875 0.7037059625000001
0 0.3034077546875 0.6949130718750001 0.313449153125 0.697935628125 0.32329366249999997 0.697935628125 0.3225061 0.6388583999999999 0.3136460421875 0.6388583999999999 0.2884441015625 0.6776020703125 0.2947445859375 0.6891427390625 0.3034077546875 0.6949130718750001
5 0.3463298125 0.7174448531250001 0.3380604234375 0.716895296875 0.337863534375 0.7320080765625 0.35696188125 0.7314585203124999 0.356764990625 0.7174448531250001 0.3463298125 0.7174448531250001
5 0.395158575 0.55615028125 0.39476479375 0.5187804984375 0.3843296140625 0.519879609375 0.3845265046875 0.5377401671875 0.3845265046875 0.5569746140625 0.395158575 0.55615028125
0 0.2461127140625 0.4030990421875 0.2396153390625 0.4138153765625 0.23488997500000003 0.4242569328125 0.23292107343750001 0.43772104531249995 0.231936621875 0.452559046875 0.27505556875 0.45145993593749995 0.275252459375 0.442117490625 0.2461127140625 0.4030990421875
0 0.2474909453125 0.377819484375 0.27623691093749997 0.4168379328125 0.28234050625 0.4165631546875 0.282143615625 0.3577607046875 0.2732835578125 0.3574859265625 0.2624545984375 0.36160759374999996 0.25359454062500003 0.3679274828125 0.2474909453125 0.377819484375
5 0.3538116375 0.305003365625 0.309314459375 0.305003365625 0.30951135 0.3198413671875 0.3274283546875 0.3201161453125 0.35420541875 0.3201161453125 0.3538116375 0.305003365625
5 0.4431997765625 0.4712439375 0.41957295625 0.47041960468750005 0.419179175 0.48525760625 0.4752928734375 0.485532384375 0.47588354375 0.4712439375 0.4431997765625 0.4712439375
0 0.4650545859375 0.33715236875 0.468204828125 0.3267108125 0.469583059375 0.3206657 0.46938616875 0.3063772546875 0.42587344062500004 0.3055529203125 0.426267221875 0.31764314374999997 0.45481629687499997 0.3561120375 0.46170745156250004 0.34704436875 0.4650545859375 0.33715236875
3 0.19198913281250002 0.05035493125 0.17996197187500002 0.050976596875 0.15991670156249999 0.0242449671875 0.134526028125 0.0242449671875 0.11804436250000001 0.049733265625 0.1033444984375 0.0528415953125 0.04543594375 0.10381819218749999 0.0445450421875 0.31456290625 0.2516794890625 0.3182929 0.2507885890625 0.10257486093749998 0.19198913281250002 0.05035493125
3 0.20980715 0.620422490625 0.22227976093750001 0.619800825 0.2231706625 0.45008605468749996 0.28375192031249996 0.4507077203125 0.2810792171875 0.305859584375 0.2507885890625 0.30772458125 0.1487804421875 0.307102915625 0.12561701875 0.276641290625 0.1033444984375 0.27726295625 0.081517428125 0.30772458125 0.036081484375 0.30772458125 0.036526934375 0.46935769531249993 0.036526934375 0.7292140093749999 0.2111435 0.729835675 0.20980715 0.620422490625
3 0.31527472031250003 0.6302097625 0.3940245640625 0.6290569406250001 0.3931985171875 0.48418555 0.5113232812499999 0.483801275 0.5118739796875 0.30626657343749997 0.39264781875 0.30626657343749997 0.27562445 0.3066508484375 0.27452305312499997 0.3558379515625 0.2643351375 0.36044924218749996 0.2563500140625 0.367366178125 0.24808954062500002 0.3758202125 0.2750737515625 0.41463191093749996 0.2753491015625 0.5199230546875 0.2750737515625 0.5291456359375 0.31527472031250003 0.5287613624999999 0.31527472031250003 0.6302097625
5 0.683147153125 0.049320628125 0.6358270078125 0.049320628125 0.63522801875 0.0656215140625 0.6558931453125 0.066875428125 0.683147153125 0.0660394859375 0.683147153125 0.049320628125
5 0.8104323515624999 0.048484684374999996 0.768503109375 0.0497386 0.768503109375 0.0656215140625 0.7879702578125001 0.0660394859375 0.8113308359375001 0.0656215140625 0.8104323515624999 0.048484684374999996
0 0.70920318125 0.1788917703125 0.721482459375 0.1788917703125 0.721482459375 0.11870388437499999 0.714893578125 0.11870388437499999 0.6867410875 0.160501028125 0.6972233984375 0.17262219843749999 0.70920318125 0.1788917703125
0 0.74035061875 0.2332280546875 0.7691021 0.1926848265625 0.7700005828125 0.1822355421875 0.725974878125 0.1822355421875 0.725974878125 0.1951926546875 0.72926931875 0.21107557031250002 0.7331627484375 0.224032684375 0.74035061875 0.2332280546875
3 0.7208834703125 0.20982165468749997 0.7208834703125 0.1182859125 0.7385536515625 0.1174499703125 0.73825415625 0.05099251406250001 0.6903350234375 0.050156571875 0.59509574375 0.05099251406250001 0.59509574375 0.13458679843750002 0.5956947328125 0.2085677421875 0.7208834703125 0.20982165468749997
5 0.6714668640625 0.4585146546875 0.6382229640625 0.4576787109375 0.6379234703125001 0.473561625 0.706807225 0.473979596875 0.706807225 0.458932625 0.6714668640625 0.4585146546875
5 0.8730267203125001 0.45935059687499996 0.837686359375 0.4585146546875 0.8370873703124999 0.473561625 0.906869609375 0.473561625 0.906869609375 0.458932625 0.8730267203125001 0.45935059687499996
3 0.7065077296875 0.473561625 0.803843471875 0.473143653125 0.8041429656249999 0.35820151093749997 0.7810818828125 0.3586194828125 0.78048289375 0.1839074265625 0.7139950953125 0.1843253984375 0.7139950953125 0.2043880265625 0.5956947328125 0.20146222812499998 0.59509574375 0.32309191249999997 0.59479625 0.4718897390625 0.7065077296875 0.473561625
5 0.9164534359375001 0.0505745421875 0.8730267203125001 0.0497386 0.87242773125 0.0647855703125 0.8924938687499999 0.0660394859375 0.916153940625 0.0656215140625 0.9164534359375001 0.0505745421875
0 0.8999812328125 0.10700068437500002 0.889199428125 0.1036569140625 0.879915096875 0.1032389421875 0.8679353125 0.10741865625 0.8607474421875001 0.1178679421875 0.8817120640624999 0.168442484375 0.8871029671875 0.1613369703125 0.8999812328125 0.10700068437500002
0 0.8790166125000001 0.2106575984375 0.8826105468750001 0.1956106265625 0.8826105468750001 0.1809816265625 0.8388843375 0.183071484375 0.8394833265624999 0.1943567125 0.8682348078125001 0.23155617031250003 0.873625709375 0.2223607984375 0.8790166125000001 0.2106575984375
3 0.7978535796874999 0.4718897390625 0.9529917749999999 0.47272568281250005 0.95269228125 0.35067802656249997 0.9532912703124999 0.23030225624999998 0.8883009453125 0.2311381984375 0.8883009453125 0.1843253984375 0.830797984375 0.1843253984375 0.8316964671875 0.357783540625 0.7984525687499999 0.35903745468750003 0.7978535796874999 0.4718897390625
1 0.148235784375 0.3078154140625 0.1242122421875 0.27799959375 0.1175390203125 0.2891805140625 0.1148697390625 0.29570276562500003 0.114202415625 0.293839234375 0.10919750937499999 0.282658315625 0.104859925 0.2775337109375 0.083171996875 0.30874714375 0.0810095140625 0.3139021875 0.0811700265625 0.3152693609375 0.1485694390625 0.31666699062500003 0.148235784375 0.3078154140625
1 0.15419881875000002 0.0267815828125 0.1528971375 0.030598246875000002 0.151465290625 0.035323665625 0.14951276875 0.040594321875 0.14795074531250002 0.044047512500000004 0.14638873125000001 0.0384133609375 0.1446965421875 0.032960959375 0.140921665625 0.026963312499999996 0.1387088125 0.02405538125 0.13037805156249999 0.033324446875000004 0.126082509375 0.039322093749999995 0.12009476875 0.048045934375 0.11658023437500001 0.0513173796875 0.1162268671875 0.059549346875 0.17932125625 0.0602229578125 0.178410084375 0.0514991234375 0.1574530203125 0.0235101296875 0.15419881875000002 0.0267815828125