5 0.34481183125000003 0.218970534375 0.275715946875 0.218970534375 0.275715946875 0.243894009375 0.30542383906250004 0.24433907187499998 0.345145628125 0.2452291953125 0.34481183125000003 0.218970534375
5 0.3625030484375 0.200277928125 0.3625030484375 0.18158532031250002 0.3438104421875 0.181140259375 0.3438104421875 0.22164090625 0.3628368453125 0.22164090625 0.3625030484375 0.200277928125
5 0.55143189375 0.1566618453125 0.361501659375 0.155326659375 0.362169253125 0.18158532031250002 0.446619778125 0.18247544531249998 0.5507643 0.1820303828125 0.55143189375 0.1566618453125
5 0.5687893140625 0.2203057203125 0.5691231109375 0.181140259375 0.5500967078125 0.181140259375 0.5500967078125 0.199832865625 0.5507643 0.22164090625 0.5687893140625 0.2203057203125
0 0.313768753125 0.504255315625 0.3067590265625 0.49001332968750005 0.29207197812499996 0.4771065296875 0.275715946875 0.4748812203125 0.275715946875 0.5398602796875 0.31710671874999996 0.5398602796875 0.316439125 0.5180522390625 0.313768753125 0.504255315625
0 0.32111227656249997 0.6444498656250001 0.3124335671875 0.6266473828125 0.301084484375 0.61552083125 0.28038909843750004 0.611515271875 0.279387709375 0.687175821875 0.3221136671875 0.687175821875 0.322781259375 0.6635875328124999 0.32111227656249997 0.6444498656250001
0 0.5180522390625 0.7250060984375 0.5267309499999999 0.7276764703125 0.533073084375 0.7272314078125001 0.5344082703125 0.662697409375 0.49101471874999997 0.6618072859375 0.49234990468750006 0.6849505125 0.49568787031249995 0.7023079328125 0.5060355640624999 0.71654991875 0.5180522390625 0.7250060984375
0 0.602870665625 0.5350923062499999 0.59359573125 0.520347540625 0.5821804296875001 0.5098835140625 0.56291710625 0.503700225 0.561846921875 0.573143315625 0.6064379468750001 0.572192040625 0.605724490625 0.5522152609375001 0.602870665625 0.5350923062499999
5 0.8022817312500001 0.2202202109375 0.6959767265625 0.21784202343749998 0.6959767265625 0.2449533671875 0.7359302859375 0.2454290046875 0.784445321875 0.24590464218750002 0.8022817312500001 0.2202202109375
5 0.8022817312500001 0.41665854375 0.8015682749999999 0.2173663859375 0.7819482234375 0.24305081718750002 0.78266168125 0.3310437734375 0.7833751375 0.41618290468749997 0.8022817312500001 0.41665854375
3 0.6257012703125 0.5151155265625 0.8015682749999999 0.5146398890625 0.8012115468750001 0.43283022187500003 0.8012115468750001 0.219744575 0.6792105015625001 0.2202202109375 0.55043161875 0.22069584843749998 0.55043161875 0.37955880937500003 0.550074890625 0.5693382140625001 0.6257012703125 0.5698138515625 0.6257012703125 0.5151155265625
3 0.3302944734375 0.52684175 0.36186424375000004 0.5254839109375 0.3625431640625 0.405541415625 0.3628826234375 0.220422621875 0.2579895171875 0.220422621875 0.2579895171875 0.38426859687500003 0.2576500578125 0.53860969375 0.3302944734375 0.5395149203125 0.3302944734375 0.52684175
3 0.3161251015625 0.527688428125 0.3147309453125 0.512585059375 0.3093285859375 0.4979464109375 0.3016607234375 0.48679315624999997 0.2913788140625 0.47842821406249997 0.27987701875000004 0.47680169687499996 0.2770887046875 0.47680169687499996 0.27674016562500003 0.5269913500000001 0.2583188515625 0.5275231 0.2583188515625 0.6855009187500001 0.3550314203125 0.6855009187500001 0.3550314203125 0.7357412140624999 0.41657578125 0.7346247625 0.41657578125 0.676011084375 0.4910988859375 0.6776857609375 0.49319223125 0.6988983296875 0.503240290625 0.7162033203125 0.5183123796875 0.7251349281249999 0.5350591453125 0.7268096046875 0.5358964828125 0.6743364078125 0.5527037046875 0.675452859375 0.5535410421875 0.6704288296875001 0.56233309375 0.6704288296875001 0.6268081390625 0.669870603125 0.6268081390625 0.5699482390624999 0.5627517640625 0.5721811406249999 0.5614957546875 0.24506099531249997 0.5702878078125 0.2445027703125 0.5681944624999999 0.156861365625 0.343369140625 0.1585360421875 0.34253180156249996 0.21938262343749998 0.343369140625 0.24338631875 0.3513238546875 0.24394454531249998 0.3520246453125 0.453565746875 0.35324453125 0.500502365625 0.321527459375 0.499572928125 0.321353190625 0.5279207859375 0.3161251015625 0.527688428125