3 0.9161549499999999 0.7958312609375 0.9161549499999999 0.7163303015625 0.9151795421875001 0.55798789375 0.677160378125 0.557674825 0.5627965781250001 0.55826370625 0.5616028296875 0.6578044765625 0.5616028296875 0.7958312609375 0.9161549499999999 0.7958312609375
0 0.5957412703125 0.584285059375 0.6264658640625 0.562996875 0.6259781796875 0.557674825 0.576233590625 0.557872546875 0.5776966625 0.5686319796875 0.5820858984374999 0.57583240625 0.5957412703125 0.584285059375
5 0.8162234328125001 0.7967499515625 0.8168570374999999 0.7845484265625 0.7357573875 0.7845484265625 0.6562417375 0.78468119375 0.65560815625 0.7971566703125 0.727520709375 0.7969533156249999 0.8162234328125001 0.7967499515625
3 0.8112193 0.5106645000000001 0.9155756328125 0.5101790703125 0.9151975359375 0.441517034375 0.9151975359375 0.3456840234375 0.9159537312499999 0.275322990625 0.754503896875 0.27556570625 0.754503896875 0.27775012656250003 0.6291628515625 0.27724255000000003 0.6285957078125 0.40706465625000005 0.6285957078125 0.5106645000000001 0.8112193 0.5106645000000001
5 0.8894865421875 0.2869732359375 0.8894865421875 0.2748375625 0.8433580265625 0.2748375625 0.7827670671875 0.27481645 0.7824835015625 0.2872159546875 0.826721503125 0.2869732359375 0.8894865421875 0.2869732359375
0 0.67548043125 0.32675237031250004 0.6868235109375 0.32019910937499996 0.6369139546875 0.2888890703125 0.6282175953125 0.2884632609375 0.6289738046875 0.3352473421875 0.6471227296875 0.33403377500000003 0.6652716546875 0.330393071875 0.67548043125 0.32675237031250004
0 0.6260168546875 0.2552464578125 0.6146001234375 0.24791778125000002 0.571700925 0.2761220828125 0.5726523234374999 0.2833656171875 0.638471453125 0.28300659375000004 0.6367416484375 0.2710142109375 0.6315522296875 0.261686809375 0.6260168546875 0.2552464578125
5 0.71700464375 0.053259209375000005 0.71700464375 0.040378509374999996 0.657499321875 0.0406005875 0.6111405109375 0.040568010937499996 0.61010264375 0.053259209375000005 0.647120484375 0.053259209375000005 0.71700464375 0.053259209375000005
3 0.25223897968750003 0.2882829046875 0.25223897968750003 0.289913509375 0.26646395312500004 0.289913509375 0.26697197968749997 0.20742259375 0.26646395312500004 0.0411710546875 0.172477621875 0.0411710546875 0.0642663171875 0.040829081249999996 0.0642663171875 0.154952078125 0.0647743640625 0.28763066875 0.25223897968750003 0.2882829046875
5 0.24996315781249998 0.129287865625 0.268269890625 0.1290920109375 0.267659675 0.10402204687500001 0.26735454375 0.07760195625 0.24950548593750002 0.0771355671875 0.25026826562500004 0.0773852140625 0.25026826562500004 0.1032386125 0.24996315781249998 0.129287865625
3 0.4120804859375 0.7931321375 0.4120804859375 0.579151890625 0.4120804859375 0.27964246875 0.3855322578125 0.27964246875 0.35301815625 0.2601356703125 0.346237434375 0.263386803125 0.3414647359375 0.2681678828125 0.3375868875 0.2758176046875 0.3346039703125 0.2704628 0.32983123124999997 0.26491675 0.32118068593750004 0.2607094015625 0.2907796375 0.279650328125 0.2505098796875 0.279650328125 0.2505098796875 0.2813715140625 0.15237096562500002 0.281180271875 0.1505812046875 0.2731480609375 0.14431700625 0.2626296890625 0.1302971734375 0.25172883125 0.08614956875 0.281180271875 0.0653253625 0.2812842125 0.0652023 0.48059970312500006 0.065500584375 0.7929408921875 0.4120804859375 0.7931321375
0 0.1442202796875 0.26280131562500003 0.138482296875 0.2578392921875 0.130208940625 0.252184771875 0.0832375859375 0.2828135828125 0.0830886046875 0.287909815625 0.1526270796875 0.287868090625 0.1516929890625 0.2769174171875 0.1490241625 0.2698165890625 0.1442202796875 0.26280131562500003
0 0.1460610328125 0.7623974921875 0.1355497234375 0.7544864687499999 0.0871063703125 0.787302565625 0.087742225 0.7933031265625 0.1584003734375 0.7933090796875 0.1586288859375 0.781003046875 0.1542872546875 0.77148051875 0.1460610328125 0.7623974921875
5 0.337732009375 0.794188084375 0.33750348125 0.782028546875 0.26920671406249996 0.7818820468750001 0.1935541234375 0.7820142859375 0.19354443906250002 0.794334584375 0.24130228437499998 0.794188084375 0.337732009375 0.794188084375
1 0.38550429375 0.28270493750000003 0.35625455 0.258812178125 0.346504709375 0.26506980625 0.3358684109375 0.277016178125 0.3340956453125 0.2662075546875 0.32168673124999997 0.259381059375 0.2871188375 0.28099833125 0.282983315625 0.2894564765625 0.2871188375 0.28953145625 0.38550429375 0.28725593437499997 0.38550429375 0.28270493750000003