3 0.9509274296875001 0.8120259921875 0.9521144171874999 0.6628028328125 0.9521144171874999 0.44745007656249997 0.8540289937500001 0.44745007656249997 0.8528420062500001 0.45875942812500003 0.7733146421875 0.45875942812500003 0.7737102953125 0.41634935781250004 0.6969525296875 0.4162893203125 0.696124221875 0.5949768578125 0.696124221875 0.811460534375 0.9509274296875001 0.8120259921875
0 0.70875411875 0.4398846953125 0.71081046875 0.4500075375 0.7169795109375 0.4624161875 0.7626761015625 0.42649640624999996 0.7633615578125 0.4160470125 0.7060694468750001 0.41583897812500004 0.7069262578125 0.42910875156249995 0.708068671875 0.4349865421875 0.70875411875 0.4398846953125
5 0.8720089625 0.8133111671875 0.8717804828125001 0.7845753453125 0.847443275 0.7845753453125 0.786324084375 0.7842677421875 0.787241790625 0.8129846281249999 0.824712996875 0.8139642578125 0.8720089625 0.8133111671875
3 0.49109995156249997 0.60251468125 0.49141389843749994 0.8115346625000001 0.70615730625 0.8124320546874999 0.70615730625 0.605206859375 0.70615730625 0.48724799531249996 0.70615730625 0.41592945156249994 0.645878465625 0.4163781390625 0.5604834140625 0.4166596109375 0.5604834140625 0.48096626249999996 0.49109995156249997 0.4814149515625 0.49109995156249997 0.60251468125
0 0.5865414671875 0.4522737125 0.5915646999999999 0.46393978437500005 0.6386575515625 0.4284928984375 0.63802965625 0.4163781390625 0.5793205546875 0.41609898125000006 0.5821461296875 0.43253115781249996 0.582460078125 0.4406076578125 0.5865414671875 0.4522737125
5 0.6330064 0.81469944375 0.6320645578125 0.785534290625 0.5947042234375 0.785085584375 0.5459631171875 0.7844323546874999 0.545413715625 0.81469944375 0.5846577578125001 0.81469944375 0.6330064 0.81469944375
3 0.7741946171875 0.3430531421875 0.8699381546874999 0.342635953125 0.8702300515625 0.22835103124999998 0.8702300515625 0.0682208453125 0.82060686875 0.06738648281250001 0.673634684375 0.067345746875 0.6734887359374999 0.21710942812499998 0.6737806328125 0.34096724375 0.7741946171875 0.3430531421875
5 0.8138931578124999 0.0941082078125 0.8141850546875 0.0661571828125 0.776237915625 0.06574001093750001 0.7283661359375 0.0657819921875 0.7280742390625 0.0945253796875 0.7680646765625 0.09494256875 0.8138931578124999 0.0941082078125
0 0.7055978656249999 0.3167930609375 0.6947975125 0.2855046046875 0.680202459375 0.2500443546875 0.6729049328125 0.25082641875 0.6740725421875 0.328474096875 0.6874999859375001 0.3268053734375 0.696548915625 0.3234679421875 0.7055978656249999 0.3167930609375
0 0.628031459375 0.21856108125 0.6249634515625 0.22897484218750003 0.62381295 0.23829242499999997 0.6226624484375 0.245965721875 0.6232376921875 0.25242609374999997 0.672901125 0.25281688281250003 0.6732846203125 0.24349931093750002 0.6318664734375 0.2097915921875 0.628031459375 0.21856108125
5 0.6648311484375 0.0939456390625 0.6649606875 0.0665455171875 0.6490272765625 0.0665455171875 0.6289485921875 0.0664354625 0.628689515625 0.09357536718750001 0.645788778125 0.09357536718750001 0.6648311484375 0.0939456390625
5 0.5847107140625 0.093435625 0.5845811765625 0.06677605 0.5590618203125 0.0665909125 0.5301744187499999 0.0666667828125 0.52965625625 0.0936207578125 0.5558233218749999 0.093805896875 0.5847107140625 0.093435625
0 0.5979037 0.2048115765625 0.5487525484375 0.24364314375 0.549057853125 0.2541145828125 0.607672859375 0.2536782625 0.606451709375 0.2331717046875 0.6024829984375 0.21833718593749998 0.5979037 0.2048115765625
3 0.12622972500000001 0.3969439375 0.127375684375 0.3423510375 0.13654338593749998 0.3423510375 0.13768933125 0.35217775625000003 0.140363259375 0.3669178421875 0.143419140625 0.376198640625 0.18891288125 0.3418051171875 0.3516395015625 0.34125917656250004 0.4272730078125 0.34071325468749997 0.426127034375 0.0684110703125 0.20608217812500002 0.0673192078125 0.048321390625 0.0684110703125 0.0483043 0.16228176249999998 0.0483043 0.3974898578125 0.12622972500000001 0.3969439375
5 0.25379815781250004 0.0944501125 0.25403675937500003 0.0661483078125 0.200831590625 0.0658073203125 0.15365077656249998 0.0656969578125 0.1540683140625 0.09479110625 0.199877234375 0.0944501125 0.25379815781250004 0.0944501125
0 0.3446406140625 0.11004966249999999 0.35203684375 0.1253940171875 0.398322953125 0.0895905234375 0.398800121875 0.0684494171875 0.3415389609375 0.0674011578125 0.3413003765625 0.0892495375 0.3427319015625 0.0984561578125 0.3446406140625 0.11004966249999999
0 0.1215461859375 0.763421128125 0.11793908906249999 0.7538472031250001 0.06898566874999999 0.791774675 0.06898566874999999 0.810307921875 0.127472134375 0.810922525 0.1277297796875 0.79066999375 0.125153284375 0.7777820203125 0.1215461859375 0.763421128125
3 0.1354250546875 0.8110802421875001 0.4269502890625 0.8124688125 0.42727454531250003 0.5401206640625 0.42727454531250003 0.329370146875 0.25542970625 0.32983300312499997 0.11702307812499999 0.3297225375 0.117590296875 0.675813125 0.1373706578125 0.6762759828125 0.1354250546875 0.8110802421875001
0 0.14066715624999998 0.3647681796875 0.144762896875 0.3762357890625 0.19202148125000001 0.3402589625 0.19202148125000001 0.3296907703125 0.1342084875 0.329915625 0.13515365625 0.343182078125 0.1370440046875 0.3521762890625 0.14066715624999998 0.3647681796875
0 0.1435026734375 0.4696235625 0.14822852656250002 0.46512645781249995 0.1223938421875 0.40329128281250004 0.11679950937500001 0.40374075625000005 0.11688034218750001 0.477718346875 0.1282223984375 0.47681892968749995 0.13609882499999998 0.47344610468750004 0.1435026734375 0.4696235625
0 0.1609883515625 0.752953071875 0.167919609375 0.7464322671875 0.14429031875 0.6865655125 0.13776469687499998 0.6864118828125 0.137201528125 0.7585744484375 0.1468107796875 0.7581247390625 0.1550022625 0.7558761875 0.1609883515625 0.752953071875
5 0.3001121328125 0.813400084375 0.3001121328125 0.785952978125 0.271465296875 0.785952978125 0.207641515625 0.78580471875 0.20694706875 0.8130135 0.24256104375 0.8132067953125001 0.3001121328125 0.813400084375