5 0.0565747078125 0.0818612421875 0.070828815625 0.00350009375 0.055546907812500004 0.0050815203125 0.02236483125 0.14695154375 0.038044340625 0.156430709375 0.0565747078125 0.0818612421875
5 0.3454581046875 0.0041320359374999996 0.33002451875 0.010200567187499999 0.3416570484375 0.0824931890625 0.3544857515625 0.1583265484375 0.3725409421875 0.1501112765625 0.3454581046875 0.0041320359374999996
3 0 0.42628421093749996 0.16870708437499998 0.4269161578125 0.2770383515625 0.42628421093749996 0.2770383515625 0.49327036093750004 0.38822045156249996 0.49327036093750004 0.3891707546875 0.2765002046875 0.3910713078125 0.2765002046875 0.3910713078125 0.1381043265625 0.3706403859375 0.1387362734375 0.3464084078125 0.006027871875 0.054674153125 0.005395925 0.0237902328125 0.1381043265625 0 0.137607959375 0 0.42628421093749996
0 0.318848265625 0.4205311703125 0.3110777828125 0.43189959218749996 0.3033073171875 0.4491244765625 0.29890404375 0.4625598828125 0.2983860234375 0.4797847625 0.2985398078125 0.4945343453125 0.3644350453125 0.49425365781249997 0.3646940546875 0.480818259375 0.318848265625 0.4205311703125
0 0.239330428125 0.5197464828125 0.2325960109375 0.5280144328125 0.2776647578125 0.5876125125 0.28673031718750003 0.587268021875 0.28711957187500003 0.501975921875 0.27481558437500003 0.5018326125 0.2623828328125 0.5032106046875 0.2481369609375 0.5107895484375 0.239330428125 0.5197464828125
0 0.37557270468750004 0.652042503125 0.3701333671875 0.6582434593750001 0.3623629140625 0.6727123546875 0.3564055546875 0.6902817296875 0.35459243125 0.7085401015625 0.3554079265625 0.7295641500000001 0.419864396875 0.7278319718749999 0.42012340468750003 0.71060709375 0.37557270468750004 0.652042503125
5 0.503871946875 0.256262 0.432319725 0.25609381875000004 0.43212459062499997 0.279687834375 0.46476057187500003 0.279687834375 0.5043899796875 0.27899884531249997 0.503871946875 0.256262
0 0.47641627968750005 0.47571590468749997 0.4681277796875 0.48673983125 0.46217042187499996 0.5001752328125 0.4575081390625 0.514988628125 0.45699010468749995 0.5322135234375 0.457723925 0.547865646875 0.521226003125 0.54737140625 0.5214850265625001 0.535658490625 0.47641627968750005 0.47571590468749997
3 0.38032144218749997 0.479849878125 0.380062425 0.5463379203125001 0.5481636359375 0.5459934296875 0.5486816828125 0.42334512343749997 0.54894069375 0.2593642640625 0.505167021875 0.259019765625 0.505167021875 0.25557478906250003 0.43108852343750004 0.25557478906250003 0.4313475484375 0.2593642640625 0.3770830703125 0.2582642765625 0.3772132515625 0.2731459484375 0.3795443921875 0.27280145624999996 0.38032144218749997 0.479849878125
0 0.5937938078125 0.5827912656249999 0.5824593796875 0.56865836875 0.570770759375 0.56017863125 0.5551859078125 0.5545254828124999 0.5376480515625001 0.5537307124999999 0.5388926703125 0.6440338 0.548810290625 0.6430916296875 0.5937938078125 0.5827912656249999
0 0.4946175359375 0.5973952640625 0.4839915140625 0.61812350625 0.4772616828125 0.6350829796874999 0.475136490625 0.6548690406250001 0.47454245781250004 0.6716058375 0.540309478125 0.6722995968750001 0.540309478125 0.65910890625 0.4946175359375 0.5973952640625
5 0.9876647078125 0.18958303125 0.8907943062499999 0.2581794828125 0.8991832609375001 0.278476328125 0.9451328546875001 0.246656571875 0.9963989234374999 0.20675560312500002 0.9876647078125 0.18958303125
5 0.9975381828125001 0.3991893703125 0.9967786640625 0.23301953281249999 0.9806622671874999 0.2322676171875 0.9808292328125001 0.300194571875 0.981208971875 0.4007046140625 0.9975381828125001 0.3991893703125
5 0.9831077109375 0.42394593125 0.902753921875 0.5013873531249999 0.9143732140624999 0.5178899859375 0.95538606875 0.480009303125 0.9956394453125 0.44061341875000004 0.9831077109375 0.42394593125
3 0.7140354421875 0.7281401015625 0.9163333703125 0.7261856718749999 0.9158435562499999 0.51639879375 0.9971546 0.440827028125 0.9951952921875 0.1913099484375 0.9824598171875 0.1919614328125 0.8928217796875 0.25776097187499997 0.7248115828125 0.25841245156250003 0.539006025 0.25854885625 0.5376982406249999 0.531392953125 0.5376982406249999 0.7294430671875001 0.7140354421875 0.7281401015625
1 0.23139610625 0.3865139140625 0.2268264484375 0.40171882031250006 0.21471685312500002 0.3697885171875 0.19072614375000002 0.40080652812500006 0.1818153046875 0.41449094531249997 0.1828434796875 0.42639174999999996 0.272523040625 0.4260466703125 0.272523040625 0.41479504218749996 0.2398499859375 0.3697885171875 0.23139610625 0.3865139140625