3 0.600485165625 0.8775699187500001 0.600485165625 0.7395571390625 0.6130155562499999 0.7376287234375 0.625044740625 0.7337718953125 0.63757513125 0.72760096875 0.6470982359375 0.718730259375 0.6531128093749999 0.7048456843750001 0.6531128093749999 0.6975177046875001 0.5989815421875 0.6975177046875001 0.600485165625 0.65243393125 0.4051075578125 0.651276878125 0.4051075578125 0.6393207171874999 0.294589490625 0.6395749859375 0.2937411796875 0.7291436984375 0.29424240625000003 0.8775699187500001 0.600485165625 0.8775699187500001
0 0.3609040859375 0.68984516875 0.37343449687499997 0.679046053125 0.3829575625 0.660533265625 0.385463640625 0.6397063937499999 0.32105743593749997 0.6400568843750001 0.322811703125 0.697558825 0.3433615375 0.6952447187499999 0.3609040859375 0.68984516875
0 0.6370739234375 0.730341865625 0.6491031078125 0.7183856890625 0.6541152625 0.7068152046875 0.6556188875 0.6964017796874999 0.5722917843750001 0.694993253125 0.5739207578125 0.7411409828125 0.60299124375 0.7403696140625 0.6215362453125 0.7357414171875 0.6370739234375 0.730341865625
5 0.6009863734375 0.8317147765625 0.6014876203124999 0.7700466375 0.6014876203124999 0.737263596875 0.5710387453125 0.7374002734375 0.5714146796875 0.780804640625 0.5729183046874999 0.8321004546875 0.6009863734375 0.8317147765625
3 0.5737984421875 0.6962779703125 0.70755931875 0.6959103765625 0.7070816078125 0.54892873125 0.6499345421875 0.549663921875 0.6508899625 0.5551779390625 0.5954747499999999 0.555545546875 0.5954747499999999 0.5184178328125 0.3864733796875 0.5172697328125 0.386538125 0.666502290625 0.5737984421875 0.6657670859375 0.5737984421875 0.6962779703125
0 0.45652275 0.6159648859375 0.4469745703125 0.6060919703125001 0.432353903125 0.598055884375 0.4156445765625 0.5934638343749999 0.403410965625 0.591856615625 0.3861048640625 0.591167809375 0.387000015625 0.6380067265625 0.46219199062499994 0.63754751875 0.46219199062499994 0.62698580625 0.45652275 0.6159648859375
5 0.70913371875 0.6784681421875 0.7083515328125001 0.63061910625 0.7079604546875 0.566218503125 0.678140271875 0.566348246875 0.6794113140625 0.6158731703125 0.6798023921875 0.678167209375 0.70913371875 0.6784681421875
5 0.6739361265625 0.697996990625 0.673153940625 0.676028565625 0.639520690625 0.6757276328125 0.597967978125 0.675391528125 0.5984568328125001 0.69709418125 0.631307925 0.6973951140625 0.6739361265625 0.697996990625
0 0.3650792515625 0.5387153828125 0.3537180625 0.528099646875 0.33586477812500004 0.5193572843750001 0.3208518078125 0.5168594671875 0.2947819515625 0.51620385625 0.29528914687499996 0.5649424859375001 0.3707598140625 0.5643180296875 0.3699483140625 0.5512044781250001 0.3650792515625 0.5387153828125
0 0.5270774406250001 0.49243449687499996 0.5161220328125 0.48431658437499997 0.4986744984375 0.478384265625 0.4828499953125 0.476198678125 0.47189458906250004 0.474637540625 0.4580988671875 0.47446125468749994 0.4589103984375 0.5167882296874999 0.5335695359375 0.5158515484375 0.532758034375 0.5027380031249999 0.5270774406250001 0.49243449687499996
3 0.59327125625 0.43129631562500004 0.5940102421875 0.4494925828125 0.6760358765625 0.44892394687500004 0.6764053546875 0.3932130328125 0.7070726125 0.3934973515625 0.7070726125 0.3557135359375 0.7078115703125001 0.24999318593750003 0.6713827046875 0.2497088734375 0.6706436890624999 0.244022540625 0.6665793609375 0.23520872656249997 0.65660328125 0.2255419546875 0.6451492546875001 0.21758108437499998 0.6300003796875 0.21246338593749997 0.6118956140625 0.21189475 0.6126345734374999 0.250277509375 0.599702603125 0.24999318593750003 0.60007208125 0.17637031718750001 0.4209356578125 0.17637031718750001 0.42056617812499997 0.1706839828125 0.29521841875 0.1698778359375 0.295266828125 0.37871288125 0.295266828125 0.43243358125000003 0.59327125625 0.43129631562500004
5 0.5729222 0.24766306249999998 0.6003710765625 0.24766306249999998 0.6009550859375 0.218676809375 0.6009550859375 0.1921622515625 0.5720461640625001 0.19237315625 0.5723381671875 0.19328574999999998 0.5726301953124999 0.2159804109375 0.5729222 0.24766306249999998
0 0.6520567078124999 0.2224967046875 0.639792328125 0.2162051171875 0.626359884375 0.21148641875 0.6129274609375 0.211037021875 0.6100073687500001 0.2681769390625 0.6727893625 0.2685601234375 0.6719133484375 0.24766306249999998 0.6663651671874999 0.23597868125 0.6520567078124999 0.2224967046875
5 0.6803815984375 0.3694023390625 0.707538471875 0.3694023390625 0.70812248125 0.32851899375000004 0.70812248125 0.27661337812500003 0.6797245828125 0.2768803359375 0.6803815984375 0.2777248984375 0.6800895953125 0.31502503593750003 0.6803815984375 0.3694023390625
0 0.3518897859375 0.382562465625 0.3399232734375 0.3937849046875 0.334313978125 0.4029930640625 0.3324442140625 0.4107624421875 0.33207026562499997 0.4176685640625 0.33010700625 0.431160646875 0.3885371640625 0.430617528125 0.38891111093749997 0.3730665546875 0.36909161875 0.37392981875000003 0.3518897859375 0.382562465625
3 0.4475999671875 0.1887076984375 0.45171344375 0.20453421718749998 0.458070634375 0.21546890156249998 0.47115898906250003 0.2261158328125 0.487986875 0.23244644375 0.506684525 0.2344607296875 0.506310578125 0.18928320468749998 0.59942488125 0.18726892343749998 0.599798828125 0.098095584375 0.599798828125 0.017554889062500002 0.4954877171875 0.017267134375 0.3946139 0.0169702984375 0.3944986375 0.11996495625 0.3944986375 0.18928320468749998 0.4475999671875 0.1887076984375
5 0.601294646875 0.17778835312500002 0.6005467515625 0.12285783749999998 0.6009207 0.082875253125 0.5726872359375 0.08312570312499999 0.5721263015625 0.10760683124999999 0.572874225 0.178076103125 0.601294646875 0.17778835312500002
0 0.44946973281249997 0.20080874375 0.4547050796875 0.2108801640625 0.4633059828125 0.2203760734375 0.481629684375 0.23015974374999998 0.5078063953124999 0.2344760671875 0.5078063953124999 0.176925090625 0.44460833125 0.1766061625 0.44647809687500006 0.1887230359375 0.44722602031249997 0.1936148703125 0.44946973281249997 0.20080874375