3 0.5996238093749999 0.8774089125 0.5999983421875 0.7392758500000001 0.6076763796875 0.7384112359375 0.614230803125 0.737258409375 0.6205979609375001 0.7352563359375 0.62808873125 0.7322301765625 0.635392234375 0.7286276078125 0.6413848468750001 0.7241604265625 0.64868835 0.716955290625 0.6514973890625 0.709037321875 0.652433734375 0.69837371875 0.5996238093749999 0.698661925 0.5998110765625 0.696644490625 0.6728460859375 0.697220896875 0.6724715546875 0.677198303125 0.5995318546874999 0.677198303125 0.599719121875 0.6528449421875 0.40422070000000004 0.6531331453125 0.4045952328125 0.6405962109375001 0.2956045296875 0.6403080046875 0.2952986234375 0.8056688 0.2952986234375 0.8769766000000001 0.5996238093749999 0.8774089125
0 0.3497939734375 0.693049603125 0.3617792109375 0.6869972875 0.3728280984375 0.6773424046875001 0.378820709375 0.668408034375 0.383502440625 0.6548623796874999 0.3836897078125 0.6407403140625 0.32399763125000003 0.6402994640624999 0.32376354375 0.6963639640625 0.3361233125 0.6962198578125001 0.3497939734375 0.693049603125
0 0.611738334375 0.73764535 0.6293785671875 0.7315217078125 0.636540771875 0.7275576609375001 0.6431724421875 0.7221484453125 0.6498041109375 0.7145959515625 0.6524567890624999 0.7058187328125001 0.6523241468750001 0.6977559390625 0.5736725453125 0.697950528125 0.5736725453125 0.7394824437499999 0.5995360562500001 0.739278321875 0.611738334375 0.73764535
5 0.5996989890625 0.8302801765625001 0.5998013281250001 0.7781471296875 0.5996686875 0.739885246875 0.5730093796875 0.739777571875 0.57349348125 0.7866691328125001 0.5737022921875 0.8299588234374999 0.5996989890625 0.8302801765625001
3 0.5737130296874999 0.6659486671875 0.5739092140625 0.6961404015625 0.70672236875 0.6967442390625 0.7073109125 0.5487100859375 0.6496342921875 0.5485591234375 0.6496342921875 0.555654184375 0.595877525 0.555050346875 0.5956813484375 0.5183673859375 0.47681298437499997 0.5180654703124999 0.3867668328125 0.5181711078125 0.38712447031249997 0.58597274375 0.3869282953125 0.666099621875 0.5737130296874999 0.6659486671875
0 0.45382532031249995 0.613582090625 0.4461743375 0.6051284031249999 0.43518831875 0.6001467671875 0.42243668437500004 0.595207178125 0.4102735953125 0.5930937546874999 0.4030149640625 0.5924899203125 0.387075421875 0.5921093265625 0.387320646875 0.637735484375 0.461476303125 0.6380373968749999 0.46010304062499996 0.6246020734375 0.45382532031249995 0.613582090625
5 0.6805771 0.6770877640624999 0.7071474265625 0.677186059375 0.7071474265625 0.6481989953125 0.7072751671875 0.604865846875 0.7071474265625 0.5683099328125001 0.6805771 0.5681831734375 0.6808325890625 0.5970073453125 0.6804493593750001 0.6364086234374999 0.6805771 0.6770877640624999
5 0.672178071875 0.6973039921875 0.6724335515625001 0.6769565640625 0.6384541984375 0.6769565640625 0.60105774375 0.676877590625 0.6011535515624999 0.6973039921875 0.6355161296875 0.6973039921875 0.672178071875 0.6973039921875
0 0.3635570328125 0.5388381718749999 0.35261969843749996 0.5282337312500001 0.33818241875 0.52111663125 0.328995046875 0.5187600890625 0.3193701875 0.5174134953125 0.29590960625 0.5163674671875 0.29530805 0.5634135421875001 0.36990069062500003 0.563581865625 0.36924444375 0.55146250625 0.3635570328125 0.5388381718749999
0 0.5281475921875 0.49699630937499994 0.520909775 0.4892973515625 0.508988671875 0.48225361875 0.49451303593749996 0.47848604375 0.4825919328125 0.4768479671875 0.4710965765625 0.47602892812500003 0.45906902812499994 0.475494615625 0.458749709375 0.51534276875 0.532618003125 0.515834190625 0.532830878125 0.5061695390625001 0.5281475921875 0.49699630937499994
3 0.40384265625 0.43094845 0.5888680484375 0.43094845 0.6753071640625 0.42992199218750005 0.6755739468749999 0.3931967 0.7075884328125001 0.3934019890625 0.7070548453125001 0.24996888906249998 0.6715721359375 0.24976359375 0.6670367374999999 0.23785668750000002 0.6614342062499999 0.22861857031250002 0.649161990625 0.2197910375 0.632845684375 0.21281112812499997 0.6125698265625 0.21198995781250002 0.6133701968749999 0.2495583046875 0.59976404375 0.2495583046875 0.600030828125 0.17567525 0.4198566296875 0.17608583125 0.42039021718749997 0.1699270859375 0.2955337140625 0.1701140828125 0.2953280875 0.2930472734375 0.2953280875 0.43074315781249994 0.40384265625 0.43094845
5 0.6000079125 0.24721909062499997 0.6000079125 0.22015544999999997 0.5998346015625 0.192558396875 0.5727998046875 0.19264688125 0.573319709375 0.216947859375 0.573319709375 0.247485796875 0.6000079125 0.24721909062499997
0 0.6535819484375 0.2221631859375 0.6381778765624999 0.2136682828125 0.6232872671874999 0.21070494375 0.61147748125 0.2101122765625 0.6104505390625 0.2683639703125 0.6728370390625 0.2683912625 0.671810096875 0.24745033906249997 0.665135003125 0.23144831406250002 0.6535819484375 0.2221631859375
5 0.70826639375 0.37020246874999996 0.70852314375 0.3306912921875 0.7080096625000001 0.2773722625 0.6784851921875 0.27749703281250004 0.6795121328125 0.31923305156250004 0.6800255953125001 0.37020246874999996 0.70826639375 0.37020246874999996
0 0.353177859375 0.3818184578125 0.3435979890625 0.39017300625 0.33678564375 0.39869136875 0.33359235468750004 0.40688210312499995 0.33167637656250004 0.415728096875 0.330611946875 0.421789234375 0.3302926140625 0.43089446875000004 0.388091165625 0.430471415625 0.388091165625 0.37313628125 0.366802565625 0.37510205625 0.353177859375 0.3818184578125
3 0.39576639375 0.189914990625 0.44781467968750005 0.189587359375 0.44781467968750005 0.1933550984375 0.4493048828125 0.2008905703125 0.45505280625 0.21071945312499998 0.462290925 0.21825492500000002 0.47229656875000003 0.22579040312499998 0.48741147187499995 0.231687728125 0.5067841015625 0.23447257812500003 0.5072098671874999 0.189768640625 0.5991766265625 0.1887857484375 0.5998152734375 0.11050853593750001 0.599389509375 0.0178243625 0.49890003437499997 0.0178243625 0.394690628125 0.017848184375 0.3947019640625 0.12115648906250001 0.394063315625 0.189768640625 0.39576639375 0.189914990625
0 0.44962655625 0.1997351390625 0.45239406562499995 0.20596009375 0.45516158906250004 0.2120212375 0.46325126406250006 0.219392896875 0.47261823437499995 0.2262731140625 0.48815891875000006 0.23217044062499997 0.5068928921875 0.234627659375 0.507105775 0.175999475 0.44579460312499997 0.1756572453125 0.4472848140625 0.18990625625 0.448775009375 0.195312140625 0.44962655625 0.1997351390625
5 0.5999840953125 0.1764820828125 0.6001527578125 0.13858695625 0.6001527578125 0.08384146249999999 0.5728309171875 0.0837034390625 0.57333688125 0.121845615625 0.5735055328125 0.1764820828125 0.5999840953125 0.1764820828125