5 0.23970891249999998 0.46830317031249996 0.2399235 0.43305616406249997 0.2399235 0.40443680156250006 0.2270474625 0.40436148593750004 0.22726206875 0.4047380578125 0.226832875 0.46830317031249996 0.23970891249999998 0.46830317031249996
5 0.2394943046875 0.5406047203125001 0.23970891249999998 0.5092740578125 0.2267255609375 0.5094246765625 0.2270474625 0.5740441875 0.24013810625 0.5737429359374999 0.2394943046875 0.5406047203125001
0 0.360690009375 0.39148277187499997 0.3669134203125 0.3966041359375 0.37442444531249996 0.3999179546875 0.3806478671875 0.40021921406249994 0.3807551609375 0.35985084375 0.351247578125 0.3592483328125 0.3516767828125 0.370394825 0.354681184375 0.3821438265625 0.360690009375 0.39148277187499997
0 0.4053269359375 0.46830317031249996 0.410048146875 0.45806045468749995 0.41262335468750005 0.44721522187499996 0.4128379609375 0.43757501093749995 0.38397417031250003 0.4371231265625 0.38429607187500003 0.4788471515625 0.3915924984375 0.47854589843750006 0.3997473171875 0.4740270515625 0.4053269359375 0.46830317031249996
5 0.5242156875 0.4194996234375 0.5242156875 0.3728048734375 0.510803140625 0.373407384375 0.51133965 0.39479659843750003 0.51133965 0.4198008890625 0.5242156875 0.4194996234375
5 0.5242156875 0.552956240625 0.5240010796875 0.47794338124999997 0.5114469421875001 0.4786965171875 0.51133965 0.5134916390625001 0.51133965 0.552956240625 0.5242156875 0.552956240625
3 0.44824706406250003 0.634898003125 0.523571884375 0.6339942328125 0.523571884375 0.5562700671874999 0.523357278125 0.47914840312500007 0.5237864921875001 0.4384787796875 0.4606939078125 0.4378762703125 0.3752828453125 0.43757501093749995 0.37571205 0.504152690625 0.3763558515625 0.634295484375 0.44824706406250003 0.634898003125
3 0.306983684375 0.63517074375 0.3806795015625 0.6344787453125 0.38092596093750003 0.4455623828125 0.3806795015625 0.3369181609375 0.3032865703125 0.3379561625 0.227126025 0.33752366093749997 0.227126025 0.4832764515625 0.227126025 0.634824746875 0.306983684375 0.63517074375
5 0.9827241250000001 0.4195996953125 0.982446221875 0.3723922890625 0.9689670984375001 0.37268489531250004 0.969383978125 0.3934600546875 0.969106075 0.4199898421875 0.9827241250000001 0.4195996953125
0 0.8778412734375 0.47861259218749996 0.8847930234374999 0.47210667656250005 0.889671446875 0.4642311015625 0.892110653125 0.45601310625 0.8927204515625 0.44488456875000004 0.865462278125 0.44462775781249997 0.8656452187499999 0.48220796562499996 0.8717432515624999 0.48100950937500003 0.8778412734375 0.47861259218749996
0 0.843814290625 0.5131966515624999 0.8485707515625001 0.517819271875 0.8544248546875 0.5219282703125 0.8613766046875 0.5231267328125 0.86357189375 0.5229555203125 0.8639377749999999 0.482036759375 0.8356429328124999 0.48160873281249994 0.8355209734375 0.490425959375 0.8371064593750001 0.49984240937499996 0.84052135625 0.50720436875 0.843814290625 0.5131966515624999
0 0.813324159375 0.40533547031249995 0.81051906875 0.40927325937500003 0.8078359359375 0.4147519234375 0.806128490625 0.42023058437499994 0.8051528078124999 0.42793495468750004 0.8049088843750001 0.4347832859375 0.833813525 0.4346120765625 0.8335391140624999 0.3963470375 0.8285692250000001 0.39660385 0.8227151203125 0.397288684375 0.81808061875 0.40054164062500003 0.813324159375 0.40533547031249995
5 0.98245276875 0.552888596875 0.98245276875 0.4781424828125 0.969400359375 0.47828790000000004 0.969814734375 0.51013498125 0.969814734375 0.553179446875 0.98245276875 0.552888596875
3 0.865809815625 0.634324059375 0.9173979093750001 0.634324059375 0.9820384125 0.6349057375 0.9820384125 0.4374247546875 0.969814734375 0.438006434375 0.9159476359375001 0.4385881140625 0.865602628125 0.437933721875 0.8653954515625 0.4889035953125 0.865809815625 0.6075666953125001 0.865809815625 0.634324059375
5 0.6984913859375 0.4496649875 0.6984913859375 0.41963437968750006 0.6852240078125 0.41963437968750006 0.6855325515625 0.4837381703125 0.6982856921875 0.484026934375 0.6984913859375 0.4496649875
5 0.6984913859375 0.5553496140624999 0.6984913859375 0.524741496875 0.6855325515625 0.524885871875 0.685326859375 0.5891340453125 0.6984913859375 0.5891340453125 0.6984913859375 0.5553496140624999
3 0.8110069734375 0.6344687015625 0.8110069734375 0.49095707343750006 0.8116240609375 0.44446738437500005 0.83342781875 0.4438898671875 0.833222115625 0.3379164875 0.6858410953125 0.336905840625 0.6855325515625 0.505972371875 0.6857382546874999 0.6344687015625 0.8110069734375 0.6344687015625