5 0.093333915625 0.7326423703125 0.0947588609375 0.6764861734375 0.093808890625 0.6235948812500001 0.0695848234375 0.6235948812500001 0.0695848234375 0.714358940625 0.07100976875000001 0.8253653671875 0.09285892031250001 0.8260183375000001 0.093333915625 0.7326423703125
0 0.6282852437499999 0.7674963499999999 0.62741564375 0.7443837796875 0.622777775 0.7439852921875 0.621908175 0.691384296875 0.6146615359375 0.691782784375 0.59697968125 0.6993541421875 0.5882836921875 0.7109104187499999 0.5804573015625001 0.7256546484374999 0.57581943125 0.7439852921875 0.5714714359374999 0.74557925625 0.5716888359375 0.754545334375 0.5714714359374999 0.755541578125 0.5711815875 0.7674963499999999 0.6282852437499999 0.7674963499999999
0 0.512628584375 0.6096933546875001 0.5221941718750001 0.6180616953125 0.532629359375 0.6236405859375 0.5436442703125001 0.6236405859375 0.5445138703125 0.573829040625 0.548572015625 0.5734305453124999 0.5488618640625 0.5634682375 0.49378726874999995 0.56267125 0.49320753125000005 0.5620735125 0.4929176703125 0.5730320578125 0.49871499999999996 0.5722350671875 0.5033528578124999 0.5961446109375 0.512628584375 0.6096933546875001
0 0.6414648625 0.5604637484375 0.64098871875 0.553918196875 0.6624145265625 0.5467180671875 0.6738416234375 0.5270813828125 0.678602928125 0.5041719203125 0.678602928125 0.4858443421875 0.6414648625 0.4871534640625 0.6405125765624999 0.4812624578125 0.633370640625 0.4819170046875 0.633370640625 0.4845352328125 0.633846784375 0.5604637484375 0.6414648625 0.5604637484375
0 0.347693221875 0.49566268437499994 0.33721839062500003 0.5192267078125 0.33531388125 0.544099853125 0.3743564546875 0.5460635218750001 0.3738803328125 0.55129998125 0.38102226875 0.55129998125 0.381498390625 0.47406232968750006 0.38090322187500003 0.4730804953125 0.3748325765625 0.47340778281249996 0.3748325765625 0.4799533359375 0.360072584375 0.4858443421875 0.347693221875 0.49566268437499994
5 0.9303073265625 0.3833067609375 0.9313954046875 0.32845961875 0.9324834828125 0.2746096890625 0.9324834828125 0.228737528125 0.9081830468750001 0.227241696875 0.9070949687500001 0.227241696875 0.90636959375 0.3015346578125 0.9049188109375 0.363362340625 0.904556140625 0.38280814687500003 0.9303073265625 0.3833067609375
5 0.92813116875 0.6779855296874999 0.92813116875 0.6101744984375 0.9303073265625 0.5533329109375 0.9303073265625 0.5274051765625 0.9303073265625 0.5264079484375 0.9194265390625 0.5239149000000001 0.9073669875 0.5237902437499999 0.9078203765625 0.5957148109375 0.9070949687500001 0.6580410984375 0.9067322984375 0.6779855296874999 0.92813116875 0.6779855296874999
5 0.09191077343750001 0.41449356249999997 0.0936148109375 0.3699841953125 0.08339066875 0.369398540625 0.070184471875 0.3696913625 0.070184471875 0.41332228125 0.070184471875 0.48008634531250005 0.0923367921875 0.4806719859375 0.09191077343750001 0.41449356249999997
5 0.46577878437500003 0.12553665625 0.447384125 0.1250205828125 0.43049108125 0.1245044859375 0.41960444687500004 0.1245044859375 0.41350417500000003 0.1252786078125 0.41322262500000007 0.15495325937499999 0.44062690781249997 0.1554693328125 0.465403371875 0.1554693328125 0.46577878437500003 0.12553665625
5 0.59326881875 0.1242849671875 0.576606996875 0.1247091515625 0.5621050515625 0.1247091515625 0.5485287624999999 0.1251333359375 0.54166345625 0.1258756453125 0.5423576984375 0.1556743515625 0.5596366421875001 0.1556743515625 0.5935773796875 0.15609852500000002 0.59326881875 0.1242849671875
0 0.47462506250000003 0.4101732359375 0.474306459375 0.40404145468749997 0.505847240625 0.4053554109375 0.507121625 0.3952817421875 0.5001125531249999 0.37513441406250003 0.48832457500000004 0.3554250765625 0.474306459375 0.35016925312499997 0.47398785468750004 0.34097156093750003 0.46753633125 0.3408620625 0.467615990625 0.34097156093750003 0.46729738593750003 0.4101732359375 0.47462506250000003 0.4101732359375
0 0.49246630312499995 0.3584909765625 0.501068334375 0.3690026234375 0.51094475 0.3755724046875 0.525918646875 0.3764483703125 0.52719303125 0.3260800578125 0.5310161578125 0.3269560359375 0.531653334375 0.3160063984375 0.47462506250000003 0.31469244375 0.4749436359375 0.31513043125 0.474306459375 0.32476610156249996 0.47908536562500004 0.3243281234375 0.48354566875 0.3422855171875 0.49246630312499995 0.3584909765625
0 0.5533177 0.35980493281250003 0.5641498984375 0.3716305359375 0.576575053125 0.3764483703125 0.5870886484375 0.376886359375 0.5877258249999999 0.32564207968750003 0.5912303765625 0.326518046875 0.59154895 0.3155684109375 0.54248553125 0.31513043125 0.535476459375 0.31469244375 0.5357950625 0.3243281234375 0.54089254375 0.32476610156249996 0.5437598875 0.34140955 0.5533177 0.35980493281250003
0 0.6409971546875 0.4265415578125 0.6422323750000001 0.40743793124999994 0.637600334375 0.390456934375 0.628645065625 0.37644760625 0.6172193578125 0.37050425 0.605176053125 0.3645609015625 0.6045584578125001 0.356494921875 0.5980736015625 0.356494921875 0.5976875781250001 0.356813315625 0.5977647890625 0.434183009375 0.6042496453124999 0.435032065625 0.6042496453124999 0.426117040625 0.6409971546875 0.4265415578125
3 0.9282559703125 0.2302828984375 0.9257834859375 0.2302828984375 0.9251653515625 0.1300121140625 0.7558015625000001 0.1300121140625 0.6161072921875 0.1308618640625 0.597409259375 0.13171161250000002 0.596945671875 0.4699130625 0.8151407125000001 0.46821354375 0.9245472734375 0.4690633234375 0.9282559703125 0.2302828984375
3 0.9247065984375 0.760047559375 0.928078415625 0.570772053125 0.926954459375 0.5282816265625 0.925830503125 0.458751846875 0.8904269703125 0.458751846875 0.7268963609375 0.4579792953125 0.65889913125 0.458751846875 0.6333298796875 0.45696516249999997 0.6341728203125 0.7397196015625 0.629115171875 0.7389470593749999 0.6279912671875 0.75980599375 0.9247065984375 0.760047559375
3 0.38374994375 0.2861282203125 0.25634940156249997 0.2885939890625 0.1554905984375 0.2885939890625 0.10152232812499999 0.28981024375 0.07542288281250001 0.28977703906249996 0.074980546875 0.573168665625 0.382865190625 0.5719523828125 0.384634615625 0.316535046875 0.38374994375 0.2861282203125
3 0.570966978125 0.7411267703125 0.5642437671875 0.7411267703125 0.56289915 0.5645916765625 0.49028869375 0.56274314375 0.25901090312499997 0.5636674078125 0.1279086921875 0.5636674078125 0.0747954984375 0.5636674078125 0.07546780625 0.9204346828125001 0.3322937 0.9195104296875 0.568950021875 0.9195104296875 0.570966978125 0.7411267703125