5 0.2943221546875 0.191173109375 0.1642688171875 0.190718071875 0.16439292656249999 0.21739591875 0.22568843749999998 0.21739591875 0.29389050625 0.218005753125 0.2943221546875 0.191173109375
5 0.4087116734375 0.3271689828125 0.408280025 0.275638109375 0.3872176078125 0.275794640625 0.387992046875 0.2978970046875 0.3875604 0.32838864375 0.4087116734375 0.3271689828125
0 0.2559045328125 0.388158575 0.24036482499999998 0.3905979046875 0.215760296875 0.398830646875 0.198062278125 0.41133222187499996 0.1855441765625 0.42749278906250004 0.179932634375 0.44883694218750003 0.18058214374999998 0.4648841765625 0.2731708796875 0.464387665625 0.2723075359375 0.388158575 0.2559045328125 0.388158575
0 0.4946117140625 0.5092135453125 0.48252528437500003 0.492748053125 0.46957551249999996 0.481466146875 0.4518775171875 0.4726235703125 0.43461117031249996 0.4674399921875 0.41389154531249994 0.464390828125 0.3860523703125 0.46515861718749996 0.387992046875 0.5314724328125 0.49633835312499996 0.5296429296875 0.4946117140625 0.5092135453125
0 0.195903990625 0.6589369671875 0.21273866562500002 0.6708287 0.2360482265625 0.6781466984375 0.2580628203125 0.6808909453124999 0.2818040296875 0.6805860203125 0.2827346375 0.6152775953125 0.1730260765625 0.6162486703125001 0.1756160359375 0.6308846578125 0.18165925 0.6446058953125 0.195903990625 0.6589369671875
0 0.4454026546875 0.6760122859375 0.46957551249999996 0.6632057921875 0.48511522031250004 0.6488747203125 0.4937484171875 0.6324092359375 0.4959067046875 0.615029 0.3876060203125 0.6163753578125 0.38885539062499996 0.6815007796875 0.42209309375000004 0.6808909453124999 0.4454026546875 0.6760122859375
0 0.3599342640625 0.7052905703125 0.33921463749999997 0.7092544859375 0.3184950109375 0.719621640625 0.3020920078125 0.7318183 0.2930271625 0.7458444531249999 0.289573884375 0.7613951859375 0.2893376515625 0.7782952796875 0.38022219375 0.7778606703125 0.3797905453125 0.7043758265625 0.3599342640625 0.7052905703125
5 0.9543697453125001 0.6933708953125 0.9537353812499999 0.6059885 0.9138447812500001 0.6069799437500001 0.9144038546875001 0.6476631859374999 0.9144038546875001 0.6947152562500001 0.9543697453125001 0.6933708953125
3 0.6657272078124999 0.7803051984375 0.9531010171875 0.7803051984375 0.952466584375 0.5311533140625 0.64479268125 0.5311533140625 0.3869747046875 0.5315578671875001 0.386539415625 0.679479340625 0.3871737796875 0.7807533015625 0.6657272078124999 0.7803051984375
5 0.9531971421875 0.45666339218749996 0.952145046875 0.31063250781249996 0.914438646875 0.3110081796875 0.9142707796874999 0.377145296875 0.91479685625 0.458149715625 0.9531971421875 0.45666339218749996
3 0.654799803125 0.5459987890625 0.9511819031250001 0.543429978125 0.951788053125 0.191061453125 0.66692174375 0.1906333140625 0.3877206953125 0.1903356109375 0.3881164359375 0.385041403125 0.3881164359375 0.54388053125 0.654799803125 0.5459987890625
3 0.304265515625 0.4642685578125 0.303808925 0.3991235125 0.4083591796875 0.398156009375 0.40790263906249996 0.2172267046875 0.40698955937500003 0.1907816875 0.04403124375 0.1901366859375 0.04403124375 0.31301595312499997 0.0449443359375 0.4642685578125 0.304265515625 0.4642685578125