5 0.29729133124999996 0.190096890625 0.163442971875 0.1896216484375 0.1641155765625 0.21908666718749997 0.21994177656249997 0.21908666718749997 0.295946121875 0.21908666718749997 0.29729133124999996 0.190096890625
0 0.2407925265625 0.38779765781250003 0.2159061484375 0.3977777453125 0.19774581875 0.4096588 0.18563893125 0.42439130937499997 0.1795854875 0.4424505140625 0.1789128828125 0.4666878671875 0.275767978125 0.465262140625 0.2737501625 0.385421446875 0.2407925265625 0.38779765781250003
5 0.4102889421875 0.32981810624999996 0.4102889421875 0.27516525000000003 0.38338474843750003 0.27469000781249997 0.3867477734375 0.30225405625 0.38742037812499996 0.3293428640625 0.4102889421875 0.32981810624999996
3 0.304689984375 0.3996787140625 0.408271128125 0.4006291984375 0.4089437328125 0.19294834375 0.0470823375 0.191047375 0.0437193140625 0.330768590625 0.0437193140625 0.4647868984375 0.30603519375 0.4638364140625 0.304689984375 0.3996787140625
0 0.49638235937499997 0.504232003125 0.478894634375 0.4842718296875 0.45131783593749997 0.46953932031249995 0.423068434375 0.4638364140625 0.3854025640625 0.46288592968750003 0.3867477734375 0.5322712953125001 0.5004179890625 0.53084556875 0.49638235937499997 0.504232003125
0 0.2159061484375 0.67531920625 0.24886378437499998 0.68292308125 0.284511840625 0.6833983234375001 0.284511840625 0.6144882 0.169496415625 0.6144882 0.17420465000000002 0.6358741015625 0.1923649796875 0.6610619390625 0.2159061484375 0.67531920625
0 0.4365205296875 0.680071628125 0.4620795140625 0.6705667828124999 0.48494807812499996 0.65393330625 0.49907277812500006 0.63397313125 0.4984001734375 0.6135377156249999 0.38742037812499996 0.6144882 0.3867477734375 0.6833983234375001 0.4116341515625 0.6833983234375001 0.4365205296875 0.680071628125
0 0.3537901375 0.7024080125000001 0.3289037578125 0.7119128578125 0.3120886375 0.7214177015625001 0.298636540625 0.7351997265625 0.28854746875 0.7537341734375 0.2892200734375 0.7798724953125 0.38338474843750003 0.779397253125 0.38338474843750003 0.703358496875 0.3537901375 0.7024080125000001
5 0.9537536390625 0.45718302343749995 0.953081034375 0.310333175 0.9127247453124999 0.3117589015625 0.9127247453124999 0.38256999375 0.9127247453124999 0.4590839921875 0.9537536390625 0.45718302343749995
3 0.9544262437500001 0.5451028359375 0.9537536390625 0.47999464999999997 0.953081034375 0.19152261718750002 0.6383019765625 0.19152261718750002 0.3887655875 0.191047375 0.38607516875000003 0.3844709625 0.38742037812499996 0.5451028359375 0.6389745812500001 0.5455780781249999 0.9544262437500001 0.5451028359375
5 0.9544262437500001 0.6948041375 0.953081034375 0.6064090828124999 0.9154151640625001 0.606884325 0.91339735 0.6482303984375 0.9140699546875 0.6948041375 0.9544262437500001 0.6948041375
3 0.655117096875 0.780389084375 0.953081034375 0.780389084375 0.9537536390625 0.5313208109375 0.652426678125 0.5313208109375 0.3894381921875 0.529895084375 0.38742037812499996 0.7161900375 0.3887655875 0.716706625 0.38809298281250004 0.780389084375 0.655117096875 0.780389084375