5 0.4257770328125 0.06888648750000001 0.1957699453125 0.06888648750000001 0.19652407656249998 0.10025794375 0.29606811875 0.10078081718750001 0.4257770328125 0.10078081718750001 0.4257770328125 0.06888648750000001
5 0.78775536875 0.06836363749999999 0.6305964234375 0.06810220156249999 0.6302947921875 0.0992122328125 0.7087234515625 0.0992122328125 0.7889619437500001 0.0992122328125 0.78775536875 0.06836363749999999
0 0.651410178125 0.4960611484375 0.6405508265625001 0.475146840625 0.5512628734375 0.5190668781250001 0.55231860625 0.5382818953124999 0.6610629515625 0.5378897515625 0.6568398515625 0.5154068828125 0.651410178125 0.4960611484375
0 0.488519925 0.6330498421875 0.509635365625 0.6335726921875 0.5106910984375 0.539458325 0.48791666562499997 0.5405040484375 0.46197486562499995 0.546255478125 0.43723969687500003 0.5567126265625 0.488519925 0.6330498421875
0 0.5560892328125 0.6910870359375 0.542213415625 0.6837670218749999 0.5180815078125 0.6759241578124999 0.49304465468750003 0.6747477281250001 0.49274302499999995 0.7669013796875 0.5114452578125 0.76637853125 0.5560892328125 0.6910870359375
0 0.6701124093749999 0.8035014281249999 0.6882113265625 0.8035014281249999 0.6862505921875 0.710824903125 0.66528605 0.7120013328125 0.6447739265625 0.7172299125 0.623055225 0.728209921875 0.6701124093749999 0.8035014281249999
0 0.5512628734375 0.8150042875000001 0.5428166765625 0.8301671640625001 0.536783740625 0.8516043109375 0.53648205625 0.88140719375 0.642964034375 0.8803614937500001 0.64236071875 0.8531728828125 0.5512628734375 0.8150042875000001
5 0.1269940625 0.745333503125 0.1263907734375 0.68154488125 0.0898912828125 0.6802377328125 0.090796228125 0.8002335515624999 0.1269940625 0.800756425 0.1269940625 0.745333503125
3 0.447344890625 0.8802307640624999 0.44855152187499997 0.8263764390624999 0.42321303749999994 0.8268992890625 0.42321303749999994 0.7552678140625 0.42260972187499996 0.6334419812500001 0.3580569375 0.6344876968750001 0.2820414859375 0.6005019515625001 0.2542897953125 0.60154766875 0.181894128125 0.6339648359375001 0.0917011734375 0.634749121875 0.0926061203125 0.8807536375 0.2651491453125 0.8807536375 0.447344890625 0.8802307640624999
3 0.5468889328125 0.5361904734375 0.5486988234375 0.27999025781250003 0.545079040625 0.0713700640625 0.0920028203125 0.06928210625 0.090796228125 0.439461809375 0.0932094359375 0.6491277140625 0.3580569375 0.6496505640625 0.5118977296875 0.6475591421875 0.5118977296875 0.5382818953124999 0.5468889328125 0.5361904734375
3 0.6687975015625 0.537860003125 0.7888411796875 0.537860003125 0.7900238578125001 0.5311974890625 0.9106588468749999 0.530172478125 0.912432890625 0.2739217015625 0.912432890625 0.06840855 0.529091540625 0.06930542656250001 0.5292393953125 0.3395218875 0.5292393953125 0.5363224984375 0.6687975015625 0.537860003125
1 0.2733777140625 0.6122297171875 0.27094690312499997 0.6248752468750001 0.263654521875 0.606810203125 0.25636214062499996 0.5992831015625 0.1792711859375 0.6354131875 0.1780557796875 0.6486346937499999 0.36019185 0.64896196875 0.35984457187499996 0.6348110171875 0.2824063796875 0.6004874375 0.2733777140625 0.6122297171875