3 0.6674253125 0.9325960234374999 0.7815534546875 0.9323587015625 0.8721463999999999 0.9325960234374999 0.8719210484375 0.8082795375 0.8719210484375 0.7162382468749999 0.8721463999999999 0.6222984234375 0.8721463999999999 0.5300198140625 0.6979262984375 0.5293078625 0.58288225625 0.529644965625 0.583513296875 0.7323849250000001 0.58296008125 0.9332852375 0.6674253125 0.9325960234374999
0 0.60867660625 0.6270127249999999 0.6183559671875 0.622765578125 0.6288419546874999 0.6163484140625 0.63690809375 0.6095529796875 0.643361003125 0.6019081140625 0.649698684375 0.5920199671875 0.654423134375 0.5813414265625 0.6577648218750001 0.5712696187499999 0.6588018984375 0.5632190953125 0.6589171281249999 0.5556955796875 0.6588018984375 0.5512057359375 0.5946184734375 0.551327084375 0.594848940625 0.5451383828125 0.582519265625 0.5452527968750001 0.58286495625 0.634900284375 0.5950793984375 0.634900284375 0.59496416875 0.63016775 0.60867660625 0.6270127249999999
5 0.7836436578125 0.9296810375 0.7837672984374999 0.9186136015624999 0.7502604374999999 0.9186136015624999 0.687944803125 0.9188887812500001 0.6879489453125001 0.9296810375 0.722317159375 0.9298112406250001 0.7836436578125 0.9296810375
5 0.505222115625 0.930032065625 0.50535520625 0.9185391171875 0.483394815625 0.9182588015625001 0.4412375125 0.9183786968750001 0.44107114531249997 0.9297517546874999 0.4678228953125 0.930032065625 0.505222115625 0.930032065625
0 0.47143963749999995 0.5744776125 0.45706556875000004 0.5751784015625 0.44109437500000004 0.57966345625 0.42672029531250005 0.5870918281249999 0.4159397421875 0.5966225703125 0.407288678125 0.6085285265625 0.40063401406250004 0.6200065375 0.396108840625 0.6350034390625 0.3957095625 0.6428522859375 0.3903858296875 0.6428522859375 0.3899965984375 0.6542935984375 0.476097903125 0.6547731828125001 0.476097903125 0.6427196000000001 0.47117345625 0.6425794390624999 0.47143963749999995 0.5744776125
0 0.2391973984375 0.7242665046875 0.24664485625000002 0.72361294375 0.2594710015625 0.72274153125 0.2751933796875 0.7166416 0.290295146875 0.706184590625 0.30084568906250003 0.693984746875 0.3087068859375 0.68134919375 0.313671834375 0.6669707984375 0.3165680671875 0.6545647078125 0.31842993124999996 0.653911146875 0.318223059375 0.6417112984375 0.231232775 0.6416342859374999 0.2307155921875 0.65498880625 0.2391973984375 0.6545531 0.2391973984375 0.7242665046875
3 0.10541689375 0.33887644375 0.1056182125 0.458192046875 0.10581954843750001 0.5433855796875 0.32625293437499997 0.54359759375 0.44624098749999996 0.5433855796875 0.44603966875 0.33358753124999996 0.44624098749999996 0.276579840625 0.445838334375 0.16065636562500002 0.4452343765625 0.06253031406250001 0.3394940984375 0.062318304687500006 0.18139133125 0.0627423234375 0.1057444953125 0.06309862499999999 0.1056182125 0.17251754375 0.1056182125 0.2538949203125 0.10541689375 0.33887644375
5 0.30220206875 0.076055434375 0.3023126984375 0.0631235890625 0.23251825468749998 0.06289058125 0.17952610468750002 0.0627684140625 0.18010055625000002 0.0764049453125 0.22774755156249998 0.0764049453125 0.30220206875 0.076055434375
3 0.4325557875 0.43556778593749995 0.432291915625 0.5430640984374999 0.6915453953124999 0.54389774375 0.8364013046875 0.54389774375 0.8722884828125 0.54389774375 0.8720246109374999 0.2055694796875 0.8720246109374999 0.062796834375 0.6126548875 0.06251894999999999 0.43348285000000003 0.062219262500000004 0.432291915625 0.18418729218750002 0.432291915625 0.2919614890625 0.4325557875 0.43556778593749995
5 0.6064738125 0.075747940625 0.606366753125 0.062782328125 0.5338625625 0.0622186046875 0.4862201609375 0.0625746765625 0.48610453593749997 0.0756351984375 0.5467334515625 0.0754097078125 0.6064738125 0.075747940625
5 0.8174534453125 0.0759152625 0.8175439421874999 0.06276355 0.7378798468750001 0.06257294375 0.6976532421874999 0.06265833125 0.6977189874999999 0.07543875 0.7519349671875 0.07515284375 0.8174534453125 0.0759152625
0 0.52763158125 0.5007164687500001 0.503540775 0.4747428734375 0.48661985156250004 0.4653802984375 0.4702725296875 0.4617560796875 0.4565063484375 0.4608500203125 0.4565063484375 0.5288041890625 0.45220442031249997 0.5291062140625 0.4524912109375 0.54309965 0.5402505546875 0.5436031015625 0.54053736875 0.5297102421875 0.53537504375 0.5297102421875 0.52763158125 0.5007164687500001
0 0.41964440468750003 0.46208188124999994 0.40443197968750005 0.46252078281250003 0.38963632656249997 0.46647090156250004 0.3771329546875 0.4715182765625 0.36650507656250003 0.48139356875 0.354418484375 0.4965356859375 0.3477500265625 0.5103610953125 0.343790621875 0.523528153125 0.3427486734375 0.530989490625 0.3364969875 0.530989490625 0.33686166875 0.5432385984375 0.42339542343750003 0.5437176453125 0.4231870375 0.530989490625 0.41964440468750003 0.5305505859374999 0.41964440468750003 0.46208188124999994
5 0.11848304375 0.618330690625 0.11848304375 0.5916337859375 0.11828944687500001 0.5602368578125 0.10556025468750001 0.560216515625 0.1051246578125 0.5806136046875 0.1053182546875 0.618330690625 0.11848304375 0.618330690625