0 0.7185929062499999 0.7514597109375 0.7264157124999999 0.756107190625 0.7371295625000001 0.7615292609375001 0.747333225 0.764369384375 0.7611081656249999 0.7659185515625 0.7610656484375 0.6688230500000001 0.7519248671875001 0.6685796078124999 0.7486937046875 0.6696123859374999 0.7185929062499999 0.7514597109375
3 0.7667377765625 0.20625787812500002 0.7588598 0.21090923749999999 0.748793515625 0.22126334375 0.7761475578125 0.2950206234375 0.775928728125 0.4544426875 0.8863009640625 0.45577165312499995 0.9552331484375 0.45477493593749996 0.95610848125 0.2086736421875 0.9556708234375 0.06719253124999999 0.8627464546875 0.0668602890625 0.7760888546875 0.06691781249999999 0.7754910703125 0.2042644375 0.772865071875 0.20459667812500001 0.7667377765625 0.20625787812500002
5 0.9562400703125 0.33225895625 0.9562400703125 0.2386465359375 0.9562400703125 0.18989385625 0.9351996828125 0.18955319375 0.9352532234375 0.2324689984375 0.9355744453125 0.3324215265625 0.9562400703125 0.33225895625
3 0.4917373875 0.5338599203125 0.4917373875 0.609510415625 0.5753829625 0.6098270875 0.591860578125 0.609510415625 0.5916520046875 0.6490942359375 0.740551071875 0.6484608921875 0.761617384375 0.6478275484375 0.7856037828125 0.62692729375 0.7853952078125 0.546860296875 0.8020813984374999 0.546860296875 0.8020813984374999 0.4411429765625 0.7853952078125 0.4414596421875 0.7856037828125 0.3072419859375 0.78581235625 0.20087444843750002 0.7853952078125 0.0679234671875 0.562272475 0.0666567796875 0.4922947578125 0.06694725625 0.49236312499999996 0.0698234859375 0.4913202390625 0.2977249859375 0.4917373875 0.5338599203125
5 0.7067412953125001 0.0975439328125 0.7069640140625 0.06643450625 0.634285378125 0.06643450625 0.577853103125 0.0663750984375 0.5781763015625 0.0975439328125 0.6432654296875 0.097713009375 0.7067412953125001 0.0975439328125
0 0.7668119171875001 0.20619498125 0.760380853125 0.21013809218750001 0.7546918296875 0.21426897500000003 0.7490028125 0.22121636875 0.7784373078125 0.300799703125 0.785115725 0.3004241671875 0.7855176625 0.20415684375 0.7765821921875 0.20412953906250003 0.7726246171875 0.20431730781250002 0.7668119171875001 0.20619498125
0 0.5714016578125001 0.5596068296875 0.5660724390625 0.5455665171875 0.5130937656250001 0.591495 0.51278028125 0.6093038921875 0.576887615625 0.6098188015625 0.575790428125 0.58816340625 0.5739095203125 0.5696016312500001 0.5714016578125001 0.5596068296875
0 0.5023149828125 0.7488557296875 0.4975550078125 0.7352360124999999 0.44427987187499995 0.7785967484375 0.44446294374999995 0.8033596140625001 0.509638025 0.80361255625 0.5087226453125 0.7758172140624999 0.505427284375 0.7599738671875 0.5023149828125 0.7488557296875
3 0.2763185703125 0.5494053484375 0.2766617359375 0.6467937 0.39365696093749997 0.6465331859375001 0.3933137828125 0.6093221953125 0.501327746875 0.6093221953125 0.5020140921875 0.49107931406249994 0.5020140921875 0.2918739828125 0.5023572578125 0.179897184375 0.5018424953125 0.06792039062500001 0.480739540625 0.0673993734375 0.3451443171875 0.0666178515625 0.2767245828125 0.0671173140625 0.2763185703125 0.19316920937499998 0.2761469875 0.35384713125 0.2763185703125 0.5494053484375
5 0.4483502421875 0.0981254328125 0.4483502421875 0.06530142343749999 0.39441780937500004 0.06530142343749999 0.3260354796875 0.06581532968750001 0.3254166609375 0.09838594218749999 0.3644449015625 0.0986464515625 0.4483502421875 0.0981254328125
0 0.41047087812500005 0.5644870421875 0.40806869062500006 0.582201590625 0.407553928125 0.59418495625 0.407048478125 0.6093939625 0.47069741406250004 0.6092944250000001 0.47052581875 0.5892353046875 0.41750589531250004 0.5452094484375001 0.41047087812500005 0.5644870421875
3 0.0430989546875 0.47744641562499995 0.0428931796875 0.64639879375 0.18499851875 0.6460863796874999 0.2860352515625 0.64639879375 0.2862410421875 0.5655154234374999 0.2862410421875 0.446221109375 0.2862410421875 0.325989528125 0.2862410421875 0.19482326249999998 0.2860352515625 0.067718440625 0.146513559375 0.06646876406249999 0.0432647078125 0.0672196390625 0.0430989546875 0.23260937343750002 0.0430989546875 0.354403053125 0.0430989546875 0.47744641562499995
5 0.226522821875 0.0980231484375 0.2261112734375 0.0652190875 0.1973024125 0.064906665625 0.1002022015625 0.06526785 0.09935234062500001 0.0983355625 0.1479158203125 0.0989604046875 0.226522821875 0.0980231484375
0 0.212770615625 0.5931838609375 0.20866097187500002 0.608392475 0.20673457343749999 0.6197014484375 0.20609244062499998 0.6314003796875001 0.20583558281249997 0.6456520484375 0.2696635625 0.6458290703125 0.269278278125 0.6265258234375 0.2157244296875 0.5832397640625 0.212770615625 0.5931838609375