5 0.24713844375 0.139049609375 0.16296490624999999 0.13842550781250001 0.1631413765625 0.16501219218750002 0.201963559375 0.16501219218750002 0.2467855375 0.1645129140625 0.24713844375 0.139049609375
0 0.145494928125 0.510015009375 0.138789284375 0.49254018437499997 0.1282014171875 0.47756177031249997 0.11408426875 0.4680754484375 0.0974966046875 0.4650797671875 0.098378921875 0.5413448421875 0.147965440625 0.5424682234375 0.146906653125 0.5239948546875 0.145494928125 0.510015009375
0 0.261255609375 0.4680754484375 0.2492560171875 0.476563203125 0.23866815156249999 0.488545934375 0.23160958437499998 0.5040236421875 0.22913907187500002 0.5229962859375 0.228609678125 0.5424682234375 0.27890204375 0.541469678125 0.27890204375 0.464580471875 0.261255609375 0.4680754484375
3 0.342076334375 0.540471109375 0.342076334375 0.416649546875 0.342076334375 0.29732153125 0.3413704546875 0.139049609375 0.036969296875 0.13879996875 0.038204553125 0.32927547343749997 0.038204553125 0.541469678125 0.342076334375 0.540471109375
5 0.499991990625 0.1389243328125 0.42103550937499995 0.1378073578125 0.42064071406250003 0.163497890625 0.4549867890625 0.1646148671875 0.49959723125 0.16573184218749998 0.499991990625 0.1389243328125
0 0.6823814890625 0.4963578109375 0.6780388937499999 0.47625217812500004 0.670538015625 0.457263509375 0.6582997828125 0.44497674218750005 0.642508471875 0.43659939531249997 0.6258289 0.43715787656250005 0.62750675 0.5097615656250001 0.68198673125 0.5058521203125 0.6823814890625 0.4963578109375
0 0.5832911015625 0.4723427328125 0.5690789328125 0.4868634765625 0.5599989484375001 0.5036181703125 0.5556563171875 0.5237238015625 0.5556563171875 0.5494143234375 0.605793703125 0.5494143234375 0.606188496875 0.46675784374999996 0.5832911015625 0.4723427328125
3 0.4905172109375 0.4729012265625 0.585659796875 0.4712257578125 0.585265003125 0.41425979999999996 0.640534571875 0.413142825 0.6389554296875 0.178577109375 0.638560634375 0.14059980156250002 0.3300381375 0.1389243328125 0.329840759375 0.4120258359375 0.4905172109375 0.41258433125 0.4905172109375 0.4729012265625
5 0.96255629375 0.3274154078125 0.96255629375 0.282299115625 0.9445603218749999 0.281976853125 0.9447881265625 0.3032459640625 0.9447881265625 0.32805993125 0.96255629375 0.3274154078125
5 0.96255629375 0.37285396406250004 0.9623284890624999 0.332571559375 0.9447311703124999 0.3322492984375 0.9447881265625 0.4054021546875 0.96255629375 0.405724409375 0.96255629375 0.37285396406250004
5 0.962784096875 0.4550300765625 0.962784096875 0.411202821875 0.9447311703124999 0.41079999218749996 0.9445603218749999 0.42763804375000003 0.9447881265625 0.4559968546875 0.962784096875 0.4550300765625
3 0.6221578328125 0.52490234375 0.6226226640625 0.5978922078125 0.7820549812500001 0.5998649078125 0.9633336937499999 0.5992073515625 0.9628688625 0.140226025 0.7778716265625001 0.140226025 0.6277356390625 0.1394040640625 0.62680601875 0.3947042 0.627270828125 0.5242447734375 0.6221578328125 0.52490234375
0 0.43849477343750004 0.7022064015625 0.44939448281249994 0.7046735359375 0.44895848125000004 0.6238750734375 0.39914685781250003 0.6224873140625 0.39925586874999996 0.6510134953125 0.40753965000000003 0.677535115625 0.4223632109375 0.6935714578125001 0.43849477343750004 0.7022064015625
0 0.2523279546875 0.7151588265625 0.26845951874999996 0.7170091859375 0.26889551875 0.6380610703125 0.217012940625 0.635902325 0.21744894218750002 0.6664330374999999 0.225732725 0.691104325 0.238812359375 0.7071406546875 0.2523279546875 0.7151588265625
5 0.0561334296875 0.8008915406250001 0.0556974484375 0.7447643796875 0.03684096875 0.745997925 0.03694996875 0.8508508890625001 0.0561334296875 0.8508508890625001 0.0561334296875 0.8008915406250001
3 0.29723471562500003 0.6584148796875 0.2976707171875 0.6238750734375 0.26976748125 0.6244918609375001 0.2702034828125 0.6392946296875001 0.14071507656249999 0.6399114171875 0.037821940625 0.63867784375 0.0386939234375 0.8764737953124999 0.2967987140625 0.8758570234375 0.29723471562500003 0.6584148796875
1 0.5387666359375001 0.41711955625 0.5414948468749999 0.4454299234375 0.56422988125 0.47245347187500003 0.583327278125 0.47116659843750003 0.5851461359375 0.390096009375 0.493296565625 0.3913828296875 0.48659088125 0.39659190781250003 0.48874957343750003 0.47374029218749997 0.5187598109375 0.46215874843750004 0.531491434375 0.448003565625 0.5387666359375001 0.41711955625