5 0.43985657656250005 0.058042059374999996 0.252266071875 0.0574576078125 0.2515986828125 0.0764368046875 0.333711165625 0.0771309484375 0.43985657656250005 0.0771309484375 0.43985657656250005 0.058042059374999996
5 0.591664525 0.0583891296875 0.5013159093749999 0.057769989062500006 0.50194165 0.076783875 0.5448003265625 0.076783875 0.591664525 0.076783875 0.591664525 0.0583891296875
0 0.5371899109375 0.2562338125 0.5311816953124999 0.247209975 0.47710762031250004 0.2694225 0.47716780468750003 0.279248553125 0.5407948499999999 0.278793409375 0.5403943109375 0.2652576484375 0.5371899109375 0.2562338125
0 0.45828180781250005 0.33848956874999997 0.47149994375000004 0.33814249687500003 0.47031983593750004 0.2820599875 0.457080190625 0.2815699734375 0.4426604375 0.2843465375 0.42663846093749996 0.29094088125 0.45828180781250005 0.33848956874999997
0 0.610890878125 0.331895225 0.63532436875 0.3325893671875 0.6350315234374999 0.27706188125 0.614495815625 0.27775219375 0.588860709375 0.3246067359375 0.5984738625 0.3287715875 0.610890878125 0.331895225
0 0.5335849734375 0.349942896875 0.5335849734375 0.33814249687500003 0.4699594171875 0.337976296875 0.47109936093749993 0.35410775 0.47470429843749995 0.36590815 0.48031202031250003 0.375626140625 0.5335849734375 0.349942896875
5 0.23197179218750003 0.43984141093750007 0.23197179218750003 0.3725096875 0.2090157375 0.37265065625 0.2099416109375 0.5089084703125 0.23157124218749997 0.5089084703125 0.23197179218750003 0.43984141093750007
3 0.4716698265625 0.602717415625 0.4716698265625 0.592999434375 0.5441691765625001 0.5926523734375 0.544569715625 0.44375004375 0.5441691765625001 0.33754640937499997 0.45925285625 0.3382405515625 0.356311821875 0.33754640937499997 0.20958620468750003 0.33768719687500004 0.210512078125 0.5083141859375 0.211313178125 0.603411559375 0.4716698265625 0.602717415625
0 0.45627906874999996 0.6623245109375 0.47109936093749993 0.6623245109375 0.4714010953125 0.6050625765625 0.457080190625 0.6050578453125001 0.43184560000000005 0.653647746875 0.44466317499999997 0.659200875 0.45627906874999996 0.6623245109375
5 0.3545396953125 0.80949508125 0.2879475953125 0.8099849156250001 0.287648065625 0.8282368968749999 0.4362516375 0.8282368968749999 0.43665217656250005 0.810189225 0.3545396953125 0.80949508125
5 0.72226161875 0.8088009375 0.5808679031249999 0.80949508125 0.49987423125 0.8087353890625 0.49993886718749997 0.8278898265624999 0.6080870609375 0.8282368968749999 0.72226161875 0.8282368968749999 0.72226161875 0.8088009375
3 0.2882721640625 0.828411721875 0.436217115625 0.828051628125 0.4711254921875 0.827331453125 0.4711254921875 0.714251546875 0.4711254921875 0.5853388109375001 0.3393879859375 0.5853388109375001 0.21012625156250003 0.5856290296875 0.21014391875 0.65988146875 0.21014391875 0.8276915453125 0.2882721640625 0.828411721875
5 0.718476690625 0.3306530078125 0.645854346875 0.33082733124999997 0.6454922234375 0.34928626875 0.6806811500000001 0.3501332375 0.718476690625 0.3501332375 0.718476690625 0.3306530078125
0 0.6122582421875 0.3478746625 0.6138873546875 0.3382757046875 0.54734568125 0.3381963609375 0.5487226734374999 0.35041556093750004 0.551655084375 0.360861471875 0.5575199046875 0.37074275156250003 0.6122582421875 0.3478746625
3 0.5341928499999999 0.5856540703124999 0.45909344843750005 0.5854637984375 0.45909344843750005 0.6043045203124999 0.45931304375000004 0.6083002125 0.43296236875 0.6516840140625 0.4373541484375 0.6545380796875 0.4456985265625 0.65815323125 0.4588738640625 0.6604364875 0.4588738640625 0.75291419375 0.45909344843750005 0.826929684375 0.5010537375 0.826929684375 0.5010537375 0.8282615812499999 0.7232844843749999 0.8288323906249999 0.7232844843749999 0.827690759375 0.7917962359375 0.8271199499999999 0.79201581875 0.6842184109375 0.79201581875 0.5382725328125 0.7917962359375 0.4003170609375 0.791576628125 0.331438896875 0.7182258234375001 0.331438896875 0.7180062390625 0.33048754375 0.6339036953125 0.3308680828125 0.6154582203125 0.330297271875 0.6158973999999999 0.339049746875 0.5328830421874999 0.3383864359375 0.5324361453125 0.34799317812499997 0.5330949078125 0.493560484375 0.5341928499999999 0.5856540703124999
3 0.470118146875 0.058612 0.2566502890625 0.05931816875 0.2330221671875 0.058612 0.21183833281250003 0.05931816875 0.2110235703125 0.346728821875 0.470932909375 0.347434990625 0.470932909375 0.19560872499999998 0.470118146875 0.058612