5 0.96371851875 0.281778915625 0.9449731031249999 0.2809761515625 0.9449141453125 0.2810479703125 0.94478375 0.3055941796875 0.94478375 0.32860668125000003 0.96371851875 0.3291418546875 0.96371851875 0.281778915625
5 0.96371851875 0.351886775 0.96371851875 0.3323529015625 0.953872453125 0.3320853140625 0.9447059281250001 0.3320070140625 0.9444050562499999 0.3802510171875 0.9451624437499999 0.40674215625 0.9633398375000001 0.4070097515625 0.96371851875 0.351886775
5 0.9630447609375 0.43073739218749996 0.963183109375 0.40962087187499996 0.953913359375 0.4092298203125 0.9451263687499999 0.40981045156249996 0.94492031875 0.433670240625 0.9451970265625 0.456937525 0.9627680609375 0.456742003125 0.9630447609375 0.43073739218749996
5 0.0591175046875 0.77185279375 0.0580879234375 0.7417468390625 0.048478421875 0.7402900953125 0.03456343125 0.7409033859374999 0.034064196875 0.791761565625 0.035093778125 0.8505167437500001 0.057058340625 0.850031175 0.0591175046875 0.77185279375
5 0.24739869374999998 0.1382044625 0.198965871875 0.1382044625 0.174564603125 0.137419809375 0.1699431421875 0.1371582609375 0.163473115625 0.1376813609375 0.163103396875 0.1654057953125 0.2307614671875 0.166451996875 0.24721381875 0.166451996875 0.24739869374999998 0.1382044625
5 0.500882203125 0.136615625 0.4567473984375 0.1357543078125 0.4205264265625 0.1370462828125 0.42039037500000004 0.137134175 0.41991766875 0.165213678125 0.4683137609375 0.1660749890625 0.500577815625 0.166505646875 0.500882203125 0.136615625
0 0.14653315 0.5091007359375 0.139959734375 0.48854156406250004 0.117125721875 0.4665138609375 0.094637709375 0.4625978296875 0.095236603125 0.539462196875 0.096367553125 0.5409185125 0.1493009171875 0.5399395 0.14653315 0.5091007359375
0 0.2797314796875 0.464066346875 0.2551676609375 0.47042990781249994 0.23648529843750002 0.48903105625 0.2285279609375 0.5149747765625 0.22766305781249999 0.5409185125 0.24063690937499999 0.5399395 0.2797314796875 0.5414080046875 0.2797314796875 0.464066346875
0 0.268426925 0.717019225 0.270025996875 0.63707605625 0.217788384375 0.6400927484375 0.2153190453125 0.6398065921875 0.21672233593749998 0.6725225625 0.22844915000000002 0.7019356015625 0.250836675 0.7147566546874999 0.268426925 0.717019225
0 0.449488984375 0.700476540625 0.44991294843749996 0.626092640625 0.3990361 0.624293025 0.39787274375 0.6249321859375 0.400732 0.6584856078125 0.40963546093750003 0.67828133125 0.4232026109375 0.6956775656249999 0.449488984375 0.700476540625
0 0.6056819609375 0.46286392187500003 0.5678912890625 0.481699653125 0.5532903171875 0.5163330687500001 0.553318209375 0.5471645484375001 0.5537197468749999 0.54975130625 0.6069702953125 0.5479284718749999 0.6056819609375 0.46286392187500003
0 0.686846071875 0.5084342265624999 0.685557784375 0.49202891875 0.6769689640625 0.4604334984375 0.6503436890625001 0.43612935 0.6278965015625 0.4351004875 0.6280128484375 0.4683323578125 0.628442278125 0.5108646328125 0.686846071875 0.5084342265624999
1 0.536933309375 0.4323116734375 0.5497217890625 0.45829301562499997 0.5677568875000001 0.4703557796875 0.5861198515625 0.471747640625 0.5864477546875 0.397051278125 0.5018468921875 0.39797918593750004 0.48800409843750003 0.397349121875 0.488402571875 0.4745313515625 0.511028375 0.4703557796875 0.52644018125 0.4592209234375 0.536933309375 0.4323116734375
3 0.1835305984375 0.1394417890625 0.0812707859375 0.14051353125 0.0547590171875 0.14051353125 0.038798609375 0.1407141796875 0.0373369921875 0.5392008109375 0.341843834375 0.540272525 0.3426013796875 0.1394417890625 0.1835305984375 0.1394417890625
3 0.5147176265625 0.47121395625 0.537514334375 0.4431213265625 0.5551634453125 0.467052071875 0.586784628125 0.4764163109375 0.5889907875 0.4108668125 0.6367902812499999 0.4098263703125 0.636054921875 0.1361833140625 0.47133037031249997 0.137223784375 0.376466740625 0.137223784375 0.3514638734375 0.137223784375 0.32646100625 0.13826424843750001 0.32793180624999996 0.4119072828125 0.48162564375 0.4108668125 0.482361084375 0.478497225 0.5147176265625 0.47121395625
3 0.196243178125 0.623512559375 0.196243178125 0.6383142390625001 0.0722000625 0.6383142390625001 0.038946896875 0.6381968062500001 0.038573918750000005 0.8761983640625 0.2717151515625 0.8761983640625 0.27022069375 0.6266843578125 0.196243178125 0.623512559375
3 0.9624686312499999 0.2982055921875 0.96321646875 0.1405455859375 0.7874707640625 0.137371228125 0.66033554375 0.1405455859375 0.626446253125 0.13977189375000001 0.6274299437499999 0.5055972718749999 0.6229428046875001 0.5965957078125 0.961720796875 0.5955375843749999 0.9624686312499999 0.2982055921875