5 0.427592225 0.0693633140625 0.196381178125 0.066794303125 0.19489905624999998 0.10083370625000002 0.300129725 0.10147595937500001 0.4268511640625 0.10083370625000002 0.427592225 0.0693633140625
5 0.7884889546875 0.0680788078125 0.629901890625 0.0687210609375 0.6306429515625 0.10147595937500001 0.7069722390625001 0.100191453125 0.7899710765625 0.100191453125 0.7884889546875 0.0680788078125
0 0.48761816874999997 0.6332613671875 0.5120731843749999 0.6326191140625 0.5113321234375 0.5382079375 0.48465392500000004 0.5394924421875 0.454270421875 0.5452727187499999 0.4379670796875 0.55362200625 0.48761816874999997 0.6332613671875
0 0.6565800875 0.5028840265625 0.6499105390625 0.4861854515625 0.6417588671875001 0.4746248984375 0.549867296875 0.518298096875 0.5520904796874999 0.5382079375 0.6610264546875 0.5388501890625 0.658803271875 0.5208671078125 0.6565800875 0.5028840265625
0 0.55801896875 0.685283853125 0.540233503125 0.6795035765625 0.5224480390624999 0.6737233 0.49058241406249997 0.6711542890625 0.491323475 0.76877673125 0.5105910625 0.768134478125 0.55801896875 0.685283853125
0 0.667696003125 0.8034583874999999 0.6884457125 0.802816134375 0.686963590625 0.7096894625 0.6632496375 0.7096894625 0.6387946234374999 0.7173964984375 0.62175021875 0.72767254375 0.667696003125 0.8034583874999999
0 0.5520904796874999 0.81309218125 0.5424566875 0.829148503125 0.5357871375000001 0.8497005968750001 0.537269259375 0.8818132421874999 0.6432409890625 0.8811709890625 0.6447231109375 0.8522696078124999 0.5520904796874999 0.81309218125
5 0.12746249999999998 0.7424443609375 0.12746249999999998 0.6795035765625 0.090409446875 0.6795035765625 0.0896683875 0.801531628125 0.12746249999999998 0.8021738812500001 0.12746249999999998 0.7424443609375
3 0.250182815625 0.8797821359375 0.4468725953125 0.877999034375 0.44851853437500006 0.8270023390624999 0.42218350156250006 0.8270023390624999 0.42094904531250005 0.753895190625 0.42094904531250005 0.634427409375 0.358814828125 0.6351406500000001 0.285570515625 0.6012617265625 0.25635508906250004 0.60090510625 0.1822878078125 0.6333575484375 0.0921726171875 0.634427409375 0.09258410156249999 0.6565378640625 0.09176113125 0.7991859609375 0.09176113125 0.8794255140624999 0.250182815625 0.8797821359375
3 0.66487243125 0.5374775374999999 0.7906731578125 0.5383785890625 0.78911364375 0.5325217515625 0.91231518125 0.530719646875 0.91179534375 0.3815955359375 0.91179534375 0.2378777359375 0.91127550625 0.0698315328125 0.5307543031249999 0.06938100625 0.5297146265625 0.2892377015625 0.5297146265625 0.3716839625 0.5297146265625 0.5356754328125 0.66487243125 0.5374775374999999
3 0.5118082828125 0.648335625 0.5118082828125 0.53744383125 0.5456580375 0.53744383125 0.5470120281249999 0.32504790625 0.5456580375 0.069820759375 0.0913943359375 0.06923403125000001 0.09207133125 0.339129403125 0.0913943359375 0.648335625 0.3547454234375 0.6495090828125 0.5118082828125 0.648335625
1 0.28067186718750003 0.6011502109375 0.276333225 0.6107640015625 0.2719945828125 0.6199598390625 0.26958423125 0.6283196609374999 0.2642814625 0.6078380609375 0.25849659375 0.60156819375 0.1823294734375 0.63500748125 0.1837756625 0.6442032875 0.1832936 0.6450393046875 0.3573210890625 0.6458752578125 0.3568389875 0.632917525 0.284528409375 0.6003142234375 0.28067186718750003 0.6011502109375