3 0.5207537171875 0.6639913421875 0.5207537171875 0.7146201125 0.7495281984375 0.7150274875 0.7495281984375 0.65530788125 0.74972015 0.5829596031250001 0.74972015 0.5093891921875 0.5985667796875 0.509117609375 0.5202070203125 0.509207134375 0.5209456546875 0.5528282140624999 0.5207537171875 0.5970747515625 0.5207537171875 0.6639913421875
0 0.56125318125 0.5438731703124999 0.566627525 0.5372193515625 0.56893080625 0.5307013281249999 0.5695066343749999 0.5241833015624999 0.5209456546875 0.52379856875 0.5211375921875 0.5546007484375 0.53726060625 0.5537859984375 0.5506964484375 0.550255403125 0.56125318125 0.5438731703124999
5 0.623250003125 0.715177759375 0.623250003125 0.704585965625 0.5965702562499999 0.704585965625 0.566051696875 0.704494821875 0.5664355875 0.7153135484375001 0.594266975 0.7153135484375001 0.623250003125 0.715177759375
5 0.70744319375 0.7148946125 0.707557465625 0.7050322515625 0.6811622421875 0.7048705734375 0.6520532343750001 0.7049390375 0.6521389390625 0.7148946125 0.680362390625 0.714975453125 0.70744319375 0.7148946125
3 0.2800904046875 0.725011884375 0.31229230625 0.725291415625 0.3144654375 0.72682884375 0.3142678828125 0.7387089578125 0.363555840625 0.7726721125 0.46657775937499996 0.7728118765625 0.515572059375 0.7378852609375001 0.515572059375 0.7260051453125 0.5185354249999999 0.7250267828125 0.534142465625 0.7253063156249999 0.5347351453125 0.703922109375 0.5337473562499999 0.703642575 0.5282157375 0.7037823421875 0.5278206265625001 0.6853481234375 0.5282157375 0.6131188671875 0.5282157375 0.557234790625 0.4047462109375 0.5570950265625 0.2805812359375 0.5571144546875 0.2800904046875 0.5900574671875 0.280287965625 0.6755570468750001 0.2800904046875 0.725011884375
0 0.36523774531250003 0.5909184093750001 0.3751156265625 0.5882628578125 0.385191078125 0.58141431875 0.3925007046875 0.57400671875 0.3950689609375 0.5640833296875 0.39526651562500004 0.5568154937500001 0.35219894375 0.55659055625 0.351408709375 0.5916172390625001 0.3569403296875 0.5916172390625001 0.36523774531250003 0.5909184093750001
0 0.47252485625 0.5719605546875 0.47864734374999995 0.5792621875 0.48966782656249996 0.5856975171875 0.49981367031249996 0.5897814828125 0.5150324203125 0.5915140703125 0.51485749375 0.5568622703125 0.4714752890625 0.5570066625 0.47042572343750005 0.561441259375 0.4706006484375 0.565401465625 0.47252485625 0.5719605546875
5 0.47357443593750004 0.7684066125 0.4858194125 0.7592486390625 0.50856008125 0.7432840578125 0.496621221875 0.7352945640625 0.48109634218749997 0.7458829437500001 0.4608046703125 0.7602386906249999 0.47357443593750004 0.7684066125
5 0.45490084375000006 0.7727383515625 0.4547259171875 0.7616002734375 0.4146673515625 0.7618477859375 0.3752647671875 0.761736221875 0.375658353125 0.7728621109375 0.413442859375 0.7731096203125001 0.45490084375000006 0.7727383515625
5 0.3677865828125 0.759991440625 0.346970128125 0.7463782328125 0.33197003125 0.7352945640625 0.32090582031250003 0.743284321875 0.3383986421875 0.756278746875 0.35624132343750003 0.7680356078125 0.3677865828125 0.759991440625
0 0.3882666421875 0.46769098593749997 0.379689478125 0.4698077625 0.3737054046875 0.47347684062499995 0.36752185000000004 0.4782748671875 0.3637319484375 0.48391960312500004 0.361537784375 0.49026992968750005 0.361338309375 0.49718472656249996 0.409609846875 0.4970436109375 0.409709571875 0.46676159375 0.402428946875 0.46613868593749996 0.3968438203125 0.46627980312500006 0.3882666421875 0.46769098593749997
5 0.29386451875 0.4680436171875 0.29396298125000003 0.4454152578125 0.29386451875 0.42744669062499996 0.280030384375 0.42746038437499995 0.2799811578125 0.44156109218750006 0.2800796203125 0.4680436171875 0.29386451875 0.4680436171875
0 0.48322979843749997 0.4903750984375 0.4918524796875 0.49821832656250004 0.5070448453124999 0.506206803125 0.5331182046875 0.5080949875 0.5328102484375 0.47714423437500003 0.47953435468750005 0.4770125515625 0.48056086562500006 0.48354858125 0.48322979843749997 0.4903750984375
3 0.2801777734375 0.4232251296875 0.4000634984375 0.42382289218749997 0.4880777015625 0.42362364062499996 0.4880777015625 0.42770836562500003 0.5304651875 0.428007246875 0.5306060078125 0.41117020625 0.5301835374999999 0.3707373859375 0.524409828125 0.3707373859375 0.5241281875 0.33728379999999997 0.5245506484375 0.28031813125 0.5245506484375 0.22942973906250003 0.5194810515625 0.22942973906250003 0.4618855703125 0.188316878125 0.347830875 0.188316878125 0.289530484375 0.229579709375 0.2806234734375 0.22956828125 0.279896128125 0.27842520937500004 0.2801777734375 0.3686505203125 0.2801777734375 0.4232251296875
5 0.312566878125 0.227447809375 0.32904308437499996 0.216189903125 0.3527012109375 0.19906460312500002 0.3423507796875 0.191477025 0.322424434375 0.2055297671875 0.3020052125 0.2206731390625 0.312566878125 0.227447809375
5 0.4440062625 0.198456215625 0.44414708281250004 0.188094959375 0.40819442656250005 0.1879953328125 0.362417946875 0.1881160328125 0.36247019062499997 0.1982569625 0.3958450578125 0.198655471875 0.4440062625 0.198456215625
5 0.506537521875 0.21970150781250003 0.48583664843749996 0.20485701406249998 0.4666848296875 0.19135254375 0.4564048140625 0.19877974062499998 0.4778097875 0.2143216234375 0.496116675 0.22707394218750002 0.506537521875 0.21970150781250003
3 0.5143177484375 0.335327878125 0.5076858390625001 0.3356630109375 0.49931698906250005 0.33711525937500003 0.491737659375 0.3401314671875 0.4841583296875 0.3443765015625 0.47942124843749995 0.3478395546875 0.4749999734375 0.352531434375 0.47105240625 0.358228715625 0.4699470859375 0.3642611296875 0.4697891796875 0.3704052578125 0.517633703125 0.3701818390625 0.517317903125 0.379453884375 0.7476624046875 0.380347575 0.7476624046875 0.33388754062500003 0.7476624046875 0.2913433546875 0.7475045046875 0.2291439203125 0.5832926578125 0.2292556296875 0.5179604062500001 0.22921780625000002 0.517475803125 0.249016640625 0.517475803125 0.335327878125 0.5143177484375 0.335327878125
5 0.5653158031250001 0.23910570312499999 0.565422475 0.229370303125 0.5507015390625 0.2292948359375 0.5360606140625 0.229438725 0.5361939546875 0.239256640625 0.54888809375 0.239256640625 0.5653158031250001 0.23910570312499999
5 0.696555284375 0.2393496484375 0.6967686359374999 0.22938784375000001 0.6690823765625 0.22938784375000001 0.6173990984375 0.22925013437500003 0.6178634484375001 0.23927418125000002 0.6378849015625 0.2391987109375 0.696555284375 0.2393496484375
5 0.5077192046875 0.335562034375 0.4993191125 0.3371208015625 0.4920206859375 0.3395563765625 0.48541078125 0.3429661828125 0.480040234375 0.3465597046875 0.4759090453125 0.35133343125 0.4720532765625 0.35698396875 0.46998768125 0.36282935156249996 0.46916144531250004 0.37033092343749996 0.5242133828125 0.3701360765625 0.524006821875 0.3353818546875 0.5181848796875 0.335172340625 0.5141913953125 0.33526976406250003 0.5077192046875 0.335562034375
1 0.4481646578125 0.40258562812500004 0.4435558765625 0.40628110156249997 0.429115015625 0.39649895156250003 0.4109871375 0.39280347031249996 0.410679890625 0.42367159218749995 0.4109871375 0.423454209375 0.4758173453125 0.4228020640625 0.47612459218750003 0.39410775781249996 0.4589184796875 0.39628156875 0.4481646578125 0.40258562812500004