5 0.367364265625 0.0549701078125 0.3215833078125 0.055163665625000004 0.3215833078125 0.06968041875 0.3421289078125 0.0698739765625 0.3678109078125 0.0698739765625 0.367364265625 0.0549701078125
5 0.313767046875 0.15639382968749999 0.313767046875 0.1285216625 0.29679459375 0.1291023328125 0.297017915625 0.1858144515625 0.31421368906249997 0.1860080078125 0.313767046875 0.15639382968749999
0 0.3218066296875 0.2543335296875 0.33274939375 0.24891394218750001 0.31220379375 0.21388017499999998 0.29679459375 0.21368661875 0.29724123750000003 0.25607554062500004 0.3124271171875 0.25607554062500004 0.3218066296875 0.2543335296875
0 0.4193982296875 0.3493698796875 0.4193982296875 0.3416276109375 0.37049076875 0.3418211671875 0.37116073437499997 0.3522732296875 0.37317062968750003 0.359047715625 0.3778603859375 0.367951325 0.4193982296875 0.3493698796875
5 0.23270125468749997 0.3505312203125 0.29433805625 0.35091833281249996 0.293668090625 0.336208021875 0.2599465078125 0.33601446562500004 0.233136296875 0.33601446562500004 0.23270125468749997 0.3505312203125
3 0.370267446875 0.34995055 0.3785303515625 0.3671770984375 0.41716501250000004 0.34975699374999997 0.4412837609375 0.34975699374999997 0.4408371171875 0.2769796671875 0.44106043906250003 0.1422641890625 0.4408371171875 0.0563250046875 0.29768788125 0.056131448437499995 0.297464559375 0.2005247625 0.29724123750000003 0.26343069531249996 0.297464559375 0.34995055 0.370267446875 0.34995055
5 0.7267744671874999 0.055464599999999996 0.662780559375 0.0549737625 0.66296933125 0.0696988765625 0.6920403109375 0.0698624890625 0.7267744671874999 0.0700261015625 0.7267744671874999 0.055464599999999996
0 0.7701921625 0.24460051875 0.76773811875 0.2372379609375 0.763018803125 0.23052985312500002 0.7213000609375 0.248363603125 0.721488834375 0.25638060937499996 0.7722686609375 0.2553989359375 0.770947253125 0.24803637812499998 0.7701921625 0.24460051875
0 0.7267744671874999 0.3318059203125 0.735269234375 0.329842571875 0.7428201375000001 0.325915875 0.7192235625000001 0.290248375 0.7086522984375 0.29057559843749997 0.708841071875 0.33376926875 0.71978988125 0.33327843281249997 0.7267744671874999 0.3318059203125
5 0.637296259375 0.2868125140625 0.6376738046875 0.26799708906249997 0.6210618171875 0.26799708906249997 0.620684271875 0.30677322500000004 0.6374850328125 0.3066096125 0.637296259375 0.2868125140625
0 0.710540025 0.4049406578125 0.718468471875 0.4052678828125 0.71884601875 0.3617469875 0.7077084359375 0.3617469875 0.69921366875 0.3637103359375 0.6878873140625 0.36927315781250003 0.710540025 0.4049406578125
0 0.7698146171875 0.6035660953125 0.7722686609375 0.5988213359375 0.7726462062499999 0.5955490875 0.7726462062499999 0.5868776312499999 0.7235653328125 0.58704124375 0.7237541046875 0.5948946390625001 0.7650953031250001 0.6125647765625 0.76773811875 0.6081472421874999 0.7698146171875 0.6035660953125
5 0.6202986703125 0.3358486421875 0.5470370578125 0.335184909375 0.5467817921875 0.351114490625 0.578179625 0.351335734375 0.6200434046875001 0.35177822187499996 0.6202986703125 0.3358486421875
3 0.7183211765624999 0.4442582828125 0.71857644375 0.3424859671875 0.6366357546875 0.3424859671875 0.636891021875 0.3360698859375 0.5263604359375 0.33673361874999996 0.5258499015625 0.433196075 0.52610516875 0.548243040625 0.7183211765624999 0.5489067734375 0.7183211765624999 0.4442582828125
5 0.64417579375 0.7762675437500001 0.6141613375 0.7762675437500001 0.61365689375 0.790695496875 0.6794869171875 0.790914103125 0.6792346953124999 0.7760489390624999 0.64417579375 0.7762675437500001
3 0.7892036250000001 0.68226725 0.7886991796875 0.587611140625 0.6345913453125 0.587611140625 0.5256313046875001 0.587611140625 0.5256313046875001 0.680081196875 0.5258835281249999 0.789821075 0.7892036250000001 0.7904768921875001 0.7892036250000001 0.68226725
3 0.7095157296875 0.254430425 0.789457471875 0.253748915625 0.7891953671875 0.141299753125 0.7889332625 0.056338165625000006 0.6217108640625 0.0561109953125 0.6219729671875001 0.1503865546875 0.62118665625 0.19104998906249998 0.7087294171875 0.191277159375 0.7095157296875 0.254430425
0 0.2347074703125 0.5187672 0.22927322968750002 0.5284113796875001 0.22720304218749998 0.5378312765625 0.22720304218749998 0.5492697234375 0.27740508125 0.5494940078125 0.27740508125 0.54029839375 0.2347074703125 0.5187672
0 0.42594101249999994 0.5970420609375 0.42594101249999994 0.5867250296875001 0.3762565203125 0.586500746875 0.3762565203125 0.5970420609375 0.3785854796875 0.6057891078125001 0.3837609484375 0.6165547046875 0.42594101249999994 0.5970420609375
5 0.28982620468750003 0.7755715421875 0.2605848109375 0.7753472578125 0.2605848109375 0.7905985203125 0.3291597609375 0.7905985203125 0.3291597609375 0.775122975 0.28982620468750003 0.7755715421875
0 0.413261115625 0.7679459109375 0.40860319531249994 0.7598717125000001 0.36668190312500004 0.776917240625 0.36694067812500003 0.7905985203125 0.41610762343749996 0.7903742375 0.415331303125 0.775122975 0.413261115625 0.7679459109375
3 0.44094986875000003 0.7899256703125 0.441467415625 0.6838396859375 0.4412086421875 0.587173596875 0.2111590921875 0.5869493125 0.211417865625 0.6697098390625 0.2111590921875 0.7901499546874999 0.3376992828125 0.7901499546874999 0.44094986875000003 0.7899256703125
3 0.36093628906249997 0.548665609375 0.36253689375000003 0.5949079703125 0.3748081953125 0.5944455468750001 0.3846785875 0.6159482453125 0.42656106875 0.5949079703125 0.44096650937500004 0.5935207 0.4406997421875 0.428666684375 0.4412332765625 0.34149983437500003 0.312651390625 0.34265589375 0.3123846234375 0.3368755984375 0.21127977968749997 0.337338021875 0.21101301249999999 0.432828496875 0.21127977968749997 0.5482031875 0.36093628906249997 0.548665609375