5 0.37789646875 0.18264410312499998 0.292715496875 0.18135485 0.2924145078125 0.203701896875 0.3327475484375 0.2045613953125 0.37789646875 0.204131646875 0.37789646875 0.18264410312499998
5 0.533208753125 0.182214353125 0.46270118125000004 0.1816771640625 0.461873459375 0.20327214218749998 0.496788615625 0.203701896875 0.533208753125 0.2045613953125 0.533208753125 0.182214353125
0 0.3267276875 0.5204282578125 0.3315435671875 0.5028084765624999 0.2888025953125 0.48561843906249996 0.282782734375 0.4952878328125 0.31528995625 0.5423455484375 0.3213098171875 0.5328910375 0.3267276875 0.5204282578125
0 0.373983553125 0.5836016296875 0.370672640625 0.5719983562500001 0.3315435671875 0.6012214203124999 0.3319950578125 0.6145436890625 0.37819745625 0.6145436890625 0.3769934890625 0.5964941546875 0.373983553125 0.5836016296875
0 0.4170255421875 0.6003619125 0.42545332187499996 0.5999321671875 0.4250018328125 0.53267615625 0.41461758125000003 0.5341802890625 0.40498582031249997 0.537618303125 0.395354059375 0.5444943109375 0.4170255421875 0.6003619125
0 0.5235769921875 0.48561843906249996 0.5196640765625 0.49894071875 0.5169551421875 0.5122629984375 0.516879884375 0.5246183281250001 0.5627060390625 0.5234365265625 0.5624050640625 0.5122629984375 0.5235769921875 0.48561843906249996
0 0.47301020156250007 0.61626270625 0.47361217968749997 0.6029404171875 0.42725927812500003 0.602295790625 0.4275602796875 0.614973453125 0.465786375 0.641188246875 0.47090324375000003 0.628295721875 0.47301020156250007 0.61626270625
0 0.5928053281250001 0.5608248484375 0.584678521875 0.5543785859375 0.575949740625 0.5505108187500001 0.5658664625000001 0.550725690625 0.56722093125 0.6166924500000001 0.57384278125 0.6158329421875 0.5928053281250001 0.5608248484375
0 0.56691995625 0.7967580562500001 0.574745759375 0.7963282921875 0.5748962468750001 0.7450805046875 0.5657159765625 0.74604744375 0.5584921484375001 0.750344965625 0.5521713 0.7546424671875 0.56691995625 0.7967580562500001
0 0.5449474734375 0.77827875625 0.5404325796875 0.7662457390624999 0.5028084890625 0.795468803125 0.502657975 0.8143778265625 0.548258384375 0.8130885734375 0.5476564078124999 0.7903117921875 0.5449474734375 0.77827875625
3 0.3113770546875 0.8139480812500001 0.39956795 0.8130885734375 0.40016992656249994 0.703931865625 0.3998689515625 0.6042296687500001 0.37789646875 0.6037999203125 0.375789509375 0.5878991390625 0.37097362968750003 0.5719983562500001 0.33094159218749997 0.60208091875 0.33094159218749997 0.603370171875 0.2369565796875 0.6029404171875 0.23733282500000003 0.6953368515625 0.2367308359375 0.8126588296874999 0.3113770546875 0.8139480812500001
5 0.7635654828125 0.75433324375 0.7633326828125 0.6519606312499999 0.747735453125 0.6522930031249999 0.7479682546875 0.6984936312500001 0.747735453125 0.7536684828125 0.7635654828125 0.75433324375
0 0.7074620375 0.6011067015625 0.7030389375 0.5878115578124999 0.6657918453125 0.6173932515625 0.6657918453125 0.619387521875 0.6656754453125 0.630854584375 0.71002276875 0.630688396875 0.7090916046875 0.612739953125 0.7074620375 0.6011067015625
5 0.721284415625 0.1818819484375 0.7054497625 0.1822510625 0.7057729234375001 0.20329067968749998 0.713657934375 0.2036597984375 0.72102589375 0.2034752421875 0.721284415625 0.1818819484375
5 0.6253716812500001 0.182989296875 0.6100540828125001 0.18238948125 0.610118715625 0.20292156874999998 0.6177451984375 0.2034752421875 0.6252424203125 0.2034752421875 0.6253716812500001 0.182989296875
3 0.56681941875 0.6294494687500001 0.621213434375 0.630583225 0.7113407453125 0.630016340625 0.7625584703125 0.6291660203125 0.7623599640625 0.5041689640625 0.7627569953125 0.30264309843750004 0.7627569953125 0.1824645265625 0.70379705625 0.18303140625 0.670843009375 0.15950588125 0.657939325 0.15950588125 0.625183803125 0.183314846875 0.56721645 0.182322803125 0.56681941875 0.38285663125 0.567017934375 0.5234428875 0.56681941875 0.6294494687500001
3 0.417954496875 0.5228765515625 0.49022269218750003 0.523462821875 0.574193415625 0.5214108796875 0.574193415625 0.3197351640625 0.574193415625 0.20277496875 0.574193415625 0.18284190312499998 0.4181598015625 0.18284190312499998 0.41754387968750006 0.23707156718750003 0.41774919375 0.40063995625000004 0.417954496875 0.5228765515625
3 0.27618818749999996 0.48449278125 0.3187678015625 0.5461141390625001 0.3184781484375 0.614352559375 0.4250720078125 0.6147661375 0.4253616734375 0.52336800625 0.4253616734375 0.346775253125 0.42478236718750007 0.1830030375 0.236070653125 0.1828996421875 0.2365051390625 0.27522829375 0.23708445781249998 0.4840792125 0.27618818749999996 0.48449278125
3 0.6876857703125 0.81301880625 0.7623739234375 0.8126324421875 0.7626445171875 0.6198338718749999 0.711228775 0.6190611359375 0.7044635359375 0.5866060609375 0.6652251875 0.6163565421875 0.6654958046874999 0.6186747625 0.613674125 0.61886794375 0.613538828125 0.7032897640625 0.613538828125 0.8134051875000001 0.6876857703125 0.81301880625
1 0.6664708015625 0.1672116609375 0.6649646546875 0.17816405625 0.662910815625 0.1677983984375 0.65948775 0.15841063125 0.6248463296875 0.1836402546875 0.624024796875 0.2022202078125 0.7059045171875 0.202024625 0.70549374375 0.1830535203125 0.6709892515625 0.15841063125 0.6664708015625 0.1672116609375