5 0.42948769843749995 0.11734866875000001 0.36142280625 0.11722774218750001 0.361261215625 0.1408341640625 0.39460662968750004 0.14146044687499998 0.4297070703125 0.1417735875 0.42948769843749995 0.11734866875000001
5 0.29786107031250003 0.1853000390625 0.23824572187499998 0.1848698609375 0.23797096562500003 0.20909867656249997 0.2658319265625 0.209724940625 0.2976416984375 0.2087855265625 0.29786107031250003 0.1853000390625
0 0.295886671875 0.49345081406249997 0.293473515625 0.483743471875 0.2901828578125 0.4762281171875 0.24850109062499998 0.5066026875 0.2483130796875 0.5180072890625 0.2980804546875 0.51850200625 0.29786107031250003 0.5047238515625 0.295886671875 0.49345081406249997
0 0.3408591078125 0.5463714562499999 0.33734905312499996 0.554826234375 0.33471653749999997 0.566099271875 0.33274213750000003 0.5770591765625 0.33319472499999997 0.5881859875 0.3836377484375 0.5883322125 0.383418375 0.5783117390625 0.3408591078125 0.5463714562499999
0 0.4290489296875 0.6807149796874999 0.432997728125 0.6143293125 0.425319503125 0.61370303125 0.417202534375 0.614016171875 0.4112793359375 0.61558186875 0.4028766328125 0.6208796765625 0.4025042265625 0.620278971875 0.42137070468750004 0.6860383484375 0.4290489296875 0.6807149796874999
0 0.345904790625 0.6616166859375 0.3358134234375 0.6531619078124999 0.32659954375 0.6503436484375 0.31661319374999997 0.6493457359375 0.3171663046875 0.72017385625 0.32484454218750003 0.7192344234375 0.345904790625 0.6616166859375
0 0.37113321250000003 0.759634346875 0.3656487828125 0.774665065625 0.3625774984375 0.789695784375 0.36221240312499997 0.8105594484375 0.41259561875 0.810363021875 0.41259561875 0.789695784375 0.37113321250000003 0.759634346875
3 0.31738568906250003 0.5175627453125 0.3176050625 0.5886455078124999 0.3941678859375 0.5880192265625 0.4007492234375 0.584887834375 0.40096859531250006 0.35442113124999997 0.396142284375 0.3462794859375 0.32462514531250003 0.2770549 0.32484454218750003 0.1862443234375 0.30992685 0.18655745625 0.2104124375 0.18684275625 0.21098750625 0.387916328125 0.21120688593749998 0.51662333125 0.31738568906250003 0.5175627453125
3 0.392751328125 0.3565070890625 0.40109843749999996 0.356039846875 0.4276128078125 0.3270708109375 0.4469257578125 0.3240337328125 0.45281783906250006 0.31749234375 0.461328615625 0.291560384375 0.46902106562499996 0.28408450625000004 0.468530053125 0.140164153125 0.46869371875 0.1186709984375 0.310098503125 0.1177365140625 0.3098483171875 0.20668271875 0.31664526249999997 0.207642778125 0.3164815890625 0.28408450625000004 0.392751328125 0.3565070890625
5 0.7331572234375 0.185150678125 0.643207753125 0.18490132343750001 0.6435821734375 0.20934031250000001 0.6847382828125 0.20934031250000001 0.7331572234375 0.20934031250000001 0.7331572234375 0.185150678125
3 0.5934025390625 0.6589116828125 0.668892071875 0.659854146875 0.789279159375 0.6585975390625001 0.788838996875 0.5395261265625 0.7894992640625 0.315837534375 0.7897193437500001 0.1860931296875 0.643142 0.18703558125 0.5933025296875 0.1868805890625 0.5934025390625 0.3494614625 0.5936226312499999 0.539848421875 0.5934025390625 0.6589116828125
0 0.653486046875 0.629067334375 0.649084325 0.6133597749999999 0.6074880546875 0.6460314921875 0.6071650921875 0.6596423687499999 0.65678734375 0.659854146875 0.6554668218749999 0.63974846875 0.653486046875 0.629067334375
0 0.6695523265625 0.7801821437500001 0.6781356921875 0.7804962953125 0.67845826875 0.7102550234375 0.668892071875 0.7104406015625 0.6598685453125 0.7135821140624999 0.649084325 0.7226924921875 0.6695523265625 0.7801821437500001
5 0.48488245 0.0957887546875 0.4902997390625 0.0871969265625 0.49661990468750006 0.080967853125 0.506250646875 0.07710153125 0.559671140625 0.07753112031250001 0.5702047671875 0.0839749921875 0.5774278078124999 0.09449998281250001 0.5813402984375 0.1071729234375 0.5831460671875 0.12113464375 0.5917234312499999 0.12156423593750001 0.5915729546875 0.1078173125 0.5891652796875 0.0957887546875 0.5843498968749999 0.08461938125 0.576976378125 0.0743091875 0.5694523499999999 0.06765052187500001 0.5590692171875 0.0635694046875 0.5450745484375 0.06335460781249999 0.522953953125 0.06335460781249999 0.5080564062499999 0.06399899375 0.497673265625 0.0655025640625 0.48864445625 0.071946434375 0.4823242828125 0.07860509843749999 0.47780987656249996 0.087411721875 0.47329546406249995 0.0979367125 0.47148970312499994 0.1101800671875 0.471602790625 0.121203421875 0.47991659843749995 0.12091984687499999 0.480518521875 0.1103948625 0.48488245 0.0957887546875
3 0.39292726718750004 0.3564156984375 0.39292726718750004 0.46494256875 0.39292726718750004 0.5766932609375 0.3938301515625 0.5874330453125001 0.4216741 0.6837201234375 0.4317562796875 0.7185170234375 0.4981247125 0.7185170234375 0.6019560875 0.7189466171875 0.6016551328124999 0.524760196875 0.6016551328124999 0.3105966703125 0.6013541796874999 0.20748918125000002 0.60827626875 0.20748918125000002 0.6079752984375 0.118342296875 0.5912720015625 0.118342296875 0.59097103125 0.1099652703125 0.5891652796875 0.097721915625 0.5841994203125 0.0854785609375 0.577578284375 0.0762423484375 0.5697533203125 0.06893929374999999 0.5598216171875 0.06464338281250001 0.5014352796875 0.06464338281250001 0.4918045375 0.06893929374999999 0.4833776421875 0.0777459171875 0.4764555546875 0.08977447656250001 0.47209162656250003 0.103306603125 0.47118874218749995 0.118342296875 0.46144746875 0.1183035125 0.46139579218750004 0.2788093875 0.39608735 0.3456759140625 0.39292726718750004 0.3564156984375
1 0.5308703359375 0.15916053125000001 0.5334937703125 0.146045059375 0.53480548125 0.1567515640625 0.5391154125 0.1685287234375 0.5794038421875001 0.13908583593749999 0.5797786125 0.11901113906250001 0.4870215296875 0.11794048906250001 0.48608458906249996 0.13560621875 0.5280595156250001 0.1685287234375 0.5308703359375 0.15916053125000001
1 0.4475956265625 0.3245937296875 0.44727868437499996 0.3194630140625 0.44548270624999997 0.311917846875 0.44854644062500004 0.3158413375 0.452560984375 0.3184066890625 0.4622804203125 0.290489575 0.45760558125 0.2815409734375 0.42139542187499995 0.319764821875 0.42604384375000004 0.327762696875 0.4475956265625 0.3245937296875