5 0.813558534375 0.7752593234375 0.7423289453125 0.776747678125 0.64345806875 0.776747678125 0.569039096875 0.7760035015625 0.5685075640624999 0.7802825671875 0.56903919375 0.8102362015625 0.7529602546875 0.8117245921875 0.813558534375 0.8117245921875 0.813558534375 0.7752593234375
5 0.929330478125 0.5022685890624999 0.93019944375 0.46820616406250004 0.9084759359374999 0.46638139218749997 0.8867524296875 0.4669896390625 0.885014578125 0.5089594015625 0.8876213953125 0.551537440625 0.9267236593750001 0.5527539375 0.929330478125 0.5022685890624999
5 0.9279304546875 0.26397006093750003 0.9286446156249999 0.22847408125 0.891506015625 0.2254744203125 0.8900775640624999 0.2263493140625 0.8886491765625 0.2709692515625 0.8886491765625 0.3219634640625 0.9250736140625 0.322463421875 0.9279304546875 0.26397006093750003
5 0.605648115625 0.0978354671875 0.5537443453125 0.0969599796875 0.52935583125 0.097397721875 0.52935583125 0.12541324843749999 0.6656814125 0.12497550312500001 0.6656814125 0.0995864359375 0.605648115625 0.0978354671875
5 0.36875154375 0.09964465156249999 0.2638786609375 0.0987809953125 0.2274815953125 0.09705367499999999 0.20374327656250002 0.09774519375 0.181676825 0.0989969078125 0.1812141515625 0.123827103125 0.2669631671875 0.1251225921875 0.368134625 0.1233952765625 0.36875154375 0.09964465156249999
3 0.46442848437500006 0.10208893125 0.285062978125 0.101273628125 0.1627683375 0.10208893125 0.11152106875000001 0.1024965734375 0.0780356234375 0.10244300937499999 0.0777444625 0.4705303515625 0.46617555 0.468899753125 0.4650108046875 0.14929816406250002 0.46442848437500006 0.10208893125
3 0.597926190625 0.30207025625 0.6028322515625 0.28833328593749996 0.61591510625 0.3009255265625 0.68378225625 0.2740239515625 0.7614615296875 0.27516870625 0.7622792296875 0.20076009843749998 0.7729090546874999 0.1841612765625 0.7720913515625 0.10231181874999999 0.45074436406249996 0.10288418437499999 0.45053991875 0.1033134640625 0.4523796921875 0.2734515859375 0.5341473984375 0.2740239515625 0.5521363140625 0.2866161640625 0.597926190625 0.30207025625
0 0.4661196453125 0.55488234375 0.517581734375 0.49930905625 0.50064485 0.4874655578125 0.4535172546875 0.483447553125 0.4530912625 0.4847324546875 0.4524398234375 0.5544268265625 0.4661196453125 0.55488234375
0 0.45244033124999994 0.6519970374999999 0.48659705625000005 0.6492277921875 0.512338334375 0.6398815515625 0.48659705625000005 0.6080351265624999 0.4643945984375 0.584579246875 0.4608557453125 0.58172721875 0.45244033124999994 0.5858811 0.45244033124999994 0.6519970374999999
0 0.313721090625 0.6304349078125 0.327249815625 0.6308649328125 0.34754290625 0.6050642296875 0.3659911546875 0.579263540625 0.346313025 0.5715233265624999 0.31254876875000004 0.5680890078124999 0.31249120937499997 0.5762534546875 0.3118762484375 0.5874337515625 0.313721090625 0.6304349078125
0 0.43366740937500003 0.784461953125 0.404284365625 0.7746555578125001 0.3588742109375 0.755976721875 0.3401759203125 0.7802592109375001 0.3400801953125 0.80145791875 0.34151150937499997 0.8017398796874999 0.43500300000000003 0.8008059390625 0.43366740937500003 0.784461953125
0 0.3327414609375 0.7842091109375 0.3589280546875 0.75124840625 0.37912906875 0.7303209578125001 0.346957046875 0.718810865625 0.3135542078125 0.719402225 0.3117922359375 0.739215128125 0.31254044531249997 0.78525548125 0.3327414609375 0.7842091109375
3 0.9217542875 0.566918721875 0.735570003125 0.5675697078125 0.5512476171875 0.5682206734374999 0.4767739671875 0.5675697078125 0.4525807484375 0.5676260015625 0.4525700296875 0.8019177046875001 0.80445814375 0.8019177046875001 0.920823275 0.79996483125 0.9217542875 0.566918721875
3 0.1982771015625 0.6358518734375 0.2006058890625 0.7134742625 0.3271356421875 0.71401709375 0.32558308281250004 0.63476625 0.3698297296875 0.5793992546875 0.3605146859375 0.569628596875 0.326359415625 0.56582889375 0.326359415625 0.46160863125 0.11832272968749999 0.46269425625 0.0973638515625 0.46215144375 0.077768821875 0.46196644375 0.0779574296875 0.66624946875 0.18663326875 0.66624946875 0.185857040625 0.6369375359375 0.1982771015625 0.6358518734375
0 0.44377089375 0.4563003484375 0.4012680640625 0.4434904640625 0.36289741875 0.43068058125 0.3522717109375 0.4426640234375 0.34518790625 0.4681804734375 0.34754919375000004 0.46952345781249993 0.44140960781249994 0.47200278906250004 0.44377089375 0.4563003484375
1 0.6121111828125 0.302632459375 0.6730588109375 0.27455740781250004 0.6714550140625 0.2633274 0.5463520296875 0.2610813984375 0.535124915625 0.2622043875 0.5271055296875 0.2779264203125 0.597676340625 0.29701744375 0.6024879999999999 0.28354143593750003 0.6121111828125 0.302632459375