3 0.5432835703125 0.8126939046875 0.587653759375 0.860472671875 0.765668628125 0.8610347765625 0.829500225 0.7952687093749999 0.8291037625 0.729547584375 0.8291037625 0.619701353125 0.6802427062499999 0.619701353125 0.531566609375 0.6199824109375001 0.5302000625 0.7079066109375 0.5305965406250001 0.8126939046875 0.5432835703125 0.8126939046875
0 0.576983471875 0.6593146515625 0.5936352125 0.64975889375 0.6031504890625 0.6328958 0.6047363421874999 0.6194053265624999 0.544373853125 0.6198758625 0.5460588453125 0.663811471875 0.5603317609375 0.663530425 0.576983471875 0.6593146515625
5 0.60235753125 0.83292961875 0.5868952109375 0.815785478125 0.5726223109374999 0.8003744984375001 0.543680034375 0.8138181093749999 0.5595388328124999 0.832648571875 0.573018775 0.8464200921874999 0.60235753125 0.83292961875
5 0.7395360046875 0.86159688125 0.739139540625 0.8365832875000001 0.6717397093749999 0.8368643453125 0.6127648578125 0.836544459375 0.6150445765625 0.8613158234375 0.6761008687500001 0.86159688125 0.7395360046875 0.86159688125
5 0.785406271875 0.842280428125 0.8016615187499999 0.8248552281249999 0.8214849984375 0.8043384671875 0.79254270625 0.7905418890625 0.7758909953125 0.8074300296875 0.7552745578125 0.82822785 0.785406271875 0.842280428125
0 0.4934098265625 0.7693102109375001 0.48248677500000003 0.7755047640625 0.47406040781250003 0.7834691921875 0.46969118125 0.793645965625 0.468754934375 0.8013891578125 0.46781866406250006 0.8113617671875 0.5258668734375 0.8117871531249999 0.525554790625 0.7633368890625001 0.509014184375 0.764221828125 0.4934098265625 0.7693102109375001
3 0.261271184375 0.861548109375 0.32457298749999997 0.86126229375 0.32457298749999997 0.8984188906250001 0.3358624953125 0.8987047171875 0.349974365625 0.8961323328124999 0.36448942500000003 0.889844290625 0.37577893281249997 0.8778703265625 0.38223006718749997 0.8607211250000001 0.448757453125 0.861006940625 0.4499670546875 0.8124175375 0.4624661328125 0.8118458953125 0.4624661328125 0.7215572359375 0.4624661328125 0.61156223125 0.290301303125 0.61156223125 0.178011146875 0.6114654578125001 0.17700315625000002 0.7775627265625 0.2600615828125 0.777848553125 0.261271184375 0.861548109375
0 0.40251822343750004 0.7218295125 0.4096238 0.7317170546875 0.422255959375 0.74085835625 0.44436222656249996 0.7470147453125 0.4622577625 0.748507209375 0.4615998375 0.7079627015625001 0.399886525 0.7085839484374999 0.400149690625 0.7149268953125001 0.40251822343750004 0.7218295125
5 0.42067694375000003 0.8615111984375 0.42015059218750006 0.8490118593749999 0.400939209375 0.8490118593749999 0.3875175328125 0.84882530625 0.3872543671875 0.8615111984375 0.40251822343750004 0.8616977531250001 0.42067694375000003 0.8615111984375
5 0.30475063593749996 0.861884315625 0.31948814062499997 0.8615111984375 0.319224975 0.8490118593749999 0.30475063593749996 0.8490118593749999 0.285276065625 0.8487533875000001 0.28632875 0.84882530625 0.28632875 0.86207086875 0.30475063593749996 0.861884315625
0 0.34606828749999996 0.896024303125 0.35896361250000003 0.8915469171874999 0.367121871875 0.8859502000000001 0.3765960015625 0.876808896875 0.380017196875 0.865055790625 0.3815962109375 0.8495715296874999 0.3258042203125 0.8497580921875001 0.324488371875 0.8983335468750001 0.33659417812500003 0.8981469921875 0.34606828749999996 0.896024303125
0 0.6667298578125 0.5936045609375 0.6558806921875 0.5838162578125 0.6420726875 0.5791551609375001 0.6282646828125 0.5768246125000001 0.6136347468750001 0.57574938125 0.61347038125 0.61714309375 0.67626396875 0.61714309375 0.6742914 0.6043250796875 0.6667298578125 0.5936045609375
5 0.81105649375 0.5759500359375 0.8311109859375 0.5759500359375 0.8301246890625 0.5626659093749999 0.8297959328125 0.5398265390625 0.8113030562500001 0.5399324812499999 0.81105649375 0.5402926453125 0.81105649375 0.5547420468750001 0.81105649375 0.5759500359375
3 0.5907068703125 0.456236709375 0.5792232625 0.459443603125 0.569479571875 0.4641306 0.5611278390625001 0.47202449062499996 0.554516078125 0.48287859375000003 0.5517321578125001 0.495459478125 0.604798765625 0.49669289843750003 0.6046280796875 0.530488625 0.773750540625 0.5314753546875 0.828036753125 0.5307353046875 0.8283847375000001 0.50434010625 0.8294287140625001 0.389424765625 0.7024149671875 0.3891780859375 0.605587128125 0.38934808125 0.6056703890625 0.45500328906250004 0.6001025765625 0.4552499734375 0.5907068703125 0.456236709375
0 0.5795712453124999 0.4574964265625 0.5687836046875 0.4644035796875 0.55973590625 0.472297471875 0.5538200843750001 0.4851250453125 0.551384175 0.494992409375 0.6143701046875 0.49597914843749996 0.613848115625 0.45376681874999997 0.6014945375 0.45428953437499997 0.5907068703125 0.45552295468750004 0.5795712453124999 0.4574964265625
3 0.4532834671875 0.28106491562499997 0.4548318078125 0.39518737812500004 0.8303100046875 0.395736196875 0.8326325750000001 0.21359099218750002 0.7273438546875 0.11700106875 0.548507859375 0.11754987812499999 0.46179945624999996 0.199680328125 0.4254129328125 0.2195986015625 0.4254129328125 0.28106491562499997 0.4532834671875 0.28106491562499997
5 0.506450659375 0.19748243593749998 0.5264436765625 0.1790248921875 0.5501563 0.15760096562499998 0.5208642125 0.1421612671875 0.5013361765625 0.1618857609375 0.4785534453125 0.18265048749999999 0.506450659375 0.19748243593749998
5 0.685922725 0.1427690234375 0.685922725 0.1177195078125 0.634777834375 0.1177195078125 0.595721728125 0.1177195078125 0.5947918343749999 0.1427690234375 0.640357296875 0.1434282171875 0.685922725 0.1427690234375
5 0.8027423062500001 0.18759095625 0.78135445 0.1671558234375 0.7543871296875 0.143095103125 0.726489915625 0.159245453125 0.7483427546875 0.178691784375 0.7753100390625 0.20275249843749998 0.8027423062500001 0.18759095625
0 0.3021193453125 0.4660988796875 0.2920390125 0.47159565312499996 0.2842849078125 0.47929113437500004 0.278081628125 0.49000984843750006 0.27691850156250003 0.501553075 0.338951346875 0.5021027546875 0.339339046875 0.4605705828125 0.3230554359375 0.46142662031250004 0.312587375 0.463075659375 0.3021193453125 0.4660988796875
5 0.268587578125 0.41241844843750003 0.268587578125 0.40020393906249996 0.2385504734375 0.40020393906249996 0.208455153125 0.4003497125 0.20897906093750002 0.41241844843750003 0.23948185937500002 0.41241844843750003 0.268587578125 0.41241844843750003
3 0.2831282796875 0.41199064218750003 0.4628731734375 0.41142307499999997 0.4628731734375 0.368303178125 0.463273521875 0.25824074375 0.4628731734375 0.175122571875 0.387212196875 0.1748387921875 0.2828280203125 0.1745230578125 0.2831282796875 0.1756750078125 0.2831282796875 0.317804928125 0.2831282796875 0.41199064218750003
0 0.392416375 0.3771004578125 0.379606059375 0.3884517796875 0.37680378124999997 0.3986679640625 0.3744018515625 0.4117219890625 0.43244865 0.41200576875 0.4332493140625 0.36745183125 0.4124325125 0.36972209375 0.392416375 0.3771004578125
5 0.3147964734375 0.3764933125 0.3150669140625 0.3546379609375 0.3147964734375 0.3366168765625 0.282343228125 0.336840965625 0.2820727890625 0.35367939375 0.282343228125 0.3766850296875 0.3147964734375 0.3764933125