5 0.42887011406250003 0.11719967656250001 0.36185104218749997 0.116828790625 0.36185104218749997 0.140565434375 0.3969191609375 0.1413072046875 0.42887011406250003 0.1413072046875 0.42887011406250003 0.11719967656250001
5 0.29846866250000004 0.18581341093749998 0.23898274062499997 0.1854425265625 0.2387229765625 0.20917916875000003 0.265478653125 0.2099209390625 0.298988190625 0.2099209390625 0.29846866250000004 0.18581341093749998
3 0.315872840625 0.28335617812499997 0.392503175 0.3575331890625 0.4005558546875 0.357162303125 0.426532240625 0.32897503906250003 0.4467938203125 0.3248953046875 0.453287915625 0.3182193734375 0.46108083281249995 0.292999190625 0.46887374687500005 0.2840979484375 0.46887374687500005 0.1186832171875 0.3096385078125 0.1190541015625 0.3106775640625 0.20732474375 0.31639236875 0.20769562812500003 0.315872840625 0.28335617812499997
0 0.2945722046875 0.48734295781250003 0.29041598281250003 0.47621640625 0.24859400312500002 0.5069998640625 0.24807447656249998 0.5188681859375001 0.2987284265625 0.519239071875 0.2982088984375 0.501065703125 0.2945722046875 0.48734295781250003
0 0.3415894609375 0.545201025 0.3348356015625 0.5622617375 0.3322379625 0.5741300593750001 0.3322379625 0.5893363468749999 0.38393096875 0.58970723125 0.3831516765625 0.5767262546875 0.3415894609375 0.545201025
0 0.43250680937499997 0.6145565296875 0.41951861562500004 0.6141856437500001 0.41146593749999993 0.6145565296875 0.40185467499999994 0.6219742312500001 0.4210771984375 0.6868791140625 0.4293896421875 0.68242849375 0.43250680937499997 0.6145565296875
0 0.347304265625 0.6627715859375 0.337433240625 0.6542412296875 0.328081740625 0.6490488390625 0.31639236875 0.6490488390625 0.31691189531249997 0.7210005390625 0.32626339375 0.721742309375 0.347304265625 0.6627715859375
0 0.3709427765625 0.757718159375 0.365227971875 0.7736662171875001 0.36237056875 0.78850161875 0.3613315140625 0.8114964921875 0.4130245203125 0.8111256062500001 0.41354404687499996 0.7896142734375 0.3709427765625 0.757718159375
5 0.7326114640625 0.18421048125 0.6429898656249999 0.185069271875 0.6426891218749999 0.20954478906250001 0.684191740625 0.21040357968749998 0.7335136953125 0.21040357968749998 0.7326114640625 0.18421048125
0 0.655019609375 0.62863436875 0.649606225 0.6127467515625 0.60569765625 0.64709835625 0.6062991421875 0.66126839375 0.6577263015625 0.6616977890625 0.656824071875 0.6436631968750001 0.655019609375 0.62863436875
0 0.670357534375 0.78192840625 0.6781768687499999 0.7823578015625 0.6787783562499999 0.7089312453125001 0.6670493546875 0.7089312453125001 0.655921840625 0.71451338125 0.64840325 0.7209543078125 0.670357534375 0.78192840625
3 0.7897527515625 0.6591214187500001 0.7900534968749999 0.3718561234375 0.7900534968749999 0.187216246875 0.5933671671875 0.1867868515625 0.5936679109375 0.371426728125 0.5930664234374999 0.6591214187500001 0.6589292765625 0.6595508140625 0.7897527515625 0.6591214187500001
3 0.6015368859375 0.717573965625 0.6027687015625001 0.37402956718749997 0.6015368859375 0.20753364687500003 0.607695965625 0.20753364687500003 0.6072853609375 0.11666439375 0.4619310546875 0.1178369015625 0.4602886328125 0.2778840359375 0.3966447984375 0.3464756640625 0.392128140625 0.3558557171875 0.3925387453125 0.58683949375 0.43113565156250006 0.719918978125 0.6015368859375 0.717573965625
3 0.3166546546875 0.5873793968750001 0.40143845625 0.5846282046875 0.40175960625 0.35582077343749996 0.3969423453125 0.34619160312499997 0.3250045734375 0.27741181406250004 0.325325725 0.1870810265625 0.211317203125 0.1861639625 0.211317203125 0.3810400296875 0.21067490156250002 0.5167654796875001 0.3179392578125 0.5185996078125 0.3166546546875 0.5873793968750001
1 0.53296220625 0.1541322921875 0.5335942 0.1491671578125 0.5373860703125 0.161805684375 0.541177940625 0.167222196875 0.577200803125 0.1392368953125 0.577200803125 0.1171194828125 0.48714366093750006 0.1175708609375 0.4890395953125 0.1387855359375 0.524746471875 0.167222196875 0.5291703359375 0.1658680734375 0.53296220625 0.1541322921875
1 0.4471291125 0.3249091125 0.44638933593749996 0.31504679375 0.45354044531250004 0.31927349843749997 0.46291086875 0.2903909921875 0.45779411718749996 0.280868278125 0.4209905796875 0.3206824078125 0.42592237656250004 0.32843136875 0.4471291125 0.3249091125