5 0.4394633203125 0.058508490625 0.252472015625 0.0573383203125 0.25112189687500003 0.0789864625 0.33887955000000003 0.0789864625 0.44081343906250003 0.079571546875 0.4394633203125 0.058508490625
5 0.5940518 0.05616814999999999 0.5015687359375 0.0573383203125 0.500893678125 0.0778162921875 0.5454475624999999 0.07723120781250001 0.5927016828125 0.07723120781250001 0.5940518 0.05616814999999999
5 0.7216379265625 0.32823263125 0.6426560390625 0.3294028015625 0.643331096875 0.3516360265625 0.6872099234375 0.3516360265625 0.7209628671874999 0.3510509421875 0.7216379265625 0.32823263125
5 0.23357036718750002 0.44290927187499995 0.23222025 0.372114 0.20791812968749998 0.37328416875000003 0.20724307187500002 0.51136420625 0.23424542499999998 0.510779121875 0.23357036718750002 0.44290927187499995
0 0.4570148515625 0.34051941406249997 0.47254120468750005 0.34051941406249997 0.4718661453125 0.280840753125 0.454314615625 0.2814258390625 0.44013837968749997 0.2849363484375 0.42191178906250004 0.2913722828125 0.4570148515625 0.34051941406249997
0 0.540047090625 0.252756678125 0.5319463843750001 0.24456549062500002 0.47389132187499994 0.26738380156249997 0.4765915578125 0.2814258390625 0.5474727390624999 0.28025566875 0.5454475624999999 0.2638732921875 0.540047090625 0.252756678125
0 0.5359967390625 0.3504658578125 0.53734685625 0.33759398906250004 0.4698409703125 0.3393492453125 0.47051602812500004 0.3539763671875 0.4718661453125 0.3645078953125 0.47929179375000003 0.3785499328125 0.5359967390625 0.3504658578125
0 0.614978625 0.3492956875 0.614978625 0.3370089046875 0.5454475624999999 0.3364238203125 0.5467976796875 0.3510509421875 0.5501729734375 0.3645078953125 0.5555734453125 0.37503942343749996 0.614978625 0.3492956875
0 0.603502625 0.331743140625 0.614978625 0.33408347968749996 0.6392807453125 0.33408347968749996 0.6386056859375 0.273819734375 0.636580509375 0.273819734375 0.615653684375 0.276745159375 0.586626153125 0.324722121875 0.5947268593749999 0.3305729703125 0.603502625 0.331743140625
3 0.470077753125 0.34813495781250003 0.47139326875 0.20485233749999998 0.4709547625 0.0912143984375 0.48367141875 0.0919745203125 0.481917396875 0.059289359374999996 0.2100440703125 0.059289359374999996 0.209167059375 0.2071326984375 0.2096055640625 0.3469947765625 0.3494887765625 0.34813495781250003 0.470077753125 0.34813495781250003
3 0.47055380312499995 0.603502353125 0.47055380312499995 0.5942177015625 0.5439538484375 0.593873825 0.5443506046875 0.48383351093750004 0.543557090625 0.339405596875 0.2094876953125 0.33803009375 0.209884453125 0.36416466718749996 0.2102812109375 0.5079048296875001 0.2094876953125 0.60453398125 0.47055380312499995 0.603502353125
0 0.45230298125 0.6605857671875001 0.47055380312499995 0.6616173953125 0.4725375875 0.6052217328125 0.45904785 0.6065972375 0.43127485937500004 0.6526766187499999 0.44159054218750005 0.6585225109375 0.45230298125 0.6605857671875001
3 0.470950559375 0.8277094953124999 0.4697602890625 0.743459878125 0.46936353124999997 0.58493305 0.2102812109375 0.58493305 0.209884453125 0.68947135 0.20909093906249998 0.82736561875 0.470950559375 0.8277094953124999
5 0.3554942734375 0.8091401921875001 0.289235853125 0.8077646875 0.288839096875 0.8290850000000001 0.43722621406249995 0.8290850000000001 0.43762297187500004 0.8091401921875001 0.3554942734375 0.8091401921875001
5 0.6078317249999999 0.8091401921875001 0.5011040921875 0.8084524406250001 0.500707334375 0.8290850000000001 0.7224944984375 0.8283972468749999 0.7224944984375 0.808796315625 0.6078317249999999 0.8091401921875001
3 0.45904785 0.607972740625 0.43246512968750006 0.6526766187499999 0.44000351406249993 0.65714700625 0.4586510921875 0.6616173953125 0.4586510921875 0.828053371875 0.7927204875 0.82736561875 0.79311724375 0.47661211562499994 0.7919269734375 0.33080869687500003 0.6149733515625 0.32943319375 0.616163621875 0.33871784531250004 0.533241409375 0.33803009375 0.5324478953125 0.58493305 0.4586510921875 0.5856208015625 0.45904785 0.607972740625