3 0.933474628125 0.5570041671875 0.933474628125 0.3332849625 0.7728269812499999 0.3332849625 0.6609330171875001 0.3344729515625 0.6617998468749999 0.55426814375 0.6859803171875 0.555909753125 0.933474628125 0.5570041671875
5 0.857899015625 0.557416384375 0.85822788125 0.5410953390625 0.8153103234374999 0.5407157796875001 0.760758975 0.5406887499999999 0.76055343125 0.5577959453125 0.7947559359375 0.5577959453125 0.857899015625 0.557416384375
0 0.6989999640625 0.44728650625000005 0.7052989453125 0.44226684218749995 0.7118978859375 0.4346508015625 0.6678049828125 0.384973465625 0.6612435390625 0.385224503125 0.6624058546875 0.45715273281249996 0.67815331875 0.45646036875 0.6897014546875 0.45282543750000004 0.6989999640625 0.44728650625000005
5 0.7009465765625 0.6556734390625001 0.701209115625 0.6266909390625 0.7010340890625 0.585901846875 0.692807734375 0.58597188125 0.692807734375 0.6136723078124999 0.692807734375 0.6556734390625001 0.7009465765625 0.6556734390625001
0 0.6167040125 0.5151522468749999 0.6124917375 0.50679650625 0.6035406390625 0.49661769375000003 0.5614178515625 0.5464482921875 0.561286215625 0.5535595671875 0.624207140625 0.553588653125 0.6238122359375 0.536573325 0.620784665625 0.5248752921875 0.6167040125 0.5151522468749999
3 0.6614678281249999 0.3433952546875 0.7919285296874999 0.343845021875 0.9051388453125 0.3431703625 0.93163901875 0.3427205859375 0.9324184390625 0.27100551093749997 0.9324184390625 0.1547867234375 0.9324184390625 0.0596953515625 0.7747404484375 0.060145128125 0.6623095453125 0.0601879 0.66127296875 0.16468176406249999 0.6614678281249999 0.2516771921875 0.6614678281249999 0.3433952546875
5 0.8327441609375 0.076112128125 0.8327441609375 0.059920240624999996 0.7963069609375 0.0596953515625 0.7353175796875 0.059344932812499994 0.735706753125 0.076337015625 0.772729065625 0.076337015625 0.8327441609375 0.076112128125
0 0.7034446437499999 0.26900148125 0.6884604999999999 0.25941986093749997 0.6771211546875 0.25661548125 0.6702365453125 0.2559143890625 0.6609220828125 0.2552647171875 0.66132706875 0.3283608046875 0.6684141625 0.3285945 0.7121516515625 0.279050503125 0.7034446437499999 0.26900148125
3 0.53338098125 0.2524540328125 0.6703800375 0.252765278125 0.670649715625 0.18646909218750002 0.6709193953125 0.06046273906250001 0.5935726531250001 0.0595289921875 0.4595401078125 0.059578900000000004 0.45941829062500006 0.11057393906249999 0.45941829062500006 0.25183153125 0.53338098125 0.2524540328125
5 0.629318684375 0.075713971875 0.629318684375 0.0595289921875 0.594529553125 0.0595289921875 0.5303449515625 0.05880110625 0.5306146296875001 0.076025228125 0.5705277468750001 0.076025228125 0.629318684375 0.075713971875
0 0.56189789375 0.20543873437500001 0.5559648515625 0.21757747031250002 0.5521892828125 0.2290937171875 0.5500318296875 0.23967619999999998 0.550234084375 0.25208252343750004 0.6158345265625 0.251503684375 0.616373884375 0.24527869062500002 0.571606484375 0.1939225 0.56189789375 0.20543873437500001