5 0.16962140625 0.611795415625 0.15090755 0.628285625 0.10020610156250001 0.62879563125 0.081492265625 0.6112854078125001 0.0701769125 0.6165554734375001 0.06995930312500001 0.6171929828125 0.0928075984375 0.639335771875 0.15504200937499998 0.6389957640625 0.178107915625 0.6182555015625 0.16962140625 0.611795415625
5 0.42297501562499995 0.6091466828125001 0.4021041515625 0.6279332890625 0.349473325 0.626515421875 0.336769315625 0.6112734671875 0.327695046875 0.614818103125 0.324519034375 0.61836275625 0.3462973125 0.6406939984375 0.41299329218749997 0.6410484578125 0.43567902500000005 0.6144636453125 0.42297501562499995 0.6091466828125001
0 0.2748793046875 0.6184935625 0.2741036421875 0.6139486 0.26557122187500004 0.6012227078125 0.255487478125 0.591223790625 0.231441575 0.6123578640625 0.2322172734375 0.6124336234375 0.22872674218750003 0.61879656875 0.2748793046875 0.6184935625
0 0.1988632890625 0.6112216234375001 0.2136010921875 0.61091863125 0.2139889234375 0.5772859125 0.21282541250000003 0.5769071609374999 0.20274166875000002 0.583648859375 0.18334982500000002 0.6003137140625 0.188391696875 0.604555684375 0.1988632890625 0.6112216234375001
0 0.2880657640625 0.6139486 0.3016400390625 0.61091863125 0.3190926921875 0.6039496843750001 0.3113359703125 0.5963747515625 0.2890353328125 0.5775889046875 0.2888414265625 0.5781949046875 0.289229275 0.6012227078125 0.2880657640625 0.6139486
1 0.15540026875 0.47222485000000003 0.15485572812499998 0.46626885468749996 0.1306233453125 0.4498898859375 0.12272741406250001 0.45818572812499997 0.1129255578125 0.4518043109375 0.092641153125 0.4691404921875 0.09223274218750001 0.4694595625 0.091688203125 0.4720121296875 0.15540026875 0.47222485000000003
3 0.154081815625 0.6378519703125 0.17971853437500002 0.6178233015625 0.212680009375 0.6178233015625 0.21372639062499998 0.47067385625 0.213203225 0.468221365625 0.2058784203125 0.46699512031249996 0.20430882499999997 0.463316384375 0.200646471875 0.46372512656250003 0.2001232578125 0.4674038625 0.1556514078125 0.465768875 0.139432303125 0.45023642812500003 0.11065639375 0.4486014390625 0.0897284578125 0.46658636875 0.03583906875 0.4674038625 0.0355774609375 0.466484178125 0.03583906875 0.619049546875 0.07246292343750001 0.6178233015625 0.093390859375 0.6378519703125 0.154081815625 0.6378519703125
3 0.4099471453125 0.639724778125 0.42968201875 0.6177660078125 0.467955728125 0.618233209375 0.467357684375 0.4677921734375 0.3884181921875 0.4677921734375 0.29093986250000003 0.4682593828125 0.289145784375 0.4677921734375 0.28854776718749997 0.6191676328125 0.32323329218749997 0.6187004109375 0.34894844687500004 0.6392575765624999 0.4099471453125 0.639724778125
0 0.21566986406250002 0.46362368125 0.2326326734375 0.45659191093749996 0.21982401875000002 0.4455033484375 0.2000917828125 0.4307636671875 0.1983608953125 0.43062844375 0.19801470625 0.4668691140625 0.21566986406250002 0.46362368125
5 0.379758975 0.3692356609375 0.35483404687500003 0.36815385 0.3323323859375 0.3670720375 0.3312072921875 0.3674777171875 0.3302553078125 0.3792424125 0.35968058125 0.3795128671875 0.3807975140625 0.3792424125 0.379758975 0.3692356609375
5 0.44622545156250004 0.37058792500000004 0.42095436406250003 0.3697765671875 0.396721784375 0.3686947546875 0.395596690625 0.36828907499999997 0.39533705625 0.380053771875 0.4289164828125 0.38032422499999996 0.4451869125 0.38086512968749997 0.44622545156250004 0.37058792500000004
0 0.7149320593749999 0.6095124984375 0.7138839796875 0.5738936328124999 0.7132288890625 0.57256303125 0.6934461203125 0.58658540625 0.6813929921875 0.5964113 0.6882056265625 0.6054183640625 0.7149320593749999 0.6095124984375
0 0.8045442125 0.6058277890625 0.8218377859375 0.5964113 0.8076884984375001 0.581672459375 0.7898708609375 0.571027734375 0.7898708609375 0.571846565625 0.7893468453125 0.6078748375 0.8045442125 0.6058277890625
5 0.639923675 0.611570971875 0.6207251687500001 0.611570971875 0.5958615453125 0.6108333265625 0.5954681296875 0.61052596875 0.5949173578125 0.6204227390625 0.6528275734375 0.62091450625 0.6528275734375 0.6118168515625 0.639923675 0.611570971875
5 0.7435291921875 0.6113985671875 0.7343921203125 0.6116365140625 0.7336306875 0.6113390796875 0.73256470625 0.6206784109375 0.767285575 0.6204404593749999 0.7675901421875 0.6116365140625 0.7435291921875 0.6113985671875
5 0.913783296875 0.6106847328125 0.8958137046875001 0.6104467875 0.8766258546874999 0.6104467875 0.84951921875 0.6106847328125 0.8485293593750001 0.6104467875 0.848910090625 0.6206784109375 0.8961182828125 0.6216301859375 0.914392425 0.6216301859375 0.913783296875 0.6106847328125
3 0.8553037421875 0.467676940625 0.7912205609375 0.46821526562500004 0.789497875 0.4698302640625 0.790531475 0.6184102171875 0.96899970625 0.6184102171875 0.9676215921875 0.467676940625 0.8553037421875 0.467676940625
3 0.7092216437500001 0.46606194062500006 0.643760321875 0.467138603125 0.5705470328125 0.467138603125 0.5367827562499999 0.466600265625 0.5362659562500001 0.6173335671875 0.7140450984375 0.6178718921875 0.7147341875000001 0.467676940625 0.7092216437500001 0.46606194062500006
5 0.710207503125 0.4157500484375 0.710207503125 0.395839178125 0.6974645453125 0.395396715625 0.69675659375 0.3955073296875 0.6966150140625 0.415086353125 0.696331828125 0.436877696875 0.7087916140625 0.43610338750000005 0.710207503125 0.4157500484375
0 0.7860102015625 0.47016430624999994 0.7904911609374999 0.46691359375 0.8029738640625 0.45866180781250004 0.8183371921875 0.4464091578125 0.807454825 0.439657696875 0.7856100953125 0.4342815296875 0.7850499937500001 0.44015780937500004 0.7850499937500001 0.44865964687500004 0.7860102015625 0.47016430624999994
5 0.885231665625 0.369392478125 0.86730779375 0.3696425359375 0.8455430921874999 0.3696425359375 0.8266589828124999 0.36914242812500003 0.8268990359374999 0.3701426421875 0.8272991421875 0.379644703125 0.8631468828125 0.379894753125 0.8861918734374999 0.38039486562499997 0.885231665625 0.369392478125
5 0.7908112421875 0.3686423171875 0.7652056765624999 0.3688923734375 0.764485521875 0.3688298578125 0.7642454703125 0.379394646875 0.7824894203125 0.379394646875 0.7920914984375 0.379394646875 0.7908112421875 0.3686423171875
3 0.9202356406250001 0.47061731875 0.9672819078125 0.47106015 0.9684155343749999 0.3723091140625 0.872055796875 0.37275194218749996 0.8029034703125 0.37275194218749996 0.8020532359375 0.3735268921875 0.8029034703125 0.4312054734375 0.7841983421875 0.431648296875 0.7858988078125 0.47106015 0.9202356406250001 0.47061731875
0 0.759825 0.42500584999999996 0.7405530578125 0.42323453750000006 0.73998621875 0.4329767859375 0.7476383171875 0.452904125 0.749622203125 0.45334695781249995 0.778530128125 0.43076264062499997 0.759825 0.42500584999999996