3 0.96851424375 0.618652675 0.9687075890625 0.5366205265625 0.968900946875 0.46803775625000005 0.8567195109375 0.46758440625000003 0.7901115421875 0.467355378125 0.7892405609375001 0.5564168015625001 0.7896272625 0.618350440625 0.96851424375 0.618652675
0 0.814375640625 0.60066174375 0.8194026671874999 0.5973371796875 0.792914153125 0.5771305625 0.7892889000000001 0.577057009375 0.7894339203125 0.6065552921874999 0.8012280687500001 0.6056485921875 0.8087685953125 0.603230725 0.814375640625 0.60066174375
5 0.9118115843749999 0.620047675 0.911618240625 0.6121896171875 0.8868806749999999 0.6121896171875 0.8477762953125 0.6118226828125 0.8482004953125 0.620047675 0.8764291359374999 0.6201987953125 0.9118115843749999 0.620047675
3 0.7852672968750001 0.47122248281249995 0.9065960125 0.4713735953125 0.9686603203124999 0.4716758296875 0.9688536640625 0.43194827656249996 0.9688536640625 0.37258361562500003 0.8924769078124999 0.3724324984375 0.8013622453125 0.37257015 0.801895115625 0.43088240468750005 0.7852672968750001 0.4307312875 0.7852672968750001 0.47122248281249995
5 0.8838741453125 0.378922459375 0.8838741453125 0.3719710953125 0.8568055984375 0.3721222125 0.82669183125 0.37219251875000003 0.8256767578125 0.37862022500000003 0.8531320078125001 0.37862022500000003 0.8838741453125 0.378922459375
0 0.806535440625 0.441770853125 0.7989949140625 0.43844629062499996 0.7935811984375001 0.4375395875 0.7851222765625 0.43676731718750006 0.78488059375 0.4657983921875 0.7889408734375001 0.46594950781250005 0.8136892640625 0.44630435 0.806535440625 0.441770853125
5 0.70811065 0.43516915625 0.70811065 0.420377934375 0.70780528125 0.39722688125 0.6989496046875 0.397097928125 0.699254975 0.4123761078125 0.6991022921875001 0.43516915625 0.70811065 0.43516915625
5 0.7911707984375 0.378616928125 0.7910181171875 0.371337471875 0.779414128125 0.3714568078125 0.7653671859375 0.371451771875 0.7658252421875 0.3789749359375 0.77742923125 0.3787362640625 0.7911707984375 0.378616928125
3 0.5357654109375 0.618603990625 0.7145940890625 0.618603990625 0.7145940890625 0.5696782421875 0.7145940890625 0.503163475 0.7149111765625 0.46761370468749996 0.70793538125 0.46761370468749996 0.7077768421874999 0.46625066249999997 0.6163272656250001 0.46625066249999997 0.536303809375 0.4662089734375 0.5359239484375 0.52100031875 0.5356068734375 0.5660847671875 0.5357654109375 0.618603990625
0 0.6842571421875 0.5981803828125 0.6903142828125 0.6009494234375 0.695571428125 0.6036291375 0.7043714296875 0.606219525 0.7144285671875 0.607023440625 0.7143142828125 0.5778125000000001 0.7116857171875 0.5777252328125 0.7028857109375 0.5838885765625 0.6842571421875 0.5981803828125
5 0.766542859375 0.61979674375 0.766542859375 0.6123828687499999 0.7524857125 0.6124721906249999 0.7358857109375 0.612522321875 0.73602856875 0.6197074203125 0.75134285625 0.61988606875 0.766542859375 0.61979674375
5 0.6523142828124999 0.6197057078125 0.6521999984375 0.61220250625 0.627171425 0.6122918328125 0.5957428546875 0.6123811546875 0.595400003125 0.6198843562499999 0.6197428546875 0.619973678125 0.6523142828124999 0.6197057078125
3 0.3262605375 0.6185624140625 0.34656437812499996 0.6383610578125001 0.408442759375 0.6382099265625001 0.428359853125 0.6184112796875 0.468387434375 0.6185624140625 0.468387434375 0.5454535 0.468387434375 0.46704681875 0.3821472921875 0.467197953125 0.287927803125 0.4670336703125 0.28863355625 0.54620111875 0.28863355625 0.6185624140625 0.3262605375 0.6185624140625
5 0.42900078124999996 0.617788628125 0.4218105703125 0.612168875 0.40452639843749993 0.6297846359375 0.350738053125 0.6297846359375 0.332236346875 0.61172465 0.3266362828125 0.618118603125 0.3472390078125 0.6384304078125 0.4083980453125 0.63799811875 0.42900078124999996 0.617788628125
0 0.26196782343749997 0.5977396640625 0.257171425 0.59465243125 0.2329073125 0.6144989265625 0.23262516562500002 0.618450640625 0.270008834375 0.6183579671875 0.2687391984375 0.6077731671875 0.26605886875 0.6023705109375 0.26196782343749997 0.5977396640625
0 0.31289425312499997 0.6062295546875001 0.3182549234375 0.6022602546875 0.292721175 0.582413759375 0.28834799218749996 0.5827697359374999 0.28806585625 0.6114116953125001 0.298505071875 0.611191178125 0.3072514359375 0.60876549375 0.31289425312499997 0.6062295546875001
3 0.035176323437500004 0.6185583609374999 0.07505655 0.618427396875 0.0947403640625 0.6378102421875 0.1555660796875 0.637941209375 0.17550619218750002 0.618427396875 0.21471616093749998 0.6185583609374999 0.21471616093749998 0.5832117218749999 0.21471616093749998 0.518149946875 0.2145486 0.4676183296875 0.206505525 0.4674873640625 0.206505525 0.46683253750000003 0.15055620625 0.46683253750000003 0.13195660781250002 0.45308119218750004 0.129945846875 0.454521809375 0.12642700625 0.457664975 0.1237459859375 0.46264165 0.1235784109375 0.46120103281249997 0.121232525 0.45674821718749997 0.1150326515625 0.453605053125 0.09810869375 0.466439640625 0.0352722109375 0.46657060625 0.035176323437500004 0.515923540625 0.035176323437500004 0.567633846875 0.035176323437500004 0.6185583609374999
5 0.1775912328125 0.61791051875 0.1685427765625 0.6121480484374999 0.1509485609375 0.629566415625 0.09950643125 0.629697384375 0.0820523375 0.6112157109374999 0.074553853125 0.6181724453124999 0.09499665 0.638210121875 0.155822371875 0.638210121875 0.1775912328125 0.61791051875
0 0.189361765625 0.6045345140625 0.1961550078125 0.6072913640625 0.20556104843749998 0.60974189375 0.21418324531250002 0.6102524218750001 0.2144445203125 0.5810134875 0.21026406406249998 0.5810502375000001 0.18374426875 0.6016755578125 0.189361765625 0.6045345140625
3 0.2796710859375 0.4723609671875 0.38285165781249997 0.47174219375000004 0.46795845625 0.47174219375000004 0.46815637499999996 0.45102155625 0.46815637499999996 0.37231572812499997 0.29005584687499997 0.3724704234375 0.19980305 0.372625115625 0.199369796875 0.41360230781249996 0.199369796875 0.47174219375000004 0.2796710859375 0.4723609671875
5 0.2506318109375 0.3785117 0.25043387500000003 0.371550509375 0.2365792796875 0.371550509375 0.2212897484375 0.371337171875 0.219953778125 0.37820231249999997 0.2349959078125 0.378357009375 0.2506318109375 0.3785117
5 0.3792200703125 0.37901371250000004 0.3786262953125 0.3715884421875 0.362594553125 0.3723619078125 0.3313227453125 0.371723740625 0.3307289875 0.378859021875 0.35032333125 0.378859021875 0.3792200703125 0.37901371250000004
5 0.44387711406249997 0.3787583109375 0.44349142031250005 0.3716238265625 0.421635053125 0.3716238265625 0.39617880781250003 0.37153816562499997 0.3963073734375 0.3787583109375 0.41674950781250003 0.3786578265625 0.44387711406249997 0.3787583109375
0 0.219429884375 0.46080421562499996 0.2237318125 0.45852970937500004 0.228919428125 0.4548707203125 0.2039935625 0.43538907968749996 0.199153890625 0.4352092609375 0.199185525 0.46456209531250003 0.20740979531249998 0.4644632046875 0.21436879375 0.463177615625 0.219429884375 0.46080421562499996
1 0.1254503234375 0.456766421875 0.1238629359375 0.4616052625 0.12037069062500001 0.45614605781249995 0.11513230781249999 0.4526720109375 0.09576619374999999 0.465947815625 0.09592492968750001 0.4717792453125 0.09592492968750001 0.4719033171875 0.1516422046875 0.4722755390625 0.151007246875 0.46607189218749995 0.13195860625 0.453168303125 0.1254503234375 0.456766421875