3 0.7641695453125 0.652448778125 0.901268078125 0.6527933515625 0.960562340625 0.652448778125 0.960885478125 0.5999291703125 0.961208603125 0.5281135531250001 0.9032527343750001 0.528630409375 0.903414309375 0.5115924890625 0.903091171875 0.44632373125 0.890004428125 0.4464960203125 0.8906506890625 0.4072148609375 0.8025325828125001 0.407559434375 0.7642417265625 0.4073251421875 0.7641695453125 0.4761016171875 0.7640079828124999 0.5642751984375 0.7641695453125 0.652448778125
0 0.8752780203125001 0.4430788328125 0.8785857390625 0.444511759375 0.8842708734375 0.44605490937500003 0.890369465625 0.4468264859375 0.890524515625 0.413884253125 0.8863381953125 0.41408961250000004 0.8718669453125001 0.44120500468749996 0.8752780203125001 0.4430788328125
5 0.9616959453125 0.48594005625000003 0.9618705500000001 0.467791078125 0.9618705500000001 0.450288815625 0.9499972234375 0.45030493437499997 0.949735315625 0.4664827546875 0.9499972234375 0.48584695624999996 0.9616959453125 0.48594005625000003
5 0.950171834375 0.394372171875 0.96160864375 0.39455836718750004 0.96160864375 0.38208831249999997 0.9616959453125 0.36896161875 0.9500845265625 0.36896161875 0.9499099203125001 0.369049753125 0.9499972234375 0.3814316734375 0.950171834375 0.394372171875
0 0.9052539828124999 0.376126525 0.9084842296875 0.36923733593749997 0.9040317265625 0.36700300625 0.8980077640624999 0.3643962859375 0.8934679578125 0.3633722171875 0.890586934375 0.363092925 0.88528321875 0.36271462187500003 0.8856106078125 0.400145584375 0.8919837953125 0.40023868125 0.90045226875 0.3857155296875 0.9052539828124999 0.376126525
3 0.711936834375 0.6531570265625 0.7120882609375 0.5908445359375001 0.7125425484375 0.527894746875 0.6574229 0.527894746875 0.6112374843749999 0.5280432109375 0.610934628125 0.6102216484375 0.610934628125 0.6531570265625 0.711936834375 0.6531570265625
0 0.621534565625 0.5412972500000001 0.623048840625 0.5469489078125 0.62698595625 0.5529235171875 0.6563629125 0.535484115625 0.6563629125 0.5277332734375 0.6203231390624999 0.5280432109375 0.6206259968750001 0.533061978125 0.621080278125 0.536775921875 0.621534565625 0.5412972500000001
5 0.68649700625 0.6534799796875 0.6867998562500001 0.6410463328125 0.6584829 0.6408848593750001 0.6339516234375 0.6406246375 0.6338001984375 0.653641453125 0.6584829 0.6534799796875 0.68649700625 0.6534799796875
3 0.45905417968749995 0.6531742781250001 0.6168964531250001 0.6534154187500001 0.616670321875 0.6124471890625001 0.616670321875 0.5478471703125 0.6168964531250001 0.4731192359375 0.517397025 0.47287809531249997 0.458828040625 0.47309723281249993 0.45905417968749995 0.5010787140625 0.45905417968749995 0.5914679453125 0.45905417968749995 0.6531742781250001
0 0.5997551171875 0.4869432609375 0.5921810562500001 0.49042458125 0.6095491703125 0.521338696875 0.6164703031250001 0.5216172046875001 0.616731475 0.483557903125 0.61203033125 0.4840189515625 0.6073291875 0.4840189515625 0.5997551171875 0.4869432609375
3 0.45891978437500003 0.478645278125 0.512000159375 0.47880179062500006 0.60937578125 0.47880179062500006 0.60952255625 0.42762915625 0.60981610625 0.356908609375 0.6090822203124999 0.29150963281250003 0.514380109375 0.2913531140625 0.45889838593750004 0.29162283125 0.4592133328125 0.3279780390625 0.45906655937499996 0.393377015625 0.45891978437500003 0.478645278125
5 0.4702216109375 0.4187243875 0.47066194687499996 0.3819512921875 0.47080872031250004 0.33704766406250003 0.45866291875 0.3371888984375 0.4584794484375 0.3814733984375 0.45833267343750006 0.4187243875 0.4702216109375 0.4187243875
0 0.5930158999999999 0.44315802031249996 0.585823821875 0.45708801093750007 0.5911078046875 0.4599053125 0.5969788859375 0.4620965484375 0.6031435171874999 0.46334868125 0.6093081484375 0.46366171562499997 0.60934484375 0.4251920328125 0.6031435171874999 0.42468904375000005 0.599474090625 0.43048016406249995 0.5930158999999999 0.44315802031249996
0 0.64655281875 0.39858278281250004 0.64258984375 0.39216559218749997 0.6138215484375 0.40969547031250003 0.6141150984375 0.41658728125 0.6487544749999999 0.4168952390625 0.6487544749999999 0.41063456875000004 0.647727040625 0.40280873125000005 0.64655281875 0.39858278281250004
5 0.7132629875000001 0.36037533437499997 0.7132629875000001 0.3361152375 0.7131162125 0.3140463765625 0.7009337140625 0.3140463765625 0.7009337140625 0.3356456875 0.7010804890625 0.36037533437499997 0.7132629875000001 0.36037533437499997
5 0.7134097625 0.4065144078125 0.7132629875000001 0.3902450109375 0.7131162125 0.3777236671875 0.7010804890625 0.377865903125 0.7007869390625 0.390236665625 0.7010804890625 0.40635789375 0.7134097625 0.4065144078125
5 0.7132629875000001 0.36066334218749996 0.7135565374999999 0.3364199296875 0.7134097625 0.313889859375 0.7010804890625 0.313916959375 0.7010804890625 0.32922015781249997 0.7009337140625 0.360506825 0.7132629875000001 0.36066334218749996
5 0.7133984703125 0.4743395203125 0.71357253125 0.45356068125000004 0.7130503359375 0.43295756562500004 0.700865903125 0.43303758906249995 0.700865903125 0.45225149375000007 0.7010399640625 0.4743395203125 0.7133984703125 0.4743395203125
5 0.5787809203125 0.6533761546875 0.5787809203125 0.641134096875 0.5457141328125 0.6410116734375 0.49941998125 0.641087946875 0.49933752499999995 0.6533761546875 0.5351559359375 0.6534985734375 0.5787809203125 0.6533761546875
5 0.39450425624999996 0.638891675 0.40664032343749995 0.6392414453125 0.40664032343749995 0.6332954 0.406421659375 0.6210535484374999 0.3947229203125 0.6210381875000001 0.3947229203125 0.62151990625 0.3946135890625 0.6302640859374999 0.39450425624999996 0.638891675
5 0.40653099218750005 0.6019515875 0.40653099218750005 0.588427253125 0.406421659375 0.575252690625 0.3947229203125 0.57515081875 0.39450425624999996 0.588194075 0.3947229203125 0.601718409375 0.40653099218750005 0.6019515875
0 0.348119321875 0.572215409375 0.345057975 0.5731481203125 0.34134061875 0.5747803703125001 0.3376232625 0.57757850625 0.3521646828125 0.60567646875 0.3586153796875 0.605909646875 0.358642715625 0.5719459875 0.3534766875 0.571515875 0.35129000781249997 0.571515875 0.348119321875 0.572215409375
0 0.3218895375 0.5920831328125 0.3171856984375 0.5992308953125 0.3161273328125 0.6047484609375 0.3156569484375 0.60863584375 0.31533355625000004 0.6134425125 0.3503477546875 0.6131502156249999 0.35046535 0.6091374375 0.334001915625 0.5991054921875001 0.3218895375 0.5920831328125
3 0.26526629218750003 0.36861815937500003 0.275905315625 0.371643490625 0.275905315625 0.46996682031250003 0.341158021875 0.46769782656250003 0.40711993281250003 0.466185153125 0.40641067499999994 0.395130153125 0.40641067499999994 0.2907964453125 0.275905315625 0.2893631375 0.275905315625 0.3255071546875 0.25675506875 0.36483649375 0.26526629218750003 0.36861815937500003
5 0.36648813593749996 0.3024777515625 0.36648813593749996 0.28987487968750003 0.3345778546875 0.28987487968750003 0.3036278265625 0.2901755734375 0.303406225 0.3024777515625 0.330884534375 0.3024777515625 0.36648813593749996 0.3024777515625
0 0.1172372515625 0.4307212765625 0.12166376718750001 0.43738513125 0.1510869859375 0.4182265375 0.1510869859375 0.41156267343749997 0.11398246875 0.4115260890625 0.11541458125 0.4215584703125 0.1159353375 0.42489039218749997 0.1172372515625 0.4307212765625
0 0.11567495937500001 0.3119268296875 0.1206222328125 0.3183130265625 0.14952469531249998 0.3013757078125 0.1497850734375 0.29165757812500004 0.1133315125 0.2914889734375 0.11281074531249999 0.30193103125 0.11437304687500001 0.306928925 0.11567495937500001 0.3119268296875
5 0.1032671234375 0.303385940625 0.1032671234375 0.290281046875 0.0814353640625 0.29012687187499997 0.0585915296875 0.29014962031249997 0.0581577921875 0.3036942921875 0.07868831875 0.303385940625 0.1032671234375 0.303385940625
3 0.157143796875 0.3847161 0.15729470625 0.5936466984375001 0.157143796875 0.652994878125 0.310714375 0.65315560625 0.3105634640625 0.5568136453125 0.3110162171875 0.46272189687500004 0.28173846406249997 0.46272189687500004 0.281587553125 0.3727960875 0.28173846406249997 0.2920709171875 0.1850157609375 0.29174945937499996 0.1525650875 0.291783721875 0.1520126390625 0.3020491515625 0.157143796875 0.3020491515625 0.157143796875 0.3847161
0 0.1721104875 0.3493914296875 0.174727784375 0.3481443984375 0.1778272109375 0.346163821875 0.1617101828125 0.315425225 0.1571281328125 0.3152567625 0.1573709828125 0.35203220156250004 0.1632943328125 0.351958846875 0.168322296875 0.35078516875 0.1721104875 0.3493914296875
0 0.264770896875 0.3668452734375 0.27204064375 0.3690228390625 0.2818093671875 0.36986966718750003 0.28149764374999997 0.3317464921875 0.27533474999999996 0.3318533640625 0.258182684375 0.36418380781250004 0.264770896875 0.3668452734375
0 0.30202835 0.4771482890625 0.2978255296875 0.47799511875 0.29214603281249996 0.48041463437500004 0.286693725 0.4842858578125 0.30270988593750003 0.515134678125 0.3104339921875 0.515134678125 0.3102333 0.4762374125 0.3070263015625 0.4769063359375 0.3044137328125 0.4770273140625 0.30202835 0.4771482890625
5 0.270039971875 0.6537728125 0.2699717546875 0.6413488234375 0.24346515468750002 0.641421478125 0.19967418750000002 0.641363721875 0.1997083609375 0.65333688125 0.23176906718749998 0.653627503125 0.270039971875 0.6537728125
5 0.9621363593750001 0.59981696875 0.9621363593750001 0.5791147296875 0.9622792828125 0.5437744859375 0.9493926171875 0.543611146875 0.9494157046874999 0.567089165625 0.9497015609374999 0.599664746875 0.9621363593750001 0.59981696875
3 0.1779955921875 0.3024125765625 0.2551638625 0.3019410046875 0.2863407265625 0.3019410046875 0.2863407265625 0.1757555046875 0.26179723906249996 0.1762270734375 0.1523465328125 0.1756438171875 0.15256765 0.20931521874999998 0.151683196875 0.3021767875 0.1779955921875 0.3024125765625
5 0.25901001562500003 0.18810119218750002 0.2591280671875 0.1751347765625 0.22760770937500002 0.175008890625 0.17755289999999999 0.1750977890625 0.17696263125 0.18822707968750002 0.211670446875 0.18822707968750002 0.25901001562500003 0.18810119218750002
5 0.286819578125 0.22123262187499998 0.286656190625 0.211127565625 0.28673788125 0.19056900625 0.27450454999999996 0.1906080484375 0.274565821875 0.197102446875 0.27489258437499997 0.2213197328125 0.286819578125 0.22123262187499998
4 0.254987934375 0.3023168015625 0.25506119531250004 0.291691309375 0.2199836703125 0.2916131796875 0.185383409375 0.2916078828125 0.185566028125 0.302238675 0.21432483593749999 0.30239492968750004 0.254987934375 0.3023168015625