0 0.1515262515625 0.7536179328125 0.1522639515625 0.7431301734375 0.11095276875 0.7433923671875 0.1102150703125 0.7465386953125 0.11109121562499999 0.750116171875 0.1254608640625 0.7609593640625001 0.1436574546875 0.7719715109374999 0.148821353125 0.7622703343749999 0.1515262515625 0.7536179328125
0 0.145610003125 0.6804971484375 0.1411375109375 0.6724922859375 0.117177728125 0.6857769499999999 0.11138792812500001 0.694269484375 0.11845558281249999 0.69412244375 0.1475267859375 0.6942927609375 0.145610003125 0.6804971484375
5 0.1834313328125 0.7418806390625 0.1731991453125 0.7417537765625 0.166417346875 0.7417537765625 0.1614202328125 0.7416269140625 0.158445759375 0.74150005 0.15372881875 0.7417331390624999 0.153686603125 0.7560892765625 0.16629836874999998 0.7557086875000001 0.1837882703125 0.7559624125 0.1834313328125 0.7418806390625
5 0.25713686562500004 0.7416536109375 0.23751603124999998 0.7413504078125001 0.231070540625 0.7409461375 0.2270895015625 0.7409461375 0.2160942515625 0.7411482734375 0.2023501875 0.7413504078125001 0.19543076406249998 0.7415525421875 0.1926418421875 0.74161710625 0.192669278125 0.7566116 0.2303943625 0.7565105328125 0.2575160125 0.7561062625 0.25713686562500004 0.7416536109375
5 0.27319242187500004 0.74580935 0.2770161328125 0.739347559375 0.282282753125 0.729654875 0.277881878125 0.7258854968749999 0.2709559125 0.7210391546875 0.25939021875 0.7408423109375 0.2627313265625 0.7435015671875 0.2708116203125 0.7493479484375001 0.27319242187500004 0.74580935
5 0.191855271875 0.740295646875 0.18835637031250002 0.7329472 0.18602376874999998 0.7280859203125 0.18093445625 0.720398315625 0.176799390625 0.7227724281250001 0.174099375 0.724632734375 0.1783898015625 0.73272109375 0.181888703125 0.739617328125 0.18485746875 0.7448177671875 0.191855271875 0.740295646875
5 0.28192950625 0.38214924687499996 0.266743490625 0.38214924687499996 0.24991574375 0.3819304328125 0.23349842812500002 0.3819304328125 0.2329796453125 0.382102678125 0.2332932125 0.3909018359375 0.266127840625 0.3913394640625 0.2817242890625 0.39112065 0.28192950625 0.38214924687499996
0 0.18803932343750002 0.3900957125 0.1881952703125 0.381781653125 0.18632390000000001 0.3752966875 0.1808657328125 0.366650065625 0.157005746875 0.3791211546875 0.1513916328125 0.38361074687499996 0.148584575 0.3859386828125 0.1473369953125 0.38976315 0.18803932343750002 0.3900957125
5 0.232908134375 0.3095115328125 0.23313768750000002 0.2713283828125 0.233826346875 0.2539501546875 0.22877618281249998 0.2539501546875 0.22434382031250003 0.25459513125 0.223955571875 0.31171440625 0.22372601875 0.33937271406249997 0.23336724062499997 0.339862240625 0.232908134375 0.3095115328125
0 0.22600836875 0.19668381562499998 0.21737456718749998 0.1983576171875 0.21011432343749997 0.20358824531250003 0.225812146875 0.2343443359375 0.23163746875000002 0.23904368593749997 0.2320912765625 0.2393657375 0.232483721875 0.19668381562499998 0.22600836875 0.19668381562499998
0 0.18501646875 0.1905482375 0.18518718125 0.18454142499999998 0.18194364062499999 0.173801971875 0.17904152499999998 0.16488276562499998 0.1462193328125 0.1849693890625 0.146264690625 0.1850874984375 0.14506970156250001 0.1898201390625 0.18501646875 0.1905482375
5 0.17332246874999999 0.1045098609375 0.155734353125 0.1042905203125 0.139791909375 0.10418085156250001 0.135369165625 0.10418085156250001 0.1319749671875 0.10407118125 0.1294806390625 0.10425314999999999 0.13002073281249998 0.11854761250000001 0.1567628984375 0.11865728281250001 0.17352817812500002 0.11821860312500002 0.17332246874999999 0.1045098609375
5 0.21318474687500003 0.11037254218749999 0.2133549109375 0.1044757484375 0.20467653593750001 0.10456646875 0.1982102953125 0.10438502812499999 0.19582799687500002 0.1044757484375 0.1931316453125 0.1045922796875 0.193360615625 0.118537334375 0.20442128906249998 0.1189002140625 0.213269828125 0.1189002140625 0.21318474687500003 0.11037254218749999
0 0.27495475156250004 0.11695518125 0.2751520765625 0.11064318124999999 0.27495475156250004 0.10275318124999999 0.27268551875 0.09717758125 0.2680483890625 0.0900239796875 0.2374533015625 0.10690190937499999 0.237364403125 0.10696118125000001 0.23588446875 0.11674478125000001 0.27495475156250004 0.11695518125
3 0.2321821828125 0.3206700796875 0.23273498906249998 0.184199896875 0.21587439062499997 0.184494615625 0.187404859375 0.184199896875 0.1860228421875 0.174179465625 0.18187679375000002 0.164453753125 0.1791127625 0.1615065671875 0.1448387609375 0.1836104609375 0.110011953125 0.1836104609375 0.100337840625 0.1833157421875 0.100890646875 0.3890447859375 0.2084115046875 0.39037101875 0.2324585859375 0.389928940625 0.2321821828125 0.3206700796875
5 0.4919457609375 0.7403595468749999 0.48121941562500004 0.7401053890625 0.468586165625 0.7401053890625 0.45666800468749996 0.7401053890625 0.4454649328125 0.7403595468749999 0.4411620125 0.7407421359375 0.4414127578125 0.7576422843749999 0.462388721875 0.7581506 0.49170739843750005 0.7578964421875 0.4919457609375 0.7403595468749999
5 0.564153896875 0.75760396875 0.5643576515625 0.7410925703125 0.5500948796875 0.7404408046875 0.5295157374999999 0.74000629375 0.5181055203125 0.7402235484374999 0.5141754234375 0.7403768656249999 0.5138266875 0.7571694578125 0.5307382609375 0.75760396875 0.55478121875 0.75760396875 0.564153896875 0.75760396875
0 0.47154425624999996 0.60936725 0.47214027343750004 0.6007878609375 0.42624700937500004 0.6004701046875 0.42664352812499995 0.6031526453125 0.44591555156249996 0.6185821484375 0.464392059375 0.6309745999999999 0.46975620781250005 0.620806434375 0.47154425624999996 0.60936725
0 0.471143603125 0.598998284375 0.47793745468750004 0.6004470921875 0.486090078125 0.5888566375 0.4912986984375 0.5772661828125 0.497186703125 0.564226921875 0.48812823281249995 0.5591560984374999 0.47125965625 0.55681954375 0.4708039109375 0.5622951796875 0.4706906796875 0.5685733421875 0.471143603125 0.598998284375
5 0.5832443781250001 0.40147455781249997 0.5750098218749999 0.40126040625000003 0.5577373390625 0.401688709375 0.5503061546875 0.401688709375 0.53905895625 0.401688709375 0.533015928125 0.4022140875 0.533033671875 0.4186066609375 0.5603482953125 0.4196774171875 0.5834452203125 0.4201057203125 0.5832443781250001 0.40147455781249997
0 0.45281163593749996 0.41624890781249996 0.4531220625 0.4097944671875 0.45281163593749996 0.40582250468750003 0.450638646875 0.39936806406250003 0.44644788125 0.3924171296875 0.42254499687499997 0.40565700624999995 0.41195233125 0.4098817515625 0.4124561171875 0.4131044359375 0.413076971875 0.416083409375 0.45281163593749996 0.41624890781249996
5 0.48688033124999996 0.2723747640625 0.476753659375 0.272234534375 0.463470621875 0.271954075 0.454659103125 0.27181384531249997 0.44676818906250004 0.27181384531249997 0.4437433390625 0.27167361562500003 0.43865712187500006 0.27156208125000003 0.438614246875 0.2873793546875 0.46491728906249996 0.28751958437499997 0.48674881562500005 0.2873793546875 0.48688033124999996 0.2723747640625
3 0.5264301437500001 0.4159692828125 0.5266630484375 0.3826919953125 0.5266630484375 0.273628290625 0.503139646875 0.273131615625 0.4626141828125 0.27337995312499996 0.44002240156249994 0.27337995312499996 0.3999627484375 0.27337995312499996 0.39920250468749996 0.2736033875 0.39833241406250003 0.27502598749999996 0.3987982234375 0.41547260625 0.47845172031249994 0.4162176203125 0.5264301437500001 0.4159692828125
3 0.60101125625 0.47719626093749995 0.6014429703124999 0.4044655234375 0.52416609375 0.4044655234375 0.5159635203125 0.4040052015625 0.5151000906250001 0.40998937656249995 0.470633509375 0.40952905624999997 0.4702017953125 0.416433871875 0.4714969375 0.5029742421875001 0.4710652234375 0.6060861734375 0.600579540625 0.6070068156249999 0.60101125625 0.47719626093749995
3 0.601609378125 0.653279590625 0.601609378125 0.60105261875 0.57867368125 0.60105261875 0.4795448203125 0.6002236203125 0.42939727968749997 0.6006381203125 0.4080165453125 0.6002236203125 0.3979092890625 0.6006381203125 0.3986867703125 0.7548320375 0.5405770999999999 0.7552465374999999 0.60199811875 0.7544175375 0.601609378125 0.653279590625
3 0.9002139250000001 0.5114413984375 0.9002139250000001 0.404546365625 0.8372350890625 0.404546365625 0.7813253046875 0.40523159062499997 0.7408389109375 0.4038611421875 0.7125626984375 0.4038611421875 0.6964966687499999 0.404546365625 0.6958540281250001 0.5827047546874999 0.8314513171875 0.5820195296875 0.8989286421875 0.5827047546874999 0.9002139250000001 0.5114413984375