3 0.11689922187499999 0.49081271875 0.18493820625 0.49125083593749996 0.27758701874999997 0.49125083593749996 0.2778765390625 0.2945399421875 0.27729749843749996 0.1009465625 0.267453546875 0.10183660624999999 0.2677431 0.1076219546875 0.24544948125000002 0.1071769265625 0.24544948125000002 0.0840355578125 0.218523409375 0.1071769265625 0.1968088328125 0.10806698125 0.1959402390625 0.08448058593749999 0.168435125 0.10806698125 0.1470101 0.1076219546875 0.14672057968750002 0.08581565625000001 0.11979450625000002 0.1067318984375 0.0969218328125 0.1076219546875 0.097211353125 0.08448058593749999 0.0723119859375 0.1027266609375 0.06693399531250001 0.1017124609375 0.066231896875 0.2589401421875 0.06681095468750001 0.491257746875 0.11689922187499999 0.49081271875
0 0.2066527828125 0.5704793578125 0.19854598750000002 0.560688784375 0.18754395468750001 0.554458409375 0.1768738703125 0.554330340625 0.1779895546875 0.6145369671875 0.18493820625 0.6132018968749999 0.2066527828125 0.5704793578125
0 0.140640490625 0.660819715625 0.13079655625 0.6510291296874999 0.120084028125 0.6447987656249999 0.11096204999999999 0.6444533703124999 0.1111086703125 0.7053223640625 0.11718875937499999 0.704432309375 0.140640490625 0.660819715625
5 0.0931579703125 0.7271332515625 0.0708418109375 0.7273665578124999 0.0702852953125 0.7467144218749999 0.1160306453125 0.7467144218749999 0.115741125 0.7275782921875 0.0931579703125 0.7271332515625
0 0.142088125 0.7244631109374999 0.137166165625 0.7360337828125 0.1331127671875 0.7502746203124999 0.131282690625 0.7726283453125 0.172778059375 0.7707458468749999 0.1730675796875 0.7689657359375001 0.142088125 0.7244631109374999
5 0.22663017343749997 0.7275782921875 0.202925971875 0.726966009375 0.202888921875 0.7449343125000001 0.252687653125 0.7458243671875 0.2521086125 0.7275782921875 0.22663017343749997 0.7275782921875
3 0.27758701874999997 0.74360384375 0.27758701874999997 0.6416812765625 0.27729749843749996 0.47969167187500006 0.177915953125 0.47902754375 0.1779895546875 0.7338132578125001 0.1846486859375 0.744048871875 0.27758701874999997 0.74360384375
5 0.5927976234375001 0.10034087968750001 0.545562996875 0.10040512812499999 0.5456146296875 0.118626828125 0.5671897640625 0.118626828125 0.5934025187499999 0.1180069640625 0.5927976234375001 0.10034087968750001
5 0.4831072328125 0.10096074531250002 0.43506871406250003 0.10012617500000001 0.435117690625 0.118626828125 0.4546764625 0.11893676093750001 0.48290559999999993 0.119556625 0.4831072328125 0.10096074531250002
0 0.5056905484375 0.296223909375 0.5024643609375 0.2863061015625 0.49822999375 0.276078371875 0.4697992125 0.310790675 0.469541478125 0.32077899374999996 0.508916734375 0.3160595140625 0.508311828125 0.30676158125 0.5056905484375 0.296223909375
0 0.5187969359375 0.36936769375 0.5248460453125 0.3662683890625 0.5317016812500001 0.357280378125 0.5094573109375 0.314084090625 0.5034725421874999 0.3141999203125 0.5032709109375 0.37401667031249997 0.5113363828125 0.371847153125 0.5187969359375 0.36936769375
0 0.5319033359375 0.4062559515625 0.52645914375 0.4003672546875 0.5181920296875 0.3950984234375 0.5115380140625 0.3916891765625 0.5029256296875 0.3905175578125 0.5036741859375 0.450266196875 0.509320009375 0.44902648437500003 0.5319033359375 0.4062559515625
0 0.505085640625 0.5395328453125 0.5046823671875 0.5296150468749999 0.5018594546874999 0.52000718125 0.4973011265625 0.5099099812500001 0.4796794140625 0.5336441578125 0.48431705625 0.539222921875 0.505085640625 0.5395328453125
5 0.569811021875 0.7177562187500001 0.54828453125 0.717730903125 0.548235909375 0.7363520953125 0.5962254515625001 0.7360421625 0.5958221671875 0.7174462859374999 0.569811021875 0.7177562187500001
5 0.48633341874999997 0.75804729375 0.4662756375 0.7579003171875 0.4665730265625 0.7763332375 0.51375601875 0.7760232968749999 0.5135543874999999 0.75928700625 0.48633341874999997 0.75804729375
3 0.43814224375000005 0.607102696875 0.43753733749999996 0.6452242546875 0.4379406125 0.734492509375 0.44963553437500003 0.734492509375 0.4494339015625 0.7564976234375 0.4663713828125 0.7766431625 0.5135543874999999 0.7763332375 0.5335164125 0.757737353125 0.5333147796875 0.734182578125 0.548235909375 0.734182578125 0.548235909375 0.7363520953125 0.595620534375 0.7360421625 0.5958221671875 0.7348024421875 0.6206234984375001 0.7338726453125 0.6202202125 0.5004863203125 0.5099249265625 0.5017260453125 0.5032885015625 0.5037729875 0.46495992656249996 0.5522448546875001 0.4570960984375 0.5513150578125 0.45729773125 0.606792771875 0.43814224375000005 0.607102696875
3 0.620055978125 0.384067878125 0.62044156875 0.25603763281249997 0.620055978125 0.10281929062499999 0.5930639656250001 0.10222659687499999 0.592678375 0.099559459375 0.5444783765625 0.10015215468750001 0.5446711828125 0.10281929062499999 0.5032642796875 0.10187289531249999 0.5030263921875 0.26493115624999997 0.5034119921875 0.3831788296875 0.620055978125 0.384067878125
3 0.46976645 0.31975394687500003 0.5096760406249999 0.31530872187500003 0.5098688359375 0.19883607187500002 0.509097634375 0.102819140625 0.48364804687499996 0.1025227921875 0.4834552515625 0.10044835 0.4350624578125 0.10104104843749999 0.4350624578125 0.1031154859375 0.4095828359375 0.10240635312499999 0.40999846093750003 0.218402746875 0.40999846093750003 0.319457596875 0.46976645 0.31975394687500003
5 0.87106735 0.10059180937500001 0.82335849375 0.1004072734375 0.8230767828125 0.118258275 0.8454589328125 0.1188781484375 0.8704624203125 0.1188781484375 0.87106735 0.10059180937500001
0 0.8019044703124999 0.2986501921875 0.7984765796875 0.2859427328125 0.7950486765625 0.27788434687499997 0.7662140046875 0.31259739999999997 0.7658421796875 0.32218064687500003 0.8053323734375001 0.3225154109375 0.8043241703125 0.30980795781250003 0.8019044703124999 0.2986501921875
0 0.893852784375 0.537313653125 0.894457715625 0.5261558953125001 0.8549360640625 0.5255360171875 0.8547475234374999 0.5255426453125 0.8551377 0.53638384375 0.8843756656249999 0.57078695 0.8904248812500001 0.5540503015625 0.893852784375 0.537313653125
5 0.8333604796875 0.7173956453125 0.8086618968750001 0.7163514328125 0.808558628125 0.7350621015625001 0.8630017062500001 0.7353720312500001 0.8630017062500001 0.717705575 0.8333604796875 0.7173956453125
3 0.8049290906250001 0.3823398640625 0.8049290906250001 0.4778055734375 0.808760265625 0.47842544218749994 0.808558628125 0.5366937828125 0.8573557624999999 0.5351440890625 0.8845773015624999 0.5676875781249999 0.890626540625 0.552500615625 0.893852784375 0.5360739062500001 0.9333744359375 0.535454028125 0.9331728 0.3789241171875 0.9333744359375 0.2394424015625 0.9329711421875 0.10244983125 0.87106735 0.10275977031250001 0.87106735 0.10028026718750001 0.822875146875 0.1012100796875 0.8226735 0.1030697078125 0.752597096875 0.102917915625 0.7529057015625 0.32158720937499996 0.8055340093750001 0.3218971484375 0.8049290906250001 0.3823398640625
1 0.17534769687500001 0.47916574531249995 0.153319578125 0.455452246875 0.1467111796875 0.47239047031250003 0.145609740625 0.46646209531249994 0.1412041265625 0.4529115453125 0.1213788375 0.4783188796875 0.118625334375 0.4893286578125 0.119726771875 0.4910225296875 0.17534769687500001 0.48763485781250004 0.17534769687500001 0.47916574531249995
1 0.45724437656249994 0.6855486015625 0.4543266109375 0.6836255437500001 0.44307245 0.6759333375 0.45224251249999997 0.6733692953125 0.45724437656249994 0.6676000953125001 0.4434892828125 0.6413183984375 0.43932105000000005 0.6432414296875 0.438070584375 0.7111892875 0.4422388171875 0.7111892875 0.45724437656249994 0.6855486015625
2 0.24578730000000001 0.10758032343749999 0.24620432343749998 0.08384758125 0.2178473828125 0.10790103749999999 0.1972051921875 0.107259615625 0.1965796640625 0.08513043125 0.16780570781249998 0.1082217515625 0.146746509375 0.1082217515625 0.1469550140625 0.08577185937500001 0.11955323749999999 0.1082217515625 0.09724299374999999 0.108542465625 0.097660009375 0.08448900937500001 0.06677434374999999 0.11107958437500001 0.16842147968750001 0.11174959375 0.270182621875 0.11174959375 0.2703911265625 0.1062974734375 0.24578730000000001 0.10758032343749999