5 0.2814347578125 0.10020612031250001 0.2482584078125 0.099529053125 0.2482584078125 0.119841103125 0.2633796015625 0.11961541406250001 0.2818861375 0.12006679375 0.2814347578125 0.10020612031250001
5 0.1997351734375 0.1803258796875 0.21508205625 0.15865969062500002 0.1983810359375 0.14669815 0.1663331328125 0.19093328437499998 0.1839369109375 0.203120515625 0.1997351734375 0.1803258796875
5 0.1828084640625 0.2482584078125 0.183034153125 0.21034257812499998 0.1620450328125 0.2105682671875 0.1624964125 0.2886568203125 0.1825827734375 0.2882054421875 0.1828084640625 0.2482584078125
5 0.2015406890625 0.3236386875 0.18754794218749998 0.30197249843749996 0.16904140625 0.313934040625 0.1986067265625 0.3597490015625 0.216887571875 0.348464528125 0.2015406890625 0.3236386875
5 0.21937015624999998 0.5035131875000001 0.21914446718749997 0.4446082390625 0.198155346875 0.44415685937499993 0.1983810359375 0.5633208953125 0.21914446718749997 0.564223653125 0.21937015624999998 0.5035131875000001
5 0.21914446718749997 0.770729509375 0.21937015624999998 0.708213528125 0.1979296578125 0.7079878390625 0.198155346875 0.7380045375 0.1983810359375 0.770729509375 0.21914446718749997 0.770729509375
0 0.42286171875 0.69101793125 0.4217566796875 0.70648848125 0.4751669140625 0.707593521875 0.4751669140625 0.6549199796875 0.454907859375 0.6545516328125001 0.44017400156250003 0.66376029375 0.42765022343750003 0.6773891125 0.42286171875 0.69101793125
0 0.54073258125 0.8169924156249999 0.5293138421875 0.8052053296875 0.5112648656250001 0.7971017078125 0.49395258281250004 0.7937865890625 0.49432092968749997 0.8479335171875 0.5469944718749999 0.8475651703124999 0.5455210859374999 0.8324629671875 0.54073258125 0.8169924156249999
0 0.5981946265625 0.7385346234375 0.613665178125 0.7260108437499999 0.624715571875 0.7083302140625001 0.626557303125 0.6899128921875 0.5738837625000001 0.6888078531249999 0.572778721875 0.744428165625 0.5856708484375 0.7436914734375 0.5981946265625 0.7385346234375
3 0.1973537578125 0.7709785890624999 0.201543859375 0.7713976 0.2019628703125 0.8464004078125 0.47096735624999997 0.849333478125 0.47264339531250005 0.7181833171875 0.47306240624999996 0.6536557609375 0.4810235984375 0.652817740625 0.4814426078125 0.62809614375 0.46300616406249995 0.6289341640624999 0.46300616406249995 0.6368953562499999 0.20112485000000002 0.635219315625 0.20112485000000002 0.6913666703125 0.20112485000000002 0.707289053125 0.1973537578125 0.7068700437500001 0.1973537578125 0.7709785890624999
0 0.4537879421875 0.5815860234375 0.468034284375 0.5874521640625 0.48395666875 0.5891282046875 0.48437567968749995 0.5342378812499999 0.4311613953125 0.534656890625 0.43367545625000004 0.5509982859375 0.4395415984375 0.5706917609375 0.4537879421875 0.5815860234375
0 0.5204105484375 0.3695669109375 0.5107733156250001 0.354482546875 0.49275588125 0.347359375 0.47515745625 0.343588284375 0.4743194359375 0.3968025671875 0.5300477796874999 0.3968025671875 0.5279527296875 0.38339424375000003 0.5204105484375 0.3695669109375
0 0.58661414375 0.384651275 0.5677586890625 0.37333800156249997 0.5472271953125001 0.3699859203125 0.5476462046874999 0.424457234375 0.6008604875 0.424457234375 0.5966703859375 0.401411678125 0.58661414375 0.384651275
0 0.7441619421875 0.8551996203125001 0.7441619421875 0.8732170546875 0.7952811750000001 0.872379034375 0.7952811750000001 0.8195837609375 0.7797778015625 0.8212598015625 0.7646934375 0.8271259437499999 0.752123134375 0.8380202062500001 0.7441619421875 0.8551996203125001
5 0.8007283062500001 0.793186125 0.8015663265624999 0.6926237000000001 0.778520771875 0.693042709375 0.77893978125 0.7437429328125 0.7781017609374999 0.7936051359375 0.8007283062500001 0.793186125
3 0.5681777 0.936906590625 0.7977952359375 0.9364875796875 0.79863325625 0.8803402265625 0.79863325625 0.7940241453125 0.8015663265624999 0.792767115625 0.8015663265624999 0.6917856796875 0.796957215625 0.6917856796875 0.798214246875 0.6641310140625001 0.5744628515625 0.6641310140625001 0.5744628515625 0.7952811750000001 0.574043840625 0.8317350546875 0.5673396796875 0.8321540640625 0.5681777 0.936906590625
0 0.636476346875 0.550160265625 0.6427614984375001 0.5396850125 0.6452755578125 0.529209759375 0.6469515984374999 0.5170584671875 0.5908042453125 0.5178964875000001 0.5912232546875 0.5698537406249999 0.60630761875 0.5685967093750001 0.622230003125 0.5635685890625 0.636476346875 0.550160265625
5 0.800309296875 0.6088216796875 0.8011473171875 0.5040691546875 0.7781017609374999 0.5040691546875 0.77893978125 0.5480652140625 0.7793587921875 0.609240690625 0.800309296875 0.6088216796875
5 0.8007283062500001 0.48730874999999996 0.800309296875 0.44247466874999997 0.7797778015625 0.44247466874999997 0.77893978125 0.46300616406249995 0.7793587921875 0.48647072968750005 0.8007283062500001 0.48730874999999996
5 0.8007283062500001 0.3737570125 0.8355061453125 0.319704709375 0.81623168125 0.307553415625 0.7973762265625 0.3364651125 0.7814538421874999 0.36202472812500003 0.8007283062500001 0.3737570125
5 0.838439215625 0.30043024375 0.8380202062500001 0.22375139531250002 0.816650690625 0.223332384375 0.816650690625 0.25685319375 0.8170697 0.3012682640625 0.838439215625 0.30043024375
5 0.836344165625 0.20824802187499997 0.8007283062500001 0.1571287890625 0.7810348328125001 0.1701181015625 0.79863325625 0.1944206875 0.816650690625 0.22039931406250002 0.836344165625 0.20824802187499997
5 0.4926475609375 0.0996182359375 0.4594414828125 0.0990738734375 0.4591693015625 0.120303990625 0.475500159375 0.12003180937499999 0.49210319843750006 0.120303990625 0.4926475609375 0.0996182359375
3 0.1716655046875 0.31112131718749997 0.16986115468750002 0.3126679015625 0.19952589062499998 0.36035426875 0.20184576718749997 0.358034390625 0.20184576718749997 0.3951524265625 0.2482677484375 0.3951524265625 0.3874803859375 0.395410190625 0.5436854546875 0.3946368984375 0.5436854546875 0.3400411125 0.5431489453125 0.18198148281249998 0.5421178890625 0.10259012812499999 0.49234894375 0.10207459999999999 0.49183341406250003 0.0989814296875 0.45858184062499996 0.099754721875 0.45909736875 0.10207459999999999 0.379686578125 0.10181683593749999 0.2812206765625 0.10130130781249999 0.2812206765625 0.09923919375 0.2477113390625 0.1000124859375 0.24796910312499998 0.10259012812499999 0.2015715578125 0.10207459999999999 0.20131379374999997 0.144863446875 0.19950944375 0.147698853125 0.196931803125 0.14589450312500002 0.1657423421875 0.19151875625 0.168319984375 0.1938386328125 0.16496905 0.1977050953125 0.1647112859375 0.208788953125 0.1601695484375 0.20937524062500001 0.1601695484375 0.2877026671875 0.16470587187500002 0.28843807187500003 0.16419034375 0.2969442890625 0.1716655046875 0.31112131718749997
3 0.7979126671875 0.4225192890625 0.7985582265625 0.371520015625 0.7995265671875 0.369583334375 0.8017860296875 0.3708744546875 0.832772928125 0.321489084375 0.8305134671875001 0.3189068421875 0.8350323906250001 0.3111601171875 0.8363235109374999 0.29954002968750004 0.8382601921875 0.2998628109375 0.8382601921875 0.222718340625 0.8353551703125 0.22336390156250002 0.8350323906250001 0.21238937500000002 0.8324501484375 0.2091615734375 0.8350323906250001 0.207547671875 0.8004949078125 0.1588078609375 0.7979126671875 0.16009898125 0.79726710625 0.1026441046875 0.6426553875 0.10199854531250001 0.5351695796875 0.1029668859375 0.533878459375 0.25854694375 0.53452401875 0.4231648484375 0.6039217640625 0.4231648484375 0.7979126671875 0.4225192890625
3 0.1976480640625 0.565514509375 0.20151593281250002 0.565514509375 0.2011291453125 0.6459661671875 0.4633706078125 0.6463529546875 0.4637573953125 0.6513811828125 0.4823231625 0.6494472484375 0.48270995 0.6095760265625 0.4830967359375 0.4977946359375 0.4606631 0.3856264578125 0.3426931203125 0.3856264578125 0.2011291453125 0.38678681875 0.2011291453125 0.431267303125 0.200742359375 0.44403126718749997 0.197261278125 0.44364448124999994 0.1976480640625 0.565514509375