3 0.5674257328125 0.9370698234375 0.796912390625 0.9371993953125 0.796912390625 0.8774792609375 0.8028702843750001 0.8773496875 0.8033883656249999 0.81518144375 0.7970419093750001 0.8150518671875 0.796912390625 0.7923901015625 0.7996322984375 0.7923901015625 0.7997618156249999 0.74252455 0.79950278125 0.6940843250000001 0.796912390625 0.6940843250000001 0.7967828734375 0.665066490625 0.6643984281249999 0.6651960625 0.612853784375 0.6651960625 0.575422653125 0.6654386921875 0.5755854625 0.8327966984374999 0.568202846875 0.8327966984374999 0.5674257328125 0.9370698234375
0 0.5957905 0.73552751875 0.603820703125 0.730733253125 0.611591871875 0.7234770671875 0.6167726515624999 0.7163504578125 0.6206582359375 0.7081872484375 0.622601028125 0.7000240390625 0.6227305546874999 0.6906548140625001 0.5842632640625001 0.6906548140625001 0.5842632640625001 0.6839169265625 0.5753588 0.6835714203125 0.57532641875 0.7466709421875 0.584133746875 0.7466709421875 0.584133746875 0.7387668859375001 0.5957905 0.73552751875
5 0.799792246875 0.792803440625 0.799792246875 0.730206840625 0.799792246875 0.6937293015625 0.7798195031249999 0.693633728125 0.780260728125 0.744678890625 0.780260728125 0.7929211515625 0.799792246875 0.792803440625
0 0.7746130640625 0.8243277796875 0.7684947515625 0.8271528187499999 0.7626117625 0.83115495625 0.7583760140625 0.8351539296875 0.7536696234375 0.8412748484374999 0.7499045093750001 0.846924925 0.7474336562499999 0.8542229453125 0.745668759375 0.8626980578125 0.7453157765625 0.8703492046875001 0.7835552046875 0.870820046875 0.7835552046875 0.8778826437499999 0.8036750234375001 0.8777649359374999 0.8036750234375001 0.8605792796875 0.8036750234375001 0.81480893125 0.7837905203125 0.8146762125 0.7836728625 0.822679840625 0.7797900875 0.822915259375 0.7746130640625 0.8243277796875
0 0.5439343421875 0.8362381765625001 0.5414648984375 0.8268193890625 0.5360629828125 0.8167829828125001 0.528191621875 0.808599446875 0.5184681671875 0.8018055703125 0.5082817000000001 0.79809981875 0.5010276921875 0.7970189750000001 0.4954714375 0.7970189750000001 0.49578012656250003 0.8362381765625001 0.4881402671875 0.8357921421875 0.48821744218749996 0.85631099375 0.5521143921875 0.8558477765625 0.5521143921875 0.83670139375 0.5439343421875 0.8362381765625001
3 0.1989194328125 0.7703193374999999 0.2018236609375 0.77054283125 0.2016002453125 0.8491661234375 0.37321112031250003 0.8493896218750001 0.4710610671875 0.8492018609375 0.472624871875 0.7452995859375 0.47284827187499995 0.6537015578125 0.481560940625 0.65392505 0.48200773750000003 0.6373862734375 0.4070285546875 0.6371627796875 0.27936381250000003 0.637609771875 0.20139661874999998 0.637588425 0.2018236609375 0.7082229140625 0.19914283125 0.7082229140625 0.1989194328125 0.7703193374999999
5 0.2192489828125 0.7712133203125 0.2192489828125 0.748440459375 0.2188021859375 0.7077640046875 0.198025821875 0.7076807046875 0.198025821875 0.7325483421875 0.1982492203125 0.7707663328125001 0.2192489828125 0.7712133203125
0 0.459303409375 0.657271634375 0.45423562500000003 0.65896161875 0.44705625624999995 0.662482415625 0.4397361234375 0.6679748609375 0.4326975296875 0.676002278125 0.4276297390625 0.6850731421875 0.4248143015625 0.6960580328125 0.42439198749999996 0.705352940625 0.4632450265625 0.7060571 0.4632450265625 0.7123945375 0.472395196875 0.7123945375 0.47267673749999994 0.6489935046875 0.46352656562499994 0.6491033828125 0.4633857953125 0.6571308015625 0.459303409375 0.657271634375
3 0.19875634375 0.489110203125 0.19875634375 0.5636462984375 0.201561478125 0.5636462984375 0.20176184218749998 0.646211165625 0.4573348765625 0.6458102609374999 0.481779603125 0.6456098031249999 0.48197996718749997 0.59792359375 0.4821803296875 0.497930090625 0.477772271875 0.4736967640625 0.460340375 0.3859308359375 0.40663223125 0.38633174062500003 0.2503079015625 0.38633174062500003 0.20201956875 0.386732646875 0.20176184218749998 0.4440405515625 0.19855598125 0.44464190625000005 0.19875634375 0.489110203125
5 0.21939409687500003 0.5640578921875 0.2189933625 0.5243790749999999 0.21879299843750002 0.44443076875000004 0.1981051515625 0.4441124421875 0.19835560937500002 0.50354275 0.19835560937500002 0.563857434375 0.21939409687500003 0.5640578921875
0 0.43426544375000004 0.5364504234374999 0.43426544375000004 0.540337725 0.43492682968749996 0.5468717 0.4365802953125 0.5533753 0.44063128906250004 0.5613980265625 0.44583969999999995 0.5689245015625 0.45319410781249997 0.575575671875 0.46352826406250003 0.581447975 0.4730356890625 0.5841773578125 0.47295301562500003 0.592448209375 0.48179905156249997 0.5923655015625 0.48159236875 0.529336175 0.47328722343749996 0.5294202 0.47328722343749996 0.536367715625 0.43426544375000004 0.5364504234374999
0 0.5938199953125001 0.5677283328125 0.600300978125 0.5677283328125 0.6080781703125 0.5668638374999999 0.61779964375 0.5627574609375 0.6268730125 0.5573543390625 0.6344341578125 0.54914159375 0.64048308125 0.538983721875 0.6437235734375 0.528609728125 0.65085264375 0.52882585 0.65085264375 0.51953248125 0.587122984375 0.519072675 0.587122984375 0.528609728125 0.594252071875 0.528609728125 0.5938199953125001 0.5677283328125
5 0.8000043578125 0.60832536875 0.8000043578125 0.5730691046875 0.8000043578125 0.505047015625 0.779899075 0.5051120828125 0.7798105140625 0.5457874921875 0.7798105140625 0.6081481578125 0.8000043578125 0.60832536875
5 0.8001815078125001 0.48628115781250003 0.8001815078125001 0.4673191890625 0.8001815078125001 0.44304078125 0.7796776515625 0.44289198281250003 0.7798105140625 0.4646609703125 0.7796333640625 0.48628115781250003 0.8001815078125001 0.48628115781250003
3 0.534528253125 0.343419034375 0.534528253125 0.42295699999999997 0.619888325 0.4231610234375 0.750681878125 0.42295699999999997 0.7971802390625 0.4223449125 0.7969762859375 0.37075866875 0.7984038765625 0.369126453125 0.8012590421875 0.3709627 0.832869765625 0.3205788671875 0.8306264109375 0.3189466515625 0.8349091671875 0.31200972656250003 0.8349091671875 0.3003910515625 0.8375603796875 0.3001870265625 0.8377643171875 0.2241066515625 0.8351131031250001 0.2241066515625 0.835520978125 0.21308918281250003 0.8322579375 0.2088046109375 0.8347052140625 0.2069683671875 0.799563534375 0.158034475 0.7971162421875 0.1594626671875 0.7973201796875 0.10254996406250001 0.628951425 0.10295802031250001 0.5343741796875 0.1027858375 0.534528253125 0.17312161406249998 0.534528253125 0.2583723359375 0.534528253125 0.343419034375
0 0.5908157468749999 0.395198428125 0.5802108500000001 0.3841809625 0.5716453703125 0.37887625625 0.5614483625 0.37520376718750004 0.551863165625 0.3739796046875 0.5483961890625 0.3739796046875 0.5479883156249999 0.413560871875 0.541258284375 0.41294879218749997 0.541462221875 0.42220709999999995 0.6054994328125 0.42233403750000004 0.60590730625 0.413560871875 0.5973418265625 0.413560871875 0.5908157468749999 0.395198428125
5 0.8358450562499999 0.20688072968750001 0.8162776453125 0.1802400265625 0.799652690625 0.158010578125 0.7828806171875 0.1702392078125 0.8011239265625001 0.195849609375 0.8178960015625 0.21939155625 0.8358450562499999 0.20688072968750001
5 0.8380519078124999 0.300157559375 0.8383461609375 0.2661732328125 0.8381990406250001 0.22451953906250002 0.8171236000000001 0.224216128125 0.8174546265625 0.2607273421875 0.8174546265625 0.300157559375 0.8380519078124999 0.300157559375
5 0.8011239265625001 0.371224959375 0.813040921875 0.3525323109375 0.8329025874999999 0.320461409375 0.8149167484375001 0.309547725 0.7978872140625 0.3367833859375 0.782586375 0.36092192500000003 0.8011239265625001 0.371224959375
3 0.1979500421875 0.146998125 0.1673420875 0.19069292499999999 0.170083096875 0.19282573281249998 0.1652101875 0.198767121875 0.1652101875 0.21080224374999998 0.162469178125 0.21110693125000002 0.162469178125 0.28816017656250004 0.1652101875 0.28816017656250004 0.1650579109375 0.29958592500000003 0.1731286640625 0.3114524640625 0.17069220624999998 0.31328058593749997 0.199929653125 0.3589835828125 0.202061553125 0.357612490625 0.202061553125 0.3585265546875 0.20190927812499998 0.3950808328125 0.2929321796875 0.3952331734375 0.42602480781249996 0.3950808328125 0.5438046234375 0.395690203125 0.5436523484375 0.340710503125 0.5436523484375 0.25131745 0.5436523484375 0.1628384546875 0.5436523484375 0.10283954531249999 0.49126672187500003 0.10299188906250001 0.49096217031249995 0.100249709375 0.45944055156249997 0.100097365625 0.45944055156249997 0.102534859375 0.43621768281250006 0.1026872 0.2805348265625 0.10299188906250001 0.2805348265625 0.100097365625 0.24809952968750001 0.099945021875 0.24809952968750001 0.10283954531249999 0.2019972515625 0.10282596718749999 0.2017570015625 0.14684578125 0.199929653125 0.14897859062500002 0.1979500421875 0.146998125
5 0.281094028125 0.11975128125000001 0.2806371890625 0.1000989890625 0.2663230203125 0.09979430156249999 0.24751664375 0.0993997046875 0.248049615625 0.119598934375 0.263429740625 0.119598934375 0.281094028125 0.11975128125000001
5 0.1840927078125 0.20334716562500002 0.1967318109375 0.18538689375 0.2150052140625 0.1578208734375 0.1974551296875 0.1464156515625 0.1848541 0.1648162421875 0.1662761375 0.19207375937499999 0.1840927078125 0.20334716562500002
5 0.1824176421875 0.2889316359375 0.1827222 0.2683652875 0.1825699234375 0.21049918281250002 0.16128901874999999 0.2101822171875 0.1623168953125 0.2499479859375 0.1621646203125 0.2887792953125 0.1824176421875 0.2889316359375
5 0.2165279984375 0.3492352328125 0.2017570015625 0.3247079578125 0.1875570359375 0.3023106296875 0.170083096875 0.3128414203125 0.1874428265625 0.341313384375 0.198863709375 0.35974692343750003 0.2165279984375 0.3492352328125
0 0.52107321875 0.37221210937500004 0.5145481578125 0.3627311828125 0.5050712765625 0.35511535625 0.4959051078125 0.3499863296875 0.48471927187499997 0.34765495468749996 0.476795978125 0.3473441046875 0.477262059375 0.38588951250000003 0.469183396875 0.3857340828125 0.46941643749999995 0.3950384421875 0.5333465625 0.395059584375 0.533657275 0.386044934375 0.52542326875 0.3855786609375 0.52107321875 0.37221210937500004
5 0.49120096718750006 0.1195465984375 0.49132375 0.099646959375 0.47487057187500004 0.099646959375 0.45909271562500004 0.0997934234375 0.45939967656249997 0.119792275 0.47376551562499997 0.1195465984375 0.49120096718750006 0.1195465984375