5 0.051294664062499995 0.3547575140625 0.05165911250000001 0.24852845 0.038448220312499996 0.24892482500000002 0.0392682046875 0.4586083296875 0.05093023125 0.4578155703125 0.051294664062499995 0.3547575140625
0 0.24043805156250003 0.618744671875 0.2491845671875 0.6195374499999999 0.24973122343749998 0.5152902453125 0.23642924375000002 0.5204431609375 0.22330947031249998 0.530748953125 0.21091856406249998 0.5529460953124999 0.24043805156250003 0.618744671875
5 0.3144190140625 0.64411281875 0.2907305140625 0.6431218640624999 0.2892727828125 0.670273709375 0.343209603125 0.6686881890625 0.3428451875 0.64411281875 0.3144190140625 0.64411281875
3 0.2478385171875 0.6666167328125 0.24893183125 0.3447585296875 0.249660696875 0.0871134 0.0402909921875 0.08453694218749999 0.0404732171875 0.6642384703124999 0.13960039375 0.6666167328125 0.2478385171875 0.6666167328125
0 0.4167349953125 0.5844580765625 0.40981069375 0.6003131359375 0.4050729875 0.6217175 0.4014285953125 0.642329121875 0.4014285953125 0.668093621875 0.4477122484375 0.6676972703125 0.4473477984375 0.645500128125 0.4167349953125 0.5844580765625
0 0.520235446875 0.40608835781249997 0.512217796875 0.390233278125 0.48124054374999997 0.45603187343749996 0.4815138734375 0.47188695156250005 0.5282530624999999 0.47030145 0.5246087046875 0.42828548125 0.520235446875 0.40608835781249997
5 0.6928879984375 0.26656361875 0.6925235484375001 0.1500287390625 0.6810437484375 0.15141605625000001 0.680861540625 0.20552153125 0.680861540625 0.26656361875 0.6928879984375 0.26656361875
0 0.7362561249999999 0.30857958750000003 0.7315184515625 0.288760725 0.72386525 0.26894188125 0.691794684375 0.33394771562500003 0.690883578125 0.3517846875 0.738442753125 0.35218107656250003 0.7377138875 0.331569453125 0.7362561249999999 0.30857958750000003
5 0.8299167453124999 0.3299839515625 0.7772554140625 0.32800205937500004 0.77670875625 0.3545593375 0.8011261218750001 0.3569376015625 0.8299167453124999 0.35614484062499996 0.8299167453124999 0.3299839515625
0 0.9020754953125 0.463959421875 0.8933289796875 0.4457260625 0.8845824640625001 0.43383474843750003 0.874742634375 0.42987098437500004 0.863353921875 0.4278890921875 0.863809490625 0.53134351875 0.8718271078125 0.529758034375 0.9020754953125 0.463959421875
0 0.719856409375 0.5131101953125 0.713660971875 0.49804784062499996 0.7019989453125 0.483778265625 0.6936168640625 0.481400003125 0.68268371875 0.4790217390625 0.68268371875 0.5812870343750001 0.6899724875000001 0.5812870343750001 0.719856409375 0.5131101953125
3 0.6834126015625 0.4544463703125 0.6841414828125 0.666904490625 0.8116948171875 0.666904490625 0.9483591140625001 0.6676972703125 0.9479946984375 0.3323622140625 0.738807203125 0.3323622140625 0.7337050796875 0.2966882734375 0.7231363515625 0.2689418734375 0.6939813125 0.331569453125 0.6821370625000001 0.33394771562500003 0.6815904046875 0.3498028125 0.683777034375 0.35059555468750003 0.6834126015625 0.4544463703125
3 0.5835598609375 0.47035586093750004 0.68973660625 0.4674867546875 0.68973660625 0.35057022031249996 0.691385303125 0.35057022031249996 0.69204480625 0.08661147031250001 0.5690512484375 0.0887633078125 0.4683152375 0.08697010468750001 0.4681503765625 0.2809941453125 0.4684801140625 0.4682040234375 0.5835598609375 0.47035586093750004
3 0.21152409218749998 0.5507502171875001 0.24247303750000002 0.6191084906250001 0.241044625 0.666752121875 0.4667338046875 0.6688236 0.6909945703125 0.66571640625 0.6914707234375 0.577679203125 0.720991278125 0.5113924062499999 0.70480254375 0.4844633734375 0.6900423109375 0.4782489859375 0.69051841875 0.45339143125000003 0.527679390625 0.45339143125000003 0.5214896328124999 0.41403366875 0.51291915625 0.3902118296875 0.48197019062499996 0.455462909375 0.47530427968750005 0.45442719374999996 0.47530427968750005 0.1095286046875 0.47339971406250003 0.08570677812500001 0.2412826796875 0.087519303125 0.241044625 0.5176067953125 0.226284346875 0.523821184375 0.21152409218749998 0.5507502171875001