3 0.8058818609375 0.3215511765625 0.8058818609375 0.38238249999999996 0.933139946875 0.38183420468749996 0.9333181765624999 0.21685640624999997 0.9333181765624999 0.1028552484375 0.8769935562500001 0.1025811015625 0.753300121875 0.10214457343750001 0.753362815625 0.210839790625 0.753362815625 0.3215511765625 0.8058818609375 0.3215511765625
5 0.870639878125 0.1187703609375 0.8709963374999999 0.10095083281249999 0.84764786875 0.1006766890625 0.8228735328125 0.10043188750000001 0.8225170734375 0.11959280937500001 0.8444396765625 0.1187703609375 0.870639878125 0.1187703609375
0 0.7991041421875 0.287320115625 0.794985803125 0.277592021875 0.7660103765625 0.31378958749999997 0.7661574578125 0.32145562031249997 0.8043991437500001 0.3210290984375 0.8038108078124999 0.30700254375 0.8017516484374999 0.29569080468750003 0.7991041421875 0.287320115625
0 0.8879348390624999 0.5611049312499999 0.8907212093749999 0.55092613125 0.893159265625 0.538336553125 0.894030003125 0.526550571875 0.8546726578125 0.5261937265625 0.8548468031249999 0.5324435640625 0.8842777421875001 0.569944415625 0.8879348390624999 0.5611049312499999
5 0.862603365625 0.73518869375 0.8627400078124999 0.7177438796875 0.8431998328124999 0.7177438796875 0.8086287375 0.7175060046875 0.8084920953125 0.73539886875 0.8352744390625 0.73518869375 0.862603365625 0.73518869375
3 0.46123350625 0.5491343515625 0.4450838734375 0.54889081875 0.4100929921875 0.54986495 0.40977632656249996 0.6387156593750001 0.4100929921875 0.7336547 0.44956321875 0.7336547 0.449404884375 0.757033896875 0.46555452500000005 0.7757859609375 0.51349745625 0.776029490625 0.5332886796875 0.7572774250000001 0.5331303515625 0.733898234375 0.6203700671875 0.733898234375 0.6205283953125 0.599532759375 0.6203700671875 0.501671321875 0.572876753125 0.5021583859375001 0.5304443640625001 0.5019148515625 0.5035283015625 0.5021340859375 0.4651917515625 0.5513261515625001 0.461391834375 0.5508390828125 0.46123350625 0.5491343515625
0 0.50450329375 0.5273679796875 0.5032366625 0.5207925796875 0.5013366968749999 0.5159219140625 0.498011775 0.508828396875 0.47964552187500004 0.53296924375 0.4829704453125 0.5385705078125 0.50450329375 0.539788175 0.50450329375 0.5273679796875
5 0.513625959375 0.7764262578125 0.513625959375 0.7588729625 0.4897874890625 0.7587429343750001 0.4663294234375 0.7587263578125001 0.466625290625 0.77629623125 0.4883504203125 0.7764262578125 0.513625959375 0.7764262578125
5 0.5957156078125 0.735440059375 0.5958050140625 0.71770001875 0.5745262671875 0.7178375359375 0.5486430765625 0.7175810296875 0.548508965625 0.73571509375 0.5669267125 0.735440059375 0.5957156078125 0.735440059375
0 0.525048746875 0.3994716625 0.5181181828125 0.3949546421875 0.5120098875 0.3927864734375 0.5082509421875 0.39188306875 0.5035228875 0.39150387656249996 0.5036697218749999 0.44931396250000005 0.507781071875 0.44931396250000005 0.5313919640625 0.4056148109375 0.525048746875 0.3994716625
3 0.50353756875 0.30489113749999996 0.50353756875 0.383901246875 0.6090808156249999 0.38437169375 0.6202954968750001 0.384058065625 0.6201935390625 0.3829603546875 0.6201935390625 0.26570389375 0.6202954968750001 0.18544761406250002 0.6201935390625 0.102525465625 0.5923381890625 0.10299591562499999 0.5923381890625 0.10095730781250001 0.5461294703124999 0.10095730781250001 0.5461294703124999 0.10236864999999999 0.5036666078125001 0.10251383124999999 0.503435609375 0.16789259843749998 0.503435609375 0.22902570312499998 0.50353756875 0.30489113749999996
5 0.5925930375 0.11809537187500001 0.5926949890625 0.1005320015625 0.5730956765624999 0.100845628125 0.5457216625 0.1003585328125 0.545491378125 0.11809537187500001 0.567309034375 0.11809537187500001 0.5925930375 0.11809537187500001
0 0.5246568640625 0.3640825734375 0.5316321375 0.357287578125 0.507102425 0.3138353515625 0.503411340625 0.313732484375 0.503382275 0.37195046249999997 0.510706315625 0.371414015625 0.5180303562499999 0.36837414687500003 0.5246568640625 0.3640825734375
3 0.471809571875 0.3206172203125 0.4716269859375 0.31584281718749996 0.5096054718749999 0.316123665625 0.5097880578125 0.210850909375 0.5097880578125 0.10276968281250001 0.4944505921875 0.10276968281250001 0.4101858375 0.10218475468749999 0.40972936562499995 0.2049531203125 0.4099119578125 0.319774675 0.471809571875 0.3206172203125
5 0.4828072 0.11815689062500001 0.4826931484375 0.1011415078125 0.45840168437499995 0.1011415078125 0.4353932125 0.10130353593750001 0.435478746875 0.11815689062500001 0.457147196875 0.11798147031249999 0.4828072 0.11815689062500001
0 0.501624534375 0.28489361562500004 0.49763297812499996 0.277350715625 0.484517865625 0.294892340625 0.47014825781249997 0.312609384375 0.470034215625 0.3165351953125 0.5078969796874999 0.31646854375 0.5070986625 0.30506648593749996 0.504931815625 0.2955940078125 0.501624534375 0.28489361562500004
3 0.18325016562500002 0.74369170625 0.2768761921875 0.74369170625 0.2770623390625 0.5899933203125001 0.2770623390625 0.48009914531250003 0.22308311406249998 0.48009914531250003 0.178038371875 0.4808537828125 0.1782245046875 0.62263175 0.1782245046875 0.7333848390625 0.18325016562500002 0.74369170625
0 0.2001884703125 0.56279463125 0.1919985171875 0.5573548953125 0.1858560625 0.55563708125 0.178038371875 0.5549028328125 0.1782245046875 0.6143289875 0.1826917546875 0.61375638125 0.2068893375 0.570811090625 0.2001884703125 0.56279463125
5 0.2252237859375 0.745086103125 0.2512659140625 0.7449072828125 0.25138218125 0.7273825890625 0.23115302031249998 0.7275614140625 0.203483246875 0.72732204375 0.20406454531249998 0.7279190625 0.2039482875 0.7452649296875 0.2252237859375 0.745086103125
0 0.13804269375 0.7348684000000001 0.1345681734375 0.7459845374999999 0.13248346093750002 0.7568869 0.1318927890625 0.771173703125 0.16889642968750002 0.770782071875 0.16917439843749998 0.7637276015625 0.141795171875 0.7254624375 0.13804269375 0.7348684000000001
5 0.1151695140625 0.7449426640625 0.11540654531250001 0.7279890765625 0.092532646875 0.72744218125 0.070843915625 0.72755459375 0.07072540000000001 0.7451249578125 0.09039932656250001 0.7451249578125 0.1151695140625 0.7449426640625
0 0.1342508515625 0.6554544390625 0.127613865625 0.65035013125 0.12109539531249999 0.64761568125 0.11706579375 0.6465219015625 0.11173249999999998 0.6457838546875 0.11185101718749998 0.7043099453125 0.11588061875 0.7043099453125 0.1399397015625 0.6607410421875 0.1342508515625 0.6554544390625
3 0.1161783671875 0.402627609375 0.1165548578125 0.490038296875 0.17379511875 0.490038296875 0.2771396546875 0.48859058906249997 0.2771396546875 0.24228331406249998 0.2771396546875 0.10248104375 0.2680542328125 0.10219149999999999 0.268242471875 0.108850959375 0.07176704218749999 0.1094300390625 0.07157879687499999 0.10277058593749999 0.0668727609375 0.10245400625000001 0.0666708734375 0.27817103906249996 0.0666708734375 0.402917146875 0.1161783671875 0.402627609375
0 0.1551963015625 0.455379015625 0.151190559375 0.4581175296875 0.148668434375 0.46542023125 0.14673974218750002 0.470669034375 0.14377253125 0.46062782812499997 0.14080532031249998 0.4565200625 0.1192930375 0.48025383125000004 0.1184028765625 0.48915398750000005 0.174186446875 0.49097965937500004 0.17344464375 0.48093845625 0.1551963015625 0.455379015625
2 0.24940680624999997 0.0847657515625 0.2366862796875 0.0872872328125 0.2157589609375 0.10619833125 0.1985247015625 0.10556795156250001 0.1985247015625 0.0847657515625 0.1936006421875 0.0847657515625 0.166107884375 0.107459065625 0.14723227187500001 0.107459065625 0.14723227187500001 0.0822442796875 0.11850851250000001 0.104937584375 0.10004323749999999 0.10556795156250001 0.100453575 0.0828746484375 0.068447096875 0.1036768484375 0.0681987640625 0.11250135937500001 0.2707444484375 0.11376276562500001 0.2707444484375 0.104937584375 0.24940680624999997 0.104937584375 0.24940680624999997 0.0847657515625