5 0.6062111156250001 0.216490415625 0.5816196328125 0.2162896625 0.5816764328125 0.223396265625 0.5939437734374999 0.223396265625 0.6062111156250001 0.22371746875 0.6062111156250001 0.216490415625
0 0.5387407390625001 0.2386533828125 0.53533314375 0.2441138203125 0.53533314375 0.25021666875 0.572362346875 0.250056065625 0.5722487468749999 0.2265279890625 0.5616852031249999 0.226447690625 0.5507809 0.2294991140625 0.5437385515625001 0.233192940625 0.5387407390625001 0.2386533828125
5 0.4590030203125 0.2889215546875 0.4583215015625 0.27527045625 0.444804703125 0.275190153125 0.44514546250000003 0.3065876890625 0.458775840625 0.306266484375 0.4590030203125 0.2889215546875
0 0.601894821875 0.3594254859375 0.6068926343750001 0.353965040625 0.6100730484375 0.3496288078125 0.61211760625 0.3446501734375 0.6123447859375 0.3371019140625 0.5753155828125001 0.336379209375 0.5759971015625001 0.366331334375 0.584856846875 0.3655283265625 0.593035075 0.3639223171875 0.601894821875 0.3594254859375
0 0.48580942968749996 0.445186525 0.48262900468750003 0.440047284375 0.4769496828125 0.43506865 0.46922580468749997 0.4302506140625 0.45923019062500003 0.4278415953125 0.44446394375000003 0.427801440625 0.44514546250000003 0.4541801875 0.4873996375 0.453698384375 0.48580942968749996 0.445186525
0 0.6016676624999999 0.43603225781250005 0.593489434375 0.4386018734375 0.587128584375 0.44165329375000006 0.58122209375 0.446792534375 0.5771329796875 0.451289365625 0.5755427625 0.45803461562500003 0.5754859625 0.4639367109375 0.6123447859375 0.4636556609375 0.6123447859375 0.435389846875 0.6016676624999999 0.43603225781250005
5 0.45854867187500004 0.5172964578125 0.458775840625 0.5005939390624999 0.4446343234375 0.5005537828125 0.4449182921875 0.5344807890625 0.458775840625 0.534159584375 0.45854867187500004 0.5172964578125
0 0.544874409375 0.5286991453125001 0.5523711171875 0.5227569046875 0.5569145703125 0.51552985 0.55782326875 0.508142190625 0.517386471875 0.50862399375 0.5176136515625 0.53480199375 0.5344244453125 0.5327141734375 0.544874409375 0.5286991453125001
0 0.48785398593749996 0.658946715625 0.4860365984375 0.6650495624999999 0.48649094843749996 0.6687433921875 0.5264733968749999 0.6685827875 0.5265869765625 0.642324490625 0.514887575 0.6422441953125 0.5033017531249999 0.64577741875 0.4942148265625 0.6507560531250001 0.48785398593749996 0.658946715625
0 0.4910344125 0.7010242343749999 0.499439809375 0.7045574578125 0.5073908671875 0.7063240734375 0.5182951703125 0.7061634671875 0.5189198890625 0.6797847203125 0.47831272187499996 0.679824875 0.479902928125 0.6875337328125 0.48308335468749997 0.6949213859375 0.4910344125 0.7010242343749999
0 0.5335157671874999 0.6928335734375 0.5305625109375 0.6990970187500001 0.529426653125 0.706484671875 0.5755427625 0.7061634671875 0.57616748125 0.67701435 0.56145804375 0.677094653125 0.547600484375 0.68094908125 0.5394222578125001 0.6864095203125 0.5335157671874999 0.6928335734375
5 0.4896713734375 0.8303081953125 0.47819913124999996 0.841309375 0.48989854375 0.8474925265625 0.5135245375 0.8242053468749999 0.5023930546875001 0.818102503125 0.4896713734375 0.8303081953125
5 0.44878023593750005 0.8439592953125 0.42572217187500005 0.8439592953125 0.42606293125 0.8535953671875 0.4735420890625 0.8534347671875 0.4735420890625 0.843798696875 0.44878023593750005 0.8439592953125
5 0.3859493203125 0.8242053468749999 0.40947930625 0.8473319203124999 0.420781159375 0.8415502765625 0.40866661562499995 0.8293445890625 0.3975351421875 0.8182631062500001 0.3859493203125 0.8242053468749999
3 0.3828351390625 0.8210170437500001 0.41737451718749996 0.8532405515624999 0.482489771875 0.8532405515624999 0.5170291515625001 0.8208987750000001 0.5529840953125 0.8210989265625 0.5529840953125 0.7750653468750001 0.5524178578125001 0.710618340625 0.5181615984375 0.7102180453125 0.5175953609375 0.672390453125 0.349852846875 0.67274070625 0.3505606296875 0.71151899375 0.3502775109375 0.8210170437500001 0.3828351390625 0.8210170437500001
5 0.43577666718749997 0.535190378125 0.37681904843749997 0.5353905218749999 0.3763236109375 0.544997528125 0.40520080312499995 0.5453978234375 0.4354935484375 0.5453978234375 0.43577666718749997 0.535190378125
3 0.4318131140625 0.678494909375 0.5266548906249999 0.6782947578125 0.526088653125 0.6234547593750001 0.526371771875 0.539193296875 0.4578592265625 0.5385928578125 0.45814231875000005 0.53559066875 0.35048984375000003 0.5355406312500001 0.3497113 0.583825853125 0.3502775109375 0.6782947578125 0.4318131140625 0.678494909375
3 0.44524305937499997 0.46402975 0.509587221875 0.4639109828125 0.575107378125 0.46402975 0.5756113796875 0.424717275 0.574939371875 0.38421710781249996 0.5746033765624999 0.33742219375000004 0.50992321875 0.3375409640625 0.44524305937499997 0.3376597328125 0.4449070640625 0.375546984375 0.44524305937499997 0.42008528749999996 0.44524305937499997 0.46402975
3 0.5661517234375 0.3436727171875 0.575720484375 0.343540078125 0.575720484375 0.3656911203125 0.5802234312500001 0.365558475 0.5912931703125001 0.36383414375 0.6021752953124999 0.3593243546875 0.6081792187499999 0.35229438125 0.6111811890625 0.3436727171875 0.6248776406250001 0.342346309375 0.6246900281250001 0.297381025 0.6248776406250001 0.2545379953125 0.5303157625 0.2545379953125 0.44504121406249997 0.2539411109375 0.44475977968749997 0.30653325 0.445135028125 0.343540078125 0.5661517234375 0.3436727171875