0 0.5518738328125 0.6613206953125 0.525152934375 0.6625394328125 0.493260159375 0.674726878125 0.46998707343749996 0.7003204921874999 0.4665391828125 0.7283515828125 0.5044657453125 0.7289609734375 0.5544597312499999 0.7283515828125 0.5518738328125 0.6613206953125
5 0.8310609921875001 0.713594640625 0.7707988546875 0.7122054234374999 0.7066065765625 0.7117423578125 0.6705802671875001 0.7117423578125 0.6679601546875 0.7112792921875 0.6673051703125 0.7321175531249999 0.7897945156249999 0.7321175531249999 0.8310609921875001 0.7321175531249999 0.8310609921875001 0.713594640625
5 0.27631873281249997 0.7147275609375 0.2540014046875 0.7147275609375 0.2354666828125 0.714994975 0.22336236718750002 0.7144601515625 0.2228895359375 0.7147275609375 0.22260584218749999 0.7302375109375 0.26081007968750003 0.7305049203125 0.2759404609375 0.7302375109375 0.27631873281249997 0.7147275609375
5 0.3533433953125 0.71434010625 0.329772790625 0.7141368921875 0.32143685624999996 0.7139336843749999 0.316262796875 0.7139336843749999 0.3105138796875 0.7141368921875 0.31022645 0.7297842 0.33552170625 0.729987409375 0.3533433953125 0.7301906265625 0.3533433953125 0.71434010625
0 0.8216531046875 0.608072046875 0.8247517343749999 0.58616611875 0.749351734375 0.5865312203124999 0.7481897484375 0.5867137671875 0.749351734375 0.644216828125 0.7818873359375 0.641296040625 0.8108079046875 0.6281524828125 0.8216531046875 0.608072046875
0 0.6159392828125 0.586118865625 0.6052946140625 0.580417871875 0.597230459375 0.5749449203125 0.584650396875 0.5681037328125 0.576263696875 0.5831543484374999 0.57690881875 0.593074071875 0.5775539546874999 0.5931880953124999 0.6159392828125 0.5931880953124999 0.6159392828125 0.586118865625
3 0.9346325343749999 0.5869021375 0.8723174234375 0.5869021375 0.7529260890625 0.5869021375 0.6201574015625 0.5867072078125 0.6102311015625 0.5802745421875 0.6011319937499999 0.5740368078125 0.58348523125 0.56643456875 0.579073546875 0.5722824453124999 0.5752133140625 0.5808593296875 0.5749375890625 0.5867072078125 0.5719045484375 0.5867072078125 0.564184096875 0.5867072078125 0.5644598234375 0.6069798453125 0.56476509375 0.7288873046875 0.7798349171875001 0.728692378125 0.9340810562499999 0.7288873046875 0.9346325343749999 0.5869021375
0 0.716546671875 0.58593894375 0.71605210625 0.57300160625 0.7061601453125 0.5541200875000001 0.6814303359375 0.5394344640625001 0.6547221249999999 0.5331406249999999 0.63493825 0.5330532078125 0.6344436609375 0.534189596875 0.6354328609375 0.5855892921875 0.716546671875 0.58593894375
0 0.5723317796875 0.4727988015625 0.5517413984374999 0.47433105937500003 0.52519060625 0.481609309375 0.5089350296874999 0.4919520828125 0.49809799374999997 0.508040840625 0.4964724359375 0.530258653125 0.5316928375 0.5298755921875 0.5739573375 0.5298755921875 0.5723317796875 0.4727988015625
0 0.36235019375 0.599824403125 0.36350278125 0.5949353609375 0.31821314843750004 0.59457885625 0.28771899218749997 0.59483349375 0.317398603125 0.6177508796875 0.347942615625 0.63241800625 0.3606212859375 0.6136766828125 0.36235019375 0.599824403125
0 0.27368833124999997 0.6254174609375001 0.28234111875 0.6131831578125 0.28476391562500003 0.5943423296875 0.2120803296875 0.593852959375 0.2099171171875 0.5958104468750001 0.228347596875 0.6107363 0.24738378437500003 0.6237046515625 0.2650355125 0.63324740625 0.27368833124999997 0.6254174609375001
5 0.8757520046874999 0.2281045234375 0.8125935109375 0.2281045234375 0.7347896265625 0.2281045234375 0.6862765234375 0.2261632078125 0.6752924390625 0.2274574140625 0.6752924390625 0.25398872968749997 0.8592758765624999 0.25398872968749997 0.8766673734375001 0.25398872968749997 0.8757520046874999 0.2281045234375
0 0.2940043546875 0.472641928125 0.2575742390625 0.48351603125000003 0.2432720640625 0.506218109375 0.241113228125 0.5298740484375 0.3166719671875 0.5291109656249999 0.3161322453125 0.47111574375 0.2940043546875 0.472641928125
5 0.2616365609375 0.2303955046875 0.23715596562500002 0.2303955046875 0.171503396875 0.2307888390625 0.13812074218749998 0.2300021703125 0.1164220171875 0.2292155015625 0.1158656234375 0.2300021703125 0.1169784125 0.254388890625 0.2121189765625 0.25399555937499996 0.259411034375 0.253602221875 0.2616365609375 0.2303955046875
5 0.539764028125 0.2984918171875 0.48277368281250005 0.2981044140625 0.410987828125 0.29752331875000004 0.394000315625 0.2973296171875 0.3808487046875 0.29713591093749997 0.3808487046875 0.3228980265625 0.4575664640625 0.324447621875 0.5381200765624999 0.3240602265625 0.539764028125 0.2984918171875
5 0.5281279921875 0.231392334375 0.46108396406249996 0.2308035453125 0.40569974374999995 0.23021475625 0.365723171875 0.22992036875 0.3544797609375 0.23050915781249998 0.3436527671875 0.22992036875 0.3432363515625 0.24022410156250001 0.4331836359375 0.240812878125 0.5277115578125 0.24110727812500002 0.5281279921875 0.231392334375
0 0.6079357062499999 0.289557546875 0.62203594375 0.3010593359375 0.6437285312500001 0.3117943328125 0.6475247562499999 0.26156984843750003 0.6437285312500001 0.2512182390625 0.6079357062499999 0.25236841718749997 0.575396775 0.26387020625 0.5911239578124999 0.27498860937499997 0.6079357062499999 0.289557546875
3 0.2289446390625 0.2309215421875 0.12386352187500001 0.2309215421875 0.0720844078125 0.23038322656250002 0.0597107140625 0.2301140671875 0.059139620312499995 0.528610584375 0.323365378125 0.5280722515625 0.323365378125 0.23038322656250002 0.2289446390625 0.2309215421875
3 0.6443714015625 0.39286594375 0.6450013046875 0.3015794375 0.541070434375 0.302024740625 0.44343836875 0.3015794375 0.3917879140625 0.3015794375 0.320610978125 0.301134134375 0.31919373906250004 0.301468109375 0.3187213265625 0.5300183546875 0.584532434375 0.5300183546875 0.584532434375 0.39286594375 0.6443714015625 0.39286594375
3 0.5711038078125 0.267808475 0.6205058015625 0.30273347500000003 0.6349856640625 0.31598087656249996 0.635837446875 0.593574378125 0.74912121875 0.593574378125 0.7440106703125 0.6476087859375 0.7627493734375 0.6479079249999999 0.8223724656250001 0.629843271875 0.8300382875000001 0.5943161124999999 0.93480453125 0.59311179375 0.933952746875 0.2321854578125 0.6639454640625 0.2321854578125 0.6405220640625 0.2315286265625 0.6426514859375 0.2497438234375 0.59665655 0.250948128125 0.5685485328125 0.2581739890625 0.5711038078125 0.267808475