5 0.72368610625 0.1955017796875 0.5988864 0.19577143749999998 0.5988864 0.21168123749999998 0.661286253125 0.21141157968750002 0.72406659375 0.21087226406249998 0.72368610625 0.1955017796875
5 0.46076965000000003 0.1955017796875 0.33596994375 0.19577143749999998 0.33520896875 0.21141157968750002 0.38657470312500003 0.21222055312500002 0.4600086765625 0.21168123749999998 0.46076965000000003 0.1955017796875
0 0.6761252421874999 0.4036774671875 0.6704179390625 0.3937001359375 0.6095400328125 0.4187782953125 0.61068149375 0.427676996875 0.681071571875 0.427676996875 0.6803105984375 0.413115484375 0.6761252421874999 0.4036774671875
0 0.503003696875 0.45248549843749997 0.49729639375 0.4640807765625 0.4961549328125 0.4799905765625 0.56958890625 0.4799905765625 0.5692084203125 0.430103915625 0.5517060218750001 0.4309128875 0.5338231375 0.43333980624999996 0.5147987921875 0.44250816562499995 0.503003696875 0.45248549843749997
0 0.5608377078125 0.5382366234375 0.5813840015625 0.5444387484375001 0.60992051875 0.5455173796875 0.608779059375 0.4953610609375 0.531540215625 0.49590037656249997 0.5353450843750001 0.513428121875 0.5459987187500001 0.527989634375 0.5608377078125 0.5382366234375
5 0.8915854484375 0.29460291875 0.815829821875 0.2943275890625 0.8166068031249999 0.3100213890625 0.8523479187499999 0.31057205 0.8923624296874999 0.3108473796875 0.8915854484375 0.29460291875
0 0.8651681015625 0.4647567546875 0.8562328234375001 0.45374356093749996 0.843412640625 0.444382346875 0.8235996296874999 0.43694844218749995 0.80029020625 0.43419514374999996 0.80029020625 0.48733380156250006 0.8694414953124999 0.48760913125 0.868664515625 0.47907390625 0.8651681015625 0.4647567546875
0 0.8445781109375 0.583974571875 0.8554558421875 0.56993275 0.858563765625 0.5605715359375 0.8597292359375001 0.549833671875 0.7878585140625 0.5492830125 0.7882470046875001 0.6018710109375001 0.810779446875 0.60021903125 0.8302039671875001 0.593611115625 0.8445781109375 0.583974571875
5 0.8492399953125 0.7643156109375 0.8119449187500001 0.7632142921875 0.8111679374999999 0.779183421875 0.898578275 0.779183421875 0.8978012953125001 0.76404028125 0.8492399953125 0.7643156109375
5 0.68607403125 0.7643156109375 0.63906669375 0.7637649515625 0.6379012234375 0.779183421875 0.7466785328125 0.7789080921875 0.7474555140625 0.76404028125 0.68607403125 0.7643156109375
5 0.41956962343750004 0.7643156109375 0.35119531406250004 0.763489621875 0.35119531406250004 0.7794587515625 0.49921015312500006 0.779183421875 0.4988216625 0.7637649515625 0.41956962343750004 0.7643156109375
3 0.5687499328125 0.49008710000000005 0.56836144375 0.4196026625 0.5419440953125 0.41987799218750005 0.54155560625 0.302587484375 0.5419440953125 0.19631016875 0.24591441875000003 0.19631016875 0.24591441875000003 0.32626585 0.2458847375 0.49008710000000005 0.40403000625 0.48981176875 0.5687499328125 0.49008710000000005
3 0.7859957750000001 0.3089879734375 0.7948996328125 0.30920557187500003 0.794592603125 0.1967078375 0.5320822953125 0.196490240625 0.53116120625 0.304853628125 0.530854178125 0.427143234375 0.7859957750000001 0.4258376515625 0.7859957750000001 0.3089879734375
0 0.5968655421875 0.41060584999999994 0.6300247375 0.372526346875 0.6171294953124999 0.36795680625 0.6033131625 0.366651221875 0.5891898015625 0.3655632359375 0.588882771875 0.36599843125 0.5898038609375 0.410388253125 0.5968655421875 0.41060584999999994
3 0.7747238921874999 0.7781878203125 0.9508392515624999 0.7785132859375 0.9503800203124999 0.6992624562499999 0.9501504046875 0.6182215656250001 0.9508392515624999 0.5506874921875 0.8847098859375 0.5503620265625 0.77564235625 0.5500365609375 0.7751831234375001 0.6135023171875 0.7747238921874999 0.6382376890625 0.7747238921874999 0.7191158468750001 0.7747238921874999 0.7781878203125
3 0.6069411703125 0.7784266546875 0.6075397328125 0.6388613296875 0.60813829375 0.4827517890625 0.4231828484375 0.48232757812499993 0.24421301562500003 0.48232757812499993 0.24541013750000001 0.63249816875 0.2448115765625 0.632073959375 0.24541013750000001 0.7780024437499999 0.6069411703125 0.7784266546875