3 0.2570409765625 0.8521868296875 0.326005346875 0.8984601968750001 0.4581595046875 0.8986474546875 0.5278360625 0.85291080625 0.5281010015625001 0.8347315328124999 0.5845310687499999 0.8354805671875001 0.5845310687499999 0.771407728125 0.5847959875 0.6883914140625 0.4323093328125 0.688016896875 0.2900634578125 0.688016896875 0.19992893125 0.6876966265625 0.2000810515625 0.8351462812499999 0.257305915625 0.834959021875 0.2570409765625 0.8521868296875
5 0.3344480171875 0.8796434984375001 0.30746159375 0.8619645531250001 0.284173959375 0.8469605921875001 0.26747560625 0.8589311015625001 0.291993765625 0.8759216140625 0.31865108750000004 0.892670090625 0.3344480171875 0.8796434984375001
5 0.44883849218750005 0.8976996359375 0.44900304843749994 0.881969675 0.41161218125000004 0.8818533671875001 0.3355998796875 0.8816207468749999 0.3356271375 0.897932253125 0.37972690781249996 0.897932253125 0.44883849218750005 0.8976996359375
5 0.468935815625 0.8920102359375001 0.48966928281250005 0.8780437515624999 0.518301225 0.8578060171875 0.5011814515624999 0.846320421875 0.4774924828125 0.8625841031249999 0.4518224671875 0.8799141171875 0.468935815625 0.8920102359375001
0 0.49687795625 0.7085083437499999 0.5011300296875 0.7158854 0.5078946921874999 0.722852621875 0.5198778 0.731049346875 0.5378524796875 0.7363772234375 0.553507840625 0.73787995625 0.55254145625 0.688131003125 0.49449448125 0.6881761109375 0.4949451890625 0.69525696875 0.495718290625 0.7001750062500001 0.49687795625 0.7085083437499999
0 0.551768353125 0.6137668 0.5382390296875 0.6186848375 0.52683574375 0.6266334062500001 0.5183315953125 0.6349667453125 0.5140795203125 0.643436696875 0.5138862390625001 0.6538192203125 0.584238728125 0.6534093859375 0.58441783125 0.61148025625 0.5753480421875 0.611854228125 0.564138025 0.612400678125 0.551768353125 0.6137668
3 0.33101786875 0.6970474531249999 0.48834530625 0.6968919265625 0.4885653671875 0.6539408921875001 0.48834530625 0.59589100625 0.3193940125 0.596046534375 0.2006605859375 0.5959937359375 0.1996836140625 0.6422636625 0.1996836140625 0.6962698140625 0.33101786875 0.6970474531249999
5 0.222127528125 0.6620283703125 0.2223475671875 0.6508303234375 0.222127528125 0.6123896171875 0.1996823390625 0.6124296296875 0.19946356875 0.6308974890625 0.19946356875 0.6617173140625 0.222127528125 0.6620283703125
5 0.2223475671875 0.5603801328125 0.222127528125 0.543894128125 0.2223475671875 0.5272525890625 0.19944031874999998 0.5269972265625 0.19946356875 0.5445162390625 0.19946356875 0.560069078125 0.2223475671875 0.5603801328125
3 0.20024471406250002 0.49925041875 0.349080740625 0.49946688124999994 0.4507547609375 0.49968334375 0.4510609953125 0.33201848906250003 0.4507547609375 0.2824134640625 0.3555119390625 0.2811146890625 0.20045620937500003 0.2816818234375 0.20055096093749997 0.301696178125 0.20055096093749997 0.42583450312500004 0.20024471406250002 0.49925041875
5 0.43850487656250003 0.29758338906250004 0.4381986015625 0.28026637656250003 0.39532405000000004 0.28026637656250003 0.323066578125 0.2804904015625 0.32396850312500003 0.29736692656249997 0.37541798437499996 0.29779985 0.43850487656250003 0.29758338906250004
0 0.393792809375 0.4600180671875 0.3793991921875 0.47127412812499997 0.37480549218750003 0.48079848593749996 0.37204926718750003 0.49075576718749997 0.372919146875 0.49995023749999995 0.43146116562500003 0.49984719218749996 0.432379915625 0.4517924890625 0.4121676140625 0.4533077234375 0.393792809375 0.4600180671875
3 0.4369500515625 0.5322685484375 0.5866195921874999 0.5317343671875 0.8065291703125 0.5315563062499999 0.8060253203125001 0.42319428124999997 0.8055215046875001 0.28242516093750003 0.7377783203125 0.282603221875 0.7372745046875 0.2640390546875 0.6750736734375 0.2300294171875 0.664996990625 0.2303855375 0.6657527484375 0.2040325234375 0.6549545765625 0.20367640156250003 0.6446259859375 0.20563507187500002 0.63429739375 0.20990853281250002 0.6247245609375 0.21738709374999998 0.6179227968750001 0.2271804453125 0.6121286968749999 0.21916770312499997 0.603385525 0.21186720312500001 0.5902858453125 0.2058131328125 0.569880571875 0.20296415625000003 0.5701324953125 0.2300294171875 0.5608115703125 0.2300294171875 0.49758040000000003 0.2642874703125 0.49758040000000003 0.28262774375 0.43635941406249995 0.2817473515625 0.43644621875 0.347489528125 0.4361943109375 0.4638498734375 0.4369500515625 0.5322685484375
5 0.5196810484375 0.2736131625 0.539582490625 0.2631075703125 0.5688048593749999 0.246725965625 0.553195890625 0.23268989687500002 0.529757715625 0.24601371875 0.503306434375 0.2613269609375 0.5196810484375 0.2736131625
5 0.7298101953125 0.25829848593750004 0.6995801453125 0.24191687499999998 0.681655809375 0.23210186406250002 0.6665790078125 0.24565615625 0.6912668828124999 0.259366846875 0.7144432453125 0.272899478125 0.7298101953125 0.25829848593750004
1 0.6242963421875001 0.217117290625 0.6182761234374999 0.2256388109375 0.6108393734375 0.2173679203125 0.5998612828125001 0.209097034375 0.5906538765625 0.2055881765625 0.57719690625 0.2028312078125 0.5715307843749999 0.20333247656250003 0.569760128125 0.2028312078125 0.5708225328125 0.2394236078125 0.6653755875 0.2384210875 0.6657296875000001 0.2018286828125 0.646606621875 0.20408437343750002 0.63562853125 0.2088464015625 0.6242963421875001 0.217117290625