3 0.3820595203125 0.82140359375 0.41668069531249996 0.8539874125000001 0.48265172187500005 0.8541802140625 0.5175455 0.8214138703125 0.5532570890625 0.8214138703125 0.5532570890625 0.7828531437499999 0.5529844859375 0.7100041921875 0.5183633109375 0.7100041921875 0.5186359140625 0.6729961703125 0.420769809375 0.67241775625 0.350028128125 0.6724050953125 0.35016443124999996 0.7685959515625 0.35043704375 0.8215964015624999 0.3820595203125 0.82140359375
0 0.47891471875 0.6877033765625 0.48157092968750004 0.6925878 0.48794583124999996 0.69859939375 0.497154021875 0.703233334375 0.50529974375 0.7057381656249999 0.5184037046875 0.7061138890625 0.5187578734375 0.679437434375 0.477320990625 0.6796879171875 0.477320990625 0.683069440625 0.47891471875 0.6877033765625
5 0.4218026234375 0.8410557546874999 0.409192421875 0.8293650875 0.396880440625 0.8177266375000001 0.384994478125 0.8243031484375001 0.3974342734375 0.836475903125 0.4097036515625 0.8474434375 0.4218026234375 0.8410557546874999
5 0.47377709062499995 0.8534695546875 0.4736066859375 0.8433456765624999 0.45486179531250004 0.8433456765624999 0.42521078437500004 0.8433267140625 0.425551609375 0.853590075 0.4483862828125 0.853590075 0.47377709062499995 0.8534695546875
5 0.4897102453125 0.8473881875 0.5007867703125 0.8363001328124999 0.51407860625 0.8236452875 0.5021074359375 0.8178772265625 0.489369434375 0.8300329703125 0.47710005625 0.8416031125 0.4897102453125 0.8473881875
0 0.5509953859375 0.6796483953125 0.5432292546874999 0.68352555625 0.535463121875 0.6901490484374999 0.5308948109375 0.6985495671875 0.529295909375 0.70678854375 0.575664253125 0.70678854375 0.575378734375 0.6758326109375 0.5676697093749999 0.6765789718749999 0.559446753125 0.6773867140625 0.5509953859375 0.6796483953125
3 0.35052407812499997 0.6781887921875 0.49979835625 0.678678675 0.5259458859375 0.6785562015625 0.5259458859375 0.6477001921875 0.5259458859375 0.58600123125 0.5261190453125 0.5385023062500001 0.45823117187499995 0.5387472421874999 0.45823117187499995 0.5356854828125 0.403338675 0.5355630140625001 0.35091373593749997 0.5356100703125 0.35035091875 0.5618876203125 0.35069723750000004 0.623709053125 0.35052407812499997 0.6781887921875
5 0.43515397812499995 0.5447122609374999 0.43537318125 0.5357204546875 0.42740889531250004 0.5357204546875 0.4019041296875 0.5357204546875 0.376951803125 0.5357398703125 0.37706584374999996 0.5447639359374999 0.4011779 0.5446605828125 0.43515397812499995 0.5447122609374999
0 0.5090558125 0.6439709234375 0.50412909375 0.6457536671875 0.49931695625000005 0.6481036484375 0.494963109375 0.6511829359375 0.49118214687500006 0.655315659375 0.48820320468749995 0.6600966578125 0.4868283015625 0.6647155875 0.48648458124999994 0.6686862437500001 0.5258983046875 0.6683621093750001 0.52607016875 0.642547078125 0.5179926499999999 0.6425933484375 0.5139825328125001 0.6429174828125 0.5090558125 0.6439709234375
0 0.5452319546875 0.529065975 0.5519446578125 0.5234281953125001 0.5561400937500001 0.5180871406249999 0.557398728125 0.513102225 0.5575385734375 0.5081568046875 0.517297340625 0.5079500203125 0.5172623765625 0.5344070296875 0.5281705171875 0.5342092140625 0.537400475 0.5323299515625 0.5452319546875 0.529065975
5 0.4580107015625 0.53418413125 0.4582317546875 0.5166826640625 0.45834227656250004 0.5007362375 0.44474784375 0.50067226875 0.44452679531249994 0.5104208296875 0.44485837031250003 0.53418413125 0.4580107015625 0.53418413125
3 0.5132384359375 0.463939234375 0.57520478125 0.463939234375 0.575629203125 0.3983661078125 0.575629203125 0.3374537578125 0.5058109625 0.33730367031249997 0.4451709359375 0.33703235625 0.44511788750000003 0.40167607812500006 0.44490566875 0.463939234375 0.5132384359375 0.463939234375
0 0.48076975937500005 0.43663093750000004 0.4720690078125 0.431677984375 0.46082168437500004 0.4282259234375 0.45424306718749996 0.42777565624999997 0.4446404015625 0.4276102703125 0.44533009687499997 0.4544915953125 0.48713616562500006 0.4544915953125 0.4858628875 0.4442855078125 0.48076975937500005 0.43663093750000004
0 0.5950185953125 0.43815534375 0.585931259375 0.44229724375 0.5804788640625 0.4467247875 0.5772478140625 0.45100950937500006 0.57603615625 0.4548657609375 0.574824515625 0.463659096875 0.61339520625 0.46343520624999995 0.6142029734375 0.4352988625 0.6057214656250001 0.43587015781250005 0.5950185953125 0.43815534375
3 0.5612640640625 0.34348528125 0.57521775 0.34348528125 0.57521775 0.3652834984375 0.5815045734375001 0.36517505156249996 0.5891714359375 0.3640905625 0.597298315625 0.36127089375 0.6048118421875001 0.35574 0.609411959375 0.3490161703125 0.61171201875 0.3426176890625 0.6245923375 0.3426176890625 0.6247456828125 0.311829775 0.6245923375 0.2548087984375 0.5149447921875 0.254483453125 0.4454830171875 0.2543667265625 0.44495097968749997 0.286409503125 0.44525765 0.3434304765625 0.5612640640625 0.34348528125
5 0.4582594453125 0.30589346093750003 0.45817429687500005 0.29360902968749997 0.4583445859375 0.27536945625000003 0.44478560468749995 0.27539400468749997 0.44523260468750003 0.28307091406249996 0.44506231874999996 0.30589346093750003 0.4582594453125 0.30589346093750003
0 0.590905009375 0.36414535937500003 0.6004937359375 0.35993603125 0.607602609375 0.35362204375 0.6114050390625 0.346138796875 0.61206633125 0.33725244062500004 0.5743313953125 0.3372160921875 0.574868703125 0.3657823171875 0.5837961234375 0.3653146171875 0.590905009375 0.36414535937500003