5 0.106201171875 0.21317829531250002 0.106201171875 0.1644161046875 0.089111328125 0.1650412609375 0.087890625 0.2700675171875 0.1053873703125 0.27131782968749996 0.106201171875 0.21317829531250002
5 0.089111328125 0.561390346875 0.1057942703125 0.5626406609375 0.10498046875 0.44823705937499997 0.1045735671875 0.355088771875 0.0895170578125 0.35630627656249997 0.089111328125 0.561390346875
0 0.3743489578125 0.6545386343749999 0.361328125 0.645161290625 0.3523763015625 0.639534884375 0.3369140625 0.639534884375 0.3369140625 0.7333083265625 0.3804524734375 0.662665665625 0.3743489578125 0.6545386343749999
0 0.3995768234375 0.6495373843750001 0.40283203125 0.6332833203125 0.408935546875 0.6151537890625 0.3458658859375 0.61577894375 0.3458658859375 0.6314078515625 0.386962890625 0.6826706671875 0.3938802078125 0.666416603125 0.3995768234375 0.6495373843750001
3 0.350341796875 0.6332833203125 0.38818359375 0.6832958234375 0.41015625 0.6264066015624999 0.4105631515625 0.4413603390625 0.4097493484375 0.138159540625 0.22908528593750002 0.138159540625 0.09073893281249999 0.138159540625 0.09033203125 0.3325831453125 0.08992512968750001 0.3332083015625 0.09033203125 0.6357839453125 0.350341796875 0.6332833203125
5 0.60546875 0.2244311078125 0.60546875 0.1769192296875 0.5891927078125 0.1756689171875 0.5879720046875 0.2794448609375 0.6046549484375 0.2800700171875 0.60546875 0.2244311078125
0 0.694580078125 0.29382345625 0.7027180984375 0.2969492375 0.7137044265625 0.29819955 0.7149251296875 0.2125531375 0.7035319015625 0.2125531375 0.672607421875 0.2756939234375 0.6831868484375 0.28694673593750003 0.694580078125 0.29382345625
3 0.712890625 0.3263315828125 0.7132975265625 0.140035009375 0.589599609375 0.140035009375 0.5900065109375 0.3250812703125 0.6547037765625 0.3269567390625 0.712890625 0.3263315828125
0 0.743408203125 0.1356589140625 0.7368977859375 0.15753938437499998 0.7307942703125 0.1850462625 0.7303873703125 0.2025506375 0.7857259109375 0.20317579375 0.7845052078125 0.1887972 0.743408203125 0.1356589140625
0 0.771484375 0.33883470937500004 0.77392578125 0.3275818953125 0.775146484375 0.3125781453125 0.7185872390625 0.31132783124999996 0.7181803390625 0.3269567390625 0.758056640625 0.3763440859375 0.7682291671875 0.357589396875 0.771484375 0.33883470937500004
5 0.6050618484375 0.45823955937500005 0.604248046875 0.3632158046875 0.5887858078125 0.36446611562500003 0.5887858078125 0.5682670671875 0.6058756515625 0.5688922234375 0.6050618484375 0.45823955937500005
3 0.7832845046875 0.6239059765625 0.7840983078125 0.3125781453125 0.71533203125 0.31132783124999996 0.5900065109375 0.3107026765625 0.5900065109375 0.6220305078125 0.6876627609375 0.6239059765625 0.7832845046875 0.6239059765625