3 0.6768218312500001 0.7153202875 0.8081474828124999 0.7160311125 0.8079786515625 0.481067953125 0.8079786515625 0.3912093171875 0.770839021875 0.3912093171875 0.6776089984375 0.3907533109375 0.67699065 0.4770207421875 0.67699065 0.631148265625 0.6768218312500001 0.7153202875
5 0.7602217687499999 0.40990854375 0.7600529375 0.390242353125 0.7313525609375 0.38976846875 0.700282675 0.38997082656250004 0.70062626875 0.4101454859375 0.728482525 0.40990854375 0.7602217687499999 0.40990854375
0 0.6877955015625 0.6539139031250001 0.6825619015625 0.6520183640625 0.676514121875 0.6513207234375 0.6766530000000001 0.6930093375 0.678847734375 0.6930093375 0.6943797171874999 0.658415796875 0.6877955015625 0.6539139031250001
5 0.7168335406249999 0.71670354375 0.7168335406249999 0.6965634734374999 0.701976871875 0.6965634734374999 0.6833847203125 0.6964440109375001 0.683574865625 0.71670354375 0.698093884375 0.71694049375 0.7168335406249999 0.71670354375
5 0.6746601859375 0.71633834375 0.6745461374999999 0.6972900640625 0.66006144375 0.6971299937500001 0.6429277546875001 0.6972700171875 0.6427254390625 0.7169786218749999 0.6554993375 0.7166584828125 0.6746601859375 0.71633834375
3 0.5674387734375 0.477630990625 0.56726543125 0.5521166562500001 0.5674387734375 0.64462536875 0.6452668234375001 0.64462536875 0.6839233453125 0.64462536875 0.6839233453125 0.5849802953125 0.6839233453125 0.5005000984375 0.6835766515625 0.39120448125 0.613748325 0.3909611921875 0.5300699734375 0.391042396875 0.5296489875 0.43406265624999996 0.529822334375 0.478117565625 0.5674387734375 0.477630990625
5 0.5922274890625 0.4101834703125 0.5924008421875 0.389990534375 0.5698656453125001 0.389990534375 0.55121015625 0.3899795484375 0.55166414375 0.40945360781250006 0.5681321625 0.4099401828125 0.5922274890625 0.4101834703125
5 0.6676337218749999 0.40945360781250006 0.6676337218749999 0.390233821875 0.649085525 0.390233821875 0.6269043359375 0.3897117359375 0.6272437156249999 0.4099401828125 0.6423249703125 0.4099401828125 0.6676337218749999 0.40945360781250006
0 0.6135492515625 0.6283388484375 0.6126825109375 0.634177771875 0.6123358156250001 0.6388002453125 0.6118417671875 0.6443947515625 0.6414582281250001 0.644152590625 0.6414582281250001 0.6402599796875 0.6166695109375 0.6210401984375 0.6135492515625 0.6283388484375
3 0.37712656093749997 0.6686838265625 0.3772705328125 0.715998521875 0.3939712125 0.715998521875 0.504671446875 0.7155944046875 0.5043835140625 0.628861703125 0.5049593984375 0.5312014140625 0.4360055703125 0.5312014140625 0.3781290703125 0.531403471875 0.37626273593750004 0.5316219046875 0.37712656093749997 0.5803182765625 0.37712656093749997 0.6686838265625
0 0.38072386874999997 0.5808885140625 0.38332059687500003 0.5807926078125 0.38537064375 0.58021716875 0.3887873890625 0.5784908625 0.3932974953125 0.5747505234375 0.3788104921875 0.5412793015624999 0.3763426765625 0.5410819499999999 0.376965446875 0.5810803250000001 0.3785371515625 0.5810803250000001 0.38072386874999997 0.5808885140625
5 0.4461572125 0.7161289625 0.4461572125 0.6976035515625 0.43428090937499997 0.6977953625 0.407158984375 0.697543196875 0.40741130937500003 0.71622486875 0.42374335937499996 0.716320775 0.4461572125 0.7161289625
5 0.349836925 0.7157149578124999 0.349899303125 0.6981044703125 0.3438487703125 0.6980169265625 0.3336488203125 0.6980133687500001 0.333681378125 0.7160651328125 0.3414160828125 0.7158900453125 0.349836925 0.7157149578124999
0 0.32663281875 0.6018229234375 0.3300635328125 0.6089139718750001 0.3495874203125 0.5924557390625 0.3497121734375 0.5897418812499999 0.32617052812499997 0.58979088125 0.3258843 0.594119071875 0.32619618125 0.5984087171875 0.32663281875 0.6018229234375
5 0.3122532140625 0.7158854390625 0.31238410625 0.6977906140625 0.3063630515625 0.6976987625 0.2961516453125 0.6977831609375 0.2958119703125 0.7161710140624999 0.3039415359375 0.7158854390625 0.3122532140625 0.7158854390625
0 0.27714935 0.6652019578125 0.2830967765625 0.6676485015625 0.28955691875 0.6692315609375 0.2898718828125 0.6333931984375 0.28750608125 0.63397250625 0.2749959703125 0.662899321875 0.27714935 0.6652019578125
0 0.256045496875 0.6992235953125 0.25477483125 0.7051367828124999 0.2545741984375 0.7089850484375 0.254507325 0.7115192718750001 0.2548872390625 0.7150023062499999 0.28246196874999996 0.7149920937500001 0.2823950890625 0.7128333125 0.2587874625 0.6934042687499999 0.256045496875 0.6992235953125
5 0.253504165625 0.7162198828124999 0.253704796875 0.697534115625 0.24741834687500003 0.6977218359374999 0.241499628125 0.697747503125 0.24126565000000003 0.71612601875 0.2470839625 0.7162198828124999 0.253504165625 0.7162198828124999
3 0.234279528125 0.511878315625 0.234817140625 0.5407541578124999 0.3533846625 0.54132005625 0.353787875 0.3723729515625 0.3536534765625 0.29838371406249997 0.3063286625 0.298006453125 0.2340311578125 0.29820710781250004 0.234279528125 0.34821289218749996 0.234279528125 0.4499614703125 0.234279528125 0.511878315625
5 0.295421203125 0.3160133296875 0.29517904375000004 0.29788741406249997 0.2772593953125 0.2976608421875 0.256592615625 0.297567521875 0.2564338609375 0.316239903125 0.273546315625 0.3163531890625 0.295421203125 0.3160133296875
0 0.3422208890625 0.51729580625 0.3179851421875 0.53770430625 0.318083321875 0.5407531609375 0.34670221875 0.5410415453125 0.34615348125 0.5300029859375 0.3445072828125 0.5217882421875 0.3422208890625 0.51729580625
3 0.34708616875 0.32639336874999997 0.3471776265625 0.41142700625 0.346994715625 0.4963322875 0.346994715625 0.5406460796875 0.42074163750000004 0.5407744343750001 0.42083308906249994 0.5564337874999999 0.4466273078125 0.556818853125 0.49061747968749997 0.556048721875 0.5044272890625 0.5556636578124999 0.504518740625 0.5028784078124999 0.5047016578125 0.3454003578125 0.5045575015625 0.2774691796875 0.490930603125 0.2774691796875 0.3415213203125 0.2778033921875 0.34178173749999996 0.31561151718749997 0.34708616875 0.31561151718749997 0.34708616875 0.32639336874999997
5 0.40289722968749997 0.29582399531250003 0.4029886828125 0.2770841140625 0.3957405734375 0.27695575781250004 0.36387308281249997 0.2769556234375 0.36366275 0.29595235 0.3799418578125 0.29608070625 0.40289722968749997 0.29582399531250003
5 0.4815892 0.2958084171875 0.48165413125 0.277127734375 0.4641234328125 0.27703660937499996 0.4431376 0.27707325781250003 0.4430216640625 0.29589954218750003 0.4589940796875 0.29562616406250003 0.4815892 0.2958084171875
0 0.373401784375 0.5212774375 0.353426475 0.537872003125 0.353219346875 0.5408450484375 0.3780597 0.5411406296875 0.3773431 0.531711896875 0.3753724421875 0.5244203484375001 0.373401784375 0.5212774375