0 0.62980581875 0.8438221640625001 0.62980581875 0.8355382203125 0.6273913921875 0.824969025 0.6239038453125 0.816399409375 0.59122486875 0.834271521875 0.590369909375 0.8383947484375 0.5898333671875 0.8438221640625001 0.62980581875 0.8438221640625001
0 0.5739258109375001 0.8103929125 0.5792001531250001 0.82089256875 0.5835572359375 0.8238227046875 0.5892902171875 0.82333435 0.5892902171875 0.7959864109375 0.5890609062500001 0.785242578125 0.576906965625 0.7871960046875001 0.5663582640625 0.7911028499999999 0.5693394171875 0.7994049015625 0.5739258109375001 0.8103929125
5 0.47907630156250003 0.8377620703125 0.47955964531250006 0.8264393640625001 0.4797207671875 0.8194055546874999 0.4692481671875 0.81906244375 0.46527625625 0.8190474546875001 0.465542478125 0.83587495625 0.465542478125 0.8511434578125 0.4784318359375 0.8511434578125 0.47907630156250003 0.8377620703125
0 0.5807723453125 0.7620276625 0.5839293156250001 0.7673100703125 0.5900177828125 0.7670699546875 0.5895667859375 0.7298529984375 0.5897019109375 0.7292734015625 0.5785173515625 0.730333215625 0.5685954125 0.735375515625 0.5737818875 0.745700221875 0.5807723453125 0.7620276625
5 0.44514472656250004 0.68856261875 0.4454253078125 0.6804962890625 0.445986453125 0.655998565625 0.4457058703125 0.6425546921875 0.4356052390625 0.6416584328125 0.42827875156250006 0.641333803125 0.428590896875 0.6790025296875 0.42831033281249997 0.700811475 0.4454253078125 0.7017077406250001 0.44514472656250004 0.68856261875
3 0.5893594609374999 0.7844622546875 0.5896400234375 0.6395671640625 0.5178132390625 0.638670909375 0.4717992046875 0.6392684125 0.4479504703125 0.6395671640625 0.43167263437500003 0.6390317265625 0.43139664062499994 0.7895410468749999 0.46759060625000004 0.79013855 0.47572723906250003 0.784760996875 0.5893594609374999 0.7844622546875
0 0.6203084171875 0.6252583859375 0.62507535 0.630334196875 0.6286505499999999 0.630968671875 0.6286505499999999 0.5925828281250001 0.6277654375 0.5916175265625 0.6146476734374999 0.594486253125 0.6054116890625 0.6017827375 0.614945596875 0.6144722796875 0.6203084171875 0.6252583859375
5 0.443997059375 0.5570237109375 0.44416911406250004 0.52954411875 0.43900762968749996 0.5286281296875 0.42949418437500003 0.5279821109375 0.43006104375 0.5533597640625 0.42937284687500005 0.5854192984375 0.44313681875000005 0.5859688828125 0.443997059375 0.5570237109375
0 0.46549974687500006 0.49612151562499995 0.4905429328125 0.49638817343749997 0.489791646875 0.4862551625 0.486536034375 0.47878872499999997 0.48102653125000006 0.47398888125000005 0.453044659375 0.49083283906249997 0.4527277140625 0.4918549875 0.45022340312500003 0.49638817343749997 0.46549974687500006 0.49612151562499995
0 0.6159569171875 0.4783189671875 0.621736803125 0.48812041562499997 0.6290151859375 0.48789247500000005 0.62965743125 0.4566646109375 0.6282969171875 0.448923353125 0.614672484375 0.45119403281250003 0.6037548984375001 0.4552969625 0.6099629390625 0.46669399843750003 0.6159569171875 0.4783189671875
5 0.4443533546875 0.44781506249999997 0.4443533546875 0.4337862515625 0.443804384375 0.42579761875 0.4355699234375 0.42482339687500004 0.42961700937499997 0.42513728593750005 0.429714296875 0.445671771875 0.430263265625 0.46593560937499995 0.4439873796875 0.4669098359375 0.4443533546875 0.44781506249999997
5 0.44303435156250004 0.3204702890625 0.44303435156250004 0.2998441265625 0.439211121875 0.2987585421875 0.42858247499999996 0.29819441874999997 0.42927070624999997 0.33349733593750003 0.42927070624999997 0.3609084171875 0.4425245890625 0.3609084171875 0.44303435156250004 0.3204702890625
0 0.6084673984375 0.34151062187500003 0.6133648765624999 0.3427376359375 0.6142291484375 0.31052840625 0.612405153125 0.3036134109375 0.5972319374999999 0.3047000640625 0.58974164375 0.30991489843750003 0.6009771046875 0.328626925 0.6084673984375 0.34151062187500003
3 0.628577203125 0.4904598453125 0.4934678734375 0.49116505625 0.48750716250000004 0.4756503546875 0.48088412812500003 0.47000863906249996 0.46233971562500004 0.47917641250000004 0.45372980781249994 0.486228553125 0.43982150937500003 0.489754634375 0.431961121875 0.4907196640625 0.43187387812500005 0.64490165 0.6299018453125 0.644196415625 0.628577203125 0.5511082046875 0.628577203125 0.4904598453125
3 0.6136156015625 0.34931063125 0.61263521875 0.2470111421875 0.563127478125 0.24753307656249998 0.4964635125 0.24753307656249998 0.44303434218750004 0.2470111421875 0.4312701203125 0.2470111421875 0.4307799296875 0.3957629546875 0.5944987125 0.3978507109375 0.5949888703124999 0.3482667609375 0.6136156015625 0.34931063125
0 0.6615539906250001 0.2763893671875 0.6486596703124999 0.268053446875 0.63438386875 0.26167891718749997 0.626555165625 0.27050518281249997 0.6237920796875 0.28913844375000003 0.6247131296874999 0.2906094859375 0.662474978125 0.288648096875 0.6615539906250001 0.2763893671875
5 0.6410869046875 0.049243815625 0.6258428 0.04891255 0.6143319375 0.04891255 0.6062431828125 0.048250028125 0.60033220625 0.04891255 0.595989009375 0.049273920312500004 0.5953545499999999 0.0644818671875 0.6236650640625 0.06547565 0.6404646765625001 0.06547565 0.6410869046875 0.049243815625
3 0.5941659859375 0.8431645921875001 0.58828184375 0.830633759375 0.5886495890625 0.7789440765625 0.573203640625 0.7793356640625 0.529072471875 0.77972725 0.4816314359375 0.77972725 0.466033078125 0.778982809375 0.46618548750000005 0.865093546875 0.5478282390625 0.865485134375 0.5941659859375 0.864310359375 0.5941659859375 0.8431645921875001