3 0.6123156609375 0.744021796875 0.6998219859375 0.74442688125 0.70009666875 0.6609479625 0.70009666875 0.5815034140625001 0.6617905859375 0.5819084937500001 0.59820135 0.5821110328125 0.5973454046875 0.6710585078125 0.597482746875 0.74442688125 0.6123156609375 0.744021796875
0 0.6143757859375001 0.6061803609374999 0.6184960359375 0.61509208125 0.650084653125 0.5885594671875001 0.650221990625 0.5822807546875 0.6102808359375 0.5817228765625 0.6102555359374999 0.5899772359375001 0.6117662953125 0.597673725 0.6143757859375001 0.6061803609374999
5 0.6701365499999999 0.7452206265625 0.6698618671875 0.7251692578125 0.6455523750000001 0.7251692578125 0.6214594625000001 0.7246383625 0.6216549015624999 0.7458282421875 0.6437669328125 0.7454231640625 0.6701365499999999 0.7452206265625
3 0.431484525 0.7436949359375 0.46655102656249997 0.74386074375 0.6037089296875 0.7441923609375001 0.6037089296875 0.6011709390625 0.6034840671875 0.503939678125 0.51234279375 0.5042712953125 0.4717537140625 0.5046029125 0.43136572500000003 0.504519909375 0.43125965468749994 0.56765064375 0.4315969625 0.67617035625 0.431484525 0.7436949359375
5 0.569766978125 0.74520065 0.5695439578125 0.7254693734375001 0.524691340625 0.72513775625 0.4861320875 0.7253742812499999 0.48624322343750004 0.7450348421874999 0.50691573125 0.7450348421874999 0.569766978125 0.74520065
0 0.6037102328125 0.578929659375 0.60357529375 0.5209285734375 0.5966660671875 0.5205831812499999 0.5910307312499999 0.52214139375 0.5833995421875 0.525777228125 0.5774119953125 0.532356353125 0.596900871875 0.5791027875 0.6037102328125 0.578929659375
5 0.70016086875 0.4853274109375 0.70016086875 0.46988436718750004 0.6999877796875 0.44499681874999997 0.6886209109375 0.4451047828125 0.688304225 0.464523971875 0.6884773140625 0.48507215625000005 0.70016086875 0.4853274109375
5 0.7005935953125 0.4203128234375 0.7005935953125 0.4048697828125 0.70042050625 0.37537726875 0.6870026671875 0.37541941093750003 0.6869195046875001 0.39682918906250003 0.68709259375 0.4203128234375 0.7005935953125 0.4203128234375
0 0.62905869375 0.39674446875 0.5955658953125 0.4251929234375 0.5954224046875 0.434226228125 0.6356862484375 0.43426850781250004 0.6343844078124999 0.41646640625 0.632372475 0.40582004843749997 0.62905869375 0.39674446875
5 0.664918484375 0.2344501578125 0.6646817781250001 0.2136810359375 0.6423137953125 0.2136810359375 0.6184629265625 0.21366687343750002 0.6184072734375 0.2344501578125 0.636396340625 0.23427562812499997 0.664918484375 0.2344501578125
3 0.4313284171875 0.5118528671875 0.5302293203125 0.5126385375 0.59131966875 0.5126385375 0.59131966875 0.44057611874999997 0.59131966875 0.286216325 0.5916748562499999 0.2154633609375 0.528220103125 0.21441579531250002 0.4316990859375 0.21539024375000002 0.4311508296875 0.294073053125 0.4313284171875 0.414889596875 0.4313284171875 0.5118528671875
5 0.5577712484374999 0.2343195015625 0.5575936421875001 0.21336823124999998 0.5222535890625 0.21336823124999998 0.4802123328125 0.2136604921875 0.480342771875 0.23484328125 0.5044947703125 0.2343195015625 0.5577712484374999 0.2343195015625
0 0.5710411625 0.4893013609375 0.5750285359375 0.49194145625 0.5799924062499999 0.49446154531250003 0.585607278125 0.49602160156249997 0.5911407734374999 0.4963816125 0.5910072796875 0.4391233453125 0.5875602765625 0.43923506718749994 0.5685185421875001 0.48750129375 0.5710411625 0.4893013609375
3 0.30327017500000003 0.23205171875000002 0.3038521984375 0.160776590625 0.37282219687499996 0.1603474328125 0.3731132171875 0.021195676562499998 0.33672699375000004 0.0203373625 0.3105358546875 0 0.3093718078125 0.003600165625 0.3067526921875 0.014329135937500001 0.305879665625 0.0074625937500000005 0.30238750625 0.00016689375 0.2741592734375 0.020766518749999997 0.236618646875 0.020766518749999997 0.1047015828125 0.020373215625 0.10423721718750001 0.0847459484375 0.10423721718750001 0.2316225609375 0.30327017500000003 0.23205171875000002
5 0.2339703953125 0.039644115625 0.23386122031249998 0.0200039859375 0.19481535156250002 0.0198430015625 0.153941615625 0.019870071875 0.1535167140625 0.039805099999999996 0.1856108546875 0.039966084375 0.2339703953125 0.039644115625
3 0.1042353796875 0.74360618125 0.1288345109375 0.74395499375 0.1572181359375 0.78511491875 0.22154604218750001 0.78546373125 0.249220071875 0.7435779171875 0.277130621875 0.744275540625 0.277130621875 0.504820303125 0.372688809375 0.5044714906250001 0.372688809375 0.3152735703125 0.372688809375 0.22278161875000002 0.242039575 0.22278161875000002 0.10409133906250001 0.22275456718750003 0.1042353796875 0.35579239687499997 0.1042353796875 0.5467343765625 0.1042353796875 0.74360618125
0 0.257270371875 0.520865696875 0.2499379375 0.52853958125 0.2705160671875 0.5749317031250001 0.2769023703125 0.5749317031250001 0.276411728125 0.5153449203125 0.27122566406250004 0.51598231875 0.2650758828125 0.517726378125 0.257270371875 0.520865696875
5 0.2469160703125 0.7461903890625 0.2381732390625 0.7336554046875 0.2160733 0.7664254374999999 0.1616734453125 0.7662463671874999 0.1349088 0.7260302624999999 0.126459953125 0.7384903265625 0.156088440625 0.7843325625 0.22129063124999998 0.7843325625 0.2469160703125 0.7461903890625
5 0.358485540625 0.745367503125 0.358263153125 0.7253613999999999 0.35203606249999997 0.7250334328125 0.3424846171875 0.72499619375 0.342250665625 0.745367503125 0.35092409375 0.745367503125 0.358485540625 0.745367503125
5 0.2986611015625 0.745695471875 0.2988834890625 0.7253613999999999 0.29198922031249996 0.7253613999999999 0.28328815 0.725357225 0.28353819375 0.7460234390625 0.2908772515625 0.7460234390625 0.2986611015625 0.745695471875
0 0.30333140468750003 0.71388249375 0.3015522453125 0.72339359375 0.3015522453125 0.729625003125 0.30090032187500004 0.7437698265625 0.3411386828125 0.7437276640625 0.34136107031249996 0.729625003125 0.3082241109375 0.70207561875 0.30333140468750003 0.71388249375
1 0.324629028125 0.0105050390625 0.31809304374999997 0.0057641140625 0.3139650578125 0.0015311484375 0.3110984 0.0018697874999999999 0.3086904078125 0.008303893750000001 0.30708507812499997 0.0145686859375 0.305594421875 0.00898116875 0.303415759375 0.00271638125 0.3023837609375 0.0011925140625 0.2932104546875 0.0072879859375 0.27555184062500004 0.0220187078125 0.272226515625 0.024389165625 0.27268518125 0.030484640624999997 0.2724063984375 0.0309335625 0.341714303125 0.03150055 0.34194365000000004 0.0240505265625 0.3336876609375 0.018124378125 0.324629028125 0.0105050390625