5 0.6725800296875 0.108980559375 0.6496407390625001 0.108980559375 0.6498701312499999 0.12887523437499998 0.6617985640625 0.12905129375 0.673268209375 0.12940341093750002 0.6725800296875 0.108980559375
5 0.698960215625 0.2533489921875 0.6987308234375 0.1316921796875 0.6730388171875 0.13222035625 0.673268209375 0.1864465484375 0.6734976031250001 0.253701109375 0.698960215625 0.2533489921875
5 0.6345008062499999 0.405464021875 0.6347302 0.3528223625 0.60903819375 0.3528223625 0.60903819375 0.3758861 0.6092675859375001 0.405816140625 0.6345008062499999 0.405464021875
5 0.6345008062499999 0.5172615281249999 0.6347302 0.4647959265625 0.6088088 0.4647959265625 0.6092675859375001 0.48697936875 0.60903819375 0.5167333515625 0.6345008062499999 0.5172615281249999
5 0.635188984375 0.7649766296875 0.6345008062499999 0.608460121875 0.60903819375 0.60863618125 0.60903819375 0.6602214875 0.6088088 0.7649766296875 0.635188984375 0.7649766296875
0 0.3580823421875 0.6095164765625001 0.36656988125 0.600185346875 0.3711577390625 0.5905020984375 0.37299288124999996 0.5820512640625 0.3727634890625 0.5699031875 0.3161034390625 0.5691989515625 0.3161034390625 0.623249084375 0.3323903359375 0.6228969656250001 0.34753026875000004 0.6177912531249999 0.3580823421875 0.6095164765625001
0 0.449610115625 0.5563466406249999 0.4477749734375 0.5482479234375 0.44204014999999997 0.5390928515625 0.4349289703125 0.53117019375 0.42621203750000003 0.5253602453124999 0.41336603437499997 0.5206066500000001 0.39914367500000003 0.5183178828125 0.382397990625 0.5183178828125 0.38285677812499996 0.5621565890625 0.4507570796875 0.5618044703125 0.449610115625 0.5563466406249999
0 0.3161034390625 0.4713101125 0.329178834375 0.46585228125 0.3385839453125 0.4577535640625 0.3466126953125 0.448774553125 0.34913601875 0.44085189375 0.3484478390625 0.430816528125 0.27710664218750003 0.4302883515625 0.27664785625 0.47483129375 0.30256925625000003 0.475007353125 0.3161034390625 0.4713101125
0 0.4484631515625 0.3829284625 0.44410468593749997 0.3737733921875 0.4365347203125 0.3665549703125 0.4271296109375 0.3593365484375 0.4156599640625 0.354935071875 0.40396092499999997 0.3519420671875 0.3821685984375 0.3517660078125 0.3821685984375 0.3964850109375 0.449610115625 0.3950765390625 0.4484631515625 0.3829284625
0 0.36106445 0.26849007187499996 0.3521181265625 0.270074603125 0.341336659375 0.273595784375 0.33055519218749996 0.2792296734375 0.3220676546875 0.287680509375 0.31633283125 0.29718769843750004 0.3142682953125 0.3075751828125 0.3142682953125 0.32042749531250003 0.3704695609375 0.3206035546875 0.371616525 0.26866613125 0.36106445 0.26849007187499996
3 0.634336434375 0.27651963125 0.6983520375000001 0.27692568125 0.6988810921875 0.1311539515625 0.6988810921875 0.0337020984375 0.46821329843750004 0.0337020984375 0.27669554218750003 0.034514196875 0.279340815625 0.1977460515625 0.27669554218750003 0.31834271875 0.633278325 0.3187487671875 0.634336434375 0.27651963125
3 0.6336884859375 0.4638622953125 0.6336884859375 0.3088757796875 0.48893730937499996 0.3091500921875 0.3835012671875 0.3096987171875 0.382786446875 0.40570806406250004 0.4288923765625 0.4062566875 0.4288923765625 0.46358798281249997 0.6336884859375 0.4638622953125
3 0.63460458125 0.848808334375 0.63460458125 0.5579579265625 0.5555475453125001 0.5582876890625 0.555977203125 0.5704888953125 0.4313764390625 0.5704888953125 0.2758403125 0.5701591328125 0.276699628125 0.69876645625 0.2762699703125 0.8494678578125001 0.4373916484375 0.8497976203125001 0.63460458125 0.848808334375