3 0.61104973125 0.698719171875 0.717148440625 0.6984271109375 0.820364425 0.6981350484375 0.820948671875 0.3243508109375 0.820948671875 0.2094993609375 0.7002261765625 0.2086231734375 0.6102862124999999 0.208696996875 0.6102707453125 0.427496109375 0.6106602390625 0.5265761999999999 0.61104973125 0.698719171875
5 0.7900560875 0.2261232421875 0.789861346875 0.2077233234375 0.7132919656250001 0.2077233234375 0.643505378125 0.20805398749999998 0.642632503125 0.226707365625 0.7111834921875 0.2272914984375 0.7900560875 0.2261232421875
0 0.6378215171875 0.6081075078125 0.6429018375 0.6032096124999999 0.6478611937500001 0.594320834375 0.6156858421875 0.5479392359374999 0.610553409375 0.54817668125 0.610605521875 0.617359096875 0.62112904375 0.616996290625 0.6297172046874999 0.6139124265625 0.6378215171875 0.6081075078125
0 0.5637400593749999 0.6531080874999999 0.5585363078125 0.6695376859375 0.557029959375 0.6828867375 0.557465609375 0.698142871875 0.604411459375 0.6980841203125 0.604411459375 0.68678876875 0.573052028125 0.6389375562499999 0.5637400593749999 0.6531080874999999
0 0.5638317703125 0.40872906875000004 0.5587779625 0.40095553281249996 0.526122571875 0.44992881406249996 0.526380740625 0.45847810468750005 0.5741985640625 0.4592570625 0.5730323 0.43749115937500005 0.5687559984375 0.4213610671875 0.5638317703125 0.40872906875000004
5 0.586897878125 0.22607210625000002 0.5867682984375 0.2083873046875 0.5699222625 0.2083873046875 0.5489005859375 0.20839427812500003 0.5490590953125001 0.22665511875000002 0.56266550625 0.22646078125 0.586897878125 0.22607210625000002
3 0.42229409375 0.2240247234375 0.42239984374999995 0.2549491609375 0.42208260312499996 0.346200840625 0.42218835312499997 0.43761111250000007 0.42229409375 0.5355234421875 0.48020855625000003 0.5355234421875 0.525467734375 0.5361577875 0.5252562359375 0.41906929687499994 0.525044753125 0.270846390625 0.52462175625 0.2089589734375 0.48631247968749997 0.20864179843750003 0.42170183124999994 0.2094347328125 0.42049641875 0.209276146875 0.4206021609375 0.2238661375 0.42229409375 0.2240247234375
5 0.49367245625 0.2267207 0.49367245625 0.20864179843750003 0.4769646390625 0.20848321093750002 0.452870778125 0.2082886296875 0.45296035625000003 0.2268792875 0.4727348078125 0.2268792875 0.49367245625 0.2267207
3 0.1667548375 0.42916504843750003 0.2248816375 0.42916504843750003 0.2248816375 0.503505609375 0.22451715156250002 0.69823581875 0.358932628125 0.6987824375 0.49086891718750003 0.69823581875 0.49086891718750003 0.5259170984375 0.42891049375 0.5259170984375 0.4292749921875 0.4504168671875 0.42891049375 0.3150394078125 0.42872825625 0.22341383750000002 0.4310974359375 0.22396045781249999 0.43036843906250005 0.0615252203125 0.3041358375 0.0612519109375 0.18283169375 0.061714606250000005 0.18315677187499999 0.303013728125 0.16730156093749998 0.3032870390625 0.1667548375 0.42916504843750003
5 0.322534075 0.07832804374999999 0.322436778125 0.060525446875 0.292976459375 0.06067137031249999 0.2526902453125 0.060739515625 0.2522824609375 0.078473965625 0.27981876250000004 0.07832804374999999 0.322534075 0.07832804374999999
5 0.37594749375 0.077976171875 0.375460978125 0.060611343750000005 0.3551249890625 0.060611343750000005 0.326214375 0.0609001484375 0.326323771875 0.077976171875 0.34938420625 0.0781220953125 0.37594749375 0.077976171875
0 0.455524265625 0.5906139140625 0.46436111718750006 0.6008995296874999 0.47860559062499997 0.6082181390625 0.4904759828125 0.6099983421874999 0.49078589375000004 0.5384996484375 0.485727821875 0.5391858390625 0.4526226140625 0.5866579062499999 0.455524265625 0.5906139140625
5 0.1659489609375 0.410058740625 0.177988278125 0.410058740625 0.17810404375 0.3713438859375 0.1778725203125 0.323573221875 0.1663031796875 0.3237655578125 0.16513862968749998 0.3240799859375 0.165370153125 0.34230895 0.1659489609375 0.410058740625