5 0.3795362140625 0.3950865875 0.3795362140625 0.3513254328125 0.3634489734375 0.3513254328125 0.3634489734375 0.370610009375 0.36379870625 0.395333834375 0.3795362140625 0.3950865875
5 0.3791864796875 0.5248866249999999 0.37883677968749996 0.46332432187499994 0.363711265625 0.46332432187499994 0.36379870625 0.4949708109375 0.36379870625 0.5251338703124999 0.3791864796875 0.5248866249999999
0 0.41520789531249996 0.5750759765625 0.42674873281250003 0.5770538859375 0.43339346875 0.576806640625 0.434092903125 0.5436767328125 0.3912519015625 0.5434294875 0.391426784375 0.5540607359374999 0.3959731546875 0.5624668296875 0.40401679062499996 0.5691422609375001 0.41520789531249996 0.5750759765625
0 0.333372859375 0.674712953125 0.32742759062500004 0.6658123796875 0.3165861859375 0.658395234375 0.30364644687500003 0.6551811421875 0.287908940625 0.6543158046875 0.2896575734375 0.684849721875 0.33477175937500003 0.6843552421875 0.333372859375 0.674712953125
0 0.24908975781249998 0.801793378125 0.240346703125 0.7933872734375 0.22740698125 0.78745355625 0.20957114062499999 0.785970128125 0.208172240625 0.821757853125 0.255384759375 0.8220669046875001 0.25433559375 0.8111884203124999 0.24908975781249998 0.801793378125
5 0.314529228125 0.8381827359375 0.30776063593749997 0.8329686359374999 0.2975377359375 0.84055878125 0.31303547656249997 0.85125098125 0.3229316109375 0.843858840625 0.314529228125 0.8381827359375
5 0.3544872359375 0.8475549140625 0.335208421875 0.847521909375 0.3352551078125 0.8577191015625001 0.37446623125 0.8574550999999999 0.37446623125 0.8476869140625001 0.3544872359375 0.8475549140625
5 0.3942585171875 0.83844674375 0.38618288125 0.8435618359375001 0.39705931250000004 0.8515149890625 0.412183603125 0.8400307734375 0.4017272921875 0.8329026390625 0.3942585171875 0.83844674375
3 0.28932313593750003 0.6866828796875 0.260500828125 0.6871495078125001 0.26028081406250003 0.718880209375 0.260500828125 0.77096819375 0.26028081406250003 0.813916771875 0.25654051093749997 0.8136056843749999 0.25610048281250003 0.8349150312500001 0.289103121875 0.8353816593750001 0.32144570781250004 0.859179684375 0.38701095625000004 0.858868596875 0.42155370468750003 0.83522611875 0.4525761859375 0.83522611875 0.453016234375 0.8103392890625001 0.4532362390625 0.7056590859375 0.4532362390625 0.6163776046875 0.4532362390625 0.5452946078124999 0.3647891671875 0.5452946078124999 0.3647891671875 0.548561003125 0.2892131234375 0.5482110312499999 0.28932313593750003 0.5771808515625 0.28954314999999997 0.6467084187500001 0.28932313593750003 0.6866828796875
3 0.193317678125 0.5508285171875 0.19355545624999998 0.6547156078125 0.1930798875 0.744482121875 0.193317678125 0.821809084375 0.269883846875 0.8224814890625 0.269883846875 0.7898696890625 0.269883846875 0.6923704734375 0.2993689390625 0.6922023734375 0.2991311703125 0.683965375 0.33337193906249996 0.6841334734375 0.33289635781250004 0.6757283671875001 0.32837849375 0.6678275734375 0.3167271140625 0.6597586734374999 0.2993689390625 0.6553880171875 0.2996067296875 0.5530138453125 0.3778373671875 0.5533500515625 0.37878850625 0.4279458921875 0.3785507171875 0.31010632656250003 0.37926406562500004 0.2310983453125 0.3347986375 0.2310983453125 0.3347986375 0.23328367499999997 0.312209228125 0.21781827968749998 0.2889064890625 0.23378798125000003 0.2656037515625 0.21781827968749998 0.23564306875000002 0.2310983453125 0.1930798875 0.23067808906249998 0.193317678125 0.29968399843750004 0.193317678125 0.4260967671875 0.193317678125 0.5508285171875
5 0.7016066421875 0.32831407968750004 0.5992825921875 0.3280966296875 0.5990775375 0.3383168046875 0.6433701187499999 0.3384617734375 0.7016066421875 0.3384617734375 0.7016066421875 0.32831407968750004
0 0.6119962046875 0.468497203125 0.606869753125 0.4625535515625 0.5988724828125 0.45689983749999996 0.587184165625 0.452840759375 0.5736503234375 0.45110115625 0.573445259375 0.4827039671875 0.6138417281249999 0.48284893906250004 0.6138417281249999 0.47574554999999996 0.6119962046875 0.468497203125
5 0.7430284046875 0.5334424296875 0.74323345 0.485023440625 0.728469259375 0.48498719687499997 0.7288793890624999 0.5105376359375 0.728674325 0.5334424296875 0.7430284046875 0.5334424296875
0 0.6589545296875 0.5390961437499999 0.662645578125 0.5328625640625 0.6649012296875 0.5264840125 0.66305570625 0.5169161875 0.65915959375 0.51024770625 0.6523926734375001 0.5037241906250001 0.6203523234375 0.5268464265625 0.6491117359375 0.5466344265624999 0.6562887859375001 0.5415605859375 0.6589545296875 0.5390961437499999
0 0.6977105296875 0.6840631703125 0.6973004203125 0.6776846265625001 0.6948397203125001 0.6715960109375 0.6890980843750001 0.6650724953125 0.6796654203125 0.659273809375 0.6679771031249999 0.6557946 0.6537255453124999 0.6549247984375001 0.6538280875 0.6553597 0.6538280875 0.6842081421875 0.6977105296875 0.6840631703125
0 0.6271705140625 0.711316975 0.6376284828125 0.7150861203125001 0.6460358625 0.7163908234374999 0.6528027828125 0.716680753125 0.6530078484375 0.685222909375 0.6109709109375 0.6849329734375 0.6107658546875 0.6929061609375 0.6142518484374999 0.699284709375 0.618763125 0.7056632609375 0.6271705140625 0.711316975
5 0.67946035625 0.8383080921875001 0.672026990625 0.8329080687499999 0.6616202921875 0.8406275640624999 0.6774097671875 0.8513551250000001 0.6874576265625 0.84396180625 0.67946035625 0.8383080921875001
5 0.719241640625 0.84758598125 0.6998636406250001 0.8472598046875 0.69976111875 0.8577336765625001 0.7391322921875 0.8575887062499999 0.7393373578125 0.8474410156250001 0.719241640625 0.84758598125
5 0.757997640625 0.8390329265625001 0.7501541656249999 0.843889321875 0.76086846875 0.8517900265625 0.7764528796875 0.8404825984375 0.7659949109374999 0.8332342453124999 0.757997640625 0.8390329265625001
3 0.6533602125 0.8333333328125001 0.6864247296875 0.8574686484375 0.751747309375 0.8576586875000001 0.7853494765625 0.8337134203125001 0.8178763421875 0.8339034578125 0.8178763421875 0.76586849375 0.8178763421875 0.685290765625 0.6928763421874999 0.685290765625 0.5581989218750001 0.685385784375 0.557930109375 0.7514253140625 0.5584677484375 0.83352338125 0.6533602125 0.8333333328125001
5 0.769467178125 0.543090384375 0.7497730640625 0.543386615625 0.74991275625 0.55395219375 0.794049909375 0.5541496828125 0.794049909375 0.543485359375 0.769467178125 0.543090384375
3 0.6543753406249999 0.6919959 0.8180739265625 0.691600921875 0.8180739265625 0.628404946875 0.8175152375 0.543682846875 0.729240903125 0.5438803359375 0.729240903125 0.5466451578125 0.6626161359375 0.5467932734375001 0.6540959953125001 0.5498049578125 0.6538166375000001 0.6329471609375 0.6543753406249999 0.6919959
3 0.626091253125 0.4818692890625 0.626091253125 0.453036125 0.74313853125 0.4524436625 0.74313853125 0.39536980312500003 0.74313853125 0.32842156718750004 0.5578602109374999 0.3287671703125 0.5576507 0.41709341718750004 0.5579300578125 0.48147431249999995 0.626091253125 0.4818692890625
2 0.2891854 0.23328643906250002 0.26588278125000003 0.21697031249999998 0.2332591265625 0.23130872500000002 0.23308435468750002 0.24056025937499997 0.337887840625 0.2408676671875 0.33812088125 0.2349345328125 0.31272103281249997 0.217299928125 0.2891854 0.23328643906250002