3 0.5473521109374999 0.7433677375000001 0.6896761359375 0.7422900484375 0.689977828125 0.5143546234375 0.6896761359375 0.3863597328125 0.5771508437499999 0.38592865625 0.5078314984375 0.38614419375 0.42807035000000004 0.38570172187499996 0.4277281515625 0.63133411875 0.4284823953125 0.7425055921875 0.5473521109374999 0.7433677375000001
0 0.4805974078125 0.42057863125 0.48304318906250004 0.41155084531249997 0.48528516718750003 0.400775740625 0.48599851875000005 0.3859235703125 0.4367005984375 0.3859189765625 0.43687894062500005 0.3930584359375 0.47825352343749994 0.4264030109375 0.4805974078125 0.42057863125
5 0.6158793265625 0.7437559421875 0.6161001359375 0.720409384375 0.54734811875 0.7200938890625 0.4946309125 0.719453215625 0.49468664218749997 0.7435981921875 0.5446697 0.7437559421875 0.6158793265625 0.7437559421875
3 0.271030028125 0.742086246875 0.4355974515625 0.742086246875 0.4355974515625 0.6387068421875 0.43538203593749997 0.4371801875 0.3479286765625 0.4368724125 0.270383821875 0.43693029218749996 0.2705992296875 0.500273953125 0.271030028125 0.6221034203125 0.271030028125 0.742086246875
0 0.377677621875 0.46024122656250005 0.38004102500000003 0.4684168984375 0.38514099218750003 0.47854762968750003 0.42531880624999996 0.44602265625 0.42519441718750006 0.4374915171875 0.37537641875 0.43707890625 0.3750654453125 0.44566719375 0.375811784375 0.4515323515625 0.377677621875 0.46024122656250005
5 0.4253193390625 0.7437310359375 0.42499649218749996 0.7198977156249999 0.391528390625 0.7198977156249999 0.3511191484375 0.71972828125 0.3508501125 0.743884796875 0.378937490625 0.7440385593750001 0.4253193390625 0.7437310359375
5 0.270088965625 0.74363265625 0.2699871265625 0.7202065359375001 0.2504350203125 0.7199155296875 0.22584213125 0.7203369015625001 0.22640221718750003 0.74363265625 0.244630490625 0.7437781625000001 0.270088965625 0.74363265625
5 0.22583608593750001 0.4124918984375 0.22583608593750001 0.384186415625 0.22583608593750001 0.347187025 0.2091752125 0.3469933390625 0.2093783984375 0.374766728125 0.2092768015625 0.4122015859375 0.22583608593750001 0.4124918984375
0 0.295813228125 0.34454492812500004 0.2885506859375 0.34067292031249996 0.28258889531250003 0.3391241171875 0.2778194609375 0.33803995468750003 0.27074660625 0.33792080625 0.2707737078125 0.4032363015625 0.28052936562499997 0.40354606249999997 0.3014498359375 0.3488815765625 0.295813228125 0.34454492812500004
3 0.488426178125 0.396538309375 0.6192227984375 0.39736314375 0.6600171828125 0.397088203125 0.6892659984375 0.397088203125 0.69003570625 0.332519965625 0.69003570625 0.22478527656249997 0.68984326875 0.06647526875000001 0.5874530609375 0.0662003171875 0.48878644062500004 0.066371034375 0.488426178125 0.1293938328125 0.48804131718750005 0.248401284375 0.488426178125 0.396538309375
5 0.60146909375 0.08874002343750001 0.60146909375 0.0653960390625 0.5553656218749999 0.0653960390625 0.51627844375 0.06566088125 0.51635308125 0.08874002343750001 0.542577109375 0.08874002343750001 0.60146909375 0.08874002343750001
0 0.5092429171874999 0.31614874843749996 0.5017045515625 0.3120454828125 0.497037953125 0.3107632109375 0.48757013281250006 0.30895939375000003 0.48842268281249995 0.38103161406249997 0.49524310624999995 0.3812880640625 0.51821715 0.32204718906249996 0.5092429171874999 0.31614874843749996
3 0.394851065625 0.3029952546875 0.4960343625 0.30335046875 0.4960343625 0.1662926265625 0.49628296718750003 0.0654482078125 0.40728144843749997 0.064737771875 0.34314067187499997 0.065776315625 0.34315645781250004 0.2223488453125 0.345642534375 0.23371586562500002 0.394851065625 0.3029952546875
5 0.4839474765625 0.087371171875 0.4839474765625 0.064758290625 0.43937602499999995 0.064758290625 0.3920592234375 0.0640617296875 0.3920592234375 0.0880634015625 0.43808409375 0.087601915625 0.4839474765625 0.087371171875
0 0.2914971484375 0.2070200609375 0.289100953125 0.21746255312499999 0.288262284375 0.22413889843749998 0.2880226640625 0.2327597140625 0.337743715625 0.23338307500000002 0.3378635234375 0.22482365624999998 0.2962895390625 0.1929826109375 0.2914971484375 0.2070200609375
5 0.313931525 0.0891789328125 0.3140513328125 0.0648701796875 0.2784678375 0.06504136875 0.2444418625 0.065066628125 0.2444418625 0.0891789328125 0.27619145 0.0893501171875 0.313931525 0.0891789328125