5 0.22333270781249998 0.2127623484375 0.1482314171875 0.21330441875 0.1482314171875 0.23661341406249997 0.188246015625 0.23715548437499998 0.22372694062499998 0.23661341406249997 0.22333270781249998 0.2127623484375
0 0.073130128125 0.2913624515625 0.08318305625 0.297054184375 0.09599561250000001 0.2992224625 0.09599561250000001 0.24094997187499997 0.053418503125 0.24094997187499997 0.0559810140625 0.25965137656250004 0.0620916171875 0.277268640625 0.073130128125 0.2913624515625
5 0.098163890625 0.421459175 0.09796677499999999 0.377822565625 0.0816061265625 0.377822565625 0.08121189375 0.467535096875 0.0985581234375 0.46807716718750003 0.098163890625 0.421459175
0 0.1332505828125 0.570799371875 0.139952534375 0.5575186640625 0.142909278125 0.5431538171875 0.1433035109375 0.5317703546875 0.1017119828125 0.5309572499999999 0.102106215625 0.5881456015625 0.112947609375 0.5865193921875 0.1241832359375 0.5808276593749999 0.1332505828125 0.570799371875
5 0.2590107484375 0.8044314031249999 0.1854863875 0.8044314031249999 0.1854863875 0.8277403984375 0.3337178046875 0.82828246875 0.3333235734375 0.8047024374999999 0.2590107484375 0.8044314031249999
0 0.449819275 0.7922348343750001 0.4433144390625 0.78112240625 0.4344442078125 0.7710941171875 0.42242011562500004 0.7645892812499999 0.4119729546875 0.7640472109374999 0.41177583906250004 0.821506596875 0.45474718125 0.8212355625000001 0.45336736718750004 0.8047024374999999 0.449819275 0.7922348343750001
0 0.37471798437500003 0.7656734203125 0.3701843109375 0.779496196875 0.3676218 0.7922348343750001 0.367818915625 0.8000948453125 0.409213328125 0.7998238093750001 0.40862197968749997 0.742635459375 0.3991604 0.7437195984375 0.38930458749999997 0.748327190625 0.3820112859375 0.75564513125 0.37471798437500003 0.7656734203125
0 0.424982628125 0.414141234375 0.41946337343750006 0.4266088359375 0.4155210484375 0.43988954375 0.41512688437499995 0.4545228296875 0.45612699531249995 0.4539833546875 0.45612699531249995 0.3992343171875 0.44745387968749994 0.3992343171875 0.43956922968749995 0.40167363125 0.4324730453125 0.4076363984375 0.424982628125 0.414141234375
0 0.435232671875 0.321176284375 0.431881696875 0.3092507515625 0.425968209375 0.2981383234375 0.41591527968750003 0.288110034375 0.40586235156250006 0.2837734765625 0.395218075 0.282418303125 0.3950209578125 0.339606653125 0.43680960312500006 0.33933561874999996 0.435232671875 0.321176284375
0 0.3414053390625 0.2648010375 0.3490928734375 0.271576909375 0.3581602203125 0.277539675 0.3691987296875 0.279165884375 0.3690016140625 0.21953822031249998 0.328001434375 0.21980925468749998 0.32878989999999997 0.23308996093749998 0.33154952656250003 0.24637066875000002 0.335886084375 0.2563989578125 0.3414053390625 0.2648010375
5 0.4557327625 0.2130333828125 0.4084248625 0.21357545312499998 0.408227746875 0.2363423796875 0.432275928125 0.2363423796875 0.45592987812499997 0.23661341406249997 0.4557327625 0.2130333828125
3 0.4081123390625 0.735912378125 0.408524990625 0.5316498828125 0.0837682546875 0.5316498828125 0.0833556046875 0.723997065625 0.0833556046875 0.8238587296875 0.4081123390625 0.8238587296875 0.4081123390625 0.735912378125
3 0.1072893921875 0.5878220703125 0.12049423906250001 0.583282903125 0.136174996875 0.5668284234375001 0.144015375 0.542430403125 0.4010972640625 0.5418630078125 0.3994466578125 0.7398841484374999 0.3870671125 0.7466928984375001 0.37179900625 0.763147378125 0.366021884375 0.78811279375 0.36725983906250004 0.804567271875 0.404398475 0.8005955015625 0.4039858234375 0.8261283140625 0.4056364296875 0.8266957093749999 0.408524990625 0.8340718546874999 0.4613443828125 0.8323696671875 0.4605190796875 0.8244261265624999 0.4741365796875 0.8227239390625 0.4757871859375 0.44143394843749995 0.458455821875 0.44200134375 0.45680521562500004 0.39774447031250004 0.4510280953125 0.398311865625 0.4353473375 0.4028510328125 0.42214249062500003 0.41646853124999994 0.41430211093749997 0.4425687390625 0.3045368109375 0.4448383234375 0.30412415937500004 0.21617780781249998 0.0833556046875 0.215043015625 0.0833556046875 0.2411432234375 0.049105529687499996 0.237171453125 0.0544699984375 0.26724343125 0.0651989375 0.2865348890625 0.0833556046875 0.3029893671875 0.082942953125 0.5361890500000001 0.100274315625 0.5350542578125 0.0998616640625 0.5883894656249999 0.1072893921875 0.5878220703125
5 0.6451690250000001 0.2144080609375 0.5936523125 0.21298184375 0.5939980625 0.23722754375 0.6182005453125 0.23722754375 0.6451690250000001 0.23722754375 0.6451690250000001 0.2144080609375
5 0.8685233609375 0.21298184375 0.7419789546875 0.21298184375 0.742670453125 0.23865376249999998 0.7955701640624999 0.23770295 0.8678318609375 0.23770295 0.8685233609375 0.21298184375
0 0.646206275 0.3979147390625 0.6358337828125 0.402668796875 0.6264985390625 0.412652321875 0.6175090453125 0.4273899046875 0.6133600484375 0.44212748749999997 0.6130142984375 0.454488040625 0.6562330171874999 0.454488040625 0.6558872671875 0.3979147390625 0.646206275 0.3979147390625
0 0.7191594703125 0.4221604390625 0.7101699781249999 0.40837366875000003 0.6949569890625 0.39886555 0.6814727484375 0.3969639265625 0.6818184984375 0.454963446875 0.726074465625 0.4559142578125 0.7236542171875 0.4354718046875 0.7191594703125 0.4221604390625
0 0.632722034375 0.5039302546875 0.624769790625 0.48396320625 0.6119770499999999 0.47017643593749997 0.6002215578125 0.462569940625 0.589503315625 0.462094534375 0.590194815625 0.5257989249999999 0.6341050328125 0.52627433125 0.632722034375 0.5039302546875
0 0.7443992015625 0.6113719875 0.7547716953125 0.598060621875 0.7616866890625 0.581421415625 0.7630696890625 0.5600281500000001 0.7198509703125 0.5595527453125 0.7205424703125 0.61992929375 0.7309149625 0.6189784828125 0.7443992015625 0.6113719875
0 0.701871984375 0.675076378125 0.7177764718749999 0.67935503125 0.7181222218750001 0.6189784828125 0.674903503125 0.6194538875 0.674903503125 0.6394209359375 0.6800897499999999 0.65415851875 0.6894249921875 0.666519071875 0.701871984375 0.675076378125
5 0.6389455296875 0.8043867828125 0.6054078046875 0.8039113765625 0.6054078046875 0.829107890625 0.68804199375 0.829107890625 0.68804199375 0.8053375953125 0.6389455296875 0.8043867828125
5 0.8394803828124999 0.8043867828125 0.7876179203125 0.8048621890625001 0.7869264203124999 0.8295832953125 0.9041355843750001 0.829107890625 0.9030983359375 0.8039113765625 0.8394803828124999 0.8043867828125
3 0.6047163046875 0.830067259375 0.6897707421875 0.8295918531250001 0.6894249921875 0.8253132000000001 0.7288404640625 0.8253132000000001 0.7288404640625 0.6218309171875 0.6724832546874999 0.6213555109375 0.6728290046875001 0.53435623125 0.598147059375 0.53435623125 0.599184309375 0.5296021734374999 0.5531995937499999 0.5296021734374999 0.55250809375 0.6693715078125 0.5531995937499999 0.8253132000000001 0.6047163046875 0.8272148234375001 0.6047163046875 0.830067259375
3 0.7859144812500001 0.8305446609375 0.9038151437499999 0.8281676328125 0.9038151437499999 0.824364384375 0.9435763640625 0.824839790625 0.9439221140624999 0.675076378125 0.9435763640625 0.5348316375 0.8170066484375 0.5353070437499999 0.72227121875 0.5348316375 0.72123396875 0.709305603125 0.7205677781250001 0.824364384375 0.7866059796875 0.8262660078125 0.7859144812500001 0.8305446609375
3 0.94379143125 0.5432999421875 0.9444271953125 0.37808081250000003 0.9441093125 0.21679547187499998 0.8690891781250001 0.21635838437500002 0.8690891781250001 0.21198750781250003 0.741618528125 0.2132987703125 0.7413006453125 0.21679547187499998 0.6659626296875001 0.21766964687499998 0.6659626296875001 0.45238571250000004 0.8382546328125 0.453696975 0.8385725140625 0.54548538125 0.94379143125 0.5432999421875