3 0.9845938750000001 0.6821892375 0.9845938750000001 0.4973240109375 0.9203638125 0.4973240109375 0.9203638125 0.5033817218750001 0.8399096734375 0.503046328125 0.8405439343750001 0.5371318031250001 0.840232128125 0.6808911609375 0.9845938750000001 0.6821892375
0 0.869032425 0.5448051828125 0.874093203125 0.5412156218749999 0.8792664359375 0.5349729125 0.8829776703125001 0.5268573828124999 0.885226903125 0.5160887 0.88500198125 0.5040714796875 0.8594581109374999 0.5040857828124999 0.8591358031249999 0.54620979375 0.8643090375 0.5460537249999999 0.869032425 0.5448051828125
5 0.9847320671875 0.63741746875 0.9848591765625001 0.59048065625 0.9848591765625001 0.5297560203125 0.9714288906249999 0.52956245 0.9721478609374999 0.5878203546874999 0.9721478609374999 0.6372410687500001 0.9847320671875 0.63741746875
3 0.710355671875 0.516661721875 0.7105484140625 0.6815744390625 0.8573942484374999 0.6818419078125 0.8573942484374999 0.5118906109375 0.859514353125 0.5118906109375 0.85912888125 0.5474640140625 0.86683835625 0.546661609375 0.8741623609375001 0.5415796921875 0.8826427812500001 0.5300785140625 0.8855338312500001 0.5124255468750001 0.9323688765625 0.5129604828125001 0.9327543500000001 0.3253128890625 0.8524069187500001 0.3253128890625 0.8524069187500001 0.28545997343749996 0.794617496875 0.2851925046875 0.715494046875 0.285342209375 0.715174096875 0.4184788453125 0.7157523 0.516661721875 0.710355671875 0.516661721875
5 0.933687959375 0.481781971875 0.9334932109375 0.4257921765625 0.9334932109375 0.35011642656249997 0.9196343 0.350214178125 0.9202498406249999 0.41254892343750005 0.9202498406249999 0.48205224218750004 0.933687959375 0.481781971875
0 0.6815956484375 0.4897400875 0.6767334234375 0.494647375 0.6727552343750001 0.5004747765625 0.670213621875 0.50768235625 0.6685560374999999 0.5127429968749999 0.66734048125 0.516883521875 0.6661999437499999 0.5319485078125 0.699055459375 0.5322187953124999 0.6989449515625 0.48483279843749993 0.68844696875 0.48621297343750003 0.6815956484375 0.4897400875
0 0.6289423484375 0.4227705765625 0.6220008 0.41558955 0.615564096875 0.4112108734375 0.6088749640625 0.41015999062499997 0.60685560625 0.41015999062499997 0.6063742640625 0.45773989375 0.635631478125 0.4585005671875 0.6357576921875 0.44151130937499994 0.633107278125 0.43047704531250003 0.6289423484375 0.4227705765625
5 0.735494496875 0.6825242515625 0.74928674375 0.6825242515625 0.7497046890625 0.6639641625 0.74364445625 0.6639641625 0.725764346875 0.6640318781250001 0.725881721875 0.6825242515625 0.726613121875 0.6825242515625 0.735494496875 0.6825242515625
3 0.4864652171875 0.6815604875 0.5933369578125001 0.6817720578124999 0.593184496875 0.593072834375 0.59364186875 0.5168562375 0.561947425 0.5166446687499999 0.49776339218750004 0.5168562375 0.45461653281250003 0.51613180625 0.45461060781249996 0.5558193874999999 0.45461060781249996 0.6809257796875 0.4864652171875 0.6815604875
5 0.467154196875 0.626591146875 0.4670661546875 0.5976056515625 0.46697811875 0.56386518125 0.45455341875000005 0.5640803734375 0.454828653125 0.5919954390625 0.45456453281250003 0.626591146875 0.467154196875 0.626591146875
3 0.56064096875 0.529783915625 0.56120103125 0.5354835046875001 0.562134453125 0.5411830953125001 0.5673616703125 0.54999155 0.5774427109375 0.5580227921875001 0.5858435890625 0.5595772203125 0.585656896875 0.525078634375 0.5873370718750001 0.525078634375 0.58771044375 0.533628028125 0.605258928125 0.5325917234374999 0.605258928125 0.5105495999999999 0.6140331765625 0.5095133140625 0.6215006203125 0.5043318671875 0.628781359375 0.4939689734375 0.6336352187500001 0.4820516515625 0.6338218984374999 0.46909804375 0.605824275 0.46883896406250003 0.6061976328124999 0.393385975 0.606010953125 0.2863261640625 0.60171718125 0.286844315625 0.5393781718749999 0.2858080203125 0.45443091874999997 0.286080584375 0.45442700937499997 0.5253796828125 0.560454278125 0.5253796828125 0.56064096875 0.529783915625
5 0.45425168749999995 0.476409971875 0.4671900375 0.47627697031249994 0.4671900375 0.40599869218749995 0.4671900375 0.3761849671875 0.4670941953125 0.33905620625 0.45434622343750003 0.3391005984375 0.4543475265625 0.37059893593750004 0.45444336874999997 0.4308913828125 0.45425168749999995 0.476409971875
0 0.6224162265625 0.5023763578125 0.62790959375 0.4954356609375 0.63053758125 0.4888417234375 0.6328333171875 0.48190102812499996 0.633489240625 0.475301678125 0.63389919375 0.46892989375000005 0.5996271015625 0.46996212187499997 0.5999508 0.5098859625000001 0.6099536546875 0.510113525 0.617168828125 0.5070414125 0.6224162265625 0.5023763578125
0 0.5616705875 0.5368627921875 0.5642122953125 0.5424975328125 0.5683938171875 0.549324446875 0.5744611203125001 0.554672196875 0.5800364796874999 0.5578580890625 0.585775821875 0.5589959078125 0.585775821875 0.516764390625 0.5605784578125 0.5165559609375 0.560604709375 0.52468813125 0.5609326703125 0.530035878125 0.5616705875 0.5368627921875