5 0.3452231296875 0.7213183265625001 0.30198606093749997 0.719606425 0.2446220296875 0.719606425 0.2048096796875 0.7204623765625 0.2047381421875 0.72066060625 0.2048096796875 0.737581396875 0.2694512375 0.737581396875 0.3435107703125 0.7372960796875 0.3452231296875 0.7213183265625001
5 0.09479060624999999 0.6922159921875 0.0665366796875 0.6919306749999999 0.0654967671875 0.6921275375 0.06482432031249999 0.702772721875 0.107205209375 0.7022020875 0.1076332984375 0.6927866265625 0.09479060624999999 0.6922159921875
0 0.16414115 0.6602604875 0.1397400328125 0.662828340625 0.12176026250000001 0.6722438015625001 0.113198465625 0.6873656031250001 0.114002984375 0.6999265765625 0.11405464531250001 0.7010608203124999 0.16285688125 0.6999195515625 0.16414115 0.6602604875
0 0.11662318437500001 0.7224595953125 0.1151454671875 0.7352975015625 0.16414115 0.7350135437499999 0.1632849703125 0.7044846234375 0.16028834218750002 0.70020486875 0.1410243015625 0.7024874046875 0.12304453125 0.71133223125 0.11662318437500001 0.7224595953125
5 0.1087141953125 0.721707621875 0.0959065421875 0.72146373125 0.0659000421875 0.720488171875 0.06501128125 0.7202511046875 0.065168175 0.7373165937499999 0.0882219515625 0.737560484375 0.10798232968749999 0.7370727031250001 0.1087141953125 0.721707621875
0 0.23326986875000003 0.614472003125 0.23210092656249998 0.5988902656249999 0.2192425609375 0.5872039640625 0.19703265781249998 0.5790235515625 0.1735681734375 0.5777347890625 0.1736538125 0.577854921875 0.1742382828125 0.6152510906249999 0.23326986875000003 0.614472003125
0 0.16839357187499998 0.540065475 0.16137991875 0.5299373468749999 0.133325303125 0.5237046515625 0.12338929375 0.52565236875 0.1225355390625 0.56137318125 0.12338929375 0.56226945 0.1736538125 0.5630485375000001 0.16839357187499998 0.540065475
5 0.06552664999999999 0.44034235937500005 0.053837228125000004 0.44073190156250003 0.0392254484375 0.44073190156250003 0.0392254484375 0.44112144531249997 0.0392254484375 0.5186405875 0.06552664999999999 0.5178615 0.0643577078125 0.48903528593749995 0.06552664999999999 0.44034235937500005
5 0.1768688953125 0.3347661046875 0.1450211515625 0.3344001359375 0.11427160624999999 0.3336682 0.0686963875 0.3325702953125 0.0679075296875 0.3324504875 0.0686963875 0.3494048375 0.11811529843749999 0.3494048375 0.17741799375 0.3494048375 0.1768688953125 0.3347661046875
5 0.21036393593749997 0.35379645625 0.18675267812500002 0.352332584375 0.1853889875 0.3522137234375 0.1840071828125 0.38343988906250004 0.2098148359375 0.38343988906250004 0.2098148359375 0.3662393796875 0.21036393593749997 0.35379645625
0 0.25539005625 0.4156451 0.25539005625 0.40247024062500003 0.24605537187499998 0.39075925625 0.22024771875 0.382707953125 0.2014923640625 0.38271254374999997 0.200480153125 0.383073921875 0.20157835156249998 0.4156451 0.25539005625 0.4156451
0 0.1680833109375 0.42333043437500006 0.115918903125 0.423696403125 0.11511970468749999 0.4237029578125 0.11646800156249999 0.46139113906249996 0.1433738546875 0.4580974234375 0.161494121875 0.44602047031250003 0.1680833109375 0.42333043437500006
0 0.25333696875 0.55016016875 0.26331170312499996 0.536864075 0.262480475 0.5196899515625 0.20584829999999998 0.520254834375 0.20595698593749998 0.5213519640625 0.2076194421875 0.556808215625 0.25333696875 0.55016016875
1 0.2965608140625 0.5850624171875001 0.31983519375 0.5928184734374999 0.32980992656249997 0.59060245625 0.332303609375 0.5557002078125 0.278273803125 0.5557002078125 0.2474005859375 0.5557127859375 0.24585591875 0.5928184734374999 0.26414293125 0.5911564609375 0.2882485375 0.5773063625 0.2965608140625 0.5850624171875001
5 0.4491341484375 0.424092053125 0.43266042968749996 0.42361468125 0.4097404703125 0.42456942499999994 0.396021153125 0.4244211546875 0.395415496875 0.43984531875000005 0.43409292656250004 0.44032269062499996 0.44985039687499995 0.439367946875 0.4491341484375 0.424092053125
5 0.572487684375 0.4248358953125 0.54701490625 0.42445862187500005 0.523806375 0.42445862187500005 0.52351011875 0.42471860625 0.5221081890625 0.4335131921875 0.53795791875 0.43313591875 0.571921621875 0.43313591875 0.572487684375 0.4248358953125
1 0.5221081890625 0.39993582656250004 0.5085227078125001 0.40182219531249996 0.4943711640625 0.405217659375 0.48418205312499996 0.41464950468749995 0.475691128125 0.40446311250000005 0.4626717078125 0.401444921875 0.446821978125 0.401444921875 0.44654258125 0.43981028125000005 0.44738804062500004 0.4391722984375 0.5232403125 0.4380404765625 0.5221081890625 0.39993582656250004
3 0.39691749375 0.734319521875 0.39792639375 0.6132838031250001 0.39792639375 0.6018526515625 0.387837390625 0.6018526515625 0.387837390625 0.55680046875 0.193119634375 0.556128046875 0.1729416296875 0.55680046875 0.1759683296875 0.692629440625 0.161843725 0.692629440625 0.160834825 0.7356643640625 0.39691749375 0.734319521875
4 0.26952008906249997 0.42533857499999994 0.28902476250000003 0.42533857499999994 0.3030172453125 0.4247733734375 0.3326982703125 0.42533857499999994 0.331850240625 0.42364296875 0.331850240625 0.41629534375 0.2733362203125 0.41544754062499994 0.22313740937499998 0.41573626093750005 0.222878478125 0.41629534375 0.2224544640625 0.425055975 0.26952008906249997 0.42533857499999994
5 0.7323774078125 0.7210001218750001 0.7117196406249999 0.7210001218750001 0.692983525 0.7213203125 0.6670412125 0.7206799312500001 0.6674830093749999 0.7212208 0.6675216265625 0.7376500015625 0.699228896875 0.7370096203125 0.7323774078125 0.7366894312500001 0.7323774078125 0.7210001218750001
5 0.9096498796875 0.7210001218750001 0.8808250875000001 0.7213203125 0.8217342640625 0.7213203125 0.7818599671875 0.7210001218750001 0.780418728125 0.7277241109375 0.7808991421875 0.7373298109374999 0.8303817015625 0.7373298109374999 0.909169465625 0.7373298109374999 0.9096498796875 0.7210001218750001
0 0.752420184375 0.618739525 0.7586985828125 0.5969204421875001 0.7053321984375 0.5978171171875 0.7037878703125 0.5981215343749999 0.703986828125 0.6357763421875 0.72461585 0.635178559375 0.7443479578125001 0.6297985109375001 0.752420184375 0.618739525
0 0.8143072531250001 0.597518225 0.8138587953125 0.5906437203125 0.812513425 0.579285840625 0.80175045625 0.5694224203125 0.77573995 0.5649390484375 0.75848764375 0.5636477234374999 0.759147040625 0.5640423734375 0.759595496875 0.5978171171875 0.8143072531250001 0.597518225
0 0.75958776875 0.519816540625 0.7586985828125 0.55537451875 0.7909874875 0.550592253125 0.80578656875 0.5437177484375 0.812513425 0.5296698453124999 0.81296188125 0.5207031 0.75958776875 0.519816540625
5 0.9016917703124999 0.41570533125000003 0.8633953078125 0.41570533125000003 0.8227541625000001 0.41570533125000003 0.7848484796874999 0.414663528125 0.7838759203125 0.41457993593750003 0.782894578125 0.43081146718749996 0.82783430625 0.43055101562500003 0.901300990625 0.43081146718749996 0.9016917703124999 0.41570533125000003
0 0.7582754234375 0.5145045968749999 0.75983854375 0.477781059375 0.712554134375 0.47726015781250003 0.7119881046875001 0.477438365625 0.7121633546874999 0.49184539374999997 0.7254498828125 0.5085142328125001 0.7516321593749999 0.5160673 0.7582754234375 0.5145045968749999
5 0.6320534062500001 0.44496428125 0.6074342515625 0.4431411265625 0.6070214734375 0.44618279375 0.6074342515625 0.49366854687500006 0.629708725 0.4952312515625 0.630881065625 0.45772636093749997 0.6320534062500001 0.44496428125
0 0.6535715421875 0.5105406421875001 0.6535715421875 0.5181224859375 0.7115339625 0.519566646875 0.7115339625 0.483462628125 0.7107585750000001 0.48274701562500005 0.6893240625 0.484184709375 0.671447803125 0.491044471875 0.6573634765625 0.5004315171875 0.6535715421875 0.5105406421875001
3 0.86015625 0.4890625 0.2046875 0.1453125
3 0.8609375 0.646875 0.20234375 0.1765625
3 0.68984375 0.66640625 0.15546875 0.13828125