5 0.43566168281250006 0.0666667796875 0.3575072578125 0.0676884890625 0.35804378593749997 0.0906770328125 0.39273935 0.0911878921875 0.4353039859375 0.091698753125 0.43566168281250006 0.0666667796875
0 0.3465978421875 0.30574764375 0.3401594921875 0.3205624671875 0.337655678125 0.33742073281249996 0.33604609218750003 0.352746428125 0.3913085953125 0.351213859375 0.3913085953125 0.33997502343749997 0.3465978421875 0.30574764375
0 0.477868653125 0.37624584375 0.4685687921875 0.3690938453125 0.4596266625 0.365006984375 0.44120580625 0.3638575578125 0.44138467031250006 0.44061376562500004 0.45748054531250004 0.4395920453125 0.477868653125 0.37624584375
0 0.310829221875 0.4181360703125 0.3061793078125 0.40281037656249996 0.25968011875 0.433972615625 0.2598589515625 0.446233171875 0.313690715625 0.44725489218750003 0.313333034375 0.4293749078125 0.310829221875 0.4181360703125
0 0.37986265 0.7026831625 0.38487024375 0.70472658125 0.393097046875 0.70472658125 0.39372297500000003 0.627842665625 0.3841548828125 0.6280981031249999 0.3623360203125 0.6929768734375 0.37092048593750004 0.6991071515625 0.37986265 0.7026831625
0 0.40275457187499997 0.6894008859375 0.3970315828125 0.7042157328124999 0.3952431625 0.719541428125 0.3950642984375 0.7439348109374999 0.44138467031250006 0.7420190984375 0.44174233437500005 0.719541428125 0.40275457187499997 0.6894008859375
5 0.262541596875 0.7701162234375001 0.24429960624999997 0.8056207359374999 0.259322421875 0.8217127171874999 0.2961641015625 0.7471276796875 0.281498965625 0.731801984375 0.262541596875 0.7701162234375001
5 0.1851025671875 0.8072810359375 0.12840930781249998 0.8067701640625 0.12858815625 0.830780428125 0.24125929531249998 0.8318021484375 0.24125929531249998 0.8072810359375 0.1851025671875 0.8072810359375
3 0.22476865781250002 0.4467286640625 0.33497434843749996 0.44557976874999994 0.33577877031250003 0.2322682640625 0.3341699265625 0.068742215625 0.1091331265625 0.0685507328125 0.1097364421875 0.3084783015625 0.10946830625 0.44519681093749996 0.22476865781250002 0.4467286640625
3 0.326959865625 0.351717915625 0.4017020609375 0.35129261875 0.45768424999999996 0.34980409375 0.45783314375 0.23773919375000002 0.45768424999999996 0.1562954515625 0.457386478125 0.068897584375 0.32770430625 0.06820648124999999 0.326959865625 0.090587565625 0.326959865625 0.2128595109375 0.326959865625 0.351717915625
3 0.2524102140625 0.8311199296874999 0.2985903546875 0.7408234921875 0.393699434375 0.742001271875 0.3931496796875 0.6277566328125 0.3928747890625 0.4349933375 0.312884190625 0.43420814375 0.3104102546875 0.42203775937500004 0.3049126265625 0.40437105781250005 0.261756178125 0.43420814375 0.10960910937499999 0.43420814375 0.1094716703125 0.6607344578125 0.10974655468750001 0.8299421499999999 0.2524102140625 0.8311199296874999
5 0.7070520499999999 0.068435915625 0.6518497140624999 0.0676354953125 0.5988891140625 0.0680357046875 0.5983286921875 0.09204830625 0.6409213359375 0.0940493578125 0.705650959375 0.0932489359375 0.7070520499999999 0.068435915625
0 0.7423591171874999 0.4242226390625 0.7569302703125 0.4258234734375 0.7569302703125 0.3492833046875 0.7479634046875 0.34938336875 0.7252660046875 0.4126165421875 0.7336724484375 0.41942011875 0.7423591171874999 0.4242226390625
0 0.8042865828125001 0.2249180390625 0.8000833609375 0.2101102671875 0.7572104937499999 0.24252728124999998 0.7573505921875 0.2571349453125 0.807929384375 0.2569348421875 0.8065282937499999 0.23972580781250002 0.8042865828125001 0.2249180390625
5 0.8905927374999999 0.3197678203125 0.8903125390625 0.2641386234375 0.8720985593749999 0.264338725 0.8729392046875001 0.28975206875000004 0.8723787828124999 0.31896739375 0.8905927374999999 0.3197678203125
5 0.8905927374999999 0.42462284375000003 0.8908729609374999 0.3353760125 0.8723087203125001 0.3369768453125 0.8720985593749999 0.37579723125000003 0.8720985593749999 0.42542326875 0.8905927374999999 0.42462284375000003
3 0.642602625 0.44583398125 0.7566500734375 0.44543377812499996 0.7572104937499999 0.2449285515625 0.754968784375 0.0688361265625 0.54130496875 0.0680357046875 0.540884646875 0.2773455546875 0.5411648640625 0.443832925 0.642602625 0.44583398125
5 0.83286849375 0.0672352859375 0.7932881421875 0.0668350734375 0.7925175609374999 0.0932489359375 0.8115721593749999 0.0932489359375 0.8331487171875 0.092848728125 0.83286849375 0.0672352859375
0 0.8023250703125001 0.324570340625 0.8110117390625 0.3253707671875 0.8180171171874999 0.324570340625 0.8174566703125 0.2568347875 0.805967871875 0.257735259375 0.7857924046875 0.314565096875 0.792797784375 0.320568246875 0.8023250703125001 0.324570340625
0 0.7479634046875 0.5226743078125 0.7569302703125 0.522274103125 0.7565099484375 0.447734971875 0.7460018921875 0.44823524062500003 0.735073515625 0.4522373359375 0.7258264249999999 0.45944111562499995 0.7479634046875 0.5226743078125
0 0.768138871875 0.5646963609375 0.8115721593749999 0.5330797734375 0.8124128046875001 0.5206732515625 0.75903188125 0.51887230625 0.7594522031250001 0.5338801828124999 0.7611334921874999 0.5446858531250001 0.76393565 0.5570923765625 0.768138871875 0.5646963609375
5 0.82334118125 0.7183770125 0.7901357265625 0.716976271875 0.7899956265625 0.7431900406249999 0.856126315625 0.7439904484375 0.8558461171875 0.7175765859375 0.82334118125 0.7183770125
5 0.6936017390625 0.7720051625 0.6770690484374999 0.8064232140625001 0.6899589374999999 0.8208307749999999 0.7286285828125 0.7435902453125001 0.7143376265625 0.7283822578125 0.6936017390625 0.7720051625
5 0.61346029375 0.8076238437500001 0.5606397921874999 0.8070235296874999 0.56021946875 0.8296354078125001 0.6728658249999999 0.830435815625 0.6731460484375 0.8072236390624999 0.61346029375 0.8076238437500001
3 0.684634846875 0.830435815625 0.729189003125 0.7419894109375 0.7566500734375 0.7423896140624999 0.7560896265625 0.539483128125 0.7566500734375 0.43462809687500004 0.6395202703125 0.43462809687500004 0.5402541640625 0.43482819843750004 0.540884646875 0.6527425609375 0.540884646875 0.82883498125 0.684634846875 0.830435815625
3 0.88926946875 0.7414960328125 0.88926946875 0.6934018 0.8889054296875001 0.5948736265625 0.88926946875 0.520522540625 0.825743715625 0.5210424812500001 0.748475290625 0.5214974234375 0.74783821875 0.6289295328125 0.74783821875 0.7407161265625 0.88926946875 0.7414960328125
4 0.30586988125 0.0909781234375 0.3061106640625 0.06795562499999999 0.231947209375 0.06692476875 0.149665765625 0.0673775140625 0.1483929234375 0.0902908859375 0.1996812921875 0.0902908859375 0.30586988125 0.0909781234375