5 0.7631528078125001 0.08000039375 0.5817174109375001 0.080179090625 0.581936615625 0.1013966171875 0.664247215625 0.10198281718749999 0.765807996875 0.10198281718749999 0.7631528078125001 0.08000039375
5 0.9217999203125 0.6586050921875 0.9231274796875001 0.581226965625 0.8809610343750001 0.5808795734375 0.8813083625000001 0.6137609515625 0.88197214375 0.658312 0.9217999203125 0.6586050921875
0 0.5109104828125 0.6190367328125 0.5348071203125 0.6272435140625 0.5587037578125 0.6316399859375 0.60185050625 0.6316399859375 0.602622653125 0.5795605515625 0.48635006406250003 0.5803476734374999 0.48900521875 0.5967612078125 0.49564319687499997 0.6081920703125 0.5109104828125 0.6190367328125
0 0.49564319687499997 0.7213328265625 0.48701384531249997 0.7348153890625 0.48767762187499997 0.7450738421875001 0.600522871875 0.74478075 0.602622653125 0.6948430140624999 0.570652075 0.6955401203125 0.5301605546875 0.7005228015625 0.5089191093750001 0.709608865625 0.49564319687499997 0.7213328265625
0 0.7824028453125 0.8626202015625 0.766471778125 0.864085696875 0.7478855203125 0.8673097828125 0.7312906 0.8725855656249999 0.7153595328125 0.880499240625 0.692790453125 0.8925162953125 0.68416110625 0.9080505390625 0.684451746875 0.9206594578124999 0.7970063515625 0.9200676 0.7916959734375 0.8617409015625 0.7824028453125 0.8626202015625
5 0.8886101546875 0.906585046875 0.8074940343750001 0.9064140281249999 0.808954671875 0.9212399921875001 0.848782378125 0.9200676 0.8872825203125 0.9191883000000001 0.8886101546875 0.906585046875
5 0.6815059125 0.9092229390625001 0.5936632640624999 0.9085244640625 0.5938849359375 0.9227054906250001 0.6376954609375 0.9221192921875 0.6815059125 0.922412390625 0.6815059125 0.9092229390625001
5 0.13346088750000001 0.9636558609374999 0.09164177031250001 0.9492940171875001 0.06508994375 0.9645351609375 0.1341247015625 0.9967760484375001 0.16864206406249999 0.9812418046875001 0.13346088750000001 0.9636558609374999
5 0.4587206828125 0.9794832140624999 0.3047201328125 0.9812418046875001 0.16659901093750001 0.9781687859374999 0.13346088750000001 0.997948446875 0.2542716671875 0.9991208390624999 0.4726604109375 0.9964829484375001 0.4587206828125 0.9794832140624999
5 0.5231088749999999 0.950467928125 0.48328109843749995 0.967174571875 0.4515076109375 0.9789602000000001 0.470669 0.99677756875 0.510496778125 0.9803640250000001 0.558953834375 0.9642435796875001 0.5231088749999999 0.950467928125
3 0.1318669578125 0.9982027140625 0.47603336562500004 0.9987378234375001 0.558439528125 0.964459325 0.5947950453125 0.9655295171875 0.6008542984374999 0.8338963703125 0.60206625625 0.674973425 0.0053688875 0.6751888187499999 0.005834196875 0.965561978125 0.0676387546875 0.9677023453125001 0.1318669578125 0.9982027140625
0 0.9986158796875 0.5567631734375 0.992145709375 0.5461926015625 0.9811463781249999 0.5347649546875 0.952677546875 0.5210517796875 0.9190325515625 0.518480559375 0.8860586296875 0.5186279640625 0.8840935515625 0.568190821875 0.9986158796875 0.566762353125 0.9986158796875 0.5567631734375
3 1 0.5547648109375001 0.997321803125 0.5447596984375 0.9830873890625 0.5321892984375001 0.952677546875 0.5190475 0.917738546875 0.5153335109375 0.9196796265625 0.3090586171875 0.8510956265624999 0.307630159375 0.8510956265624999 0.31477243593750004 0.5767591515625 0.315232034375 0.5754657062499999 0.41831911875000005 0.578053784375 0.5775759171875 0.48035398906250004 0.5784329890625 0.48553011718750005 0.602431040625 0.5114108671875 0.6239109421875 0.5495849546875 0.6330530578125 0.5787008218749999 0.6350528953125 0.57611274375 0.694193915625 0.5372916187500001 0.7010505031250001 0.5101168265625 0.7119067640625001 0.4894122421875 0.72704839375 0.4894122421875 0.7461897015625001 0.577406784375 0.7479038453125 0.5806418671875 0.7801913796875 0.578053784375 0.9210371046875 0.91709154375 0.9196086359375 0.9209736296875001 0.566763834375 1 0.5659067671875 1 0.5547648109375001
3 0.5972856828124999 0.68498915625 0.59638509375 0.32392805 0.8854498875000001 0.323132815625 0.887250871875 0.2650738734375 0.8881513625 0.0829631296875 0.7665820828125 0.0845536171875 0.7656815921875 0.077794046875 0.57747438125 0.078589290625 0.578374871875 0.08415599375 0.0039895546875 0.0844360984375 0.007449460937500001 0.4094249546875 0.007449460937500001 0.683001053125 0.5972856828124999 0.68498915625