0 0.13213326718750001 0.8406754984375 0.1309724140625 0.8213298078125 0.10930303593749999 0.8030895890625 0.09305101875 0.78816576875 0.08531195312499999 0.813038803125 0.0835380234375 0.8398869171875001 0.09498577968750001 0.8412282359375001 0.08415107968749999 0.8390173078125001 0.13213326718750001 0.8406754984375
5 0.24417809531249998 0.71716146875 0.23640931250000002 0.71716146875 0.226847728125 0.7175882828125 0.22528722812500002 0.71766704375 0.22535373593750002 0.74405065625 0.27077118906250003 0.744904284375 0.27107001406250003 0.71716146875 0.24417809531249998 0.71716146875
5 0.42596904062499996 0.71814159375 0.39538033281249996 0.7178130687500001 0.3677815140625 0.71748454375 0.3569719734375 0.71715601875 0.349543175 0.7179179265625 0.349842275 0.7450805671875 0.40182005312499997 0.7450805671875 0.42665899375 0.7440949921875 0.42596904062499996 0.71814159375
5 0.6165459546875 0.7193449703125 0.588814934375 0.7180671703125 0.5279856374999999 0.7187060703125 0.5062928234374999 0.7190255203125 0.4933218765625 0.7190255203125 0.493769140625 0.7461787 0.5713712453124999 0.7468176015625 0.616322321875 0.7452203578125001 0.6165459546875 0.7193449703125
5 0.22836024687499998 0.3665053859375 0.2278973046875 0.34203750781250003 0.21590345625000001 0.34086616406250003 0.205754640625 0.340277071875 0.20660146093749998 0.391634578125 0.20660146093749998 0.4154411765625 0.22650845468749997 0.41676376875 0.22836024687499998 0.3665053859375
0 0.4251582703125 0.45057911562499997 0.43626915468750005 0.4386758171875 0.40432538281249997 0.4386758171875 0.3862702203125 0.43735322343750005 0.3746963703125 0.43735322343750005 0.3727999375 0.43844524218750003 0.3756222796875 0.46314371249999997 0.382566584375 0.48232125468750003 0.4075660515625 0.463805009375 0.4251582703125 0.45057911562499997
0 0.489045790625 0.3857722609375 0.4589538609375 0.3857722609375 0.42932485 0.384449671875 0.428620559375 0.386088884375 0.4501577640625 0.407594975 0.4802496921875 0.428756396875 0.48626808749999995 0.4089175671875 0.489045790625 0.3857722609375
0 0.48811990625 0.3851935359375 0.495527128125 0.38717740625 0.5066380359375 0.3560965640625 0.5186747765625 0.3210479625 0.510341621875 0.3117898484375 0.4885828484375 0.303854309375 0.4885828484375 0.3177414984375 0.4885828484375 0.336919021875 0.48811990625 0.3851935359375
5 0.317260921875 0.06088510625 0.288382534375 0.06088510625 0.262071103125 0.06088510625 0.2505197484375 0.06088510625 0.2416401703125 0.061002590625 0.24281885625 0.09205226562499999 0.29479995468750003 0.09113558125 0.31758178593749997 0.09205226562499999 0.317260921875 0.06088510625
5 0.4870187125 0.0633840296875 0.4381111609375 0.0624883734375 0.41459789999999996 0.0615927265625 0.406760153125 0.0611448984375 0.3904059015625 0.0604089578125 0.3907711375 0.089805765625 0.44720295312499997 0.09025358125 0.4860781890625 0.0893579390625 0.4870187125 0.0633840296875
5 0.6027038984375 0.06383185625 0.5776230921875001 0.0624883734375 0.5456450953124999 0.062040553124999995 0.5340452 0.0611448984375 0.5205642890625 0.0629362015625 0.513119734375 0.0628263796875 0.513667065625 0.09114923593749999 0.5628881375 0.090701409375 0.60207689375 0.090701409375 0.6027038984375 0.06383185625
0 0.2708128421875 0.41058913593749996 0.2826148625 0.4101074546875 0.29509130625 0.3749458015625 0.30487013281249997 0.34989913906250003 0.2883472859375 0.3388207984375 0.270322403125 0.33755079375 0.26996357656250003 0.361120046875 0.270329475 0.3741860875 0.2708128421875 0.41058913593749996
0 0.27097873125 0.3242198265625 0.2791105296875 0.3233263109375 0.28411470781250003 0.3126041625 0.2953741109375 0.2831182375 0.30538246562500004 0.254079071875 0.294435815625 0.24603745781250003 0.271291484375 0.2384426015625 0.27093584375 0.26986717968749996 0.2695772453125 0.2873330328125 0.27097873125 0.3242198265625
0 0.3394734453125 0.22235937187500002 0.325086421875 0.21297749062500002 0.3119504453125 0.20270209375 0.2953741109375 0.1910864296875 0.2888061140625 0.21253073281249998 0.2864711796875 0.2335013796875 0.3006910421875 0.23442179375 0.3394734453125 0.233528284375 0.3394734453125 0.22235937187500002
3 0.6891414359375 0.06725999375 0.6131296484375001 0.06616324999999999 0.55477715625 0.06725999375 0.4979603015625 0.0666903859375 0.4877040078125 0.068018828125 0.48874672343750003 0.3973786953125 0.6883736578125 0.39628195312500003 0.6899092125 0.2306742296875 0.6891414359375 0.06725999375
3 0.3758807515625 0.43796491875 0.317528259375 0.43686817656250004 0.2929588015625 0.43796491875 0.2707696796875 0.43705344999999995 0.2714604953125 0.7417618765625 0.43500106250000004 0.7439553625 0.4357688390625 0.43686817656250004 0.3758807515625 0.43796491875
3 0.6899864140624999 0.3870429828125 0.624470725 0.3870429828125 0.48844232656250003 0.3862498921875 0.444580153125 0.3846637125 0.42761336562499996 0.383832875 0.4281500359375 0.7413493375 0.689431209375 0.7417582859375 0.6899864140624999 0.5347623640625 0.6899864140624999 0.3870429828125