0 0.42715436562500003 0.68795185625 0.4172284734375 0.6884919046875 0.40043078125 0.6922722265625 0.3836331109375 0.70334318125 0.37990473125 0.7278221031250001 0.38783253281249996 0.7279152875 0.426390853125 0.7279152875 0.42715436562500003 0.68795185625
5 0.5240537015625 0.7629949765624999 0.5044729984375 0.763369278125 0.46001949218749993 0.7629949765624999 0.459962565625 0.7627438 0.4594902671875 0.777218753125 0.4891259484375 0.777593053125 0.52352450625 0.777967375 0.5240537015625 0.7629949765624999
5 0.6138828875 0.7649106531250001 0.5924091781249999 0.7649106531250001 0.5650019656249999 0.764311115625 0.5525698140624999 0.7639114203124999 0.552192915625 0.7641381625 0.551439615625 0.777301178125 0.579694484375 0.777900715625 0.613317803125 0.777900715625 0.6138828875 0.7649106531250001
0 0.482924234375 0.658761690625 0.48216495937500004 0.6517802421875001 0.477229709375 0.6410395609374999 0.4688777125 0.633521084375 0.45786826718749996 0.6278822328125 0.4303922375 0.623022696875 0.43053447968749997 0.624122990625 0.43015483125 0.658493165625 0.482924234375 0.658761690625
0 0.4567293671875 0.6120397265624999 0.4703962609375 0.6053268046875 0.4806464328125 0.5916324375 0.48330388125 0.581428790625 0.4624238921875 0.581428790625 0.42970903437499997 0.5807459374999999 0.42977520468749997 0.594586121875 0.42977520468749997 0.614993415625 0.4567293671875 0.6120397265624999
0 0.43053447968749997 0.45338809375 0.40623776562499997 0.4563501578125 0.39105234375000003 0.4649427046875 0.383079975 0.4786370671875 0.3829095796875 0.4891865578125 0.3845985234375 0.4899147859375 0.43053447968749997 0.49045182187499997 0.43053447968749997 0.45338809375
0 0.5554347046875 0.2434916203125 0.5421474359375 0.24376013125 0.530378759375 0.2485934375 0.5144340203125 0.2590656015625 0.5087394953125 0.2714173828125 0.5087394953125 0.2829636109375 0.5178507453125001 0.283500646875 0.555055078125 0.2832321296875 0.5554347046875 0.2434916203125
5 0.414969409375 0.27219779375 0.39826541875 0.2719292765625 0.37358907812500003 0.2719292765625 0.3485331015625 0.271123725 0.3484077921875 0.2715216453125 0.3485331015625 0.2840125390625 0.39105234375000003 0.28481809375 0.41307121249999995 0.2850866078125 0.414969409375 0.27219779375
0 0.45710899375 0.33315115156249997 0.45597009218749995 0.34711403281250003 0.509119121875 0.34738254999999996 0.5094987703125 0.3269752578125 0.5093022671874999 0.31379840312499996 0.49279477812500005 0.3135494125 0.4741926125 0.3175771640625 0.4643220890625 0.3237530515625 0.45710899375 0.33315115156249997
5 0.5732776171875 0.39488491406250004 0.5736572437499999 0.3650795265625 0.55391615625 0.3642739765625 0.55336890625 0.36453051406250003 0.55201798125 0.39461639531250003 0.5516383546875 0.4220051296875 0.57175906875 0.422273646875 0.5732776171875 0.39488491406250004
5 0.649204790625 0.48264806406250005 0.618454278125 0.482379546875 0.593777959375 0.4818425109375 0.5772810374999999 0.4824222765625 0.576694340625 0.49687946250000004 0.6131393796875 0.49687946250000004 0.6484455375 0.49687946250000004 0.649204790625 0.48264806406250005
3 0.6693255046875 0.4853416109375 0.5535365296875 0.485610128125 0.4711555359375 0.485878646875 0.42901593125000004 0.485610128125 0.428684228125 0.4858044171875 0.43053447968749997 0.6222852718749999 0.6685662515625 0.6217482359375001 0.668945878125 0.53179505625 0.6693255046875 0.4853416109375
3 0.668945878125 0.7750924234375 0.6693255046875 0.6167091203124999 0.5732776171875 0.61724615625 0.45521081875 0.6171331703125 0.43005063593750004 0.616741578125 0.43053447968749997 0.7178983031249999 0.42446030625000003 0.718703853125 0.42370103124999997 0.7756294593749999 0.668945878125 0.7750924234375
3 0.5587537984375001 0.2740552203125 0.5587537984375001 0.2410325640625 0.5397866796875 0.2410325640625 0.5069590046875 0.2554799765625 0.50331149375 0.27457120156250003 0.50331149375 0.31481757187500004 0.48258497343749995 0.317317159375 0.47122248593749994 0.32186773125 0.46071754687500005 0.332940796875 0.4592168484375 0.34795769375 0.35449268749999996 0.3473242484375 0.31831257968750004 0.3476702015625 0.3194764734375 0.49076641875 0.5704258156249999 0.4954102296875 0.5696963296875001 0.2740552203125 0.5587537984375001 0.2740552203125