3 0.4208291671875 0.8692695953125 0.45345931874999995 0.8693214156250001 0.5295794296875 0.869518153125 0.5908904359375 0.8697148921875 0.590959946875 0.7604746015625 0.5908209249999999 0.705409178125 0.5649892609375 0.7055075484375 0.5200627796874999 0.7055075484375 0.477490203125 0.7055075484375 0.4448107890625 0.7055075484375 0.41926492812499994 0.7056409859375 0.4188812046875 0.7673174578124999 0.4191594796875 0.8694665 0.4208291671875 0.8692695953125
0 0.4429911171875 0.8530218359375 0.44827974218750005 0.8470929203124999 0.452194696875 0.8394144921875 0.454529934375 0.830980828125 0.45576623906249997 0.8231080093750001 0.456247021875 0.816109946875 0.4561783390625 0.8100838390625 0.41915795625 0.8100445578125001 0.41881453750000003 0.8596311156249999 0.42726260624999995 0.85982550625 0.4357106671875 0.8572984265624999 0.4429911171875 0.8530218359375
5 0.5909305171875 0.8485505296875001 0.5909305171875 0.8226210015625 0.590839775 0.787574021875 0.5827634796875001 0.787585275 0.5829903421875 0.8196674609375 0.5830357140625 0.8486147359375 0.5909305171875 0.8485505296875001
3 0.3061402515625 0.8697415093749999 0.3554854234375 0.8696170390625 0.356013178125 0.756891 0.35618910000000004 0.70488121875 0.3240640796875 0.70488121875 0.32411594843749997 0.6691306984375001 0.2903889515625 0.6698080328125 0.2908154515625 0.7050056921875 0.2556537203125 0.7045585453125 0.255802771875 0.8215903875 0.25589072968750004 0.8694925640625 0.3061402515625 0.8697415093749999
5 0.2639829828125 0.8214659171875001 0.26424686406250003 0.7815300093750001 0.263895025 0.7458062765625 0.25540695156250004 0.7457726234375001 0.255538890625 0.7741861046875 0.255538890625 0.8213414453125001 0.2639829828125 0.8214659171875001
0 0.31934689843749997 0.8234834578125 0.3206730515625 0.8312108765625 0.32293668750000004 0.8400888312499999 0.32746119375 0.8480370328125 0.33370189375 0.854108575 0.34119073125 0.8578618953125 0.34852355468749996 0.8596281593749999 0.35577837031250004 0.86018011875 0.35612940625 0.8095433296874999 0.31872283281249997 0.810015671875 0.31880084062499997 0.8160872156250001 0.31934689843749997 0.8234834578125
3 0.41930146874999996 0.6545532640625 0.4192061015625 0.7131034609375 0.5237657359375001 0.7135083328125 0.58058610625 0.7132384171874999 0.5906951796875 0.7129685046875001 0.590790546875 0.6770768656249999 0.5908859140625 0.569828409375 0.530171646875 0.569828409375 0.47159785625 0.5699633671875 0.419288165625 0.569819546875 0.41920836718750004 0.5710430296875 0.41901763281250004 0.6013941953125 0.41930146874999996 0.6545532640625
0 0.444957896875 0.6252673765625001 0.437995984375 0.617292334375 0.4312248125 0.6136484703125 0.4259795390625 0.6128387203125001 0.418826890625 0.6123131921875 0.41892225781250003 0.654013434375 0.45020317031249996 0.6542833515625001 0.4487726421875 0.6355241859375 0.444957896875 0.6252673765625001
5 0.582945840625 0.657873396875 0.5909199203125 0.657873396875 0.590977703125 0.618395853125 0.590977703125 0.5799769640625 0.58275804375 0.5798300203125 0.5828880546875 0.6000550828125 0.582945840625 0.6241154046874999 0.582945840625 0.657873396875
5 0.26397556875 0.6709104390625 0.26397556875 0.6570622796875 0.26397556875 0.61393383125 0.2555848015625 0.61377819375 0.25572633125 0.6259508296875 0.2556454578125 0.6710248890625 0.26397556875 0.6709104390625
3 0.3778797125 0.41240903281249996 0.48308781562499997 0.41262651093749997 0.5639230875 0.41262651093749997 0.5643841187499999 0.21827388593750002 0.43030180468749996 0.22088358125 0.361952975 0.22069680468750003 0.36206263125000004 0.34501513125 0.362216309375 0.4121915609375 0.3778797125 0.41240903281249996
0 0.39571837187500003 0.3736985796875 0.389571203125 0.36260738125 0.38188724218750003 0.3567355734375 0.37435696875 0.35369093125 0.36867083125 0.35303850468750003 0.3625236625 0.352212753125 0.3625236625 0.4032751109375 0.3992529984375 0.4034925828125 0.3984846015625 0.38826937031250003 0.39571837187500003 0.3736985796875
5 0.564512815625 0.399583796875 0.564720621875 0.32093456875 0.56461671875 0.2655172171875 0.555914721875 0.2656931609375 0.5560965578125 0.3121201734375 0.5560965578125 0.399583796875 0.564512815625 0.399583796875
0 0.40627884999999997 0.27357200625 0.418682046875 0.2627064765625 0.42517897812500005 0.2409754 0.4269508609375 0.22091594374999998 0.38988888906249997 0.2204554484375 0.3894459125 0.2756615328125 0.3962381546875 0.27607943125 0.40627884999999997 0.27357200625
0 0.523035540625 0.24442504375000002 0.5292390734375 0.2558687625 0.5405383734375 0.2641772140625 0.551726890625 0.2659016140625 0.5515053390625 0.2184023390625 0.5208199921875 0.2182389578125 0.5209307671875 0.22686755625 0.5214846546875 0.2340786671875 0.523035540625 0.24442504375000002
0 0.3107070171875 0.3777504109375 0.3056920984375 0.369882315625 0.2989328625 0.36463692187499996 0.2932638171875 0.3627856046875 0.287267715625 0.36216849687499997 0.282525346875 0.361855078125 0.2824708421875 0.403360284375 0.31419566250000003 0.40305172968749997 0.31321448125 0.38762409531249997 0.3107070171875 0.3777504109375
5 0.290443565625 0.3027514609375 0.2905394046875 0.28064454375 0.29063524375 0.2555538671875 0.2820335921875 0.255409046875 0.2820096296875 0.2769826609375 0.2821054765625 0.302887084375 0.290443565625 0.3027514609375
1 0.256251171875 0.14568436875 0.2576052078125 0.1558398125 0.260313278125 0.1652036109375 0.2664064359375 0.17382615937499998 0.27629089375000004 0.1789996890625 0.26613562812499997 0.18340676718749999 0.26153190625 0.19068802812500002 0.2570635921875 0.20333443281250002 0.25570955624999997 0.22268726718749998 0.2906436640625 0.22270205468749998 0.2901020484375 0.13629537187500002 0.256251171875 0.135912146875 0.256251171875 0.14568436875
0 0.5499794875 0.142043840625 0.55209239375 0.130879634375 0.552561925 0.1229062765625 0.552718434375 0.1170370015625 0.5174617734375 0.117479965625 0.5154271234375 0.117266765625 0.5143546703124999 0.1677288515625 0.527853765625 0.1659715859375 0.5368531625 0.161874165625 0.54569605 0.153125621875 0.5499794875 0.142043840625
5 0.5223136203125 0.2203253796875 0.5224701296875 0.1957526671875 0.52262664375 0.1665288328125 0.514272853125 0.1666219125 0.5140967796875 0.1820266796875 0.514018525 0.22010389687499998 0.5223136203125 0.2203253796875
1 0.4642195359375 0.6906981796875 0.46105843437500005 0.6859163265625 0.4560442578125 0.6828312609375 0.46214847187499997 0.67789515625 0.4649825671875 0.6720335328125 0.46629060781250004 0.6652463875 0.46618160625 0.65845924375 0.4480324875 0.6584191828125 0.44852300781250004 0.707203278125 0.46607260312500004 0.707203278125 0.4657455890625 0.698410840625 0.4642195359375 0.6906981796875