3 0.9116639890625 0.68971174375 0.9118724328125 0.5871065203125 0.911247084375 0.47889670781250004 0.8048187984374999 0.4794866671875 0.8048187984374999 0.39836767812499996 0.790432946875 0.39836767812499996 0.7193523515625 0.3980726984375 0.65848566875 0.397755834375 0.6584377781249999 0.572947571875 0.658020890625 0.68971174375 0.9116639890625 0.68971174375
0 0.6782402921874999 0.47594692656250004 0.6874119859375 0.47181724062499997 0.6970005671874999 0.46090304687500006 0.7055469125 0.44556418124999997 0.7105496546875 0.4284554515625 0.7113834484375 0.40957684531250005 0.6584377781249999 0.40954992968750004 0.6576039859375 0.47830674999999995 0.668651709375 0.47801177656249993 0.6782402921874999 0.47594692656250004
5 0.9126299453125 0.655818040625 0.9124267703125 0.6193026453125 0.9120204015625 0.5440023234375 0.8983566078124999 0.5439767 0.8984074046874999 0.5773243171875 0.89861058125 0.6555305109375 0.9126299453125 0.655818040625
5 0.6509462671875 0.689980940625 0.6509462671875 0.6721658625 0.61281928125 0.6723355343749999 0.5776297578125 0.6720628343749999 0.5773300171875 0.6901506109375 0.6106611562500001 0.689980940625 0.6509462671875 0.689980940625
0 0.6004699812500001 0.508273296875 0.6035872796875 0.5193016796875 0.6095820890625 0.532414178125 0.6158166859375 0.5420852218750001 0.6261277640625 0.5514169328125 0.63571945625 0.5573552921875 0.646030525 0.56108796875 0.6543033625 0.56193630625 0.654183459375 0.47525435 0.5984617171875 0.474908575 0.5984317421875 0.4867175625 0.5987914328125 0.49367392656250003 0.6004699812500001 0.508273296875
3 0.379230103125 0.69018716875 0.37951379531249996 0.6283832265625 0.3797974859375 0.47546855 0.32816489375 0.47546855 0.256673609375 0.4750670859375 0.1848276828125 0.47462813125 0.18433121875 0.523644134375 0.18433121875 0.6897857109375 0.379230103125 0.69018716875
5 0.1975977203125 0.6155431671875 0.1977820015625 0.5670653515625 0.19815056874999998 0.508142334375 0.1834079078125 0.5080490296875 0.18414504375000001 0.5501144671875 0.18414504375000001 0.6152823781250001 0.1975977203125 0.6155431671875
3 0.6538885578125 0.41117479843750004 0.7601960828125 0.41117479843750004 0.8042004171875 0.4120996203125 0.8048539531250001 0.28051579531250004 0.8044182578125 0.14523268281249999 0.7158874546875 0.1455409578125 0.6561984109375001 0.14523268281249999 0.5827852171875 0.1449041640625 0.5825667234374999 0.29161367656250003 0.5825667234374999 0.409941696875 0.6538885578125 0.41117479843750004
0 0.6442163765625 0.34984464531250004 0.63310635625 0.33689712968749996 0.62243205 0.32949854218749997 0.609361453125 0.32394960625 0.5999941859375 0.32394960625 0.600212025 0.40913663749999996 0.6575048140625 0.409649859375 0.6566334375 0.38961203125 0.6518408921875001 0.36803283124999997 0.6442163765625 0.34984464531250004
5 0.8053488140624999 0.3782176546875 0.8053488140624999 0.26352960625 0.8051398515624999 0.1698211828125 0.7909825109375 0.1692954625 0.79051234375 0.26234676874999996 0.790930265625 0.3782176546875 0.8053488140624999 0.3782176546875
3 0.3696966015625 0.4879543953125 0.3696966015625 0.6901876171875 0.5183648515625 0.6901876171875 0.517619025 0.48867675781250003 0.5926981687499999 0.48832495624999994 0.592449546875 0.2843514546875 0.5926981687499999 0.1454436390625 0.5331504609375 0.1450918296875 0.5333990640625 0.0979495859375 0.4818465578125 0.0979495859375 0.3568744828125 0.0986532046875 0.2539514296875 0.098112515625 0.25321649062499996 0.354323696875 0.25346509375 0.48830620468749997 0.3696966015625 0.4879543953125
5 0.2533774140625 0.27624790312499997 0.2535956046875 0.34230002656249997 0.26646903125 0.34230002656249997 0.26668722968749997 0.25109958906249996 0.26646903125 0.1892158640625 0.26668722968749997 0.128875990625 0.25354105625 0.128702246875 0.2535956046875 0.1572443953125 0.2533774140625 0.2057425515625 0.2533774140625 0.27624790312499997
0 0.5671814000000001 0.41418041875 0.5554118203125 0.42396213125 0.546257703125 0.4398243796875 0.5415872375 0.4583303296875 0.5397190515625 0.47789375468750006 0.5927755484375 0.47710064531249996 0.5929623640624999 0.408344646875 0.5853028015625 0.40809988906249994 0.57839051875 0.40942174218750005 0.5671814000000001 0.41418041875
5 0.4825993765625 0.6910388000000001 0.4825993765625 0.671090859375 0.4450754484375 0.6708099062499999 0.401843515625 0.6709196546875 0.401595340625 0.6910388000000001 0.43633971562499996 0.6907578375 0.4825993765625 0.6910388000000001
0 0.3058241265625 0.444440553125 0.29906444374999996 0.4273381484375 0.2916902546875 0.41690278437500006 0.280833815625 0.4084965203125 0.2707967171875 0.4047281921875 0.2638322 0.40385858125 0.25328300625 0.40318378125 0.2542047890625 0.47487702968749995 0.3101257359375 0.4760365078125 0.30910154218749997 0.45835436874999996 0.3058241265625 0.444440553125
0 0.22131038749999998 0.4520298453125 0.232362284375 0.4443201046875 0.2431028640625 0.43022229999999995 0.24995193124999998 0.413701428125 0.2535321171875 0.3934358203125 0.2541547609375 0.3694254875 0.197338659375 0.3694143109375 0.19749431875 0.4588584765625 0.2096358453125 0.45775708593750003 0.22131038749999998 0.4520298453125