3 0.9117604203124999 0.690289365625 0.9121204578125001 0.478967928125 0.8041284203125001 0.4787134984375 0.8046684828125 0.398017871875 0.720260471875 0.3975090125 0.6587791828125 0.397467753125 0.6583924390625 0.604484515625 0.6583924390625 0.6905437953125 0.9117604203124999 0.690289365625
0 0.6965565609375 0.46166666875000006 0.7053775156250001 0.44614642499999996 0.7091579171875 0.43567355625 0.71113813125 0.42422419375000003 0.71167819375 0.41633685312499996 0.7123982703125 0.40844951093750004 0.6590361921875 0.4092310890625 0.6582124265625 0.47744135 0.6690135828125 0.4771869203125 0.6816149515625 0.47311603125 0.6965565609375 0.46166666875000006
5 0.9121804515624999 0.655999509375 0.9121804515624999 0.60843725625 0.9123347 0.5441232968749999 0.898554375 0.5443304828125 0.898451925 0.5884153484375 0.898297678125 0.6557814953125 0.9121804515624999 0.655999509375
0 0.6062475390625 0.5305833062499999 0.6191348578125 0.5472363687499999 0.6369930046875 0.5594659578125001 0.653930625 0.563369015625 0.6542988328125 0.475398965625 0.5977924515625 0.4752319375 0.598331046875 0.49285371875 0.59961978125 0.5110680000000001 0.6062475390625 0.5305833062499999
5 0.6507984390625 0.6905050234375001 0.6509006625 0.672011315625 0.613485684375 0.672155796875 0.5776130171875 0.6719949109375001 0.577399640625 0.6902160609375 0.6082721203125 0.6903605421875 0.6507984390625 0.6905050234375001
3 0.7587937015625 0.4112481859375 0.8049364562499999 0.4118492625 0.804723809375 0.277112734375 0.8045111781250001 0.145706425 0.7390886421875 0.1454058921875 0.5821582546874999 0.14494517499999998 0.5824814359375 0.3086931234375 0.5824814359375 0.41034658906250004 0.7587937015625 0.4112481859375
0 0.6460606296875 0.351742503125 0.636917125 0.3388195484375 0.6258598796875 0.3310056734375 0.6124635984375 0.324994996875 0.604383296875 0.3237928625 0.5992799515625 0.32319179375 0.600295471875 0.4109330078125 0.6577557984375 0.4118492625 0.6562673203125 0.3872054859375 0.652652453125 0.36827186093750003 0.6460606296875 0.351742503125
5 0.805349721875 0.3792123265625 0.805349721875 0.27769680625 0.8055947343750001 0.1689094484375 0.7906875921875 0.1685319453125 0.79113943125 0.25654580312499997 0.7906494234375 0.37886605 0.805349721875 0.3792123265625
3 0.36965295625 0.48955599375 0.36965295625 0.6132028093749999 0.36965295625 0.6908366484374999 0.5184070843749999 0.690485621875 0.5184070843749999 0.4891765296875 0.5919232421875 0.48882550468749997 0.592668328125 0.23518494687499997 0.5929167 0.145265165625 0.5327560921875001 0.145616190625 0.533252821875 0.09787651875 0.37804782187499997 0.09787651875 0.2532643203125 0.0978110625 0.253399859375 0.34830094843750004 0.253399859375 0.4891480921875 0.36965295625 0.48955599375
5 0.253419378125 0.34244939531249996 0.266716284375 0.3426034375 0.266498303125 0.2783303015625 0.266498303125 0.1748929484375 0.266716284375 0.1280390890625 0.2533179734375 0.1280476625 0.253419378125 0.193236478125 0.253201396875 0.27694391875 0.253419378125 0.34244939531249996
0 0.3072849953125 0.4510268328125 0.3029302125 0.43584494375 0.2963980515625 0.42312498437499996 0.290446528125 0.415479946875 0.283188559375 0.4099406046875 0.2741886953125 0.4056322375 0.2662049375 0.40317030625 0.2533986625 0.4027062 0.25372124375 0.4760564359375 0.31047849843750003 0.4770822359375 0.30946238125000003 0.4631313125 0.3072849953125 0.4510268328125
0 0.562836009375 0.41751569374999997 0.5554785015625 0.42511475781249997 0.5486869624999999 0.4351135265625 0.5437347984375 0.4491118046875 0.540763503125 0.46311008124999997 0.5399145640625 0.47730833125 0.5919830359375 0.47650843125 0.5921717937500001 0.40903821718750005 0.58250318125 0.4100741046875 0.57443821875 0.41147392812500005 0.562836009375 0.41751569374999997
5 0.48247533281250005 0.69118240625 0.4827951796875 0.6717439781250001 0.44121496406249994 0.6710658875 0.401775496875 0.6713319671875 0.4015538453125 0.69163446875 0.4327390078125 0.69118240625 0.48247533281250005 0.69118240625
5 0.197244790625 0.61530529375 0.19736817812500002 0.57029656875 0.1974915765625 0.5088803359375 0.1841868734375 0.5087676 0.1844118953125 0.5533517375 0.1842884984375 0.61530529375 0.197244790625 0.61530529375
0 0.22418737187499999 0.45142471874999995 0.23535605781250002 0.44133250156250003 0.24835568281249998 0.42011297968749994 0.2542146625 0.397061065625 0.2549470453125 0.36937216875 0.19717674062499999 0.3697862640625 0.197089565625 0.45918796406249995 0.21173703124999999 0.457635303125 0.22418737187499999 0.45142471874999995
4 0.3798610453125 0.5432129046874999 0.3695108015625 0.543594121875 0.369722034375 0.6109457234375 0.3794385921875 0.611344278125 0.3798610453125 0.5585572062499999 0.3798610453125 0.5432129046874999