0 0.356450046875 0.835785253125 0.353078359375 0.8194260953124999 0.3467564546875 0.8060031984375 0.32926584999999997 0.8437551140625 0.32947657656249996 0.8441745734375001 0.35602857499999996 0.8450135109374999 0.356450046875 0.835785253125
5 0.4735326921875 0.8354349515624999 0.43233256249999996 0.8354349515624999 0.4322429859375 0.8336521140625001 0.43233256249999996 0.8525501359375 0.49932755 0.8532632734375 0.49896927656249995 0.8354349515624999 0.4735326921875 0.8354349515624999
5 0.2579583578125 0.8837284234375 0.23417886875 0.8837284234375 0.21971506718749997 0.8812885484375 0.2102768109375 0.8797026046875001 0.20990908749999998 0.8973918265625 0.277080003125 0.8969038328125001 0.27683484687500004 0.8837284234375 0.2579583578125 0.8837284234375
0 0.3153243671875 0.6181559578125 0.3153243671875 0.5558253390625 0.315058990625 0.555297109375 0.30338276406250003 0.5780108125 0.29144117187499996 0.6012527328124999 0.299932975 0.6086478984375 0.3153243671875 0.6181559578125
0 0.306036446875 0.5214906828125 0.31213994375 0.5346963125 0.315058990625 0.5346963125 0.3153243671875 0.4781761828125 0.3147936140625 0.4768556140625 0.30736330624999997 0.47870440625 0.296217809375 0.48451488906250006 0.2935641265625 0.49613585625 0.306036446875 0.5214906828125
0 0.4039574953125 0.5309987421875 0.4124493109375 0.5172648703125 0.4026306609375 0.495079396875 0.3930110375 0.47764795312499997 0.39228128125 0.47870440625 0.3928120109375 0.5373374484375 0.4039574953125 0.5309987421875
0 0.3798089609375 0.46813989375 0.3827280078125 0.4612729625 0.35459891875 0.4623294171875 0.354996971875 0.46259352500000006 0.35778334218749996 0.48345843593750004 0.36388683906249997 0.4998334265625 0.3718479 0.483986659375 0.3798089609375 0.46813989375
0 0.1646703125 0.45200451093750005 0.14869421249999998 0.42351614687500005 0.1393748265625 0.44272924687500004 0.13571363281249998 0.4669112203125 0.13571363281249998 0.467242490625 0.16966284375000001 0.467905 0.1646703125 0.45200451093750005
1 0.1481898796875 0.11340809062499999 0.1266243875 0.0646803171875 0.11525879218749999 0.0646803171875 0.10505889531249998 0.0646803171875 0.0823277046875 0.11036260625000001 0.0823277046875 0.11282800781249999 0.10913885781249999 0.11282800781249999 0.1481898796875 0.11340809062499999
5 0.2874492734375 0.250698375 0.25981357968749996 0.25019369375 0.24003757656250002 0.2486796625 0.22812126406250002 0.2486796625 0.22862834531249998 0.26634335781249996 0.24865788281249998 0.26634335781249996 0.2874492734375 0.26634335781249996 0.2874492734375 0.250698375
5 0.379289865625 0.25094603437499996 0.3659738546875 0.2502575703125 0.35559775 0.25094603437499996 0.3550789453125 0.2511181484375 0.355251884375 0.264715365625 0.3735830078125 0.2643711296875 0.379116925 0.2643711296875 0.379289865625 0.25094603437499996
3 0.24375 0.71953125 0.14140625 0.35
5 0.42522718125000003 0.32386851875 0.40859075 0.3234269765625 0.40786983125000004 0.3234269765625 0.40792529375 0.33799774843749997 0.43188175468749995 0.337114675 0.43188175468749995 0.3234269765625 0.42522718125000003 0.32386851875
5 0.5161729984375001 0.32254390312500003 0.5079657046875 0.32254390312500003 0.49909293593750004 0.3221023609375 0.4986493046875 0.32254390312500003 0.498871109375 0.337114675 0.5228275703125 0.337114675 0.5228275703125 0.32254390312500003 0.5161729984375001 0.32254390312500003
1 0.4323253859375 0.32695929218750003 0.43254721093750004 0.335790059375 0.4993147609375 0.33534851718750003 0.4986493046875 0.32695929218750003 0.47757647812500004 0.28059774531250004 0.46515461562500005 0.28236389375000004 0.45362001718749995 0.28236389375000004 0.44385998437499996 0.3035577421875 0.43986724062500004 0.3110639046875 0.43565267187499995 0.320777746875 0.4323253859375 0.32695929218750003
3 0.500875909375 0.3255545375 0.48672243125000003 0.281729878125 0.4765004515625 0.275469203125 0.44583458125000003 0.27703438125 0.431681103125 0.32242418125 0.3955110796875 0.32242418125 0.3931521671875 0.32359805625 0.3931521671875 0.8498851515625001 0.5394047750000001 0.8483199375 0.5394047750000001 0.32868489375 0.500875909375 0.3255545375
0 0.72555344375 0.651569621875 0.7310061703125 0.6606144859375 0.7400940546875 0.644785971875 0.7514538953125001 0.6235305375 0.7213042953125 0.6230793015625 0.72555344375 0.651569621875
0 0.8197721187499999 0.6046101890625 0.791309075 0.6035206375 0.791309075 0.603883825 0.7910353921875 0.604882578125 0.8020739546875 0.6296698703125 0.8093721593750001 0.64129175625 0.8168528421874999 0.628217140625 0.8197721187499999 0.6046101890625
0 0.8292587703125 0.5355510031249999 0.8290773437500001 0.589719665625 0.8319966359375 0.5882669203125 0.8380176640625001 0.5777346015625 0.8476877937499999 0.5552172015625 0.843308865625 0.5454112390625 0.8292587703125 0.5355510031249999
0 0.8075476171875 0.4916600375 0.8029862265625001 0.4760431328125 0.79805993125 0.4662371703125 0.78474068125 0.4927495890625 0.7809091171875 0.5035543046875001 0.7810915781250001 0.5043714671874999 0.8079125218750001 0.503645103125 0.8075476171875 0.4916600375
0 0.70263575 0.5370580078125 0.7104813375 0.551222175 0.71668481875 0.5628440609375 0.7186918312499999 0.5613913312500001 0.7194216499999999 0.5149038015625 0.719193578125 0.5147222046875 0.7137655359374999 0.5134510640625 0.707562046875 0.517809278125 0.69989891875 0.5268888671874999 0.70263575 0.5370580078125
5 0.7551829062500001 0.25195874687500003 0.7480671453125 0.251595559375 0.7396742 0.251232378125 0.739446128125 0.2505060078125 0.739491746875 0.266849278125 0.763940765625 0.266849278125 0.7641232265625 0.252321928125 0.7551829062500001 0.25195874687500003
0 0.7276321421875 0.3129736203125 0.732193525 0.308252228125 0.7354777218749999 0.29880945312499996 0.72599004375 0.27992389375000004 0.7170041125 0.2652149515625 0.71668481875 0.2661229140625 0.716137453125 0.3166054609375 0.7276321421875 0.3129736203125
5 0.8215966781249999 0.323869134375 0.8142984562500001 0.32314276875000003 0.8093721593750001 0.32314276875000003 0.802803765625 0.323869134375 0.7969195796874999 0.322961171875 0.7967827375 0.33767011406249997 0.8091897156250001 0.33767011406249997 0.8215966781249999 0.3373069359375 0.8215966781249999 0.323869134375
5 0.8958560203125 0.32450470781249996 0.8761508375 0.32341515625 0.868305265625 0.32341515625 0.8649298296874999 0.322961171875 0.86502106875 0.3379425015625 0.9086279046874999 0.3364897734375 0.9082629984375 0.3230519703125 0.8958560203125 0.32450470781249996
3 0.88828125 0.46875 0.11796875 0.28203125
3 0.767772328125 0.8488427546875 0.9473084437500001 0.8484795593750001 0.9476733656249999 0.6049666203124999 0.9166559359375 0.6053298078125 0.8120108703125 0.60544560625 0.7877511953125 0.6046101890625 0.78711260625 0.6067892921875 0.786565240625 0.6837842578125 0.7679547890625 0.6837842578125 0.767772328125 0.8488427546875
5 0.8720531921875001 0.8357538375000001 0.8492276859375 0.8357538375000001 0.8440820515624999 0.8349659484374999 0.8439501078125 0.8350972609375 0.8440820515624999 0.852824775 0.8882817328125 0.851511628125 0.8882817328125 0.8368043578125001 0.8720531921875001 0.8357538375000001
5 0.6677033859375 0.8372800046875 0.65038241875 0.8372800046875 0.630075078125 0.83569480625 0.629477803125 0.83569480625 0.6292787140625 0.852735653125 0.6864180015625 0.8519430578125 0.686218903125 0.8368837031249999 0.6677033859375 0.8372800046875
3 0.7523067265625001 0.6836854531250001 0.7523067265625001 0.6233674265625 0.6262094953124999 0.6253131625 0.5726914937500001 0.6221513234375 0.562916509375 0.6231242015625 0.5631608906250001 0.8500465015625001 0.7703904046875001 0.8481007437500001 0.7703904046875001 0.6866040671875 0.7523067265625001 0.6836854531250001
5 0.6643982203125 0.250784575 0.6557669640625 0.25023035625 0.6357201671875 0.2491219140625 0.623469340625 0.250784575 0.6172047171874999 0.2513387921875 0.617343934375 0.265748515625 0.648806275 0.2668569578125 0.6643982203125 0.266302734375 0.6643982203125 0.250784575
3 0.719227490625 0.2547156546875 0.6722749546875 0.254007621875 0.6189198 0.2532995890625 0.563786134375 0.254007621875 0.563341503125 0.2547156546875 0.5630747265625 0.6257260984374999 0.718871778125 0.6278502046875001 0.719227490625 0.49898779062500004 0.719227490625 0.2547156546875