3 0.881402471875 0.7078498718749999 0.881402471875 0.6879372671875 0.881402471875 0.6279011031249999 0.789731553125 0.6279011031249999 0.789731553125 0.6092731796875 0.725853696875 0.608921465625 0.72560988125 0.665151240625 0.7259126140625 0.70795693125 0.881402471875 0.7078498718749999
0 0.761484403125 0.6263009546875 0.7704151953125 0.6290844359375 0.7787405078125 0.6298338359375 0.7785891406250001 0.6091775375 0.752061665625 0.6090552312499999 0.7525536234375 0.6161305375 0.7548241625000001 0.6207339890625 0.761484403125 0.6263009546875
5 0.7915651125000001 0.7077939453125001 0.791503840625 0.7001241609375 0.7778411171874999 0.7001241609375 0.7585111125 0.7001215921874999 0.7585417484375 0.7078372765625 0.7711016546875 0.7077939453125001 0.7915651125000001 0.7077939453125001
5 0.8497198499999999 0.707783965625 0.8497198499999999 0.700200846875 0.8306846234374999 0.7001141828125 0.8170218953124999 0.7000674499999999 0.817002825 0.7078706296874999 0.83170710625 0.7078706296874999 0.8497198499999999 0.707783965625
5 0.707577090625 0.7077773296875 0.707577090625 0.6999911015625 0.6947332015625001 0.7000374484375 0.6751397156250001 0.7001258124999999 0.6750086578125 0.7077773296875 0.6881146671875 0.7077773296875 0.707577090625 0.7077773296875
3 0.48967677812500005 0.7075923234375 0.534387665625 0.7075923234375 0.6552672421875 0.707654946875 0.655355784375 0.65081708125 0.6550016109375 0.6259033421875 0.5968986109375 0.6257780953125 0.523464809375 0.625715475 0.48036661875000003 0.6255823781250001 0.4809110453125 0.6841155624999999 0.490119490625 0.6842408078125 0.48967677812500005 0.7075923234375
5 0.6202022046875 0.7076696421875 0.6203380296875001 0.7002728796875 0.60331486875 0.7002088390625001 0.5881819109374999 0.700160309375 0.58810268125 0.7077657046875 0.600824778125 0.7077016625 0.6202022046875 0.7076696421875
5 0.5694144828125001 0.7076325296875 0.5694790015625 0.70028618125 0.5530322578125 0.7002405515625 0.537467740625 0.7002622578125 0.5375090640625 0.707678159375 0.550769321875 0.7077009750000001 0.5694144828125001 0.7076325296875
3 0.48027458125000005 0.4844968703125 0.4813037578125 0.48724669531250003 0.48267599843750003 0.489268621875 0.4865640078125 0.4916140609375 0.4910237875 0.49331248125 0.4871357734375 0.49468739375000004 0.48381953125 0.49646669218749995 0.4817611734375 0.49921651718750004 0.4803889328125 0.50212809375 0.4807319921875 0.50518849375 0.4904520203125 0.5051076171875 0.49033766874999996 0.552241765625 0.4902233171875 0.6041476671875 0.490108965625 0.629534475 0.5955446906249999 0.6293727234375 0.5962308078125 0.631960790625 0.5974886921875 0.6351958765625 0.6008049390625 0.6381883328125 0.6058364859375 0.6414234203125 0.6134981515625 0.6440923656249999 0.6218459453125 0.64457763125 0.6220746484374999 0.6293727234375 0.6551227484375 0.6294535984375 0.6551227484375 0.616683628125 0.6553514609375 0.546188909375 0.6568380484375 0.5460271546875 0.6555801640625 0.519746384375 0.6555801640625 0.4806999546875 0.6490620296875 0.4806999546875 0.6489476703125 0.451754546875 0.617621709375 0.45183542499999996 0.6177360609375 0.44366683125 0.613733696875 0.4439094625 0.610989215625 0.4443138484375 0.6075586171875 0.44536525156250006 0.603899315625 0.44771068906249994 0.6013835390625 0.4511884078125 0.600011303125 0.4490856015625 0.5978385890625 0.4469019171875 0.593950575 0.44512261875 0.58960515625 0.4439094625 0.584344896875 0.44366683125 0.5844592578125 0.451754546875 0.559587790625 0.451916303125 0.559587790625 0.44350507656250004 0.5538701265625 0.4438285859375 0.550896934375 0.44463735625 0.547695046875 0.4462549 0.5444931515625 0.448681215625 0.5426635015625 0.4514310390625 0.5419773828125 0.44957086406249996 0.5393472546875 0.44706367187499996 0.53591665625 0.44520349687499994 0.5317999390625 0.44415209375 0.5257392125 0.44366683125 0.525853571875 0.451754546875 0.48974651874999997 0.451728715625 0.49068073281249996 0.4812617828125 0.480160225 0.4813426609375 0.48027458125000005 0.4844968703125
5 0.503749965625 0.598730275 0.503749965625 0.5910499359375 0.503749965625 0.5798894421874999 0.4894334640625 0.5798432828125 0.48941225624999996 0.5881130046874999 0.4895819296875 0.598730275 0.503749965625 0.598730275
0 0.59836988125 0.6354692515625 0.6026076046875 0.63893655 0.6077593359375 0.6421100078124999 0.6154038453124999 0.6441668796875 0.6217188796875 0.6445194875 0.6216357828125 0.6255375 0.59589788125 0.6254776296875 0.5960432953125 0.6289460296875 0.5963756671875 0.6319431859375 0.59836988125 0.6354692515625
0 0.6944646031249999 0.6002559875 0.6891022203125 0.597539678125 0.6837398390625 0.596104646875 0.6761310546875 0.595797140625 0.6761129375 0.61598059375 0.7016385953125 0.61609258125 0.70149366875 0.608917425 0.6978704375 0.60343355625 0.6944646031249999 0.6002559875
0 0.7056468375 0.547203140625 0.7012496609375 0.549229309375 0.6973188515625 0.5519151625000001 0.6942541546875 0.5558261390625 0.6932547953125 0.5577059249999999 0.6929216765625 0.5604388984375 0.692738459375 0.5658019828125 0.718172128125 0.5659048421875 0.717839009375 0.5455539328125 0.71124324375 0.54593089375 0.7056468375 0.547203140625
3 0.7205045484375 0.466354646875 0.7228205640625001 0.47062773281250003 0.726647015625 0.47411742031250004 0.7331431562499999 0.47826185781249997 0.7419037281249999 0.4798998734375 0.7412995515625 0.5096576578125 0.741400246875 0.5301608843750001 0.741400246875 0.5659684109375 0.789634565625 0.565825975 0.789533871875 0.55606909375 0.82230425625 0.5559213203125 0.8556410109374999 0.5558316234375 0.8812443 0.55569339375 0.8811140046875 0.547081978125 0.8811140046875 0.5009328625 0.881179153125 0.477720071875 0.8810488578125 0.45183483906250005 0.85889895 0.451696609375 0.7659487953124999 0.45165053281249995 0.7419742125 0.45165762656249997 0.74185214375 0.46215277656250003 0.7205045484375 0.46215277656250003 0.7205045484375 0.466354646875
0 0.720806640625 0.46783561406249996 0.7241296109375 0.4723935734375 0.7298693 0.47645300625000003 0.7373208140624999 0.47937295156250004 0.746786259375 0.48015635 0.7469121296875 0.4618483125 0.7194975859375 0.4619245109375 0.719799678125 0.46491567343750007 0.720806640625 0.46783561406249996
5 0.7821231625 0.45916102187499996 0.78201284375 0.45167096406249996 0.7689404578125 0.45167096406249996 0.749400821875 0.4515124421875 0.7494146125000001 0.45916102187499996 0.7614390046875 0.45920003125 0.7821231625 0.45916102187499996
5 0.846630153125 0.4591710015625 0.846519840625 0.45160292343749997 0.83659144375 0.45160292343749997 0.8142801296875 0.45156118593750005 0.8141422359374999 0.459288034375 0.8277110421874999 0.4592490234375 0.846630153125 0.4591710015625
0 0.7711300921875 0.5506468734375 0.7672727453125 0.5480703 0.763058240625 0.546605190625 0.7587722984374999 0.5456958109375 0.752771978125 0.54559476875 0.75255768125 0.565796353125 0.7776304359374999 0.5660543234375 0.7774875734375 0.5585266890625 0.775344603125 0.5541833453125 0.7711300921875 0.5506468734375
5 0.7112574953124999 0.45964484375000003 0.7113954203125 0.4514506265625 0.6947061984375 0.4513530765625 0.6776031890625 0.4513530765625 0.6771894078125 0.45954729062500005 0.6922235 0.45964484375000003 0.7112574953124999 0.45964484375000003
3 0.1648988234375 0.6863208234375 0.1646762171875 0.7076493921875 0.3297567953125 0.7077281125 0.3298680953125 0.6731044734375 0.3295341953125 0.6258113171875 0.2554908890625 0.6255751625 0.199285134375 0.6256538828125 0.1650321296875 0.625664825 0.155326903125 0.6257284046875 0.1548816953125 0.6863208234375 0.1648988234375 0.6863208234375
0 0.292561553125 0.6379332375 0.299130259375 0.6422471609375 0.30640275781250004 0.6441275906249999 0.31367525 0.6446806578125 0.31344065625 0.6257104546875001 0.28808466718750003 0.62581885 0.28826061406250003 0.6310198984375 0.2893554 0.6345595281249999 0.292561553125 0.6379332375
5 0.24896822031250002 0.7077780312499999 0.24902894843749998 0.7002622281249999 0.2318440671875 0.7001763328124999 0.2101200703125 0.7000776359375 0.21034778437499999 0.7076921375 0.22370705625 0.707735084375 0.24896822031250002 0.7077780312499999
5 0.2994753734375 0.70778984375 0.299657546875 0.7001881453125 0.2815010828125 0.700059303125 0.2605209546875 0.700023975 0.2606120421875 0.707832790625 0.277371853125 0.7079186859375 0.2994753734375 0.70778984375
3 0.0679619296875 0.6862871765625 0.17800127187499998 0.68679806875 0.17786451875 0.6079832515625 0.16282831874999998 0.6080595468750001 0.1627516078125 0.5931821859374999 0.1579187078125 0.593290696875 0.15419814062499998 0.5938603812500001 0.15098976718749998 0.594809546875 0.1477678328125 0.59635583125 0.145121246875 0.597956371875 0.1425130140625 0.6001265953125 0.1402499890625 0.6028626921875 0.13906094375 0.605385578125 0.13844724218749999 0.608044103125 0.1314280296875 0.6080205140625 0.1313269125 0.6358644484375 0.0679530640625 0.6357698875 0.0679619296875 0.6862871765625
0 0.150388228125 0.5949780359375 0.145746053125 0.5976710078125 0.14246001875 0.60021641875 0.139956371875 0.6030899062499999 0.138965346875 0.605598428125 0.13833943437500001 0.6079593890625 0.1379091203125 0.61138490625 0.1630629296875 0.611463940625 0.16222838281250002 0.5930597546875 0.1554476765625 0.5936131046875001 0.150388228125 0.5949780359375
5 0.1385697078125 0.6863203171875 0.1384653859375 0.6790898750000001 0.1164064609375 0.6791267640624999 0.09937645625 0.679049225 0.099479275 0.6863572078125 0.1113715890625 0.6863203171875 0.1385697078125 0.6863203171875
0 0.11094162187500001 0.5953418171875 0.1132382875 0.5985904796875 0.1166407515625 0.6016586640625 0.12157432500000001 0.604486203125 0.129485059375 0.6068324609375 0.1368003578125 0.60695278125 0.1368641515625 0.588809753125 0.10992088281250001 0.588964809375 0.10992088281250001 0.5921533140624999 0.11094162187500001 0.5953418171875
0 0.12208469375 0.5599803062500001 0.11817186093750001 0.5618452781250001 0.11493952031250002 0.564612659375 0.112217546875 0.5680418046875 0.1105163140625 0.5720123921875 0.110601375 0.5757423390625 0.1370555390625 0.5756821796875 0.13697047812500002 0.5578403390625 0.1310161640625 0.55793485 0.125997528125 0.558656775 0.12208469375 0.5599803062500001
3 0.1285160234375 0.5582905968749999 0.1781942234375 0.5582905968749999 0.1780566125 0.52764278125 0.1780566125 0.47072688906250004 0.126122078125 0.47072688906250004 0.036501778125 0.4707673984375 0.036550459375 0.49806556718749995 0.036550459375 0.558095940625 0.1285160234375 0.5582905968749999
5 0.1267757359375 0.47834375937500007 0.1266381265625 0.47016824062499996 0.1059962140625 0.47016824062499996 0.0832901109375 0.47015935937500003 0.08356534374999999 0.47834375937500007 0.102418284375 0.47834375937500007 0.1267757359375 0.47834375937500007
0 0.1491526625 0.5425830015625001 0.143882975 0.5460177078124999 0.140369859375 0.550110121875 0.13923325625 0.553690984375 0.138742453125 0.5581936984375 0.1650650296875 0.5582949484374999 0.1650650296875 0.5391482984375 0.15762548125 0.53980600625 0.1491526625 0.5425830015625001
3 0.15484464375 0.6261269421875 0.1550271890625 0.6294837734375001 0.288009396875 0.6296128796875 0.2892872328125 0.6346481234375 0.29330330937500004 0.63903781875 0.30060525312499997 0.6429110828125 0.31411385 0.6449768265625 0.31411385 0.6289673359375 0.329630465625 0.6287091171875 0.3294479328125 0.5006813796875 0.329995584375 0.4516406875 0.30754209062500004 0.45151158125 0.28819194375 0.419105278125 0.2045046046875 0.4187179515625 0.18588465625 0.45189890625 0.1645264640625 0.4515589859375 0.164519709375 0.51216518125 0.164884815625 0.6257396156249999 0.15484464375 0.6261269421875
5 0.1986602140625 0.4511083359375 0.203622553125 0.441941340625 0.2089552140625 0.4314151828125 0.1988824078125 0.42884554374999995 0.19340161718749999 0.43843169218750006 0.187846759375 0.4478606 0.1986602140625 0.4511083359375
5 0.2697366140625 0.4268634609375 0.2695884859375 0.41921556875 0.246061665625 0.41905842031249996 0.22117589999999998 0.41911080156249997 0.22152045 0.4268110796875 0.240258834375 0.4268634609375 0.2697366140625 0.4268634609375
5 0.3057023125 0.448228509375 0.2998512015625 0.4384853015625 0.29368530625 0.428583740625 0.2836310171875 0.43168111875 0.2907412328125 0.443461671875 0.295407315625 0.4511619484375 0.3057023125 0.448228509375
0 0.309221403125 0.5931621421875 0.3048080390625 0.5962257203125 0.301702340625 0.5999251359375 0.29974084843750004 0.6044916 0.299577390625 0.608826853125 0.3296536390625 0.608595640625 0.3295923375 0.589429596875 0.31984616718750003 0.589925153125 0.3151876140625 0.5907344 0.309221403125 0.5931621421875
1 0.48323592812499994 0.4899666015625 0.48575884843750006 0.49132147187499997 0.49040101875 0.49360336250000003 0.4858597640625 0.4948869203125 0.48303410312499995 0.4970975015625 0.48051118125 0.500520334375 0.48020842343750003 0.504941490625 0.50362111875 0.504941490625 0.503520203125 0.4816947546875 0.480410259375 0.48148082812500004 0.4803093453125 0.48383402656249996 0.481116678125 0.4863298421875 0.48323592812499994 0.4899666015625
1 0.5593545953125 0.4434739203125 0.5548829828125 0.4435895171875 0.5504659015625 0.4448225703125 0.5470303953125 0.44640241875 0.5446855234375 0.4483675921875 0.5425042515625 0.45102636250000006 0.5409228265625 0.448714390625 0.5392323375 0.4472886734375 0.5363966796875 0.44586295781249996 0.534379003125 0.44474550312499994 0.5307253656250001 0.44378218281250004 0.5264173484375 0.44378218281250004 0.5264983578125 0.45891252812500005 0.5264173484375 0.45896413437500005 0.5593000703125 0.45900266562500003 0.5593545953125 0.4434739203125
1 0.64414256875 0.5969989499999999 0.6391861921875 0.59954795 0.6342296625 0.605920453125 0.6328779 0.61069983125 0.6549567140625 0.6103812093750001 0.6531543125 0.58584705625 0.654816878125 0.58515688125 0.6342296625 0.5852097984375 0.6337791 0.5919009359375 0.6396367171875 0.5969989499999999 0.64414256875 0.5969989499999999
1 0.50384644375 0.6623529265625 0.5006923171875 0.6575735468749999 0.4921311734375 0.6534314109375 0.4952853015625 0.6524755453125 0.5002417546875 0.648333409375 0.5020440796875 0.6429167734375001 0.48176770468749996 0.6422795296875 0.47906417812499996 0.666813684375 0.50339584375 0.665539184375 0.50384644375 0.6623529265625
1 0.602930290625 0.44810024843749996 0.6016363796875 0.45121168437500003 0.5982722015624999 0.44663604531249995 0.591414478125 0.443799146875 0.584168578125 0.4431585578125 0.5835216171875001 0.45834968125 0.5832628343749999 0.45876382656250003 0.617939659375 0.45893198437500005 0.6176808703125001 0.44334158281249997 0.608494103125 0.44471427500000005 0.602930290625 0.44810024843749996
3 0.8816363765625 0.551560459375 0.8462859859374999 0.5521146031249999 0.7839971375 0.5521146031249999 0.7840896921875 0.632158471875 0.8814405031250001 0.6325740765625001 0.8816363765625 0.551560459375
1 0.8077907906249999 0.5933759703125 0.8026979953125 0.5901896578125 0.7968216890625001 0.5879730921874999 0.8064196578124999 0.5832436859375 0.8103371953125 0.578117884375 0.812100090625 0.570636975 0.7840896921875 0.5696912171874999 0.78389381875 0.6059826828125 0.811904215625 0.605844146875 0.81092483125 0.5994715234375 0.8077907906249999 0.5933759703125
1 0.8536259796874999 0.578117884375 0.857739390625 0.5826895484375 0.8665538484375 0.586984140625 0.8573476421875 0.5911402 0.8524507203124999 0.5966816109375 0.8516672109375 0.604301053125 0.8812446140624999 0.604855196875 0.8812935859375 0.5682710046875 0.8512754625 0.5686974828125 0.8510795890624999 0.573961821875 0.8536259796874999 0.578117884375
0 0.047349485937500005 0.5388418109375 0.0479495203125 0.558023703125 0.07350336406249999 0.5581179171875 0.072538590625 0.5510386375 0.06928249375 0.5452387484375001 0.062167321875 0.54131529375 0.054207971875000004 0.5388418109375 0.047349485937500005 0.5388418109375