0 0.3029713421875 0.4893695125 0.31154321406249996 0.4922880296875 0.32034068125 0.4922880296875 0.3212429875 0.440078990625 0.281715728125 0.4389510296875 0.2826695125 0.458887215625 0.28785775625 0.47185840937499995 0.2943994453125 0.48158679375 0.3029713421875 0.4893695125
0 0.22514764375000001 0.6252544624999999 0.2337195296875 0.6122832796875 0.239133353125 0.594772175 0.23981007812500002 0.580179590625 0.201337075 0.5799235375 0.201236603125 0.6323886203125 0.2149967296875 0.6317400578125001 0.22514764375000001 0.6252544624999999
0 0.22221516718749998 0.8165895781250001 0.23236608125 0.8039426671875001 0.2389077828125 0.7864315625 0.2404868140625 0.769569021875 0.20255493281249998 0.7702218265624999 0.20259006093749998 0.8230751734374999 0.212966546875 0.82275089375 0.22221516718749998 0.8165895781250001
0 0.193567025 0.7235196187499999 0.1863486 0.71152126875 0.17913017343749998 0.7037385546875 0.17033271249999998 0.6988743578125 0.1588283390625 0.697901521875 0.1589150078125 0.7512503703125 0.19695066562500002 0.75043483125 0.19627393125 0.733248009375 0.193567025 0.7235196187499999
5 0.303648053125 0.9388480765624999 0.24822462343749999 0.93833810625 0.24838196250000003 0.959926259375 0.37222313125 0.9602505296875 0.3715463953125 0.939172346875 0.303648053125 0.9388480765624999
0 0.1854462921875 0.9051229828125 0.18025805 0.8944217468750001 0.1712350125 0.88372051875 0.160858521875 0.8769106421874999 0.150256453125 0.8772349234375 0.150592975 0.9316251296875 0.18657416875 0.9304167968750001 0.1872509046875 0.9161484890624999 0.1854462921875 0.9051229828125
3 0.2028156328125 0.9154982546875001 0.19695066562500002 0.9154982546875001 0.1974018203125 0.9579788921875 0.24793080937499998 0.958951725 0.24793080937499998 0.9602488499999999 0.37244869999999997 0.958627453125 0.37244869999999997 0.9576546031250001 0.406961809375 0.9579788921875 0.407412975 0.6878387765625 0.407412975 0.5697942359375 0.407412975 0.44105518593750004 0.2768045234375 0.44105518593750004 0.201946003125 0.43982663593750004 0.20259006093749998 0.7394110046875 0.20304121406250003 0.751085075 0.2028156328125 0.9154982546875001
3 0.2821083953125 0.45408908437499995 0.2836753734375 0.4585943265625 0.2896821015625 0.4747381421875 0.3009120765625 0.48675213125 0.3121420640625 0.4920082609375 0.3199769265625 0.4901310671875 0.3202380828125 0.454464525 0.40720512031249995 0.4555908296875 0.40772743125 0.35008320937500004 0.40642162343750005 0.22055731406249998 0.29229373281250004 0.220932753125 0.19902492968750002 0.2202970359375 0.19827532187500002 0.333945234375 0.198014159375 0.4555908296875 0.2821083953125 0.45408908437499995
5 0.19008690156250002 0.4352378265625 0.09427195625 0.43450514843750004 0.0947556015625 0.456915159375 0.13411490312500002 0.456915159375 0.19008690156250002 0.456915159375 0.19008690156250002 0.4352378265625
0 0.0497735234375 0.5597906453125 0.057952092187500005 0.5480334515624999 0.0635748390625 0.532602121875 0.0635748390625 0.5134966796875 0.0264294890625 0.513209425 0.0272824921875 0.5675063 0.0400614859375 0.566036665625 0.0497735234375 0.5597906453125
0 0.073542465625 0.6376915999999999 0.066130646875 0.6274040515625 0.055140710937500004 0.621158040625 0.0433840265625 0.6189535640625 0.043447599999999996 0.67260211875 0.08197659375 0.671860959375 0.0794208015625 0.6505510343750001 0.073542465625 0.6376915999999999
5 0.119802425 0.7365293515625 0.088292621875 0.7364253328125 0.0883661046875 0.752695496875 0.1568615078125 0.7519606796875 0.1558392140625 0.7361619375 0.119802425 0.7365293515625
5 0.1275285125 0.914566175 0.110559390625 0.913696065625 0.111048946875 0.9353318500000001 0.14828055625 0.9344544328125 0.148484003125 0.91427369375 0.1275285125 0.914566175
5 0.629180859375 0.4475273296875 0.5605754765625 0.4463218984375 0.5600195765625 0.468861171875 0.5880200984374999 0.468861171875 0.6294608734375 0.46926369843750004 0.629180859375 0.4475273296875
5 0.843384859375 0.44631974999999996 0.7412255531249999 0.4474087796875 0.741462959375 0.46926369843750004 0.7890638515624999 0.46926369843750004 0.84366485625 0.46926369843750004 0.843384859375 0.44631974999999996
0 0.607900475 0.559838159375 0.60174035625 0.561045734375 0.5913801546874999 0.5682911890625 0.5826999984375 0.5819770531249999 0.578499921875 0.594857859375 0.57745630625 0.6111655171875 0.6157406140624999 0.610958878125 0.615460615625 0.5594356328125001 0.607900475 0.559838159375
0 0.6891019875 0.65000383125 0.696942125 0.6379280796875 0.701702221875 0.6222295890625 0.701702221875 0.6073361484375 0.6633721734375 0.6075425812499999 0.6647415296875 0.662482121875 0.6793017984375 0.6588593953124999 0.6891019875 0.65000383125
0 0.701702221875 0.7309176890625 0.6975021375 0.7148166703125 0.6885419749999999 0.7031434453125 0.6765017531249999 0.6950929312499999 0.6648838890625 0.69413076875 0.665021528125 0.7470187078125 0.7028222453125 0.74782375 0.701702221875 0.7309176890625
0 0.6219007328124999 0.8045798281250001 0.6317009062500001 0.8094101265625 0.6398210578125 0.8102151796875001 0.6403810703125 0.75506920625 0.6016437640625 0.7531846359375 0.60174035625 0.767950021875 0.6067804515625 0.784051040625 0.6140605765625 0.797334371875 0.6219007328124999 0.8045798281250001
5 0.6339409546875 0.951109478125 0.6064308656249999 0.95027239375 0.605940425 0.973248371875 0.6689416125000001 0.973248371875 0.6683816 0.951109478125 0.6339409546875 0.951109478125
5 0.796903990625 0.9507069515625 0.7429892234375 0.95099698125 0.7442630046875001 0.973248371875 0.854585071875 0.9724433187500001 0.854585071875 0.9503044359375 0.796903990625 0.9507069515625
3 0.7004620874999999 0.82652146875 0.7009915875 0.9711473921874999 0.7430867890624999 0.9715279765625 0.7430867890624999 0.9730503593750001 0.8545464125000001 0.9719085828124999 0.8545464125000001 0.9703862000000001 0.9045840984375 0.9703862000000001 0.904319325 0.8177579375 0.9048488406249999 0.6735126046875 0.7730034984375 0.67275141875 0.664631028125 0.6727550234375 0.664456125 0.765618459375 0.7009915875 0.76599904375 0.7004620874999999 0.82652146875
3 0.5554858874999999 0.971183053125 0.6065825765625 0.97080246875 0.6065825765625 0.9738472343750001 0.6687987421875 0.9719442453125 0.6687987421875 0.969280084375 0.7071874359375 0.9696606921875001 0.7071874359375 0.8657583765625001 0.7079816953125 0.7550053671875 0.5881606328125 0.753597953125 0.5885795875000001 0.8516763781250001 0.5554858874999999 0.8752732359375001 0.5554858874999999 0.971183053125
5 0.5360241203125 0.665231959375 0.5360241203125 0.6227516171875 0.5197838140625 0.622944859375 0.519804825 0.7026018953125 0.536246309375 0.7022824921875 0.5360241203125 0.665231959375
3 0.77534969375 0.683311590625 0.904262821875 0.68203644375 0.904262821875 0.5689671140625 0.9048541531250001 0.4516539234375 0.844832678125 0.45122887343749996 0.8439456828124999 0.44740344375 0.7410516984375 0.449103640625 0.7407560328125 0.45207897187499996 0.6656371875 0.4506363828125 0.6653595828125 0.59787698125 0.6647682374999999 0.682461490625 0.77534969375 0.683311590625