3 0.579760634375 0.9300168875000001 0.6371029187499999 0.9297026890625 0.637559840625 0.935358321875 0.739384834375 0.9350441125 0.7396132859375 0.9287600749999999 0.8555821265624999 0.9309594890625 0.855125221875 0.7742397375000001 0.7948532187499999 0.7742397375000001 0.7953101218749999 0.73559289375 0.7941678453125001 0.686279953125 0.78388735625 0.686279953125 0.6728580671875 0.6859243453125 0.5795321828125 0.68470894375 0.5795321828125 0.7333934906249999 0.579760634375 0.9300168875000001
0 0.738894159375 0.704541990625 0.7401568203125 0.710185875 0.7437869734375 0.716480975 0.7468647140625 0.7211480328125 0.7527834421875 0.7278772796874999 0.7593335046874999 0.7328699484375 0.7659624843749999 0.736126034375 0.7751956984375 0.737211396875 0.77432761875 0.6966304171875 0.7795361 0.6968474890625 0.7794571859375 0.6866450828125 0.732067890625 0.6860904156250001 0.7321073484375 0.6957505562499999 0.7380260796875 0.695207875 0.738894159375 0.704541990625
5 0.7405041015625 0.9367087921874999 0.7405041015625 0.9116243296875 0.6882733328125 0.9116243296875 0.637006315625 0.9114314140625 0.6369391921875 0.9364906703125 0.681188209375 0.9354000421875 0.7405041015625 0.9367087921874999
0 0.68724399375 0.5407462140625 0.6876032578125 0.5509577906249999 0.6885612984375 0.55852534375 0.692153946875 0.5680781078125 0.6977824328125 0.5771367656249999 0.7061652828125 0.5861954265625 0.7168234796874999 0.5914659203125 0.7168234796874999 0.59953635625 0.7238890265625 0.59953635625 0.7236495109375001 0.5330393124999999 0.7168234796874999 0.5335080640625 0.7168234796874999 0.540919696875 0.68724399375 0.5407462140625
5 0.59300485625 0.5742384609375 0.59300485625 0.556918065625 0.59300485625 0.5225189078125 0.577992603125 0.5225720296875 0.5776589999999999 0.5305543453125 0.5775755953124999 0.5741237578125 0.59300485625 0.5742384609375
3 0.6946657671875001 0.478691834375 0.7237617171874999 0.478691834375 0.7241165406250001 0.3886805265625 0.724293953125 0.25989866250000004 0.724293953125 0.19257969218749998 0.6895207484375 0.19257969218749998 0.6889885140625001 0.18867563437499998 0.6281353968750001 0.1884316296875 0.6281353968750001 0.1923356890625 0.57996740625 0.191826975 0.5798787 0.365025184375 0.5798787 0.4774718171875 0.6946657671875001 0.478691834375
5 0.690052996875 0.21062295 0.69058523125 0.1886626265625 0.657586171875 0.1881746203125 0.6269821999999999 0.1875587328125 0.6270709140624999 0.2108669546875 0.6545701328125 0.2108669546875 0.690052996875 0.21062295
0 0.712941878125 0.409761746875 0.7079126718750001 0.41192325468749996 0.7029882468750001 0.4156698671875 0.6980638140625001 0.42143388281250005 0.693348940625 0.42999767499999997 0.6897865875 0.4392201046875 0.6881101875 0.448010234375 0.6879006375000001 0.45925007031250004 0.716923325 0.45953827187499996 0.716923325 0.466599196875 0.7239432578125 0.46645509374999994 0.7237599 0.4004645125 0.717237653125 0.4001070140625 0.7171328796875 0.409185346875 0.712941878125 0.409761746875
3 0.777276515625 0.47682223125 0.8555238890625001 0.47766298906250004 0.85532010625 0.3031268234375 0.855116340625 0.1924727828125 0.8135484921874999 0.1930332796875 0.8129371937500001 0.188829525 0.7585308109375 0.189390028125 0.75832704375 0.1924727828125 0.71757320625 0.19230976875 0.716675659375 0.3765374515625 0.77686896875 0.3768177078125 0.777276515625 0.47682223125
5 0.8140773250000001 0.2109693 0.8142811062499999 0.188269028125 0.784123259375 0.188269028125 0.7570728953125 0.188457971875 0.7572257312499999 0.211529803125 0.7822893328125 0.211529803125 0.8140773250000001 0.2109693
0 0.8136697921874999 0.44963795781250004 0.8134660265625 0.43730694843749995 0.8100019406250001 0.42161293281249995 0.8032775671874999 0.410963425 0.7947192515625 0.4031164140625 0.7863647171875 0.3997534109375 0.784123259375 0.398912659375 0.784327025 0.3905051515625 0.7769403921875 0.39015212187500004 0.7776026515625001 0.457765215625 0.7845307906250001 0.457765215625 0.7845307906250001 0.44963795781250004 0.8136697921874999 0.44963795781250004
3 0.1441524609375 0.931153053125 0.190112890625 0.9307079375 0.189951071875 0.93404629375 0.2503101890625 0.9338237406250001 0.25047200625 0.9307079375 0.285587103125 0.930930490625 0.2854252734375 0.8190198328125 0.2854252734375 0.7295874484375 0.2854252734375 0.6439385328125 0.19996991875 0.6432708578125 0.144060865625 0.6432496015625 0.1439906421875 0.7111270640625 0.1441524609375 0.8085715078125 0.1441524609375 0.931153053125
5 0.2511457125 0.934874834375 0.2513075296875 0.9128416765624999 0.219428859375 0.91261911875 0.18916838281249998 0.9124289250000001 0.18933020625000002 0.9342071640625 0.2161924453125 0.934874834375 0.2511457125 0.934874834375
0 0.24880415625 0.7326367890625 0.24880415625 0.7371466828125001 0.24880415625 0.7439115265625 0.24989719687499998 0.7524302203125 0.25335850625 0.7624522093749999 0.25937024062499997 0.77097089375 0.26702155625 0.7792390421875 0.277951996875 0.78575333125 0.27776982656250004 0.7935203703125 0.2856033 0.7935203703125 0.285147865625 0.726346978125 0.27776982656250004 0.726623596875 0.277951996875 0.7333884375 0.24880415625 0.7326367890625
0 0.3375228921875 0.9169612624999999 0.334425940625 0.9041832218750001 0.32732115156249997 0.8919062859375 0.31639071093750004 0.8806315484375 0.307282009375 0.8768733031249999 0.299448521875 0.8761216562499999 0.29926635 0.9169612624999999 0.2944842828125 0.916683571875 0.2943476578125 0.93750633125 0.3426237703125 0.93750633125 0.3428059421875 0.9167107078125 0.3375228921875 0.9169612624999999
5 0.3942877484375 0.934699834375 0.3945349921875 0.9130507124999999 0.38579913593750004 0.9130507124999999 0.3737667359375 0.913209059375 0.3739315671875 0.934586490625 0.3839036234375 0.9344731421875 0.3942877484375 0.934699834375
0 0.3480357578125 0.7998607359375 0.344327140625 0.8008808515625001 0.33913508124999997 0.8039412 0.33468474062500003 0.80779496875 0.3302343984375 0.8140290109375 0.3257840578125 0.8221772765625 0.32298199375 0.8288647015624999 0.321580959375 0.8362322046875 0.3206744078125 0.8414461265625001 0.3205919953125 0.8493803625 0.34970193437499997 0.8493803625 0.34970193437499997 0.856861209375 0.356871928125 0.856861209375 0.35676891093749996 0.7908473734375 0.34984886249999997 0.791133078125 0.349931275 0.7995206968749999 0.3480357578125 0.7998607359375
3 0.35336560625 0.65206880625 0.3538477671875 0.50291533125 0.4186992640625 0.5025837656250001 0.4186992640625 0.3690140703125 0.41942252187499995 0.1923579609375 0.27043555 0.1923579609375 0.2706766296875 0.1310175140625 0.25862244843750004 0.1310175140625 0.258863528125 0.1001815046875 0.250184521875 0.0998499375 0.24295201406250003 0.1015077875 0.2369249234375 0.106149765625 0.23017459218749997 0.114439015625 0.2214955671875 0.130354378125 0.2198079890625 0.12173355625 0.2142630578125 0.114439015625 0.2079948875 0.1064813375 0.19786938437499998 0.1015077875 0.185574121875 0.1005130765625 0.185574121875 0.129359665625 0.167251753125 0.129359665625 0.1674928515625 0.19136325468749998 0.1435050203125 0.191482875 0.143756646875 0.477716015625 0.14423882500000001 0.6527319484375 0.35336560625 0.65206880625
0 0.334381125 0.6023595125 0.32598141406250003 0.603072625 0.31602619375 0.6069234203125 0.3099078921875 0.613056171875 0.3045154796875 0.620757765625 0.300885975 0.629172471875 0.298500875 0.6365888203125001 0.2972564703125 0.6430068171875 0.2914492625 0.64243633125 0.29142333593749997 0.651540790625 0.339255028125 0.65156414375 0.339255028125 0.6430068171875 0.33427742656250004 0.6430068171875 0.334381125 0.6023595125
0 0.31641832812500004 0.5284366796875 0.3168130515625 0.536036896875 0.3178985328125 0.543365675 0.3205629015625 0.551644484375 0.3252995546875 0.5606018796875001 0.330134890625 0.567794940625 0.34000291875 0.575666590625 0.34641713749999997 0.579195265625 0.3462197796875 0.5870669171875 0.35342343593750003 0.5870669171875 0.35293003437500003 0.5204606203125001 0.3460224140625 0.5208364640625 0.34612109375 0.5281652453125 0.31641832812500004 0.5284366796875
5 0.37819472656249997 0.21127086562500003 0.378470953125 0.1899959453125 0.348499896875 0.1899959453125 0.3052697453125 0.190158440625 0.3052697453125 0.21165076875 0.33192603906249996 0.2114608171875 0.37819472656249997 0.21127086562500003
1 0.5978728 0.68455526875 0.5999985453125001 0.7399655562499999 0.6808470468750001 0.7374849718750001 0.6794033234375 0.6853926921875 0.5978728 0.68455526875