5 0.2173589828125 0.10904349687499999 0.1333211046875 0.10767188125 0.13303623125 0.12001642812499999 0.1695001234375 0.1207022359375 0.2173589828125 0.12035933125 0.2173589828125 0.10904349687499999
0 0.23530605312500003 0.5040689953124999 0.2264749546875 0.49069573593750004 0.2159346109375 0.4814373265625 0.20083628125000003 0.47457924374999993 0.186022825 0.47320762812500006 0.184883328125 0.5431600609375 0.24385227812500002 0.54178844375 0.2407186625 0.5184709671875 0.23530605312500003 0.5040689953124999
0 0.1831740828125 0.6120837796874999 0.1928598046875 0.6052256984375 0.20254552656249997 0.593566959375 0.1672211296875 0.5469320046874999 0.15611103906249998 0.5465891015625 0.1569656609375 0.6168844375 0.1717791171875 0.6175702453125 0.1831740828125 0.6120837796874999
0 0.2370153 0.5726498109375 0.2324573125 0.5829369328125 0.229038821875 0.594595671875 0.22704470312499997 0.6137983 0.2845892828125 0.6131124921875 0.284019534375 0.546246196875 0.2686363296875 0.546246196875 0.25724136406250003 0.5517326625 0.2455615234375 0.562019784375 0.2370153 0.5726498109375
0 0.26407834375 0.76776223125 0.2749035609375 0.76090415 0.28316491250000003 0.7506170265625001 0.2911413890625 0.7355292484375 0.29598425 0.71941275625 0.295699375 0.70466788125 0.2390094171875 0.7053536890625 0.239579165625 0.7722199843750001 0.25296825156249997 0.7729057921875 0.26407834375 0.76776223125
0 0.1814648390625 0.9196687375 0.1769068515625 0.908352903125 0.1709244953125 0.8973799734375 0.16123877343749998 0.8874357546875 0.1515530515625 0.8805776734374999 0.1401580859375 0.8764628234374999 0.12648412656250002 0.8750912078124999 0.12705387343750002 0.9440149281249999 0.182604334375 0.9429862140624999 0.182604334375 0.9302987640625 0.1814648390625 0.9196687375
5 0.3235294109375 0.9334150328125 0.28574660625 0.9334150328125 0.28574660625 0.9418572984375 0.3010181 0.9421296296874999 0.323642534375 0.9417211328124999 0.3235294109375 0.9334150328125
5 0.3614253390625 0.9335511984375 0.323642534375 0.9335511984375 0.3235294109375 0.9418572984375 0.339592759375 0.9419934640625 0.3614253390625 0.9421296296874999 0.3614253390625 0.9335511984375
5 0.37918552031249997 0.9338235296875 0.3611990953125 0.9336873640625001 0.3614253390625 0.9421296296874999 0.3993212671875 0.9418572984375 0.3989819 0.9336873640625001 0.37918552031249997 0.9338235296875
3 0.44807334687499994 0.7671284875 0.4483746734375 0.627848421875 0.32452925 0.627848421875 0.23925369062500002 0.6271230046875 0.2389523625 0.8052128812499999 0.2383497078125 0.9423166953125 0.44807334687499994 0.943767528125 0.44807334687499994 0.7671284875
3 0.44883669531250003 0.539711134375 0.449759278125 0.36036268125 0.44883669531250003 0.10660960625 0.39901720625000003 0.10827538125 0.3967107484375 0.051639028125 0.287384646875 0.051639028125 0.2878459390625 0.10883063906249998 0.0765744 0.1077201234375 0.0770356921875 0.30317106875 0.0774969828125 0.5402663921874999 0.2606297359375 0.541376909375 0.44883669531250003 0.539711134375
5 0.7146844812500001 0.11016004531250001 0.66892569375 0.1095480453125 0.6690951703125 0.1191360484375 0.6896018859375 0.11934004843749998 0.7148539578124999 0.1191360484375 0.7146844812500001 0.11016004531250001
5 0.76146013125 0.1099560453125 0.7157013437499999 0.1097520453125 0.7157013437499999 0.11893204843750001 0.7353606734375 0.1191360484375 0.761290653125 0.1185240484375 0.76146013125 0.1099560453125
5 0.8068799656250001 0.1095480453125 0.7621380390625 0.1095480453125 0.7621380390625 0.1187280484375 0.782475278125 0.11954404999999999 0.80721891875 0.1191360484375 0.8068799656250001 0.1095480453125
0 0.7036684765625 0.40902016874999997 0.701126321875 0.399636165625 0.696380965625 0.3892321609375 0.69129665625 0.3796441578125 0.683161759375 0.370668153125 0.6751963421875 0.3641401515625 0.666044584375 0.35965214843750004 0.6541811953125001 0.356184146875 0.6438430984375 0.35536814687499996 0.644012575 0.428400178125 0.705363246875 0.42860417812499996 0.704854815625 0.4171801734375 0.7036684765625 0.40902016874999997
0 0.6845175765625 0.6819722828125 0.6929914265625 0.6752402796875 0.700109459375 0.6664682765625 0.7063801078124999 0.655860271875 0.7106170328125 0.6446402671875 0.712820234375 0.6311762625 0.7129897109375001 0.61730425625 0.652486425 0.61730425625 0.6521474703125001 0.6907442859375 0.6629939984375001 0.6905402859375 0.6740100015625 0.6880922859374999 0.6845175765625 0.6819722828125
0 0.6635024296875 0.7613283156249999 0.6738405249999999 0.7533723125 0.68502600625 0.7419483078125 0.6458768218750001 0.6933962874999999 0.6351997703125 0.6936002875 0.6351997703125 0.76785631875 0.6529948546875 0.7664283171874999 0.6635024296875 0.7613283156249999
0 0.789932265625 0.5814002406250001 0.788237496875 0.5705882375 0.7841700484375 0.5595722328125 0.7801026 0.5510042281249999 0.775018290625 0.542232225 0.7706118890625 0.536520221875 0.7619685625 0.53019621875 0.75196941875 0.5238722171875 0.74332609375 0.520812215625 0.7280731625 0.519996215625 0.728751071875 0.594660246875 0.7895933125 0.595272246875 0.789932265625 0.5814002406250001
3 0.73842053125 0.40896665312499997 0.91915795625 0.40852356875 0.9187898562499999 0.2906631890625 0.9169387515625 0.1072263609375 0.8101895593749999 0.1072263609375 0.6666303 0.10855561250000001 0.5543595984375 0.1072263609375 0.5547277 0.2760414140625 0.5543701999999999 0.4297916078125 0.7376843296875 0.43156394374999996 0.73842053125 0.40896665312499997
3 0.6513281890625 0.9425574109375001 0.80244323125 0.9433534625 0.9178461859375 0.9429554359375001 0.9188381890624999 0.7718043921875 0.9188381890624999 0.6165743765625 0.7273817109375 0.61617635 0.6361174843749999 0.61617635 0.6357868156250001 0.7909096250000001 0.5537511875 0.7909096250000001 0.5534205203125 0.9413633328125 0.6513281890625 0.9425574109375001
5 0.9178134124999999 0.5470392687500001 0.917712271875 0.503968953125 0.9180156890625 0.46332157656249995 0.9075228046875001 0.46345239375 0.908205303125 0.49945843125 0.9076996125000001 0.5466743515625 0.9178134124999999 0.5470392687500001
5 0.7243914375 0.9411134828125001 0.8032891843750001 0.94173548125 0.8032891843750001 0.9297930765625001 0.7221776265625001 0.9297930765625001 0.653599171875 0.9298456843749999 0.6537310640625 0.930166275 0.65383449375 0.941984284375 0.7243914375 0.9411134828125001
1 0.3662291453125 0.0625023703125 0.35629701406250003 0.0729199890625 0.34572408593750004 0.087581834375 0.34316096875 0.1010861609375 0.3405978265625 0.087581834375 0.33098608125 0.071376653125 0.31560728125000004 0.058643990624999996 0.302471234375 0.0540139328125 0.290296371875 0.052856421875000004 0.2880536171875 0.052856421875000004 0.286451659375 0.1184488609375 0.2874128453125 0.11651967031249999 0.286772046875 0.1184488609375 0.39762752031250004 0.1192205390625 0.39730710937499997 0.0524705828125 0.37968557812500003 0.0540139328125 0.3662291453125 0.0625023703125