5 0.281962815625 0.1306256890625 0.28142523124999996 0.11852137812500001 0.2575027421875 0.11826920468749999 0.2575027421875 0.1404604421875 0.28142523124999996 0.1409647890625 0.281962815625 0.1306256890625
5 0.28061885468750003 0.253686184375 0.2800812703125 0.2420862203125 0.25804032656250003 0.2420862203125 0.257771534375 0.2647921921875 0.2803500625 0.265044365625 0.28061885468750003 0.253686184375
5 0.280887646875 0.430459559375 0.2803500625 0.38506839375 0.25723395 0.38506839375 0.25723395 0.48013766875 0.2803500625 0.4811463625 0.280887646875 0.430459559375
5 0.2803500625 0.643798040625 0.2800812703125 0.599667740625 0.2575027421875 0.599667740625 0.256696365625 0.6934761515625001 0.2803500625 0.6942326703125 0.2803500625 0.643798040625
0 0.5370198187499999 0.663467546875 0.546158746875 0.6647284124999999 0.5598671390625001 0.6649805859375 0.55962495625 0.6024416453125 0.5488732765625 0.6019372984375 0.5203547140625 0.6559023515625 0.5281496812500001 0.6601892953124999 0.5370198187499999 0.663467546875
0 0.7181856296875 0.7035630765625001 0.7187232156250001 0.69095441875 0.659857765625 0.690702246875 0.65932018125 0.703310903125 0.6614705171875 0.71314565625 0.668459109375 0.7282760453125 0.7181856296875 0.7035630765625001
0 0.75342399375 0.7338238546875 0.810676690625 0.704319596875 0.8109454828124999 0.691458765625 0.742403521875 0.6904500734375 0.743209896875 0.7060848078124999 0.746166609375 0.71818911875 0.750198490625 0.7277716984375 0.75342399375 0.7338238546875
0 0.668216928125 0.5449461671875 0.6534333671875 0.537633146875 0.6429504796875001 0.5348592421875 0.6284357109375 0.5343548953124999 0.6289732953125 0.598406875 0.639187390625 0.5986590484375001 0.668216928125 0.5449461671875
0 0.6297863 0.45530441718750003 0.626183403125 0.4461780484375 0.6211393484375 0.43772770625 0.5649341640625 0.46341674531250004 0.5649341640625 0.4762612640625 0.6323083265625 0.4749092109375 0.6315877484375 0.4661208546875 0.6297863 0.45530441718750003
0 0.54800055 0.566510915625 0.5609709781250001 0.5668489296875 0.5606106875 0.501950303125 0.5451182328125 0.5029643453125 0.5325080953125 0.5066824953125 0.5198979578125 0.5131047546875 0.54800055 0.566510915625
0 0.7454392765625 0.8190071281250001 0.7389540625000001 0.8291475390624999 0.733189428125 0.8446961671875 0.7328291390625 0.8666670562500001 0.8009238812499999 0.8663290437500001 0.802365040625 0.8474002765625 0.7454392765625 0.8190071281250001
3 0.404950884375 0.5934512421875 0.5594838656250001 0.5917045125 0.5590184046875 0.5021846421875 0.5599493265625 0.306114290625 0.4063472671875 0.306114290625 0.2583307359375 0.3069876546875 0.257865275 0.38384373906249997 0.257865275 0.48122389062500004 0.257865275 0.5917045125 0.404950884375 0.5934512421875
3 0.5587392546875 0.7734255 0.5587392546875 0.582181259375 0.4072861234375 0.5814132109375 0.25869832187499997 0.582949309375 0.25787965625 0.7027649765625 0.25828898906250003 0.7742417046875001 0.40114613125 0.7738095234375 0.5587392546875 0.7734255
1 0.3017490953125 0.1991148421875 0.2835005765625 0.194334853125 0.30259785 0.188758196875 0.299202765625 0.1823848796875 0.2771348171875 0.1443820328125 0.2593107078125 0.144780359375 0.2586986390625 0.144166046875 0.2617158578125 0.2461197390625 0.2792567375 0.24372807968750002 0.3017490953125 0.202301503125 0.3017490953125 0.1991148421875
3 0.548065684375 0.4767429265625 0.6402277375 0.4767429265625 0.6387570515625 0.24082898125000002 0.8314149421874999 0.2399087578125 0.8319051578125001 0.0558940796875 0.532260278125 0.054973859375 0.2592057296875 0.055433971875 0.2585439203125 0.317133715625 0.548065684375 0.31759381875 0.548065684375 0.4767429265625
3 0.8307626453125 0.47361546875 0.8307626453125 0.39212431875 0.8311646046875 0.230334153125 0.7724776171875 0.230334153125 0.62917683125 0.228719034375 0.628573878125 0.3152006671875 0.6293778265625 0.47550183749999997 0.8307626453125 0.47361546875