5 0.1403993265625 0.1760237796875 0.0876174234375 0.175194003125 0.0875382953125 0.19636499375 0.10938751875 0.19723988125 0.140281853125 0.19680244062500002 0.1403993265625 0.1760237796875
0 0.1958446734375 0.189584590625 0.1958446734375 0.17711739375 0.1725858203125 0.1768986703125 0.1731731640625 0.195927546875 0.175052671875 0.20664496406250002 0.1792815546875 0.2182372671875 0.1958446734375 0.189584590625
0 0.1744653171875 0.2812339453125 0.1719984765625 0.278171825 0.168239471875 0.2735786515625 0.162248546875 0.269860365625 0.154419975 0.2690970765625 0.15508294843749998 0.3122925703125 0.160838928125 0.31163640625 0.1744653171875 0.2812339453125
0 0.220978396875 0.28320245 0.2183940921875 0.2788279953125 0.21428267499999998 0.275109709375 0.20899657187499998 0.27182887031249997 0.2016679828125 0.2704751078125 0.2017134953125 0.314261075 0.207469475 0.313823634375 0.220978396875 0.28320245
0 0.2385987484375 0.3133861875 0.236131896875 0.303543665625 0.232960234375 0.2980755921875 0.21686699375 0.324103596875 0.2167824203125 0.334061465625 0.23965596875 0.3343835671875 0.23977343437499998 0.322572540625 0.2385987484375 0.3133861875
5 0.34647535625 0.12866741875 0.2779835578125 0.128537759375 0.27787348437500003 0.1503209703125 0.311822015625 0.1511958578125 0.3462404234375 0.1507584171875 0.34647535625 0.12866741875
5 0.353758434375 0.70000405 0.28453697187500004 0.7002243906250001 0.2846866859375 0.7225324890625 0.3200448421875 0.7223137656249999 0.353758434375 0.7225324890625 0.353758434375 0.70000405
0 0.39201362500000003 0.6685065031249999 0.3883720921875 0.676817965625 0.38520043125000003 0.6888477156249999 0.383320921875 0.7019710828125 0.382838196875 0.72010743125 0.416682103125 0.7203437874999999 0.416682103125 0.708751484375 0.39201362500000003 0.6685065031249999
0 0.417386925 0.41192661093750005 0.4177393234375 0.401646640625 0.3949503484375 0.40252153437500005 0.3945709234375 0.401191334375 0.3951852921875 0.41564489531250004 0.39718226875 0.42614359375 0.40152861562500003 0.437517175 0.417386925 0.41192661093750005
3 0.20158193125 0.334231190625 0.2668964390625 0.3337561375 0.2666412953125 0.413089703125 0.39446383906250004 0.4140397953125 0.39548438125 0.4240158765625 0.4016076078125 0.43921752343750003 0.4158951421875 0.413089703125 0.4291621640625 0.4121395984375 0.42992757656249997 0.3318485375 0.42992757656249997 0.13090185781250002 0.3467536234375 0.13090185781250002 0.3472639078125 0.1271014453125 0.27633641875000003 0.1271014453125 0.2765915625 0.1304268046875 0.20005111874999998 0.1299517546875 0.20040048906250002 0.17741365625 0.20056138906249998 0.19503131406250002 0.20260246718750002 0.1940812203125 0.20158193125 0.334231190625
5 0.15529480625 0.6993614984375001 0.12098572031249999 0.699693840625 0.1210073609375 0.7220005015625001 0.1910412953125 0.7224532703125 0.1912844890625 0.6998142921875 0.15529480625 0.6993614984375001
3 0.12004424531249999 0.7220002671875 0.12004424531249999 0.7229058296875001 0.191065665625 0.7224530359375 0.191065665625 0.7206419109375 0.283481646875 0.7215474734375 0.283481646875 0.723358596875 0.3537587609375 0.723358596875 0.3537587609375 0.7201891421875 0.4296288875 0.7192835796875 0.42962269218750004 0.40051988437499997 0.26739775625 0.400972653125 0.20222729374999998 0.401425434375 0.0702215859375 0.4001628359375 0.06971516562499999 0.5245883140625 0.0699505140625 0.7201891421875 0.12004424531249999 0.7220002671875
5 0.653444665625 0.5096921531249999 0.618950884375 0.5079844546875 0.6187385578125 0.5314009171875 0.6892353421874999 0.53342034375 0.6889641921874999 0.510197009375 0.653444665625 0.5096921531249999
5 0.863579284375 0.5096921531249999 0.8273072015625 0.5088932453125 0.827788621875 0.53241063125 0.898556540625 0.531905775 0.898556540625 0.5086824390625 0.863579284375 0.5096921531249999
0 0.80311475625 0.25573435 0.7933536640625001 0.24361781875 0.7811522984375 0.23604499843750001 0.771192503125 0.233983825 0.7716623421875 0.3122781234375 0.7778985921875 0.310763540625 0.80311475625 0.25573435
0 0.6952004421875 0.2542197796875 0.7215011765625 0.31429755 0.7280085609375 0.31429755 0.7277646046874999 0.2348926171875 0.717705184375 0.23604499843750001 0.7071306734375 0.24260812031249998 0.7000809890624999 0.24917122812499998 0.6952004421875 0.2542197796875
5 0.72990655 0.1820255078125 0.729635415625 0.1381031140625 0.7175175734375 0.138106325 0.717705184375 0.217870215625 0.730448834375 0.217365359375 0.72990655 0.1820255078125
3 0.7190186953125 0.21780077343749998 0.7194435359375 0.208308640625 0.5699043359375 0.20672661250000002 0.5694795187499999 0.375212215625 0.5694795187499999 0.531832621875 0.6174849921875001 0.5326236140625 0.6174849921875001 0.53341465 0.6901304484375 0.5349966796875 0.6897056328125 0.531041628125 0.7534297015625 0.531832621875 0.7522695265625 0.3217553109375 0.72751524375 0.32300540624999996 0.7283649 0.216218765625 0.7190186953125 0.21780077343749998
3 0.74663246875 0.5302505921875 0.9305826765624999 0.5302505921875 0.930157859375 0.3451537484375 0.9305826765624999 0.20909965625 0.7721473375000001 0.2114027578125 0.77169729375 0.32300540624999996 0.7470573093749999 0.32300540624999996 0.74663246875 0.5302505921875