5 0.2897058828125 0.1741120984375 0.19607843125 0.174805771875 0.195588234375 0.2081021078125 0.2450980390625 0.2087957828125 0.28872549062499997 0.2081021078125 0.2897058828125 0.1741120984375
5 0.6313725484375 0.174805771875 0.4990196078125 0.1741120984375 0.5 0.2081021078125 0.561274509375 0.2087957828125 0.6313725484375 0.20948945624999998 0.6313725484375 0.174805771875
0 0.40555555625000006 0.5812696546875 0.40138888906250003 0.561615565625 0.39444444375 0.5463836468750001 0.38576388906250003 0.5345911953125 0.365277778125 0.521324684375 0.337847221875 0.520833334375 0.33888888906250003 0.6063286171875 0.40625 0.6038718546874999 0.40555555625000006 0.5812696546875
0 0.4701388890625 0.681505503125 0.48229166718750005 0.691332546875 0.494097221875 0.6962460703125 0.5059027781250001 0.6967374203125 0.5125 0.6967374203125 0.512847221875 0.603380503125 0.45 0.603380503125 0.45069444374999995 0.62647405625 0.45347222187499997 0.648093553125 0.4611111109375 0.6672562890625 0.4701388890625 0.681505503125
5 0.46493055625 0.7719143078124999 0.43402777812500004 0.77142295625 0.434375 0.8038522015625 0.49583333281249997 0.8043435531249999 0.4954861109375 0.7724056609375001 0.46493055625 0.7719143078124999
0 0.509027778125 0.438777515625 0.496875 0.44123427656249997 0.48541666718750004 0.445656446875 0.475347221875 0.4530267296875 0.46909722187499997 0.46432782968749997 0.46388888906250003 0.47955974843750004 0.46006944375 0.49773977968749994 0.459722221875 0.5242727984375 0.5149305562500001 0.523781446875 0.515277778125 0.43976022031250006 0.509027778125 0.438777515625
5 0.60694444375 0.7724056609375001 0.590972221875 0.7719143078124999 0.590625 0.80483490625 0.624652778125 0.8053262578125 0.624652778125 0.7728970125 0.60694444375 0.7724056609375001
5 0.702777778125 0.7173742140625 0.703125 0.610259434375 0.6805555562500001 0.6107507859375 0.680902778125 0.65988600625 0.6805555562500001 0.7173742140625 0.702777778125 0.7173742140625
3 0.522435896875 0.48485123281250003 0.702884615625 0.4830370109375 0.7025641031250001 0.3347242375 0.7025641031250001 0.1759796796875 0.4256410265625 0.1768867921875 0.4256410265625 0.2535377359375 0.4365384609375 0.25308417968749997 0.4371794875 0.3687409296875 0.4368589734375 0.522496371875 0.5221153843749999 0.5238570390625 0.522435896875 0.48485123281250003
3 0.410100903125 0.8017928859375001 0.410100903125 0.619117696875 0.450778928125 0.619705078125 0.45326941875 0.6496614593750001 0.462816303125 0.676093559375 0.47651400468749994 0.6890159203125 0.49768318125000005 0.6948897203125 0.5130412109375 0.694302340625 0.5130412109375 0.619705078125 0.5259087484375 0.6185303171875 0.5275690765625 0.8041424062500001 0.703626971875 0.802380265625 0.703626971875 0.556268034375 0.703626971875 0.4693166421875 0.51351946875 0.47166616093749997 0.51393455 0.4411224015625 0.48944471875 0.4434719203125 0.4641247234375 0.47519044218750006 0.46370964218750005 0.47107878124999997 0.4471063671875 0.4693166421875 0.4491817765625 0.17738876718750002 0.4242768625 0.17738876718750002 0.4251070265625 0.18619946874999999 0.35454310625 0.18502470937499998 0.3541280234375 0.2243791703125 0.3375247484375 0.2232044109375 0.33793983125 0.17680138750000002 0.144439696875 0.17680138750000002 0.14278816875 0.2948647734375 0.1436183328125 0.5262925046875 0.3399520640625 0.5262925046875 0.3391219015625 0.8041424062500001 0.410100903125 0.8017928859375001
1 0.39823545625 0.202229309375 0.3923015484375 0.2177387890625 0.387737015625 0.20416799531250002 0.3804337703125 0.19415145312499998 0.3706200171875 0.1876891671875 0.3605780578125 0.18704293593750002 0.356241746875 0.187366065625 0.35738288125 0.24003367656250002 0.42676377031249996 0.2393874453125 0.42653556562499995 0.187366065625 0.41809116875 0.18671982812500001 0.40667983437500005 0.191566540625 0.39823545625 0.202229309375
1 0.5323599328124999 0.5626646328125 0.5395194265625001 0.5629003703125 0.5458464203125 0.5586573375 0.5530058875 0.5515856265625 0.5581673890625 0.543806746875 0.5601653796875 0.5336706203125 0.5609978796874999 0.5393280109374999 0.5648273781250001 0.5496998296875 0.570821378125 0.5570072781250001 0.578313865625 0.5614860140625 0.5866388515625001 0.563136090625 0.5924663406249999 0.5621931921875001 0.59229983125 0.51410555625 0.527697934375 0.5133983875 0.5278644453125 0.5150484546875 0.52869694375 0.561721753125 0.5323599328124999 0.5626646328125