3 0.528186746875 0.65159621875 0.528738721875 0.80313335625 0.7031697140625 0.8023519109375 0.7031697140625 0.47151566875000006 0.627535678125 0.471124946875 0.512723215625 0.47071523125 0.512455240625 0.6184266171874999 0.527910759375 0.6184266171874999 0.528186746875 0.65159621875
5 0.6235269390625 0.8033698828125001 0.6237691640625 0.7728497625 0.6071765015625 0.7723353796875 0.591371075 0.7725752796875 0.5910682890625 0.8035413406249999 0.6049964390625 0.8035413406249999 0.6235269390625 0.8033698828125001
5 0.7030240437499999 0.7190510078125001 0.7031359312500001 0.6759745203125 0.70291215625 0.6107388578124999 0.680870096875 0.6104130046875 0.6813176546874999 0.64794608125 0.681429540625 0.7185758015625 0.7030240437499999 0.7190510078125001
3 0.4370466890625 0.315169625 0.4372692296875 0.522385496875 0.5218333234375 0.5233306296875 0.5218333234375 0.48522694062499994 0.5751906578125 0.48428180000000004 0.7018142859375 0.48585702656249996 0.7027044203125 0.395804440625 0.7027044203125 0.17723013906250001 0.6525334953125 0.17691509218749998 0.42621419375 0.1768225296875 0.42713700625 0.2521773484375 0.4370466890625 0.2531224828125 0.4370466890625 0.315169625
5 0.6304165109375 0.20792047500000002 0.6304165109375 0.1753609109375 0.5742972703125 0.1756003203125 0.5003962296875 0.175950090625 0.5004602390625 0.20768106562500002 0.545692446875 0.2083992953125 0.6304165109375 0.20792047500000002
0 0.4826978484375 0.44869184375 0.470062896875 0.462031496875 0.46342419843749993 0.479009253125 0.46064022812500005 0.49780604687499996 0.45935532187500006 0.5093266609375 0.458712859375 0.5220276562499999 0.5146064484374999 0.5223308249999999 0.515034746875 0.440202965625 0.498973371875 0.440809315625 0.4826978484375 0.44869184375
5 0.49543322968750003 0.8037083703125001 0.49543322968750003 0.772415021875 0.46565351875000005 0.772415021875 0.4354132796875 0.7725508828125001 0.4349527703125 0.8037083703125001 0.466114021875 0.803491059375 0.49543322968750003 0.8037083703125001
0 0.45475474531250004 0.6494611234375001 0.4585923390625 0.6616307546875 0.4659605203125 0.6742350265625 0.481924909375 0.6890124375 0.498349803125 0.6935760453125 0.5112441171875 0.694010678125 0.51155111875 0.6051404687499999 0.45095553125 0.6047467046875 0.451070665625 0.6222967625 0.45137766875 0.634031765625 0.45475474531250004 0.6494611234375001
0 0.3969401515625 0.5515600546874999 0.3893802671875 0.5374640546875 0.37665752812500003 0.5278056828125 0.36504112499999997 0.524151165625 0.35268715624999997 0.5215407953125 0.33885809375 0.5219166015625001 0.3394112625 0.6035064109375 0.40579075624999994 0.6035064109375 0.40357809843750003 0.5740092328124999 0.3969401515625 0.5515600546874999
3 0.351362984375 0.5249078843749999 0.44699069218750004 0.5231996296875 0.44729235312500004 0.346889646875 0.44699069218750004 0.1769856453125 0.4258741671875 0.176558578125 0.4258741671875 0.1855269578125 0.4163866578125 0.18509989843750002 0.4058283953125 0.190651753125 0.39798511875 0.2009013453125 0.3922534859375 0.2167027921875 0.39074516406250004 0.209442665625 0.3859185328125 0.19876601562500001 0.3780752578125 0.1910788296875 0.36697504062499997 0.18680817031250002 0.355511796875 0.18509989843750002 0.35581345781249996 0.2248170359375 0.3383168984375 0.224389978125 0.33801523906250003 0.17741270468749998 0.29246388125 0.176558578125 0.14412027968750002 0.1767299515625 0.14336755625 0.5253349593750001 0.268706878125 0.5249078843749999 0.351362984375 0.5249078843749999
5 0.288624246875 0.20735504374999997 0.2890537984375 0.17593597968750002 0.25271770781249997 0.17593597968750002 0.1967332203125 0.176074371875 0.1967008609375 0.207760453125 0.23135110937499997 0.207760453125 0.288624246875 0.20735504374999997
1 0.4037338328125 0.191548184375 0.39680023593749997 0.2030294421875 0.3924033390625 0.216663440625 0.3868226359375 0.20183347812500002 0.378874384375 0.19106979531249998 0.3680512265625 0.1865251328125 0.3553678375 0.1860467453125 0.356044284375 0.24010434374999998 0.42791682656249996 0.24010434374999998 0.4267330421875 0.1850899734375 0.414387871875 0.1862859375 0.4037338328125 0.191548184375