0 0.307028359375 0.49290780156249997 0.32100287656250004 0.4923167859375 0.319358815625 0.4397163125 0.2815454171875 0.439125296875 0.2815454171875 0.4592198578125 0.2864776 0.47281323906250006 0.295519934375 0.4834515375 0.307028359375 0.49290780156249997
5 0.19071105625 0.4343971625 0.09412248281249999 0.433806146875 0.0945334984375 0.4574468078125 0.14138923125 0.4574468078125 0.19071105625 0.458037825 0.19071105625 0.4343971625
3 0.292156825 0.48166273125 0.3064266953125 0.48976244218750004 0.31919447500000003 0.4919223640625 0.32032104375000003 0.4557436609375 0.40781788125 0.4557436609375 0.40744235937499995 0.22139206250000001 0.19902714375 0.22031210156249997 0.19902714375 0.45412371875 0.283144275 0.4546636984375 0.285021890625 0.4638433703125 0.292156825 0.48166273125
0 0.0536489109375 0.5560119296875 0.060783075 0.544522384375 0.0647782078125 0.5301604515625 0.0650635734375 0.5141571578125 0.0265390890625 0.512926134375 0.027109821875000002 0.5658601109375 0.0425196171875 0.5650394296875 0.0536489109375 0.5560119296875
0 0.0776197015625 0.6417731796874999 0.0682026046875 0.6282319296875001 0.055075743749999996 0.6200251109375 0.0436610828125 0.6183837484375 0.043375715625 0.67213840625 0.081329465625 0.671317725 0.08161483281250001 0.6598281796875 0.0776197015625 0.6417731796874999
0 0.226581040625 0.6249492015625 0.2348566703125 0.6109976109375 0.24113473437500002 0.59540465625 0.239422534375 0.5777599984374999 0.20232488437499999 0.5794013609374999 0.201468784375 0.6319249984375 0.214310278125 0.6319249984375 0.226581040625 0.6249492015625
0 0.191766321875 0.716865565625 0.183205325 0.7061967015625 0.1729321296875 0.69922090625 0.159234534375 0.6967588609375001 0.15894916718750002 0.7517445421875 0.1980443859375 0.7509238593750001 0.1969029203125 0.729996475 0.191766321875 0.716865565625
5 0.156951603125 0.7365619296875 0.09046119531249999 0.7377929515625 0.089605096875 0.752565225 0.12584664843749999 0.7517445421875 0.1575223359375 0.7517445421875 0.156951603125 0.7365619296875
0 0.2214444421875 0.81821976875 0.23057617187499999 0.8079612468749999 0.2377103359375 0.7948303390625 0.240278634375 0.78046840625 0.23913716875 0.76856851875 0.2028956171875 0.768978859375 0.2028956171875 0.8239645421875 0.212883446875 0.8235542015625 0.2214444421875 0.81821976875
0 0.182349225 0.8965948828125001 0.1740735953125 0.88592601875 0.1620882 0.8777191999999999 0.15010280468749998 0.8764881796875 0.15010280468749998 0.9335255640625 0.187771190625 0.929832496875 0.1866297234375 0.9105464734375 0.182349225 0.8965948828125001
5 0.12984178125 0.9138292 0.11157832031249999 0.9125981796874999 0.11100758749999999 0.9359876093749999 0.1489613390625 0.9343462468749999 0.1481052390625 0.9150602234375 0.12984178125 0.9138292
3 0.11105821874999999 0.9318985109375 0.1108799796875 0.9349740828125 0.1454583671875 0.9349740828125 0.145280128125 0.9403563343749999 0.1916222953125 0.9398437390625001 0.19144405625 0.93241110625 0.209802684375 0.9326674046875001 0.2103374 0.822459384375 0.21532809687499999 0.8204090015625001 0.2231706171875 0.8155393453125 0.230656659375 0.8060563296875 0.235290875 0.796317015625 0.23867741874999998 0.7814517484375 0.23867741874999998 0.7691494578125 0.2103374 0.7701746484374999 0.2096091875 0.7376248390625 0.196775971875 0.7386500296875 0.19428062343750002 0.7294233125 0.19071584218749998 0.719940296875 0.1859033859375 0.71173876875 0.1796650171875 0.705075028125 0.17164425781249998 0.6999490749999999 0.1595239984375 0.698667584375 0.1591675203125 0.736599646875 0.1566721734375 0.7368559453125 0.082881184375 0.7368559453125 0.0834159015625 0.7399315171875 0.025131714062499998 0.7396752203125 0.0247832984375 0.9338406562499999 0.0646886109375 0.9338406562499999 0.11105821874999999 0.9318985109375
3 0.08286221875000001 0.750815584375 0.21027706875000002 0.749183378125 0.21084461718749997 0.6328885734374999 0.2176552109375 0.6304402609374999 0.2335465953125 0.6128940265625 0.23978964062500002 0.5965719484374999 0.2395058640625 0.5802498703125 0.21084461718749997 0.5798418187500001 0.21112839375 0.45456987031249996 0.21112839375 0.439063896875 0.1906966125 0.43987999999999994 0.1904128390625 0.43457532656250003 0.09336188281249999 0.434983378125 0.09336188281249999 0.439063896875 0.02639105 0.43865584375 0.025539725000000003 0.6222792218750001 0.024972175 0.6704293515625 0.0837135421875 0.6704293515625 0.08286221875000001 0.750815584375
5 0.30076917812500004 0.93870938125 0.24878145156249998 0.9383680312499999 0.24806928906249998 0.9605557078125001 0.37174785625 0.960214359375 0.37151046875 0.9383680312499999 0.30076917812500004 0.93870938125
3 0.2029657828125 0.914814959375 0.1970311109375 0.9137909125 0.19679372343749998 0.9588489640625 0.40735588749999996 0.9585076156250001 0.4078306609375 0.8390355125 0.4071185 0.5802930703125 0.40735588749999996 0.44068138437500004 0.202491009375 0.44034003750000006 0.2017788484375 0.5140713921875 0.2020162359375 0.634567540625 0.202491009375 0.75028480625 0.2029657828125 0.914814959375
5 0.8436018203125 0.4479283109375 0.741960109375 0.447227328125 0.741960109375 0.46965879218750006 0.7877841906249999 0.470009284375 0.8436018203125 0.4686073171875 0.8436018203125 0.4479283109375
5 0.6303248499999999 0.4479283109375 0.560370003125 0.44652634375 0.5601262593749999 0.4693083015625 0.5849882609375 0.4693083015625 0.6295936156249999 0.46895780781249996 0.6303248499999999 0.4479283109375
0 0.60326914375 0.55973514375 0.5947380640625 0.564291534375 0.5884006921875 0.5720023515625 0.5818195734375 0.5832180828125 0.5788946328125 0.5965367640625 0.578163396875 0.6123088890624999 0.6152126531250001 0.6116079062499999 0.614968909375 0.559034159375 0.60326914375 0.55973514375
0 0.68760495 0.652264934375 0.694917303125 0.643152153125 0.6993047156250001 0.6333383859375 0.7017421671874999 0.6217721625 0.701498421875 0.6081029890625 0.66493665625 0.607752496875 0.664692909375 0.661027225 0.677855146875 0.659625259375 0.68760495 0.652264934375
0 0.7024734015625 0.7349809609375 0.6993047156250001 0.7213117875 0.6939423234375 0.7090445796875 0.6844362640625 0.6988803234375001 0.675905184375 0.69432393125 0.664449165625 0.6939734390625001 0.6651804 0.747949153125 0.7032046375000001 0.74935111875 0.7024734015625 0.7349809609375
0 0.61789385 0.8008733890625 0.627643653125 0.8068317468749999 0.6364184765625 0.8096356796874999 0.639099675 0.8103366624999999 0.639830909375 0.7539075093750001 0.601806671875 0.7528560343749999 0.6022941625 0.7693291421875 0.60546285 0.782647825 0.6115564765625 0.7942140484375 0.61789385 0.8008733890625
5 0.634224771875 0.9512343015625 0.6064378296874999 0.9508838078125 0.6059503390625001 0.9505333171875 0.60546285 0.972614290625 0.6695678125 0.97296478125 0.6698115578125 0.9501828265625001 0.634224771875 0.9512343015625
5 0.79192785625 0.9512343015625 0.743666325 0.9508838078125 0.742935090625 0.972614290625 0.8543266046875001 0.972614290625 0.8533516234375 0.9512343015625 0.79192785625 0.9512343015625
3 0.9050694953124999 0.555856225 0.9057084421875 0.450197603125 0.844369459375 0.4511163734375 0.8446889328125 0.44698190625 0.740540446875 0.44744129218750006 0.740859921875 0.451575759375 0.6657835609375 0.450197603125 0.6651446125 0.5898507375 0.6657835609375 0.682187184375 0.7795162609374999 0.683565340625 0.9047500203125001 0.680809028125 0.9050694953124999 0.555856225
3 0.7434157124999999 0.9743562406249999 0.853953675 0.9743562406249999 0.853953675 0.970681159375 0.9047500203125001 0.970681159375 0.9047500203125001 0.8241372468750001 0.904430546875 0.67254009375 0.765778884375 0.6734588640625 0.6648251390625 0.674377634375 0.6651446125 0.7657953125 0.7009256875000001 0.76671408125 0.699967265625 0.9702217750000001 0.7437351875 0.9715999312499999 0.7434157124999999 0.9743562406249999
3 0.5823860609375 0.85730615625 0.5556732156249999 0.8569750234375 0.554752084375 0.969891746875 0.6061052234375001 0.9712162843750001 0.6061052234375001 0.973534221875 0.6689725203125 0.9715474171875 0.6694330859375001 0.97022288125 0.7069692375 0.9712162843750001 0.707199521875 0.8748562625 0.7081206546875001 0.755647990625 0.5888339874999999 0.7546545890624999 0.5886037046875 0.8523391453125001 0.5823860609375 0.8523391453125001 0.5823860609375 0.85730615625
5 0.5360023953125 0.6634503796875 0.5361927375 0.6232163828124999 0.5196330046875001 0.6226689828125 0.519823346875 0.7020421703124999 0.5358120546875 0.7025895734375001 0.5360023953125 0.6634503796875