0 0.5649171921875 0.7056947734375 0.5732306125 0.6950400734375 0.5791687750000001 0.6793384125 0.580620325 0.6597113359375 0.5455191875 0.6596089843749999 0.5456511453124999 0.7126109828125 0.556867675 0.7116763609375 0.5649171921875 0.7056947734375
5 0.6128183625 0.8600346625 0.6128183625 0.8415291375 0.589857465625 0.8415291375 0.555910971875 0.8413155874999999 0.555416125 0.8602215921875 0.574286290625 0.8602215921875 0.6128183625 0.8600346625
3 0.395474709375 0.8596869 0.53440143125 0.8598595890625 0.5345233375 0.738325615625 0.5345233375 0.64096765625 0.4854347625 0.6407949687500001 0.404976140625 0.6407949687500001 0.3500568859375 0.6406499718750001 0.350018825 0.736262590625 0.35014073125 0.8595142171875001 0.395474709375 0.8596869
0 0.48745530625000005 0.6671984125 0.490876884375 0.6756802656249999 0.49686463124999997 0.6842967468750001 0.5049433453125001 0.6915669062500001 0.5134972765625 0.69506735 0.5208156453125 0.69587514375 0.5207205953125 0.6408247874999999 0.48450895312500003 0.6407794906250001 0.4846039953125 0.6521396984375001 0.48536434687499996 0.65940985625 0.48745530625000005 0.6671984125
5 0.4706028015625 0.86002494375 0.47050775937499995 0.8415802843750001 0.44086014375 0.8414456546875 0.4053850828125 0.841632875 0.40530778749999996 0.8598903078125 0.43496141875000005 0.86002494375 0.4706028015625 0.86002494375
3 0.48452414218750006 0.5651083156250001 0.5345419703125 0.565956840625 0.53439221875 0.47541062343749996 0.5393340921875 0.474774228125 0.53948384375 0.37172355625 0.534691721875 0.371511428125 0.534991225 0.24894466093749998 0.43308848437499997 0.24809613593750002 0.350274534375 0.24787595312500002 0.3501108546875 0.3925011375 0.349961103125 0.564259790625 0.48452414218750006 0.5651083156250001
5 0.45501240000000004 0.266220715625 0.455089278125 0.2480339765625 0.4376375875 0.247925075 0.417860290625 0.24808325 0.41795638906250004 0.26611181093749997 0.4335629671875 0.266220715625 0.45501240000000004 0.266220715625
5 0.511115346875 0.26597713437500003 0.511115346875 0.2481171046875 0.49466309375 0.24822600781249998 0.47436685624999997 0.2482193203125 0.474289978125 0.2660860390625 0.49189542656249996 0.26597713437500003 0.511115346875 0.26597713437500003
0 0.51898850625 0.32055802031249997 0.51373190625 0.3242810953125 0.5083742109375 0.32886334375000004 0.504128496875 0.3358799109375 0.5005903968750001 0.3449012109375 0.498164271875 0.3553544703125 0.49765882812499995 0.366810090625 0.5345561421875 0.36623730781249997 0.534278146875 0.31833046249999997 0.5274799453125001 0.3186964796875 0.5240429343749999 0.31898287187499996 0.51898850625 0.32055802031249997
0 0.519291775 0.502761628125 0.514843878125 0.505625534375 0.509688365625 0.509921390625 0.5055437375 0.5153628109375 0.5020056390625001 0.5213770125 0.4986697140625 0.52910955625 0.49573814531249993 0.5405651765624999 0.49533379375 0.5523071890625 0.5346572296875001 0.5527367734374999 0.53453086875 0.5010054875 0.5302093328125 0.50075689375 0.5243462015625 0.5013296765625 0.519291775 0.502761628125
3 0.21847934218749998 0.8601285359374999 0.21847934218749998 0.7754616171875 0.21847934218749998 0.6408299671875 0.10925585625 0.6405872984375 0.0291663 0.639837134375 0.029364 0.7575038281250001 0.02902136875 0.8596431984375 0.21847934218749998 0.8601285359374999
5 0.167374325 0.8611716734374999 0.1672030125 0.8407871578125 0.13619506718750002 0.8407871578125 0.08805567812500001 0.84026000625 0.0878843671875 0.860686325 0.12129070625 0.860686325 0.167374325 0.8611716734374999
0 0.2441000046875 0.5881820249999999 0.235422728125 0.581011896875 0.228294965625 0.5774999968750001 0.21961769687500002 0.5772073390625 0.21941109062500003 0.6353827546875 0.25608290624999996 0.635592665625 0.255463103125 0.61291165 0.2507112625 0.5985713953125 0.2441000046875 0.5881820249999999
3 0.1427077265625 0.5362978984375 0.203163728125 0.5357026390625 0.257097771875 0.5358514546875 0.257097771875 0.5428457578125 0.26903354375 0.5424842015625 0.3223563453125 0.5430087421875001 0.322634071875 0.4562325953125 0.32244891875000004 0.3254162015625 0.32244891875000004 0.24859929531249997 0.3013473734375 0.2484681609375 0.3016250921875 0.20769928750000002 0.298755290625 0.20769928750000002 0.29384884843750003 0.2078304203125 0.2876463734375 0.210321978125 0.2816804671875 0.21464941875000002 0.2767740328125 0.22015707187500003 0.271960165625 0.2275006078125 0.267609175 0.23943385468749998 0.2655105125 0.24858202812500002 0.2185908375 0.24858202812500002 0.2187050078125 0.22092620468750002 0.1924065609375 0.17144531406250002 0.094792184375 0.17112185625 0.06876073125 0.22067412968750003 0.06887490156250001 0.2488151375 0.0292853875 0.2481900125 0.029399496874999997 0.4042056953125 0.029399496874999997 0.5355538234375 0.1427077265625 0.5362978984375
5 0.0908006078125 0.1777965015625 0.0804000828125 0.1975888984375 0.0719996125 0.214239425 0.082557721875 0.22586374843749998 0.09426745156250001 0.2047320171875 0.10246179687500001 0.1899993328125 0.0908006078125 0.1777965015625
5 0.1831111046875 0.1899028703125 0.1833212125 0.171152178125 0.14400521875 0.17085455 0.10586996562499999 0.17054365625 0.1059630953125 0.1894564265625 0.1286922046875 0.1900516890625 0.1831111046875 0.1899028703125
5 0.21602096249999997 0.21649443124999998 0.205515375 0.1952138859375 0.196217940625 0.1770515375 0.185134559375 0.1888227734375 0.19490474375 0.208168725 0.20572549218749997 0.2279531890625 0.21602096249999997 0.21649443124999998
0 0.2809741234375 0.214262390625 0.272906478125 0.22444378281250002 0.268065884375 0.23545630312500002 0.265425571875 0.2450143390625 0.2646921484375 0.2533256765625 0.2646188015625 0.265641703125 0.30239005625000004 0.265562753125 0.30239005625000004 0.20719775937499998 0.29138872031249996 0.20844445625 0.2809741234375 0.214262390625
0 0.23608866874999998 0.486949153125 0.229194503125 0.49442935312499997 0.22435391093749998 0.502948475 0.22112685625 0.5112598125 0.21936664062500003 0.5231034703125 0.2187799015625 0.535904615625 0.255451021875 0.5359860453125 0.2560377625 0.4805078625 0.2465032703125 0.48196234843749997 0.23608866874999998 0.486949153125