3 0.6379693109375 0.52593716875 0.6321854328125001 0.5263221625 0.6321854328125001 0.5355620609375 0.5568022171875 0.53633205625 0.55718781875 0.6267650359375 0.9264792859375 0.627342528125 0.9259008921874999 0.3916249203125 0.9260937 0.31253905625 0.8338423359375 0.3121540625 0.7900294671875 0.31224280000000004 0.789803946875 0.3714229 0.6373909171875 0.3720003953125 0.6379693109375 0.52593716875
0 0.6477133546875 0.3923949125 0.65002690625 0.3995173359375 0.65349723125 0.4074097515625 0.658509921875 0.4160721578125 0.669692090625 0.42569705312500006 0.7151919328125 0.3795180734375 0.71557751875 0.37181815625 0.6453998015625 0.371891709375 0.6459781875 0.3810375359375 0.64655658125 0.38604248124999996 0.6477133546875 0.3923949125
5 0.8608234796875 0.628517865625 0.8605707828125 0.61262290625 0.8291754796875 0.612749059375 0.7794268468750001 0.6123884140625 0.7788250953125 0.628517865625 0.8145809421875001 0.628139415625 0.8608234796875 0.628517865625
5 0.7230450609375 0.6280143375 0.7229187171875 0.6122455312499999 0.689689784375 0.6119932296874999 0.6410782640625 0.61223079375 0.6415520609375001 0.6280143375 0.6760444515625 0.628140490625 0.7230450609375 0.6280143375
3 0.735938446875 0.3053883671875 0.79043760625 0.3053883671875 0.7902409015625 0.321689240625 0.9259639749999999 0.320903653125 0.9259639749999999 0.25848110625 0.926357384375 0.15836098125 0.9265540812499999 0.056659221875 0.835041121875 0.056659221875 0.7511977015625 0.0562434828125 0.7512810625 0.21409559374999998 0.7355450453125 0.2138992 0.735938446875 0.3053883671875
5 0.8775778140625 0.071203178125 0.8773910921875 0.0562883140625 0.8428273953125001 0.056381531250000005 0.7965197374999999 0.056279609375 0.7968005921875 0.07148283125 0.8304299 0.071203178125 0.8775778140625 0.071203178125
0 0.7810956140624999 0.24310337343750002 0.770812490625 0.2365139546875 0.759301528125 0.23176344375000002 0.7502462328124999 0.2296180515625 0.7433396546875 0.229158325 0.7353970859375 0.22846340937499998 0.7361261109374999 0.2961252046875 0.7434931328125 0.2961252046875 0.7887695890625 0.25061224531250004 0.7810956140624999 0.24310337343750002
0 0.636058 0.1761657625 0.6247926625 0.16809032968749998 0.5805978890625 0.21481246562499998 0.5803090375 0.22205169374999997 0.649345309375 0.2225994796875 0.6484787375 0.2035645421875 0.6432793671875 0.1885673140625 0.636058 0.1761657625
5 0.701320865625 0.07180492187500001 0.7010870296875 0.0561623875 0.66507689375 0.056395859375 0.619538090625 0.0561840921875 0.6197134671875 0.07157145000000001 0.6550221078125 0.07157145000000001 0.701320865625 0.07180492187500001
3 0.224952121875 0.613860165625 0.2245400015625 0.6262048296875 0.426261065625 0.6270278109375 0.426261065625 0.5682068390625 0.4264671265625 0.45406255937499995 0.426261065625 0.3715809859375 0.331400675 0.3715809859375 0.227493446875 0.37074756875000003 0.22742488593750002 0.41169017812500003 0.2276309453125 0.613654425 0.224952121875 0.613860165625
0 0.271934471875 0.47082305625 0.2606010109375 0.46259327499999997 0.24885543124999998 0.4590956234375 0.2402007796875 0.45786115625 0.23195826406250003 0.45662668906250004 0.2245400015625 0.457449665625 0.226806690625 0.45738044375 0.22701275 0.5259625546875 0.2340188921875 0.52637404375 0.28120730156249996 0.48049304375 0.271934471875 0.47082305625
5 0.3775885765625 0.6282259906250001 0.3777086234375 0.6126436015625 0.3486255203125 0.6127634640624999 0.2960435765625 0.6127634640624999 0.296554746875 0.6285855890625001 0.3292083765625 0.6282259906250001 0.3775885765625 0.6282259906250001
5 0.2398350625 0.684121409375 0.2398350625 0.668472471875 0.23955009062500002 0.6307879171875 0.22444685937500003 0.630347840625 0.2238769234375 0.6459949015625 0.22416189687500002 0.6845482031250001 0.2398350625 0.684121409375
0 0.21183708750000002 0.656736828125 0.20742010624999999 0.6501927249999999 0.20100835625000002 0.6446444640625 0.1552712046875 0.6908799671875 0.15534244531250002 0.699316021875 0.223093271875 0.698988965625 0.2223808546875 0.6822019218750001 0.21710896562499998 0.6659839296875 0.21183708750000002 0.656736828125
0 0.1777662859375 0.557891609375 0.16438253593750002 0.5505634859375 0.1518622734375 0.5471149546875 0.1434434671875 0.5462528234375 0.13389135624999998 0.545389403125 0.13416118906250002 0.613930215625 0.1410689359375 0.6137146859375 0.18834374375000001 0.568452734375 0.1777662859375 0.557891609375
3 0.2937707578125 0.3801688703125 0.4261525609375 0.38141877812499997 0.42583960625 0.29366310625000003 0.42583960625 0.056873226562500004 0.3144634125 0.056873226562500004 0.2673454984375 0.011876739062499999 0.2592085609375 0.021251006250000003 0.253575284375 0.032500126562499995 0.24919384843749998 0.0468740046875 0.24481243749999998 0.0346874578125 0.2394921140625 0.0240632890625 0.22822558437499998 0.013751590624999999 0.1856631203125 0.056248271875 0.0564109109375 0.05629970937499999 0.05672567656250001 0.21337353281250002 0.05609975625 0.3795439296875 0.2937707578125 0.3801688703125
0 0.210582584375 0.33965085 0.203353909375 0.33150439062500003 0.1970763875 0.3275157734375 0.1512313875 0.3738597015625 0.1510411625 0.37999108125 0.219713528125 0.380486690625 0.219713528125 0.3647221578125 0.2147675984375 0.34971736249999996 0.210582584375 0.33965085
1 0.2609691453125 0.019555342187499998 0.2542448609375 0.0294291171875 0.2522671359375 0.038907940625 0.2494983328125 0.042857451562499996 0.2419829703125 0.026664457812499997 0.22892997187500003 0.0136310796875 0.179486840625 0.0558908328125 0.1798824109375 0.068924221875 0.1802779484375 0.0701090875 0.1806734890625 0.0697141203125 0.316740990625 0.068924221875 0.314763265625 0.0566807390625 0.26848447656249996 0.0128411703125 0.2609691453125 0.019555342187499998