3 0.7619428609375001 0.7632734375 0.9098747250000001 0.7636543984374999 0.9092492296874999 0.7068902625 0.9092492296874999 0.5568500359375 0.8538920531249999 0.5568500359375 0.7671032796875 0.5565463984375 0.7666341453125 0.6699770421875 0.7616301140624999 0.6703580031249999 0.7619428609375001 0.7632734375
0 0.791909378125 0.6075101843749999 0.79823909375 0.6013043312499999 0.770913246875 0.5680183828125001 0.7673238265625 0.5677345734375 0.767362425 0.6154085499999999 0.7769341875 0.6154085499999999 0.7857340453125 0.6120235328125 0.791909378125 0.6075101843749999
5 0.8666537312499999 0.7639027859375 0.8668081125 0.747165784375 0.8482592999999999 0.7473538421875 0.8026390171875001 0.7474866421875 0.8019671015625001 0.76333861875 0.8258965249999999 0.7640908421875 0.8666537312499999 0.7639027859375
3 0.716632628125 0.6839607625 0.716632628125 0.6134384640625 0.716632628125 0.500801453125 0.688582928125 0.500386421875 0.5938708390625 0.5005939390624999 0.524747740625 0.50073030625 0.5251486812499999 0.600364946875 0.5248079625 0.683753246875 0.716632628125 0.6839607625
0 0.700485965625 0.5458289515625 0.6952848484375 0.5488299999999999 0.6899924765625001 0.5531648484375 0.685977575 0.55850004375 0.6865250640625 0.5594582328125 0.7128044078125 0.5909136687500001 0.7164543171875 0.5906913671875 0.7165455640625 0.543874771875 0.7113444453125 0.5432725031250001 0.7067820593749999 0.5436059515625 0.700485965625 0.5458289515625
5 0.755120540625 0.6845197015625 0.7552117859374999 0.669514459375 0.7402471578125 0.669514459375 0.7230469640625 0.6698372921875 0.7230925906250001 0.68463085 0.7363235109375 0.684742003125 0.755120540625 0.6845197015625
5 0.6599053671874999 0.684689390625 0.6598141203125001 0.669461846875 0.6273737265625 0.6695729953125 0.5868597359375001 0.6695595359375 0.5868631125 0.684689390625 0.6098103640625 0.6850228390625 0.6599053671874999 0.684689390625
3 0.5840139765625 0.50820988125 0.6982887375 0.507843265625 0.7166478703125 0.5080265765624999 0.716798353125 0.3572234203125 0.71740029375 0.2797138078125 0.6237212000000001 0.2791638875 0.5250408921874999 0.2794699984375 0.5252465671875 0.38525964375 0.5250960859375 0.50820988125 0.5840139765625 0.50820988125
5 0.660288959375 0.293872234375 0.660288959375 0.278841046875 0.628536703125 0.278841046875 0.58636338125 0.278782890625 0.585949546875 0.29423885 0.618905684375 0.293872234375 0.660288959375 0.293872234375
0 0.6909590671875 0.48796022812500006 0.697866625 0.49303348125 0.7072121499999999 0.49625066718750005 0.7165576687499999 0.49674562031249997 0.7168116234374999 0.44978118437500003 0.7132054765625 0.45009641250000004 0.6857784 0.48276323281250005 0.6909590671875 0.48796022812500006
0 0.7853862921875 0.4016230890625 0.7789749828125 0.396505390625 0.7732315078124999 0.393902153125 0.767621609375 0.3934140484375 0.7615442109375 0.39361190156250003 0.7614774328125 0.4344889171875 0.7664194859375 0.4344889171875 0.7887255203125 0.40536523906250005 0.7853862921875 0.4016230890625
0 0.7282187203125 0.3627702390625 0.7248794921874999 0.36944102343749996 0.7232766671874999 0.3761118140625 0.72247525 0.3829452984375 0.72247525 0.3891395 0.755600390625 0.3897787875 0.7557339578125 0.3853858296875 0.7330272109375 0.3574010671875 0.7282187203125 0.3627702390625
5 0.8792227234375 0.293773503125 0.8793111703125 0.27922878125 0.8568549609374999 0.27901330625 0.8165008984375 0.278951096875 0.8162749171874999 0.29334255 0.8380329453125 0.2934502875 0.8792227234375 0.293773503125
3 0.28084210781249996 0.684367509375 0.280517334375 0.669355796875 0.2806797265625 0.5669376109375001 0.2806797265625 0.46471722031249996 0.28084210781249996 0.391562878125 0.30113990468749996 0.36546383125 0.2980546359375 0.36150783125 0.2943198359375 0.3587386375 0.287986934375 0.3539914359375 0.293183165625 0.3520134375 0.29756748437499997 0.34904643750000003 0.301302284375 0.3435080421875 0.28084210781249996 0.317794053125 0.28165401874999996 0.2792336109375 0.2637919578125 0.2790358109375 0.2639543375 0.28655220625 0.1136676625 0.2861566078125 0.11350527656250001 0.2792336109375 0.09239556875 0.2792336109375 0.091347996875 0.5263886265625 0.09167276875 0.68456530625 0.28084210781249996 0.684367509375
5 0.23063165468750002 0.684609984375 0.23045175 0.6694894687499999 0.18513921875 0.6694894687499999 0.1468655671875 0.6694820406249999 0.146907240625 0.684609984375 0.16865622656249998 0.6845004171875 0.23063165468750002 0.684609984375
0 0.24832635 0.50112435 0.2537580828125 0.5062467609375 0.2586641515625 0.510728878125 0.268125875 0.5149975578125 0.28091672343749996 0.516064728125 0.28082911093749996 0.46780780312500003 0.277061940625 0.468042078125 0.269527615625 0.476152571875 0.24832635 0.50112435
3 0.40522621093750005 0.4459934890625 0.47486624062500005 0.44675429375000003 0.4751785359375 0.3900948609375 0.4750223953125 0.27943880625 0.3454286171875 0.27943880625 0.27446135781250003 0.2790475375 0.2743823953125 0.4459934890625 0.2983472625 0.44618369375 0.40522621093750005 0.4459934890625
0 0.32185003125 0.311402603125 0.3257536203125 0.30322398906250003 0.32747120937499996 0.29162176875 0.32762735 0.28001954375000004 0.288435315625 0.27944894374999996 0.288123021875 0.28800796093750003 0.3168534421875 0.3207224234375 0.32185003125 0.311402603125
0 0.30592339218750003 0.4161421734375 0.30280052031250004 0.4239403890625 0.30077065 0.43211900312499996 0.29998993125 0.43915641718750004 0.29998993125 0.4460036265625 0.3390258234375 0.446574234375 0.3390258234375 0.440487821875 0.31201299374999997 0.40777335781249996 0.30592339218750003 0.4161421734375
5 0.43929150625 0.293224903125 0.43929150625 0.2792235390625 0.412470628125 0.2792235390625 0.3764388015625 0.279064153125 0.37652878125 0.29292700312500003 0.40480856562499995 0.29312560312499997 0.43929150625 0.293224903125
1 0.302274553125 0.3650555203125 0.2890069328125 0.35463828125 0.30163258125 0.34682535312499996 0.302274553125 0.34343974374999997 0.281517134375 0.3147923515625 0.274423296875 0.31386193125 0.2738133578125 0.3950050765625 0.281089153125 0.39448420781250004 0.302274553125 0.3650555203125
4 0.2309812296875 0.293958128125 0.2308327984375 0.2849169625 0.19401830312499999 0.285278609375 0.14666417812500002 0.285278609375 0.1457735078125 0.2937773015625 0.178134625 0.293958128125 0.2309812296875 0.293958128125