3 0.9064668171875001 0.7040701 0.9064668171875001 0.5015966390625 0.8365416171875 0.5020108328124999 0.8365416171875 0.504081790625 0.64313380625 0.5036492296875 0.6423543875 0.5951818656250001 0.6423543875 0.7036559140625 0.9064668171875001 0.7040701
0 0.8833068875000001 0.5331193640625 0.8895422640625 0.519451028125 0.8931053125 0.5003982203125 0.8352054531249999 0.5005441171875 0.8352054531249999 0.5082678671874999 0.878407675 0.5401606078125 0.8833068875000001 0.5331193640625
5 0.8144859265625 0.705174925 0.8144859265625 0.6900887484375 0.7701189359375 0.6899069859375 0.7173476359375 0.6895350140625001 0.7167612906249999 0.705174925 0.7609328265624999 0.7053566874999999 0.8144859265625 0.705174925
3 0.8391336984375 0.44550164687500005 0.8395035999999999 0.381191821875 0.8398735 0.2577321921875 0.8128702890625 0.25776885625 0.7337102453125001 0.2570808640625 0.7337102453125001 0.2553608609375 0.6589890453125 0.2539848515625 0.65861914375 0.25570485625 0.6428056203125 0.25539767812499997 0.6423432375 0.3155243375 0.6423432375 0.44481364218749997 0.8391336984375 0.44550164687500005
5 0.7333330359375 0.2695505375 0.7336332046875 0.254616528125 0.6937116750000001 0.25447695625 0.658517684375 0.25429310625 0.658592725 0.2692714015625 0.690559965625 0.2692714015625 0.7333330359375 0.2695505375
0 0.8073862171874999 0.4250314109375 0.821202475 0.4307419078125 0.8396241046874999 0.433954071875 0.840103834375 0.3800324328125 0.8334835609375 0.37970428749999996 0.794337575 0.41967781562499995 0.8073862171874999 0.4250314109375
3 0.9057378343750001 0.2678094375 0.9072265296875001 0.19171542187499999 0.9067303109375 0.087908346875 0.7370207453125001 0.08718140625000001 0.7365245265625 0.15295159375 0.7360282875 0.2650406015625 0.9057378343750001 0.2678094375
5 0.8473532968749999 0.100964815625 0.8475322765625 0.0863173296875 0.8135253859375 0.08598443125 0.783321896875 0.08593410781250001 0.7832771546874999 0.10079837031250001 0.8113775875 0.100964815625 0.8473532968749999 0.100964815625
3 0.093869084375 0.6059522375 0.0942848640625 0.7369781703125 0.0942848640625 0.8102191734374999 0.130041746875 0.8098325125000001 0.15290951875 0.8316787531250001 0.24250233125 0.8318720796875001 0.25310465937500004 0.820658965625 0.26225177187500004 0.8096391781250001 0.35725698281249996 0.8098325125000001 0.35704908125 0.7116519953125 0.3576520453125 0.5401413359375 0.3572399234375 0.44340785625 0.3570338625 0.36410270625 0.2043122484375 0.36448596875 0.2024576703125 0.3633361734375 0.1804088515625 0.3629529109375 0.17896641093750001 0.3610365875 0.11426236875 0.360653321875 0.11405630781250001 0.3623780125 0.0940681171875 0.36207859375 0.0942848640625 0.4335640734375 0.0942848640625 0.5209181296875001 0.093869084375 0.6059522375
5 0.17900485 0.3757798078125 0.178893859375 0.3607096546875 0.1444858578125 0.3606064328125 0.11379613749999999 0.3604977546875 0.1135186546875 0.3756765890625 0.1406010828125 0.3757798078125 0.17900485 0.3757798078125
5 0.1590387015625 0.8171444046874999 0.14894683125 0.8075886703125 0.1424559203125 0.80050595 0.130689715625 0.8111720703125 0.1381210046875 0.8186801484374999 0.147387175 0.8275533312500001 0.1590387015625 0.8171444046874999
5 0.23411155 0.8322458796875001 0.2342032921875 0.8174003624999999 0.2215456765625 0.8174003624999999 0.1908739625 0.8172297234375 0.1598873328125 0.8173492796874999 0.1600897421875 0.8321605625 0.1908082515625 0.8322458796875001 0.23411155 0.8322458796875001
5 0.24672328906250002 0.8279817453125 0.25241143125 0.8216681343750001 0.262411559375 0.8097234656250001 0.2499114015625 0.8000795359374999 0.24259479687500002 0.8086143171875 0.2344295546875 0.8179140968749999 0.24672328906250002 0.8279817453125
0 0.2971729890625 0.7768943625 0.293359590625 0.7850002703125 0.2909081140625 0.79227570625 0.2890922078125 0.798439575 0.2890922078125 0.80392795 0.28818425468750003 0.8097388046875 0.342207453125 0.8094980609375 0.3424798421875 0.8033341937499999 0.302257525 0.7703083109375 0.2971729890625 0.7768943625
3 0.1895211140625 0.30096225312499997 0.1894093109375 0.37413258125 0.19634119218749999 0.37423655624999996 0.19634119218749999 0.372053090625 0.2434073765625 0.372157065625 0.244078203125 0.37642001875000003 0.24541985937500002 0.3819306671875 0.2483267765625 0.388689009375 0.251121890625 0.39451157812500004 0.25648851562499997 0.400957996875 0.2928937390625 0.372168146875 0.357069578125 0.372272125 0.35718138125 0.23466532187500003 0.35695777500000003 0.194443821875 0.29826745468750004 0.1945477984375 0.298155659375 0.19018086875 0.2972612203125 0.18622983906249999 0.295025128125 0.17957454374999998 0.291447375 0.17240030625 0.2851863203125 0.166265809375 0.24924039062499997 0.194332090625 0.1895367359375 0.1942454515625 0.188179453125 0.2665633234375 0.1896329171875 0.2666672984375 0.1895211140625 0.30096225312499997
5 0.2040557109375 0.2672966875 0.20383209687499998 0.23112464843749997 0.20360849062500003 0.19734402499999998 0.1880676515625 0.19723344375000001 0.1878440453125 0.234971703125 0.1880676515625 0.267400659375 0.2040557109375 0.2672966875
0 0.2944634671875 0.17988900000000002 0.29256940625 0.1746047609375 0.2891600890625 0.169085665625 0.28549824375 0.16603254843749998 0.2452178578125 0.1977379875 0.2448390453125 0.2020653328125 0.298504128125 0.20243508906250002 0.298377859375 0.193510596875 0.2966100671875 0.185525521875 0.2944634671875 0.17988900000000002
0 0.2473644609375 0.3853121109375 0.251026315625 0.392475190625 0.2569610390625 0.40104740000000005 0.2969888828125 0.3686373984375 0.29686261406250003 0.36429257812500004 0.2423136296875 0.36404625468749996 0.24319752656250002 0.3715730875 0.244586503125 0.377561890625 0.2473644609375 0.3853121109375
0 0.21772939062500002 0.35462368906249997 0.225639115625 0.351471215625 0.23256013125 0.3463484390625 0.195271409375 0.30825600937500003 0.1891272484375 0.308909471875 0.18933911718750002 0.35974646718750003 0.19993250468749998 0.3592210515625 0.2082659703125 0.3579075203125 0.21772939062500002 0.35462368906249997