5 0.30339378125 0.0438576296875 0.23533621875000002 0.043294592187499994 0.2354399171875 0.055510415625 0.268006478125 0.055698364062500005 0.303650203125 0.0553224671875 0.30339378125 0.0438576296875
5 0.2149255390625 0.12110724843750001 0.2149255390625 0.099681159375 0.19841796875 0.099625903125 0.19851404687500002 0.149299478125 0.2149255390625 0.1494874265625 0.2149255390625 0.12110724843750001
0 0.1451766765625 0.197794975 0.09900933125 0.22861847656249998 0.09900933125 0.239143575 0.16726819375 0.23918545781249997 0.1674860546875 0.2276787375 0.1644089046875 0.21752953593750002 0.15774172656250002 0.2068164890625 0.1451766765625 0.197794975
0 0.0961886046875 0.6284095656249999 0.0846492765625 0.637619025 0.0774692453125 0.6487079703124999 0.07413565625 0.6605487046875 0.074027228125 0.6695363734375 0.1415766578125 0.6691943203124999 0.1415766578125 0.661864340625 0.0961886046875 0.6284095656249999
0 0.137986646875 0.7015252984375 0.13157590624999999 0.6932555796875 0.12157515468749999 0.6846099640625 0.07439208750000001 0.7159973109375 0.0737964890625 0.726036846875 0.14208951875 0.7257706140625 0.1405509359375 0.710170915625 0.137986646875 0.7015252984375
5 0.21542841406250002 0.7349800765625 0.20485628125000002 0.7172403671875001 0.1882468578125 0.7223875468750001 0.2156848375 0.7676830546875 0.22722417187500002 0.7562182171875 0.21542841406250002 0.7349800765625
5 0.2754329546875 0.7552784796875 0.226084275 0.7539487578124999 0.21414626874999998 0.7674951109375 0.3456946828125 0.7673071578124999 0.336463215625 0.755466421875 0.2754329546875 0.7552784796875
5 0.34415611562500004 0.736859559375 0.3338394203125 0.7549637375 0.347489675 0.7674951109375 0.36877335312500004 0.72201165 0.3533875828125 0.7175008953125 0.34415611562500004 0.736859559375
3 0.16622494375000002 0.22102258125000002 0.1592126140625 0.2086874828125 0.1465904453125 0.19758589531249998 0.10030916406249998 0.22821805468749998 0.060479209374999995 0.2284236390625 0.059918221875 0.29462519062500003 0.05963772187500001 0.4813080515625 0.059357235937499996 0.5993077687499999 0.0599285640625 0.6692226140625 0.1457573953125 0.6688114421875 0.14547690156249998 0.7255560859375 0.192038684375 0.7257616703124999 0.2161610484375 0.76687866875 0.3468706359375 0.7670842484375 0.3667856203125 0.7259629921874999 0.4217621625 0.725551821875 0.4217621625 0.56539261875 0.42204143437499997 0.5049485078125 0.4223219203125 0.135489971875 0.42176091875 0.0440046625 0.30339301406249997 0.0440046625 0.30339301406249997 0.043182323437499996 0.235513803125 0.0435934921875 0.235513803125 0.044415831249999996 0.1993698328125 0.0442116625 0.1990425828125 0.22821805468749998 0.16706640156250002 0.22821805468749998 0.16622494375000002 0.22102258125000002
5 0.811825475 0.0434202890625 0.7442067781249999 0.043518246875 0.7445276437499999 0.055309809375 0.7763132609375 0.055309809375 0.8122638984374999 0.055149140625 0.811825475 0.0434202890625
0 0.84711849375 0.1984743765625 0.8405421499999999 0.202651775 0.8341850125000001 0.2098818875 0.8287047453125 0.219200703125 0.8245397390625 0.23044754374999998 0.8258680140625 0.2388871546875 0.892933621875 0.238641675 0.8922759812500001 0.23125088749999997 0.84711849375 0.1984743765625
5 0.672606140625 0.22906720625000002 0.6044148609375 0.229069421875 0.6040060765625 0.24117842343749998 0.6378053765625 0.240811415625 0.6728565 0.240811415625 0.672606140625 0.22906720625000002
0 0.786772671875 0.44891458437500004 0.8032967843750001 0.451483628125 0.814312859375 0.452034134375 0.8143778484374999 0.4005080453125 0.805049325 0.400836728125 0.7592325140625 0.43533534218750003 0.7715003828125 0.44340948593749996 0.786772671875 0.44891458437500004
3 0.70840835625 0.4597422265625 0.813561753125 0.4590082171875 0.81331139375 0.3074240515625 0.8128106484375 0.2314537015625 0.713415675 0.2314537015625 0.713165315625 0.230169178125 0.5611606828125 0.22989523437499998 0.56044253125 0.3692722625 0.560692896875 0.4597422265625 0.70840835625 0.4597422265625
0 0.8602427109375 0.5387240828125 0.9069918765624999 0.5030437546875001 0.9069918765624999 0.4948316140625 0.8353746703124999 0.4946939546875 0.837061321875 0.5064418749999999 0.8416975734375001 0.5189016796875 0.8490383843749999 0.5293792374999999 0.8602427109375 0.5387240828125
5 0.816198059375 0.7143042312500001 0.7807937328125 0.7141406171875 0.7818123031249999 0.7276135609375001 0.8521292062500001 0.7276135609375001 0.8509701640625 0.7148705875 0.816198059375 0.7143042312500001
5 0.65006465625 0.7148705875 0.6149650234374999 0.7143954906250001 0.6152925515625001 0.7273303906249999 0.6875412546875 0.7267640359375 0.6867685390625 0.7148705875 0.65006465625 0.7148705875
3 0.866810784375 0.7273274546875 0.8656516999999999 0.6772050828125 0.92167345625 0.678054609375 0.9224461500000001 0.59875765625 0.922059803125 0.49624749531249995 0.6554736453125 0.49624749531249995 0.6550872984375 0.4537709171875 0.5593411374999999 0.4536592125 0.5588844703125 0.589986496875 0.5588844703125 0.7250620296875 0.866810784375 0.7273274546875
0 0.825891996875 0.692867459375 0.8569079265624999 0.7145380609374999 0.86676346875 0.7153878859375 0.8669715671875 0.6805471937500001 0.8525599109374999 0.680969871875 0.84270436875 0.6835193562499999 0.8337184437499999 0.6871311234374999 0.825891996875 0.692867459375