5 0.2020751734375 0.0830454109375 0.09337242031250001 0.0826250234375 0.09279474531250001 0.0975812125 0.1411994234375 0.0975812125 0.20249793437500002 0.0975812125 0.2020751734375 0.0830454109375
0 0.254918715625 0.57303565625 0.2610485546875 0.5733901890624999 0.2605559890625 0.523616828125 0.2528049796875 0.5244648203125 0.2439272515625 0.5294282640625 0.2375860421875 0.537937028125 0.254918715625 0.57303565625
0 0.2788039890625 0.6574196859375 0.2711945203125 0.64997451875 0.2633736828125 0.6446565468750001 0.2546598671875 0.6429590375 0.25470734687499996 0.694645509375 0.26020305625 0.6935819109375 0.2788039890625 0.6574196859375
5 0.21433487499999998 0.7705152796875 0.198171221875 0.768683184375 0.19890456875 0.7832784171875 0.23716328125000002 0.7829238734375 0.23716328125000002 0.7701607359375 0.21433487499999998 0.7705152796875
5 0.10991605 0.7694516703125001 0.07511346249999999 0.769640475 0.075250690625 0.7832784171875 0.1530363765625 0.7832784171875 0.1524022578125 0.7690971484375 0.10991605 0.7694516703125001
3 0.1807263953125 0.7818602859375 0.179669528125 0.6191229296875 0.2604144484375 0.618413865625 0.2604144484375 0.45710197812500003 0.146906525 0.45639291406250004 0.049246607812499996 0.4575637859375 0.0509426671875 0.6386295125 0.04967441875 0.7825693515625 0.1807263953125 0.7818602859375
0 0.314395828125 0.3074573265625 0.30985182187500004 0.293881475 0.28713179218749996 0.3227003890625 0.28735361406250004 0.3311842390625 0.317661846875 0.3310364359375 0.3172358421875 0.32293856249999997 0.314395828125 0.3074573265625
0 0.367602515625 0.2783357375 0.37467268125 0.2764534171875 0.3803961453125 0.27137116875 0.38466069687500004 0.2662889203125 0.367826959375 0.23071317656249998 0.3619100734375 0.2309056296875 0.362103496875 0.23108964062499998 0.36244016874999996 0.278900428125 0.367602515625 0.2783357375
3 0.2607456546875 0.331444559375 0.368951275 0.330777296875 0.368155621875 0.2827358109375 0.37611194062500003 0.28006683125 0.3872507421875 0.268056459375 0.3685534265625 0.2306908734375 0.3685534265625 0.08456468125 0.3323523 0.08456468125 0.312859375 0.0552059890625 0.2969467828125 0.0552059890625 0.2742713734375 0.083230190625 0.050301682812500005 0.08456468125 0.0497289953125 0.339873471875 0.049108225 0.46423971093749994 0.26233691875 0.46490695625 0.2607456546875 0.331444559375
5 0.44335439374999996 0.5375251953125 0.411017109375 0.5389447765625001 0.41142502812500004 0.5545651828125 0.48580593906249997 0.5563908828125 0.4850802890625 0.539350928125 0.44335439374999996 0.5375251953125
0 0.4252127109375 0.06891028906249999 0.41795603437500006 0.054304590625 0.393283346875 0.0841245421875 0.393387028125 0.096914696875 0.42884104062499995 0.09690452499999999 0.42811539062500004 0.0829073984375 0.4252127109375 0.06891028906249999
3 0.364619484375 0.42311397968750003 0.364619484375 0.55273945 0.532248678125 0.55395659375 0.532248678125 0.3403357953125 0.532248678125 0.0853448421875 0.4273897 0.0853448421875 0.4226728984375 0.0689134359375 0.41831887968750003 0.055524889062500006 0.39727451875 0.0835191265625 0.362371146875 0.083768821875 0.36207965 0.22472005 0.36135398125 0.4237225515625 0.364619484375 0.42311397968750003
5 0.9073354171875 0.083399503125 0.8342100140625 0.0835592453125 0.834352353125 0.09595461875 0.8675690156250001 0.0964777484375 0.9071794734375 0.0962161828125 0.9073354171875 0.083399503125
5 0.76268951875 0.0830333703125 0.6675061906249999 0.08379466875 0.6674060625 0.0963731734375 0.709979521875 0.0963731734375 0.7628454625 0.0963731734375 0.76268951875 0.0830333703125
0 0.83372973125 0.4095054484375 0.841215171875 0.4100285796875 0.8412261687499999 0.360650834375 0.8362248781250001 0.36059281875 0.81922668125 0.3979965890625 0.826868071875 0.40532041249999995 0.83372973125 0.4095054484375
0 0.8797340124999999 0.3108955 0.8773948171875 0.301740728125 0.8742758734375 0.29389378437499997 0.852599278125 0.32292748437499996 0.8528729859374999 0.330752253125 0.8819172640625 0.329989734375 0.881605378125 0.321881221875 0.8797340124999999 0.3108955
0 0.831858365625 0.5384650468750001 0.8352891953125001 0.5392497359374999 0.84152705625 0.5400344265625 0.8416471375000001 0.4901328859375 0.836380821875 0.4900755484375 0.8190707375 0.5282640078124999 0.8262442828125 0.53454156875 0.831858365625 0.5384650468750001
0 0.8841005171875 0.5865970468749999 0.8851921515625 0.577965403125 0.88534809375 0.569333759375 0.8563810625 0.5682929609375 0.8560301078125001 0.57718070625 0.87801860625 0.6054297156249999 0.881605378125 0.5967980703125 0.8841005171875 0.5865970468749999
5 0.8685058484375 0.7602855875000001 0.841838959375 0.76080871875 0.841838959375 0.7736253843750001 0.897200046875 0.7738869562499999 0.8967322 0.7605471453125 0.8685058484375 0.7602855875000001
5 0.7013547109375 0.7603636046875 0.6572626046875001 0.760868084375 0.6572217874999999 0.7739649749999999 0.7593668874999999 0.7739649749999999 0.7593668874999999 0.7603636046875 0.7013547109375 0.7603636046875
5 0.9500830796875 0.407446409375 0.9499597218750001 0.3443460984375 0.942402375 0.3442869890625 0.9425589078125001 0.3712413140625 0.9428055953125 0.407239528125 0.9500830796875 0.407446409375
3 0.841182825 0.3295835109375 0.9499179828125 0.328893996875 0.9495068953124999 0.20442653906250002 0.9495068953124999 0.084449896875 0.7943696515625 0.0837611421875 0.7945233140625 0.164091353125 0.7947288578125 0.328893996875 0.841182825 0.3295835109375
3 0.6315787109375 0.45339142343749994 0.7441078437499999 0.453674784375 0.8410828 0.4531036265625 0.8410828 0.322465121875 0.7995153968750001 0.3221817609375 0.7995153968750001 0.216761540625 0.799008553125 0.0844286921875 0.7642056968750001 0.0835785921875 0.6311751 0.0833831671875 0.63124081875 0.17227614062500002 0.6310718765625001 0.33692718125 0.6315787109375 0.45339142343749994
3 0.7922581515625 0.771453025 0.791950184375 0.5767160812500001 0.8412208203124999 0.576199578125 0.8415287546875 0.44449181718749997 0.732517509375 0.4450083203125 0.6306357953124999 0.4439275171875 0.6312047828125 0.5658749109375 0.6312047828125 0.771453025 0.7922581515625 0.771453025
1 0.30310275781249996 0.07380973125 0.301801378125 0.0681357765625 0.2978972234375 0.055914953125 0.276294221875 0.0829753453125 0.275513403125 0.0947597296875 0.275383115625 0.095633640625 0.3314729625 0.096069084375 0.33225378125 0.083411809375 0.3124727203125 0.054605574999999996 0.30882885312499997 0.058533698437500004 0.3051849859375 0.0668263984375 0.30310275781249996 0.07380973125
0 0.317613946875 0.740255446875 0.295940265625 0.77419171875 0.295940265625 0.7817602375 0.3259052140625 0.78151609375 0.325468828125 0.76955294375 0.3234323828125 0.755636634375 0.317613946875 0.740255446875
5 0.369218271875 0.7015328734375 0.369218271875 0.6766016890625 0.369322953125 0.637068375 0.361445528125 0.6371370093750001 0.3613670171875 0.662536034375 0.3613670171875 0.701708575 0.369218271875 0.7015328734375