0 0.3706629390625 0.12300475468750001 0.37421914218749996 0.12136678281249999 0.3780047734375 0.11792703125 0.367221446875 0.08778830625 0.3603446515625 0.0874139984375 0.3602237640625 0.1243151375 0.3651565546875 0.12398754062499999 0.3706629390625 0.12300475468750001
0 0.3729572578125 0.17869842656249998 0.3782342140625 0.1749310875 0.367909753125 0.1434819796875 0.3606543203125 0.1440256515625 0.3604531921875 0.181155390625 0.3688274734375 0.180664003125 0.3729572578125 0.17869842656249998
5 0.3831670046875 0.31400445 0.3831670046875 0.262572053125 0.3741765734375 0.2625563015625 0.3738749890625 0.28583129218750003 0.37421914218749996 0.313840653125 0.3831670046875 0.31400445
0 0.37215425 0.36494715312500003 0.3763987484375 0.366748925 0.3828228640625 0.366585121875 0.382640884375 0.32535985312500004 0.37421914218749996 0.325635765625 0.362632796875 0.359541834375 0.3674508875 0.3631453796875 0.37215425 0.36494715312500003
0 0.33498619375 0.42719442343749997 0.33510090625 0.4191683421875 0.3065653109375 0.41838577343749994 0.306765996875 0.42653923125000004 0.33051225624999997 0.4427551765625 0.3336095953125 0.43423771093749997 0.33498619375 0.42719442343749997
0 0.3317741359375 0.64866128125 0.33670693281249997 0.6484974875 0.3369129609375 0.6154945765625001 0.3298239640625 0.6160655953124999 0.32569417968750003 0.6178673640625 0.32110552812500004 0.6211433140625 0.3317741359375 0.64866128125
0 0.33051225624999997 0.6581615328125 0.330856409375 0.651609634375 0.3062556421875 0.6511717109374999 0.30630713125 0.6593081140625 0.307454296875 0.6655324171875 0.30974862187499996 0.67257570625 0.33051225624999997 0.6581615328125
0 0.3102074828125 0.80771878125 0.3075690109375 0.8154172609374999 0.30596298437499997 0.8239347265625 0.30615241875 0.8361915671875 0.333953746875 0.83621953125 0.3340684609375 0.8247537109374999 0.3102074828125 0.80771878125
5 0.373186696875 0.8227881453125001 0.3527061265625 0.8229232109375 0.352767203125 0.8365471265625001 0.3946386359375 0.8367109296875 0.39475335 0.8226243421874999 0.373186696875 0.8227881453125001
0 0.4930881703125 0.8124484984375 0.49027865000000004 0.807160521875 0.46652545156249997 0.8244832046875 0.4665304265625 0.8368321984374999 0.49615310937499996 0.836335565625 0.495003759375 0.8201069499999999 0.4930881703125 0.8124484984375
0 0.45962936093750006 0.6587230609375 0.45962936093750006 0.6516116421875 0.43286146406250003 0.6510494359375001 0.43344975625000004 0.6605465015624999 0.43459910468749996 0.667110884375 0.4376640296875 0.676957459375 0.45962936093750006 0.6587230609375
0 0.4363869796875 0.5897951375 0.4330666359375 0.5974535859375 0.4323004078125 0.604747346875 0.43286146406250003 0.61395853125 0.458607715625 0.6145939234375 0.45835230937500004 0.60748250625 0.4363869796875 0.5897951375
5 0.45669213906249995 0.4129091765625 0.42539224062500003 0.4132409359375 0.42514890625 0.4267673171875 0.43894108750000005 0.4267673171875 0.45669213906249995 0.4267673171875 0.45669213906249995 0.4129091765625
3 0.39626706562499997 0.8367680937499999 0.465464246875 0.8363240328125 0.4653087359375 0.71886471875 0.4653087359375 0.652699946875 0.374030678125 0.6518118312500001 0.29690048125 0.6518583171875 0.2969030546875 0.71820093125 0.2969030546875 0.8365460578125001 0.39626706562499997 0.8367680937499999
3 0.29687454999999996 0.6584707578125 0.3066867734375 0.6584707578125 0.3081886453125 0.66790631875 0.3099757125 0.6746885812500001 0.32996240781249997 0.65923050625 0.3369022265625 0.6584378046875 0.336624625 0.61403925625 0.4654276828125 0.6144356078125 0.4654276828125 0.5157418421875 0.465150096875 0.413480821875 0.37437725 0.4146678515625 0.37437725 0.4186314578125 0.2962222953125 0.41808162187500003 0.29687454999999996 0.5250796359375001 0.296774425 0.5924188984375001 0.29687454999999996 0.6584707578125
3 0.297083728125 0.4256142953125 0.3090494265625 0.42575319531250005 0.330646053125 0.4421438875 0.334050925 0.43214279062500005 0.33482918281249996 0.4257386546875 0.38278925468749997 0.42559975312500004 0.3824974046875 0.3265553484375 0.38220556562499997 0.234460471875 0.36109534375 0.234460471875 0.36109534375 0.2394610203125 0.33444005312499997 0.2391832109375 0.29752755625 0.239031740625 0.2967918828125 0.302248565625 0.2969864484375 0.36420340625000003 0.297083728125 0.4256142953125
5 0.6264100265625 0.2335641375 0.589468803125 0.2331850453125 0.5894289078125 0.24694100937500002 0.6069826140625 0.2470818171875 0.6266072546875 0.2470818171875 0.6264100265625 0.2335641375
0 0.5714807421875 0.4018398484375 0.569508415625 0.40606412187499996 0.5681277875 0.4114148703125 0.5676347078124999 0.41887775937500005 0.5674621875 0.425823078125 0.591992934375 0.4260590265625 0.5920915484375 0.41887775937500005 0.5714807421875 0.4018398484375
0 0.612012040625 0.4671796796875 0.607771546875 0.4635186421875 0.603531040625 0.46154731406250005 0.598107146875 0.460420840625 0.5923971031249999 0.4604218828125 0.592584634375 0.5015371156249999 0.5975154484375 0.5011146906249999 0.612012040625 0.4671796796875
0 0.570790428125 0.6782621078125 0.5945569609375 0.659534490625 0.5947541875 0.6515083671874999 0.566845775 0.6513675578125 0.5666635609374999 0.65115888125 0.5667471609375 0.6603793437500001 0.5676347078124999 0.6681238484375001 0.5688181015625 0.673615403125 0.570790428125 0.6782621078125
5 0.633214546875 0.8237281937500001 0.6134276187500001 0.8236459609375 0.613787134375 0.8365418281249999 0.6554032140625 0.8365418281249999 0.655107371875 0.82316495625 0.633214546875 0.8237281937500001
5 0.686661459375 0.413625453125 0.6521166671875 0.413276259375 0.652145753125 0.42672070624999997 0.668318821875 0.4268615109375 0.6867600734375 0.4268615109375 0.686661459375 0.413625453125
0 0.6652617203125 0.589507046875 0.6638810937499999 0.5935905140625 0.662401846875 0.5999269265625 0.6612184531249999 0.607812240625 0.6615227203125 0.6147857796875 0.68745038125 0.6147118875 0.68745038125 0.6072490015625001 0.6652617203125 0.589507046875
3 0.703627421875 0.6139168890625 0.703354578125 0.5114545203125 0.703354578125 0.4140625921875 0.635418565625 0.4140625921875 0.6358278171875 0.41873740625 0.593121496875 0.41916795625000003 0.59271981875 0.500747465625 0.5931290687499999 0.6143064578125 0.703627421875 0.6139168890625
3 0.7036729953124999 0.8362276578125 0.7036729953124999 0.7358092828125 0.7035109453125 0.6518238078125 0.6263811453125 0.6518238078125 0.558124934375 0.6515705515625 0.5584874640625 0.732802734375 0.5580013546875 0.8359962859375001 0.7036729953124999 0.8362276578125