3 0.40766734531250004 0.72856180625 0.4585186890625 0.728680978125 0.5546307203125 0.728680978125 0.5546307203125 0.6810923734375 0.554797740625 0.6128772015624999 0.554797740625 0.5191397171875 0.5470308140625 0.5191397171875 0.47305908125 0.5192588890625001 0.43881993281250004 0.5192588890625001 0.4076530015625 0.5191223218750001 0.40766734531250004 0.5732924890625 0.4075838328125 0.6276739484375 0.40766734531250004 0.72856180625
0 0.5384035671875 0.5739428734375001 0.542476084375 0.5762084421875 0.54820521875 0.5781785 0.5545555859375 0.5787695187499999 0.5545388953125 0.5379501624999999 0.5496547609375 0.5382626046875 0.5353664359375 0.571874309375 0.5384035671875 0.5739428734375001
0 0.5569024625 0.6176082171874999 0.555867078125 0.624109415625 0.555383896875 0.6300195937499999 0.5549944234375 0.63651585 0.58327029375 0.6364456453125 0.58327029375 0.6282698953125 0.559387390625 0.60982648125 0.5569024625 0.6176082171874999
5 0.6053278296875 0.7295761109375001 0.6053968578125 0.7155886859375 0.5943527375000001 0.7154901828125 0.579441159375 0.7156720125 0.579236103125 0.7295761109375001 0.5909704796875 0.7295761109375001 0.6053278296875 0.7295761109375001
5 0.5214760484375 0.7295088125 0.521527384375 0.71602306875 0.495809753125 0.7161695875 0.47137804218749996 0.715897178125 0.4714763140625 0.7292157718750001 0.48815857031250004 0.7294355515625 0.5214760484375 0.7295088125
3 0.6414008734375 0.5260989031250001 0.6759611859375 0.5263262796875 0.730931684375 0.5260989031250001 0.7308520140625 0.465010984375 0.7308520140625 0.41256344062499994 0.704888840625 0.41256344062499994 0.67354148125 0.41256344062499994 0.641609146875 0.412760921875 0.64148054375 0.46045420625 0.64148054375 0.4964076109375 0.6414008734375 0.5260989031250001
0 0.6577118750000001 0.45332518593750004 0.6449564328124999 0.41997429531249997 0.64158551875 0.4198708421875 0.641619565625 0.4599303578125 0.6475936359375 0.45916231406249997 0.6532986015625 0.456858184375 0.6577118750000001 0.45332518593750004
5 0.6897312390625 0.5264192578125 0.6898388796875 0.5130428625000001 0.6717051859375001 0.5130428625000001 0.650524296875 0.5131261546875 0.6505022609375 0.5266496703125 0.6642203546875 0.5264192578125 0.6897312390625 0.5264192578125
5 0.6408146343750001 0.5263785609375 0.6408146343750001 0.51333918125 0.6311964109375 0.513262928125 0.61970661875 0.51322475625 0.6196545390625 0.5264548171875 0.6294865015625 0.5264548171875 0.6408146343750001 0.5263785609375
3 0.6854579703125 0.4189250734375 0.7132449109375 0.4187773703125 0.7307886734375 0.41862966718749994 0.7308404312500001 0.38219675625 0.730736925 0.33039666875 0.69529224375 0.3305443734375 0.69529224375 0.32958429843750003 0.654881575 0.3296581515625 0.654881575 0.33039666875 0.6458786984375 0.330248965625 0.61145785625 0.3303194828125 0.6111033078125 0.418555815625 0.6398203062500001 0.4189250734375 0.6854579703125 0.4189250734375
5 0.69550508125 0.343367646875 0.69560775 0.32944828125000003 0.681817425 0.32944828125000003 0.6544949250000001 0.3294455640625 0.6542836265624999 0.343001346875 0.6652164625 0.343294384375 0.69550508125 0.343367646875
0 0.6365998078125 0.395241796875 0.61568036875 0.4120341296875 0.6156778109375 0.41925395937500004 0.64075293125 0.41916812812500004 0.6403683859375 0.4083025 0.638676371875 0.4012782546875 0.6365998078125 0.395241796875
3 0.6155260359375 0.47241396093750004 0.6156021468749999 0.441648515625 0.6156782640625 0.364911025 0.6157543796875 0.33024410937500004 0.55699015625 0.330026871875 0.523247134375 0.33014329375 0.5232112859375 0.42470402343749997 0.5232112859375 0.4719794890625 0.6155260359375 0.47241396093750004
5 0.584612765625 0.3434167640625 0.5847649890625 0.329187734375 0.57357620625 0.329187734375 0.5429367187499999 0.329545453125 0.542521625 0.34309090625 0.5529492687500001 0.3433081421875 0.584612765625 0.3434167640625
0 0.5377563640624999 0.456118534375 0.5363745015625 0.4628412046875 0.5361860640625 0.46615772031249997 0.536122028125 0.47205808749999995 0.5640117453125 0.4724322140625 0.56413736875 0.46768152812499997 0.540959771875 0.4490373234375 0.5377563640624999 0.456118534375
3 0.45750084375 0.525385246875 0.5280951765624999 0.5252088171875 0.5276006468750001 0.4770005734375 0.52747701875 0.4120457875 0.5278479109374999 0.330125140625 0.50065473125 0.3297722828125 0.40793012656250005 0.329595853125 0.4076764671875 0.4600633078125 0.4075528390625 0.5246795296875 0.45750084375 0.525385246875
5 0.4938485359375 0.344063103125 0.4938485359375 0.32941942343749997 0.483463378125 0.329066559375 0.4407306375 0.3290258828125 0.44056279375 0.344063103125 0.45923134687499995 0.34371024375000003 0.4938485359375 0.344063103125
0 0.515112303125 0.4794176671875 0.511006353125 0.48374851874999997 0.5243060625 0.5171215499999999 0.5280549765625 0.516994171875 0.527908284375 0.476201209375 0.52332420625 0.4762332171875 0.519843075 0.4769974859375 0.515112303125 0.4794176671875
0 0.25230353125 0.48798924218749995 0.2481059640625 0.48612564843749995 0.24474790937500002 0.4850607375 0.24232265156250002 0.4847945109375 0.23793552343750002 0.4850428640625 0.23803180781250002 0.5259266921875 0.243908396875 0.5261929203125 0.256967490625 0.49198265937499996 0.25230353125 0.48798924218749995
3 0.1703651078125 0.47637815312500004 0.23204226249999998 0.477290346875 0.303518334375 0.47698627968749996 0.339527475 0.476682215625 0.3581712578125 0.47653018437499994 0.3581712578125 0.38555356875 0.3580647265625 0.3301770328125 0.3222584671875 0.3297209390625 0.3222584671875 0.3353461140625 0.266032409375 0.3353461140625 0.26613894843749997 0.3297209390625 0.220230925 0.33048109531250003 0.170625053125 0.330218609375 0.1703651078125 0.36866571875 0.1703651078125 0.4234341234375 0.1703651078125 0.47637815312500004
5 0.253904 0.3432660328125 0.2540066734375 0.3297129640625 0.24165050312499997 0.329419925 0.2196558515625 0.329526209375 0.219405778125 0.3431195125 0.23372869999999998 0.3431195125 0.253904 0.3432660328125
0 0.2979742734375 0.35440925624999997 0.2994518703125 0.34978655625 0.300758971875 0.34240645625 0.3010431265625 0.33518855468750003 0.27297954375 0.335152190625 0.272968796875 0.33956795624999997 0.29649667343749997 0.3584642578125 0.2979742734375 0.35440925624999997
5 0.351038828125 0.34159786875 0.3509361515625 0.329363478125 0.3417982296875 0.32951 0.3288032265625 0.3296068546875 0.3286047140625 0.341524609375 0.3380506546875 0.34130483125 0.351038828125 0.34159786875
5 0.331068871875 0.28742918125 0.33117154531250004 0.2540048953125 0.331120209375 0.22864512656249997 0.321406275 0.2283165328125 0.3215202578125 0.2568620296875 0.321417584375 0.28742918125 0.331068871875 0.28742918125
0 0.178696078125 0.4597313203125 0.177463796875 0.467179165625 0.177101365625 0.4715237421875 0.1770853953125 0.476903096875 0.20544375 0.4769027375 0.20544375 0.468420471875 0.1821754484375 0.4510421703125 0.178696078125 0.4597313203125
0 0.1842187890625 0.7107880671875 0.1833985703125 0.7166405218749999 0.1833985703125 0.7219727578125 0.1831490921875 0.7288730109375 0.21155941406249998 0.7288656515625 0.2116505515625 0.718201178125 0.18777306875 0.7002536421875 0.1842187890625 0.7107880671875
3 0.0346647578125 0.66412970625 0.034735925 0.728855128125 0.1749935859375 0.7291598015625 0.1751359203125 0.58209826875 0.1749935859375 0.5165439234375 0.1749935859375 0.42324776562500005 0.1749935859375 0.354646678125 0.1749935859375 0.3306625125 0.1311019953125 0.3305609546875 0.109120021875 0.31583502812500003 0.10762552031249999 0.3189833296875 0.1069138515625 0.3228425375 0.10605985468750001 0.327412653125 0.10506352187500001 0.3233503265625 0.10442302187500001 0.320202028125 0.10214569375 0.31603814531249996 0.0834197109375 0.3304593953125 0.034606340624999996 0.330595309375 0.0345935921875 0.44714682968749997 0.0346647578125 0.5812007 0.0346647578125 0.66412970625
5 0.126532684375 0.7300902812500001 0.126532684375 0.7154659140625 0.1046285296875 0.7154659140625 0.0742862890625 0.7153977968749999 0.0741398 0.7298871640625 0.0920168875 0.7298871640625 0.126532684375 0.7300902812500001
0 0.15763126875 0.5121434765624999 0.161307653125 0.5141777859375 0.1674599765625 0.516640371875 0.17511286718750002 0.51738985625 0.1752067125 0.47582615937500006 0.1700859671875 0.47528870625 0.1554554453125 0.5108586484375001 0.15763126875 0.5121434765624999
3 0.1318585171875 0.34220257656249997 0.2664007359375 0.3424741421875 0.26602012343750003 0.17974530625000001 0.2585984328125 0.17974530625000001 0.2585984328125 0.1843619515625 0.141948646875 0.18381881875 0.1213962265625 0.166981640625 0.1196835234375 0.17159828593749998 0.11778051406250001 0.178115903125 0.117399915625 0.1759433640625 0.114355109375 0.1688826109375 0.0964668953125 0.18246374062499998 0.034349098437499996 0.1823933015625 0.0344438734375 0.24029879843750002 0.034634178125 0.34220257656249997 0.1318585171875 0.34220257656249997
1 0.120270821875 0.1681975265625 0.11855812031249999 0.17824551718749998 0.11494242031249999 0.16846909375000002 0.0911548875 0.18422 0.0911548875 0.1958973984375 0.09128183906250001 0.19554684375 0.14500984687500001 0.1958973984375 0.145200140625 0.183948434375 0.14120384218749998 0.1834053 0.120270821875 0.1681975265625
1 0.10628736718750001 0.3262228171875 0.10248336093749999 0.31551660312499996 0.0793423 0.33255606875 0.0792764890625 0.34130251093749997 0.1320700984375 0.3420559484375 0.13217576874999998 0.33255606875 0.1094573796875 0.31566739374999997 0.10628736718750001 0.3262228171875
0 0.2827617703125 0.17406953125 0.28146811718750003 0.18003386875 0.280771534375 0.1858561953125 0.2809041734375 0.19255283750000002 0.3093314109375 0.19242231406250002 0.309530440625 0.183191790625 0.2857471203125 0.16526503125 0.2827617703125 0.17406953125