3 0.6045583359375 0.5704732484374999 0.604780153125 0.7363847828125001 0.60444743125 0.8274031453124999 0.6551609578125 0.826849059375 0.6551609578125 0.829619490625 0.71820946875 0.8298965390624999 0.7183203734375 0.8267105390625 0.7882958 0.82698758125 0.7880739765625 0.8298965390624999 0.84143131875 0.8300703765625 0.84132040625 0.82674585625 0.871820353125 0.8272999406249999 0.8717094484375 0.7173960828125 0.871820353125 0.5776651578124999 0.8715985359375 0.5290103562499999 0.832330321875 0.5290103562499999 0.777668153125 0.5290103562499999 0.708524459375 0.52884101875 0.7084672515625 0.57075029375 0.6585709734375 0.570334728125 0.6045583359375 0.5704732484374999
0 0.730299884375 0.57778158125 0.7364652109375001 0.577522021875 0.743600371875 0.5750129328125 0.75011206875 0.571206040625 0.7572472234375 0.5648035390625 0.76230418125 0.5577088781249999 0.7665991265625001 0.54758600625 0.769231515625 0.53874691875 0.7761588500000001 0.5386603984375 0.7762974015624999 0.5293162078125 0.725145528125 0.5288929390625 0.7251736546875 0.538587896875 0.73064625 0.5383283359375 0.730299884375 0.57778158125
5 0.8412255265624999 0.82964644375 0.8408396218749999 0.8094034890625 0.822313978125 0.8092107000000001 0.7877041453125 0.8092281234375 0.7874312781249999 0.8299356281250001 0.8114341625 0.8300320234375 0.8412255265624999 0.82964644375
5 0.7182469499999999 0.8297382499999999 0.7181678312499999 0.8094804515625 0.6847837046875 0.8094804515625 0.6546933562499999 0.809448859375 0.6548651890625 0.8297382499999999 0.6763132984375 0.8297382499999999 0.7182469499999999 0.8297382499999999
0 0.6751155203125 0.377569846875 0.675384775 0.3856405703125 0.6778079953125 0.3980829375 0.6823851765625 0.408507628125 0.689654834375 0.41893231875000003 0.7074250921874999 0.42969328906250004 0.7076943296875 0.43978168906250004 0.7163102234375 0.43944540937500004 0.7164049109375 0.3698568375 0.7076943296875 0.370507959375 0.7079635843750001 0.37824240468750003 0.6751155203125 0.377569846875
3 0.716676771875 0.343584296875 0.7753842890625 0.34341165937499996 0.8392074953125 0.34375693906250004 0.871551875 0.3432390234375 0.871828321875 0.286586021875 0.871690103125 0.1855232671875 0.87141365625 0.1188433140625 0.8090512249999999 0.11918858750000001 0.8090512249999999 0.1160811171875 0.6686075125000001 0.1160811171875 0.668883959375 0.1188433140625 0.60419398125 0.1187993125 0.6041820171875 0.2442479203125 0.6041820171875 0.343584296875 0.716676771875 0.343584296875
5 0.7357984046875 0.1363337453125 0.7653112906249999 0.13625804375 0.8088909265625001 0.1363337453125 0.8091939890625 0.11610909375 0.7452360046875001 0.1160333921875 0.70924755 0.11610909375 0.6689403421875 0.11584375 0.6693766859375 0.136409446875 0.689497284375 0.136409446875 0.7357984046875 0.1363337453125
0 0.76756674375 0.29262937187500004 0.757189671875 0.29364589375 0.7477282296875 0.2983473 0.742336221875 0.30345049375 0.736842475 0.3100578765625 0.7329765140625 0.31730058437499997 0.73002616875 0.325697171875 0.7285001265625 0.3335752078125 0.7214803453124999 0.3338293375 0.721092840625 0.34326953437499996 0.7737726375 0.3434965765625 0.7738743765625 0.3337125671875 0.7677702156249999 0.33383963125 0.76756674375 0.29262937187500004
5 0.8744297546875 0.40761136093749994 0.874150715625 0.38844301406250004 0.874150715625 0.35938123593750004 0.857543728125 0.35949540468749996 0.8574081640625 0.380640678125 0.8575941921875 0.40761136093749994 0.8744297546875 0.40761136093749994
3 0.1983909296875 0.3439749640625 0.299013728125 0.3434459140625 0.35895168125 0.3437104390625 0.38966195625 0.3437104390625 0.39008553125 0.2264293265625 0.38987374375 0.118174221875 0.3400725109375 0.11843874531250001 0.3400725109375 0.11182561718749999 0.287334934375 0.1115610890625 0.287334934375 0.11923232343750001 0.2833108359375 0.11923232343750001 0.282887234375 0.11579349218749999 0.19626311875 0.11579349218749999 0.19605133125000002 0.11896779531249999 0.12277029531250001 0.11843874531250001 0.12218378437499999 0.2521204203125 0.12197198281249999 0.3431813859375 0.1983909296875 0.3439749640625
5 0.28306099218749997 0.13665615 0.2832198875 0.11590948906250001 0.274641828125 0.11590948906250001 0.23635096875 0.11600871875 0.196625040625 0.115907778125 0.19686507656250002 0.13665615 0.23475671406249998 0.13665615 0.28306099218749997 0.13665615
0 0.2952087921875 0.135958059375 0.2970792921875 0.1429666421875 0.29999726875 0.14952385937499998 0.30583322343749997 0.15812105468749998 0.31316557968750003 0.1647558484375 0.32521159375 0.1710168484375 0.33374106718749996 0.17251201249999998 0.3340403453125 0.13183951875 0.3396518359375 0.131932965625 0.33972666406249996 0.1124882578125 0.3179540578125 0.1123013625 0.28738143125 0.112036396875 0.2878764359375 0.1320332515625 0.2949095140625 0.1320332515625 0.2952087921875 0.135958059375
3 0.12230658750000001 0.6160292843749999 0.12230658750000001 0.7283229453125 0.12242176874999999 0.826938096875 0.16894489375 0.8266503703125 0.16871451875000001 0.8298153265625 0.2841169390625 0.8299591875000001 0.28434730625000004 0.8267942312500001 0.3069234375 0.827081959375 0.3069234375 0.8341311765625001 0.35987651249999997 0.8342750390625 0.3599916921875 0.826938096875 0.389363696875 0.827081959375 0.38970925312500004 0.6757901390625001 0.38959407343749997 0.39732864375 0.38959407343749997 0.33369518125000003 0.2951310015625 0.33398290468749997 0.29374879374999996 0.32707754218749996 0.2905236265625 0.3168633640625 0.2849947796875 0.3088071125 0.2765922953125 0.3001754171875 0.266456075 0.295284121875 0.25655022031249997 0.29413322656249996 0.256780596875 0.3343055890625 0.21038715625 0.3338740046875 0.16028198124999998 0.334161728125 0.12239728750000001 0.3340102046875 0.12242176874999999 0.4241218671875 0.12230658750000001 0.5218738484375 0.12230658750000001 0.6160292843749999
0 0.2906285234375 0.31825464375 0.2830757875 0.3051806546875 0.271812940625 0.29690597812499997 0.2620076375 0.29326512031249996 0.2559124390625 0.29326512031249996 0.255779940625 0.3339765265625 0.2495522421875 0.33414201875 0.249816353125 0.3432441421875 0.3016263640625 0.3437406421875 0.30175887968750004 0.333480046875 0.29566368125000003 0.333480046875 0.2906285234375 0.31825464375
0 0.2716635984375 0.34879659531249996 0.2716635984375 0.35613518437499997 0.2743754640625 0.3685543328125 0.2791212359375 0.3788565796875 0.28883876875 0.39028783906250003 0.3036410625 0.39790868125 0.3036410625 0.40708191562499996 0.311889659375 0.4072230421875 0.311466134375 0.34210823437500004 0.3036410625 0.3418567625 0.3036410625 0.34907885 0.2716635984375 0.34879659531249996
5 0.2848445234375 0.8300034703125 0.2848445234375 0.80934311875 0.23411790625 0.80934311875 0.168714540625 0.809241365625 0.1683386484375 0.8306111250000001 0.2135682765625 0.8304592109375 0.2848445234375 0.8300034703125
0 0.35249108125 0.8129740968749999 0.3497786015625 0.8012861812500001 0.34516738281250003 0.790614609375 0.339335559375 0.7842023109375 0.33296123125 0.7777654921875 0.3257731625 0.7748858609375 0.31858509218750003 0.77285318125 0.31275326875 0.7725143984375 0.3128888875 0.8124904484375 0.30671542500000004 0.8124569046874999 0.30637894062500004 0.834317240625 0.360086015625 0.83465601875 0.3603572625 0.8128047046875 0.35249108125 0.8129740968749999