3 0.7485012375 0.2583678484375 0.7520521859375 0.25881135 0.751164453125 0.31825857968750004 0.75293991875 0.31825857968750004 0.761817284375 0.31803682968749997 0.7611514781250001 0.549455584375 0.71698660625 0.5879176546875 0.8044190062500001 0.6540511984374999 0.8314777937500001 0.6298574390625 0.8998334874999999 0.629192184375 0.987719378125 0.6300791890624999 0.9870535703125001 0.627639928125 0.9874974375000001 0.51423535625 0.9872755109375 0.268577375 0.9868316437500001 0.187140875 0.9155957875 0.187362625 0.9155957875 0.183592859375 0.8354775875 0.183592859375 0.8354775875 0.187362625 0.7518712843750001 0.187259603125 0.7522741125 0.2175297375 0.748945103125 0.2179732453125 0.7485012375 0.2583678484375
5 0.915781346875 0.206540928125 0.91569809375 0.18408165 0.8727434468749999 0.1839984671875 0.8351112234375 0.183971875 0.83523164375 0.2066241109375 0.8631665906249999 0.2066241109375 0.915781346875 0.206540928125
5 0.7715523531249999 0.25791127187499996 0.7714731921875 0.24541452343749998 0.7714731921875 0.21810809375 0.7489574859375 0.21785193593750002 0.7489921328125 0.22894388124999998 0.7491504499999999 0.257990365625 0.7715523531249999 0.25791127187499996
0 0.7994865765625 0.6242372578125 0.8011488999999999 0.613876028125 0.8005156328125 0.6011882234375 0.797982553125 0.5909060875 0.7930747203124999 0.5811545375 0.787137821875 0.573798853125 0.7829424109375 0.569211440625 0.7774804671875 0.565573146875 0.7522288546875 0.60151631875 0.745421209375 0.596691625 0.7391189406249999 0.6045154484374999 0.79822003125 0.6459879296875 0.8041569375 0.637920409375 0.796478540625 0.632383871875 0.7994865765625 0.6242372578125
0 0.774246359375 0.695027621875 0.78668075625 0.6981336546875 0.7986710734375 0.6978378421875 0.8119936484375 0.69384436875 0.8220596046875001 0.6852657921875001 0.7991151624999999 0.6593821531249999 0.8048882765625001 0.65376170625 0.79822699375 0.6465142890625 0.7506033999999999 0.688573365625 0.7575191203125 0.6957671515625 0.76492055 0.689259265625 0.774246359375 0.695027621875
3 0.484636459375 0.5972316171875 0.4848106125 0.6618293984375 0.6479557078125 0.6625254125 0.7076883625 0.6104559218750001 0.7714264187500001 0.5545865375 0.7714264187500001 0.5094772109375 0.7712522546875 0.33325827812500003 0.7712522546875 0.282942925 0.6721822562499999 0.2832909328125 0.6721822562499999 0.2798108515625 0.5816506718750001 0.2798108515625 0.5816506718750001 0.2836389390625 0.48462995781249996 0.2833195671875 0.48428816562500004 0.4187506328125 0.4844623125 0.47865030781250006 0.484636459375 0.5972316171875
5 0.6724717 0.302743846875 0.6724717 0.2794398328125 0.6354644296874999 0.2792308296875 0.581295034375 0.2793246859375 0.58171428125 0.3023258359375 0.6188177546875 0.30253484375 0.6724717 0.302743846875
0 0.685601709375 0.5933555953125 0.6751800859375 0.59179850625 0.665050653125 0.592285096875 0.6571613859375 0.5940368203124999 0.65014870625 0.5965670890625 0.6442074046874999 0.6004598109375 0.6389478921875 0.6056176640625 0.664953259375 0.633661021875 0.658135375 0.639305465625 0.6654462046875 0.6469935890625 0.715995953125 0.602690240625 0.7081316906249999 0.5953273421875 0.70157504375 0.601335671875 0.69397796875 0.5964697703125 0.685601709375 0.5933555953125
3 0.15919269687499998 0.5512668109375001 0.15919269687499998 0.5116035265625001 0.142970871875 0.512699196875 0.1302505890625 0.5179584171875 0.1148985328125 0.5352771953125 0.10897703593750001 0.5510548562500001 0.012259062499999999 0.5510548562500001 0.0124783859375 0.8209865625000001 0.45918078749999997 0.8212056953125 0.4594000953125 0.7347958140624999 0.4594000953125 0.6619900078125001 0.494271203125 0.6622091421875 0.494271203125 0.509585234375 0.49405189531250004 0.383932584375 0.494490509375 0.28327897968750004 0.40984501562500003 0.28371725468750003 0.40984501562500003 0.27977283750000004 0.305035721875 0.2799919703125 0.305035721875 0.28305984687499997 0.21640430312499997 0.28250478125 0.21600641718750002 0.522779371875 0.17476408906250002 0.5510476765625001 0.15919269687499998 0.5512668109375001
5 0.4109331765625 0.3026483578125 0.4109331765625 0.2791503125 0.3671420578125 0.2791503125 0.3041776796875 0.2792062984375 0.3043748 0.30297247031249996 0.3561131859375 0.30313452500000004 0.4109331765625 0.3026483578125
0 0.44126487968749994 0.6712633046875001 0.43576980781249997 0.6739525468750001 0.43038688281250004 0.6774579609375 0.42298536093749994 0.6845172234375 0.4172660046875 0.694265725 0.41244379999999997 0.7056950046875 0.4118830765625 0.71701223125 0.44889069062500003 0.71701223125 0.4490028375 0.72575226875 0.4590958234375 0.72575226875 0.4588664890625 0.6604191140625 0.449114978125 0.6603942843749999 0.449227125 0.669918684375 0.44126487968749994 0.6712633046875001
0 0.671185853125 0.7834619125 0.6683776953125 0.7747031453125001 0.6651375125000001 0.7659618640625 0.660817265625 0.7598105937499999 0.65530895 0.753642446875 0.648072534375 0.747707009375 0.6414841609375 0.7439299109374999 0.6335997109375 0.7406924 0.6273353578124999 0.7390736437500001 0.621935053125 0.7384261421875 0.616210725 0.7384261421875 0.6161027156250001 0.7832150921875 0.6075361781249999 0.7828817078125 0.6075702296875 0.8059086609375001 0.6806903890625 0.8059086609375001 0.6806903890625 0.7833539968750001 0.671185853125 0.7834619125
3 0.01280559375 0.5611102890625 0.046085034375 0.5611102890625 0.178653325 0.5613764906250001 0.22674251406249998 0.5283458359375001 0.22687572031249997 0.50795979375 0.22674251406249998 0.3169525625 0.23566764999999998 0.3170856625 0.23540122812500003 0.2830009859375 0.23553444375 0.2651546484375 0.23540122812500003 0.18736966093750002 0.1700128140625 0.1876358625 0.1700128140625 0.1839090296875 0.10561130781250001 0.18377592812500002 0.10561130781250001 0.18736966093750002 0.012762565625 0.187269725 0.0125391734375 0.3486629875 0.012672387500000002 0.456017996875 0.01280559375 0.5611102890625
5 0.16998725625 0.20663969531249998 0.1703320015625 0.18380514375 0.1441312828125 0.18380514375 0.105234390625 0.183822803125 0.1051749546875 0.20638134687499998 0.13232372187500002 0.2065535796875 0.16998725625 0.20663969531249998
0 0.1595872296875 0.5113075484375 0.1464505625 0.512779603125 0.1333139015625 0.517073096875 0.125333690625 0.5229712578125 0.11845842343749999 0.5302088609375 0.11416138437500001 0.5381924312499999 0.11084652343750001 0.5456753812499999 0.11010989062500001 0.5510729171875 0.1005336359375 0.5509502421875 0.099672071875 0.5609637796875 0.1671991203125 0.5612645671875 0.16732189687500001 0.5509601843749999 0.1593416859375 0.5509601843749999 0.1595872296875 0.5113075484375