3 0.7520264828125 0.6933207390625 0.9573393093749999 0.6937741734375 0.957551915625 0.6024316671875 0.9573393093749999 0.5099676609375 0.824388321875 0.5106478125 0.7524204453125 0.509950840625 0.75266430625 0.5462422703125001 0.75266430625 0.6019903203125 0.7520264828125 0.6933207390625
0 0.8260141453125 0.534453021875 0.8323923921875 0.5446552546875 0.8774653265625 0.51676915 0.8774653265625 0.510194378125 0.8213899109374999 0.510234115625 0.8217619812500001 0.5208500468749999 0.8234628374999999 0.526971384375 0.8260141453125 0.534453021875
5 0.905265184375 0.6949198390625 0.9054777890624999 0.67428865 0.8761896796875 0.67428865 0.8107063453125001 0.6740619375 0.8115049671874999 0.69469311875 0.8474357421875001 0.695373265625 0.905265184375 0.6949198390625
3 0.5309734140625 0.6935931546874999 0.5875170890625 0.6935931546874999 0.761690571875 0.693807515625 0.7614895500000001 0.5965319171875 0.76209263125 0.519180746875 0.8199877234375 0.519395115625 0.8199877234375 0.4476059890625 0.6842376796874999 0.44782035000000003 0.6848407609375 0.399374065625 0.5996063015625 0.399159696875 0.5305040734375 0.3991364796875 0.5307723921874999 0.4775941140625 0.5307723921874999 0.6046663265625 0.5309734140625 0.6935931546874999
5 0.5484098171875 0.5892653546875 0.5486055953125 0.5592130921875 0.548703484375 0.528836540625 0.5302265609375 0.52865006875 0.530397871875 0.5566966812499999 0.530397871875 0.5892653546875 0.5484098171875 0.5892653546875
5 0.68204680625 0.694207228125 0.68204680625 0.6752088359374999 0.6391547640625 0.6751044484375 0.60254353125 0.6749900906249999 0.602559315625 0.6939984546875 0.6343738890624999 0.6938940687499999 0.68204680625 0.694207228125
0 0.7956528953124999 0.5029512171875 0.803137303125 0.505735303125 0.8107957640624999 0.5079625734375 0.8203688375 0.5079625734375 0.8198466640625 0.45667373125 0.8139287625 0.45654978437500005 0.7900831140625 0.50090955625 0.7956528953124999 0.5029512171875
3 0.6714720953125 0.40804434375 0.821037734375 0.40776403749999995 0.82077488125 0.32874946718750003 0.776614896875 0.32959036406250003 0.77635204375 0.2676591171875 0.776614896875 0.190886940625 0.62947681875 0.18976574375 0.530379715625 0.1898919671875 0.5304607406249999 0.2441139625 0.5307235953125 0.4072034359375 0.6714720953125 0.40804434375
5 0.685801059375 0.2089526234375 0.68590770625 0.189733115625 0.6510860890625 0.1898468421875 0.60338776875 0.1894417 0.6030579859375 0.2088388953125 0.6388759359375 0.2089526234375 0.685801059375 0.2089526234375
5 0.5495321328125 0.3168687859375 0.54885208125 0.2844778671875 0.548625403125 0.2554710765625 0.52935749375 0.25527171875 0.5300375359375 0.2900375 0.5295841796875 0.317352225 0.5495321328125 0.3168687859375
0 0.8041864171875 0.34238796250000003 0.7946898984375 0.34639643750000004 0.78895241875 0.3525146359375 0.8138807609375001 0.399561478125 0.8202117781249999 0.399561478125 0.8203601546874999 0.34010064375 0.8138807609375001 0.34070018125 0.8099238812499999 0.341122128125 0.8041864171875 0.34238796250000003
0 0.8301533640625 0.3157245125 0.8282516687499999 0.32234893750000004 0.8266035296875 0.3295141359375 0.825842853125 0.3385464359375 0.8794706624999999 0.338436840625 0.879850996875 0.33167721875 0.8343370984374999 0.30599065312499996 0.8301533640625 0.3157245125
5 0.8550021796875 0.20884493750000002 0.8551289578124999 0.18937722968749998 0.8266035296875 0.18924203281250002 0.7982682718749999 0.1892224921875 0.79845844375 0.20870974687500002 0.8214055640625 0.20870974687500002 0.8550021796875 0.20884493750000002
5 0.9325804578125 0.20943199375 0.9325804578125 0.18908490312499998 0.9156538265625 0.18924899374999998 0.8977269828125 0.189278453125 0.8979578015625 0.20910381406249998 0.912884009375 0.20959608125 0.9325804578125 0.20943199375
0 0.9322727046875 0.307340903125 0.8919565390624999 0.3316261390625 0.8921488875 0.338126109375 0.939812740625 0.338353803125 0.9393511125 0.32883661875 0.9375045640625 0.3191553421875 0.9322727046875 0.307340903125
3 0.332407 0.6936205828124999 0.3320660296875 0.5718531265625 0.332407 0.3992009578125 0.21345005 0.3995645671875 0.11729522343750001 0.3999281625 0.04228083125 0.3998810296875 0.0422532125 0.520968415625 0.04191224375 0.6939841921875 0.332407 0.6936205828124999
5 0.2419066546875 0.69471480625 0.242095996875 0.6743234625000001 0.1982296015625 0.673919671875 0.13683900468750002 0.6740906578125 0.1370172625 0.6949166984375 0.18624333906249999 0.6951185984375 0.2419066546875 0.69471480625
0 0.30408769375 0.5085951484375 0.295711734375 0.5138234859375 0.3206352890625 0.562621346875 0.3318713140625 0.562621346875 0.332279890625 0.5033399578125 0.322678203125 0.504238196875 0.3147108375 0.5048917375 0.30408769375 0.5085951484375
0 0.38682569375 0.5982902921875 0.38192269687499997 0.5934976453125 0.3371828859375 0.6189858109374999 0.3371318109375 0.6258269703125 0.39234155312499996 0.6261747796875 0.391115809375 0.613103925 0.388664303125 0.60264724375 0.38682569375 0.5982902921875
5 0.4484730359375 0.6267588984375 0.4485360265625 0.6168182609375 0.42900336718750004 0.61675109375 0.4069107296875 0.616929565625 0.40683873593750003 0.6268260671875 0.42667959062499994 0.6268260671875 0.4484730359375 0.6267588984375
3 0.252121378125 0.390293475 0.25233589375 0.4082442546875 0.25394475625 0.4080155078125 0.3347542984375 0.4082442546875 0.375509221875 0.4297467640625 0.3780834 0.42379926250000005 0.3806575875 0.4160217609375 0.3825882296875 0.40790113124999994 0.39363576718750004 0.40790113124999994 0.3936497171875 0.35968469375 0.469232665625 0.3595569640625 0.46899310312500003 0.245022875 0.46899310312500003 0.1906297828125 0.31703511562500003 0.190246590625 0.2520230015625 0.19058953125 0.25179960625 0.25927455 0.2520141171875 0.33141471562499997 0.252121378125 0.390293475
5 0.3947874453125 0.20852218437499997 0.39472045312500004 0.189948221875 0.3589797546875 0.1900196609375 0.3358351328125 0.1901625375 0.31036110156249996 0.19014124375000002 0.3103131703125 0.2088079359375 0.3419300890625 0.20852218437499997 0.3947874453125 0.20852218437499997
0 0.37858555 0.4242297421875 0.38124393125 0.41655912968750003 0.3829640609375 0.4090552734375 0.38343319375 0.399216884375 0.33233743125 0.3988265640625 0.33261109375000003 0.4060537328125 0.3759271546875 0.43023282343749997 0.37858555 0.4242297421875
3 0.1619765484375 0.40818654531250004 0.2606881171875 0.40777456093750003 0.2606881171875 0.3787516828125 0.26030176250000003 0.3295416046875 0.267062828125 0.3285116453125 0.2740170796875 0.325627765625 0.2821303515625 0.32150792968749997 0.2686082203125 0.29266908125 0.26010859062499997 0.2753657703125 0.2599154203125 0.1907360890625 0.127977315625 0.190530096875 0.0427878859375 0.1905126171875 0.0428953359375 0.2473728515625 0.042702165624999996 0.408392534375 0.1619765484375 0.40818654531250004
5 0.21813625 0.20715352656250002 0.21822793749999997 0.189750034375 0.17420767343750002 0.1899455796875 0.12724036875 0.1898664015625 0.12744568437499998 0.20695798437500001 0.1640401828125 0.206860209375 0.21813625 0.20715352656250002
0 0.0718798671875 0.33254294375 0.0811064265625 0.327889453125 0.055421687500000004 0.27936020625 0.0427351671875 0.2799541734375 0.0429533671875 0.3369305234375 0.056045103124999995 0.3367975640625 0.06539634375 0.3349361703125 0.0718798671875 0.33254294375
0 0.2754042484375 0.3254379609375 0.2823598890625 0.32123954375 0.2718607984375 0.2998276109375 0.25794950625 0.27351752500000004 0.25151881249999997 0.2731654796875 0.2519125328125 0.33061600625 0.262017903125 0.32963637968750004 0.26884231718749996 0.32809695625 0.2754042484375 0.3254379609375