3 0.678026771875 0.279325746875 0.678109665625 0.3658777234375 0.7720530859375 0.36556116875 0.7720530859375 0.3035420625 0.7719701875 0.22491235468749998 0.7720530859375 0.160044271875 0.7531824078125 0.160044271875 0.7520218953125 0.151022509375 0.7506955953125 0.1450079984375 0.746550909375 0.13582795625 0.7306668921874999 0.16178531406250002 0.7306668921874999 0.16036082499999998 0.679231321875 0.160028478125 0.6794359703125 0.165109121875 0.6781925640625001 0.165267396875 0.678026771875 0.279325746875
0 0.7615683125 0.237270846875 0.75820721875 0.240785271875 0.7546860703125 0.24743679375 0.769250815625 0.279830625 0.7718116546875 0.279830625 0.7720517296875 0.234617790625 0.76821048125 0.233909221875 0.7652495109374999 0.2349788296875 0.7615683125 0.237270846875
5 0.7517434578125 0.3673721515625 0.7516682140625 0.35314880625 0.73669466875 0.35329247812500003 0.7219844734375 0.353134165625 0.7218716078125 0.3673721515625 0.7335344187499999 0.36751581875 0.7517434578125 0.3673721515625
5 0.8174024265625001 0.367875034375 0.81758833125 0.353499325 0.8038317265625 0.3533218421875 0.7874260468750001 0.3532965671875 0.7873795765625 0.3676975578125 0.8011361750000001 0.367875034375 0.8174024265625001 0.367875034375
0 0.8113606765625001 0.19685253281249998 0.794257871875 0.2252490015625 0.7939325484374999 0.2297802546875 0.8174024265625001 0.22986343125 0.8170306249999999 0.218149884375 0.81479983125 0.20643634375 0.8113606765625001 0.19685253281249998
3 0.9295199406249999 0.366234996875 0.9294158031249999 0.332651715625 0.9461822625 0.33364593125 0.9461822625 0.24757868749999998 0.9463905390624999 0.165090615625 0.9452450062500001 0.16528945625 0.9450367296875 0.1603183796875 0.8942980796875 0.1599206953125 0.846159590625 0.15980164375 0.84616474375 0.16090431249999998 0.8460606046875 0.365837309375 0.9295199406249999 0.366234996875
0 0.886893653125 0.1861721953125 0.8884764031250001 0.17740814375 0.8893469140624999 0.1695507140625 0.8892677765625001 0.16018224375 0.8657837296875 0.15995130156249998 0.8656056718749999 0.16577310625 0.8836490171875001 0.195087353125 0.886893653125 0.1861721953125
0 0.85977506875 0.264901196875 0.8628515671875 0.260119834375 0.8483276171874999 0.2271967359375 0.8459665781249999 0.22773478906250003 0.846252765625 0.27145849375000003 0.8516903046875001 0.27091205625 0.856770109375 0.268043234375 0.85977506875 0.264901196875
5 0.9088218640625 0.3679454578125 0.9088218640625 0.3536579765625 0.89502555625 0.35350914843750003 0.879046784375 0.35335276875 0.879046784375 0.36779662812499997 0.8906606234375 0.36779662812499997 0.9088218640625 0.3679454578125
3 0.22163289062499997 0.696340884375 0.25096418125 0.6965977953125 0.2801609328125 0.7122688875 0.3074740109375 0.6955701765625 0.32967430000000003 0.6965977953125 0.32967430000000003 0.549703915625 0.32953975468749996 0.3969012609375 0.2832555125 0.3969012609375 0.24558229374999999 0.39777342187500003 0.24558229374999999 0.533762221875 0.2217674359375 0.5335053171874999 0.22163289062499997 0.696340884375
5 0.3050521671875 0.682725015625 0.2800263765625 0.69685469375 0.254159678125 0.6824934218750001 0.25204056406249997 0.6965977953125 0.2801609328125 0.7122688875 0.3088194828125 0.6971115921875 0.3050521671875 0.682725015625
0 0.23744219375000003 0.6058857515625 0.22492929843749998 0.5765987796875 0.22170016406249998 0.576566025 0.222103809375 0.6164187796875 0.228696625 0.61436355625 0.233271221875 0.6115376234375 0.23744219375000003 0.6058857515625
0 0.2397294921875 0.37526880937499996 0.22385291718749997 0.3408437734375 0.22085924375000002 0.340636825 0.2207583375 0.3868294546875 0.2284275234375 0.3858018390625 0.23515488437499998 0.3809206734375 0.2397294921875 0.37526880937499996
5 0.2276202421875 0.31776356250000004 0.2276202421875 0.29875271875 0.22775478750000003 0.27486072031250003 0.219177403125 0.274191459375 0.21914376406249997 0.2956698875 0.21914376406249997 0.3175066609375 0.2276202421875 0.31776356250000004
5 0.2833152765625 0.35232574687499996 0.28344810625 0.33457169375 0.28344810625 0.31047690625 0.276474396875 0.310278221875 0.2766072328125 0.3331767296875 0.2767400625 0.35232574687499996 0.2833152765625 0.35232574687499996
3 0.22380624999999998 0.5821703859375 0.223659084375 0.5787983828125001 0.22527792500000002 0.5787983828125001 0.2253515078125 0.5411742921875 0.24948698125000002 0.5411742921875 0.24948698125000002 0.53091778125 0.24933981093750002 0.45563965 0.24933981093750002 0.39791655000000004 0.22638168125 0.397073546875 0.22143368749999998 0.396792546875 0.2055746203125 0.3972140484375 0.2056482078125 0.3949660453125 0.1851183390625 0.3951065453125 0.18504475625 0.3966520453125 0.1658577875 0.3960766265625 0.1658351265625 0.495659728125 0.1658351265625 0.5820298859374999 0.22380624999999998 0.5821703859375
5 0.2058074078125 0.40785642187500004 0.2058074078125 0.3945802625 0.1950617265625 0.3949574265625 0.1848691359375 0.3947311296875 0.184592590625 0.4080072890625 0.19300740624999999 0.4080072890625 0.2058074078125 0.40785642187500004
0 0.2256296296875 0.406850546875 0.226103703125 0.4120554046875 0.2270123453125 0.41695853281249995 0.22843456718750002 0.4219370921875 0.23116049218749998 0.426991084375 0.24589629531249999 0.4026263140625 0.2459358015625 0.39779861875 0.22539259218750002 0.3971913296875 0.2252345671875 0.399307275 0.22539259218750002 0.4030034765625 0.2256296296875 0.406850546875
0 0.205530665625 0.5518940578125 0.20403995937500002 0.5489183453125001 0.1866935984375 0.5776404484375 0.1864395015625 0.581503940625 0.21000277343749998 0.5817805734375 0.2093929390625 0.5696189625 0.20736016249999997 0.5590098953125 0.205530665625 0.5518940578125
5 0.1853557796875 0.7477992671875 0.1853557796875 0.7338634296875 0.1790677765625 0.7336490265625 0.1728078390625 0.7335160968750001 0.172779765625 0.7480136609375 0.1785063484375 0.7480136609375 0.1853557796875 0.7477992671875
0 0.1486383234375 0.7192843984375 0.1466171765625 0.7276458984375 0.145831178125 0.7351498109375 0.145718890625 0.745035046875 0.1694111921875 0.7447976984375 0.16974805312500002 0.7390089640624999 0.15211918124999999 0.7094221125 0.1486383234375 0.7192843984375
5 0.14546779062499998 0.747040590625 0.14563188124999998 0.7330980125 0.1402988828125 0.73341133125 0.13098664843750002 0.7338653390625 0.1311917625 0.7475105640625 0.1383297796875 0.7473539078125 0.14546779062499998 0.747040590625
5 0.11139148437499999 0.6831129640625 0.0892083734375 0.6971790265625 0.0744127375 0.68428270625 0.0705844953125 0.6965468421875001 0.088215103125 0.7114031328125 0.11437130312499999 0.6971790265625 0.11139148437499999 0.6831129640625
0 0.11515764218749999 0.61512065625 0.1191307390625 0.6193878890625 0.1245109703125 0.6230229375 0.131215565625 0.6241292578125 0.1315259640625 0.5800170734375001 0.12947733749999998 0.5795603921875 0.1131711 0.6133821578124999 0.11515764218749999 0.61512065625
3 0.0540826921875 0.58170624375 0.09101180625000001 0.5822093203125001 0.132685128125 0.581873940625 0.169308171875 0.58254470625 0.169308171875 0.46621089531250004 0.1693959953125 0.3968130703125 0.09682711875 0.396645378125 0.0540343625 0.39646524375 0.0540826921875 0.456317046875 0.0539948625 0.5101284203125 0.0540826921875 0.58170624375
5 0.1261826453125 0.40800769687500005 0.1261826453125 0.39476 0.11353583593750001 0.39492769375000003 0.0961903875 0.394789034375 0.096234303125 0.40817539375 0.1099350109375 0.4083430828125 0.1261826453125 0.40800769687500005
0 0.1378603421875 0.5580597093749999 0.13612647656250002 0.5670259890625 0.1353317890625 0.5737851875 0.1353317890625 0.5794408390625 0.13547627499999998 0.5822494609375 0.1588112140625 0.5823376359375 0.1588112140625 0.5775096375000001 0.1415448046875 0.5486796015625 0.1378603421875 0.5580597093749999
5 0.3309922109375 0.5037373171875 0.33060516875 0.47436160000000005 0.33031488593749997 0.4459096515625 0.322477315625 0.4460342125 0.322574075 0.4756548734375 0.32276760000000004 0.503552559375 0.3309922109375 0.5037373171875
0 0.7463485046875 0.13374062656250002 0.729067290625 0.163347540625 0.7290096453125 0.17016011250000002 0.7525401734375 0.170573034375 0.75226293125 0.152949871875 0.749305721875 0.140966121875 0.7463485046875 0.13374062656250002