0 0.6478462921875 0.8733815359375001 0.6455599765625 0.8627465703125001 0.642816396875 0.8507393499999999 0.63664334375 0.8366737499999999 0.619267340625 0.825695721875 0.6066926031250001 0.8229512140624999 0.6064639703125 0.873038471875 0.6066926031250001 0.8891624531250001 0.648074925 0.8891624531250001 0.6478462921875 0.8733815359375001
0 0.5415023765625 0.707671646875 0.539650346875 0.694239896875 0.535946290625 0.67988181875 0.5186606874999999 0.6618184296875 0.5016837562500001 0.6581131203125 0.5016837562500001 0.727124528125 0.5103265578125 0.7266613640624999 0.54211971875 0.7261982 0.5415023765625 0.707671646875
0 0.44704890468749997 0.653851840625 0.43285001718749994 0.6612624625 0.42297252968750004 0.673767884375 0.41649042812500003 0.6941470921875 0.4146384 0.7145263 0.46141518125000003 0.714352990625 0.4618651359375 0.713136809375 0.4615564640625 0.6515360218749999 0.44704890468749997 0.653851840625
0 0.518352015625 0.576503484375 0.49890571250000004 0.5792824671875 0.4877935390625 0.5903984 0.47976808125000003 0.6112407703125 0.4777109765625 0.644355146875 0.48810221093750006 0.6455148921875 0.5180433437499999 0.6459780562499999 0.518352015625 0.576503484375
1 0.4035626859375 0.6698945671875001 0.393072940625 0.6709927015625 0.3791679296875 0.685268459375 0.37306924218750004 0.7010083984375 0.3698979234375 0.685268459375 0.3584323875 0.6731889718749999 0.343307640625 0.6691624765624999 0.342575796875 0.7266315546875 0.3564808078125 0.7266315546875 0.404538475 0.7269976 0.4035626859375 0.6698945671875001
3 0.4728871703125 0.8206241750000001 0.460286721875 0.8219746796875 0.4611867546875 0.715960065625 0.4062848 0.718661075 0.40538476718750005 0.6673418984375 0.3950344 0.6680171500000001 0.3792838390625 0.6767954296875 0.3725335984375 0.6936767390624999 0.3572330546875 0.6693676546875 0.3405824625 0.6673418984375 0.3396824296875 0.718661075 0.2744301078125 0.7179858218749999 0.273530075 0.7166353171875001 0.273080059375 0.8928761734374999 0.37838380781250003 0.892200921875 0.473787203125 0.8935514265625001 0.4728871703125 0.8206241750000001
0 0.7233309453125 0.7063230796875 0.726138146875 0.63351170625 0.7004722937500001 0.63351170625 0.6835200921875 0.633615840625 0.6848321656249999 0.660590315625 0.6986676640625 0.69639425625 0.7161124234375 0.7057213328125 0.7233309453125 0.7063230796875
0 0.6447292703125 0.62147676875 0.6363076624999999 0.5986103875000001 0.619063415625 0.57815099375 0.6002150546875 0.64313965625 0.5998140265624999 0.64434315 0.6467344140625 0.644944896875 0.6447292703125 0.62147676875
5 0.3516240140625 0.299984559375 0.3911348234375 0.2996910625 0.3915260203125 0.2823747796875 0.3891788421875 0.2823747796875 0.3889832453125 0.274743875 0.34106171875 0.2741568828125 0.32208870625 0.2741568828125 0.312308803125 0.27386338593750004 0.3038097453125 0.2738369078125 0.3042892828125 0.282961771875 0.301550909375 0.28266827656250004 0.3013553109375 0.29910407031249997 0.3516240140625 0.299984559375
5 0.40820863906250004 0.28447062343749996 0.4079374984375 0.2999308703125 0.44318578750000004 0.30033771875 0.44318578750000004 0.281622684375 0.44155894375000004 0.281622684375 0.440745521875 0.2734857125 0.4084797796875 0.27307886406250004 0.40813207343749996 0.2780941859375 0.41121829375 0.2785488375 0.41121829375 0.2825506875 0.40820863906250004 0.28447062343749996
5 0.5733692109375 0.2998789 0.5735544484374999 0.28876088125 0.5731839734374999 0.2820900703125 0.570961121875 0.2820900703125 0.5707758843749999 0.2751413078125 0.5324316875 0.27486335781250004 0.519605846875 0.274668103125 0.5194650515625 0.28181211875 0.5165012484375 0.28236802031249997 0.5170569625 0.30015685 0.5733692109375 0.2998789
5 0.7280439140625 0.2831722203125 0.725125415625 0.2821418140625 0.7247820625 0.27776258593750003 0.722550271875 0.27776258593750003 0.72220691875 0.27467136875 0.6665837906250001 0.2738985640625 0.6515719765625 0.2741281390625 0.6516479515625 0.3022347359375 0.704695934375 0.3012043296875 0.7278722375 0.3006891265625 0.7280439140625 0.2831722203125
3 0.6822854125 0.6446525171874999 0.6839712015625 0.662359290625 0.6877642265625 0.68449275625 0.7033577765625 0.7085233765625001 0.7256944828125 0.7104205296874999 0.726958825 0.6459172859375 0.7408665859375 0.646549671875 0.740023690625 0.2772225265625 0.6473052874999999 0.2765901421875 0.6047391109375 0.2765901421875 0.5912289859375 0.2766349359375 0.59167424375 0.5177502375 0.553322540625 0.517117853125 0.553322540625 0.646549671875 0.6822854125 0.6446525171874999
3 0.5980048984375 0.5282241421875 0.598486621875 0.27589735625 0.528155034375 0.2773430140625 0.49491613437500004 0.27662018437499997 0.47372031249999996 0.27662018437499997 0.4542226140625 0.27617312968749996 0.4549331078125 0.6453224703125 0.5613939343750001 0.6453224703125 0.5618756578124999 0.5296698015625 0.5980048984375 0.5282241421875
3 0.4616659046875 0.599553459375 0.4616659046875 0.274418003125 0.398419334375 0.274418003125 0.3459590015625 0.274418003125 0.291537534375 0.274418003125 0.27404915 0.27452335781250004 0.27437761250000003 0.723146684375 0.351842403125 0.72461803125 0.4616659046875 0.72461803125 0.4616659046875 0.599553459375