5 0.19314899531250002 0.1466537765625 0.10047495937499999 0.146617115625 0.100674484375 0.1730534046875 0.140737615625 0.17343054375 0.1936977921875 0.1726762671875 0.19314899531250002 0.1466537765625
5 0.390720628125 0.1466537765625 0.3187465640625 0.146617115625 0.3191009125 0.17229912812499998 0.35367594687500004 0.1730534046875 0.39264147656250004 0.1730534046875 0.390720628125 0.1466537765625
0 0.363554528125 0.3661556359375 0.3514807 0.346921615625 0.3341931828125 0.3374931796875 0.32184495625 0.3359846359375 0.3222033546875 0.39814461093750003 0.3693170453125 0.39821231875 0.36712179843750004 0.3850125078125 0.363554528125 0.3661556359375
0 0.2902883921875 0.49098815937499996 0.304008640625 0.4985309125 0.313887221875 0.4985309125 0.31553668749999997 0.435483375 0.2694336046875 0.435171803125 0.2699824015625 0.45553722968750004 0.2779401640625 0.47627978281249994 0.2902883921875 0.49098815937499996
5 0.2790377578125 0.8937983812500001 0.24269718125 0.8933924046874999 0.24226750625000001 0.9194437484375 0.3215705578125 0.9201980046875 0.3212961578125 0.8937983812500001 0.2790377578125 0.8937983812500001
0 0.288581396875 0.6830374171875 0.3338275109375 0.68461839375 0.334649184375 0.617063421875 0.3165726328125 0.61874394375 0.3000846625 0.6366617921875 0.29011516875 0.657214625 0.288581396875 0.6830374171875
0 0.42393634843749994 0.7926579578124999 0.40744833593749996 0.8037248703125 0.3982457484375 0.8211157359374999 0.3909603640625 0.8379796031250001 0.39192355624999997 0.858968346875 0.4408077515625 0.8580054109375 0.44042431875 0.79107698125 0.42393634843749994 0.7926579578124999
3 0.24141805781249998 0.9217828171875 0.3223242875 0.9212558203125001 0.3219408125 0.9165128578124999 0.333444078125 0.9159858609375 0.333444078125 0.83745805625 0.333444078125 0.581324525 0.22953138125 0.5839594953125 0.1538553828125 0.5848094328125 0.15245958125 0.9138778875 0.24141805781249998 0.9170398562500001 0.24141805781249998 0.9217828171875
0 0.4960234 0.671440775 0.49180551875 0.653522928125 0.484136703125 0.6377130546875 0.474167209375 0.6271731390624999 0.4622805109375 0.618214215625 0.4478178234375 0.6194350390625 0.448476609375 0.6846156624999999 0.4975571296875 0.6825076875 0.4960234 0.671440775
0 0.5957131578125 0.4258438796875 0.6102839453125 0.42953284687500004 0.609980203125 0.3637747390625 0.5627371734375 0.361023409375 0.5650378109374999 0.3915891625 0.5780748265625 0.41477698125 0.5957131578125 0.4258438796875
5 0.7797651765625 0.1475819875 0.707967684375 0.1474832765625 0.7065278265625 0.176566746875 0.741804446875 0.175512753125 0.7809155156250001 0.175512753125 0.7797651765625 0.1475819875
5 0.5822926875000001 0.144947015625 0.5064723 0.1451116609375 0.50675468125 0.1744587734375 0.5389637781250001 0.1744587734375 0.5815258015625 0.1739317765625 0.5822926875000001 0.144947015625
3 0.49403925937500004 0.45361893125 0.5509912203125 0.4538413 0.60859034375 0.45295182343749996 0.6087521359375 0.26526231718750004 0.608428553125 0.1738641953125 0.6071341859375 0.1507378546875 0.5817323234375 0.151627328125 0.58043795625 0.14740232343749998 0.507630071875 0.14717995781249998 0.507630071875 0.151849696875 0.45043110000000003 0.151295134375 0.4503545296875 0.3253064609375 0.45003094218750006 0.452507090625 0.49403925937500004 0.45361893125
3 0.5632718 0.3834170828125 0.5703125140624999 0.4003512015625 0.579553446875 0.4160757359375 0.6015557046875 0.426961953125 0.6019957390624999 0.5170787875 0.449740240625 0.518893146875 0.4506203328125 0.6102289562500001 0.4488601484375 0.8406539000000001 0.441819434375 0.8394443171875 0.44137938906249996 0.9162589203125 0.7467704640624999 0.9168636953125 0.7476505796875 0.7765430421875 0.7436901765624999 0.7765430421875 0.7450102796875 0.5993302125 0.8294988921875 0.598120628125 0.8294988921875 0.4263477703125 0.8294988921875 0.1505635734375 0.780213871875 0.1505635734375 0.780213871875 0.1451204640625 0.707166434375 0.146934834375 0.7080465499999999 0.15237794375 0.599451025 0.15020254375 0.6011156453125001 0.36103985625 0.563711834375 0.3604350640625 0.5632718 0.3834170828125
3 0.16872828906249998 0.6054212359375 0.168245434375 0.5974559984375001 0.2365692578125 0.5981196265625 0.2365692578125 0.5304297765625 0.3152744515625 0.5307615984375 0.31430874062499997 0.291178875 0.3128601875 0.153476490625 0.19335384375 0.1528128640625 0.1931124109375 0.148167484375 0.09968018906250001 0.148167484375 0.09895590625 0.1541401171875 0.0664587203125 0.15264778125 0.0656207375 0.33365093749999997 0.065862171875 0.605753040625 0.16872828906249998 0.6054212359375