5 0.5295384484375 0.0694761796875 0.4823182609375 0.06867585625 0.48275256874999994 0.0848342328125 0.50297075625 0.08412539687500001 0.53003973125 0.0845979546875 0.5295384484375 0.0694761796875
0 0.5415691046875 0.2514222625 0.53120936875 0.2526036515625 0.52335603125 0.2570929296875 0.5160039609375 0.264890090625 0.5121608359375001 0.27221470000000003 0.5086518890625 0.2819020890625 0.50698096875 0.2953699203125 0.5066753125 0.304943546875 0.5420703875 0.304584746875 0.5422374765625 0.29678758437499997 0.5415691046875 0.2514222625
0 0.4742308515625 0.32136047031250004 0.4695522671875 0.33104785937500003 0.4667116921875 0.3454607984375 0.5021352875 0.352312853125 0.5066753125 0.305368871875 0.4986263484375 0.30363964062500004 0.48876789687500005 0.3060024171875 0.4804132765625 0.31190935937500003 0.4742308515625 0.32136047031250004
0 0.44582513125 0.6533478015624999 0.4723928328125 0.6235768109375 0.47322829375 0.6160159203125 0.43706225937500004 0.615643003125 0.4371363265625 0.6261758656249999 0.43830597187500003 0.6344455796874999 0.44131363593749995 0.6441329625 0.44582513125 0.6533478015624999
0 0.41507431562499997 0.5567102125 0.4070538734375 0.5621446 0.3997018109375 0.5711231546875 0.394856128125 0.5815193734374999 0.391848459375 0.5982950890625001 0.42999570781249996 0.6060732046874999 0.434457034375 0.5545837140625001 0.4220921921875 0.553874878125 0.41507431562499997 0.5567102125
0 0.4536726640625 0.8029238359375 0.44715606250000006 0.805759171875 0.44197619374999997 0.8095396125000001 0.45784998281249994 0.84899799375 0.4635109796875 0.8504220578125 0.4675413375 0.8029238359375 0.46069055 0.8022150015625 0.4536726640625 0.8029238359375
5 0.3759746796875 0.9042906531250001 0.42159091875000004 0.9042906531250001 0.42156272499999997 0.8893392390624999 0.30678156562500003 0.88940515 0.30678156562500003 0.9042906531250001 0.3759746796875 0.9042906531250001
5 0.365096828125 0.40430251562499997 0.32259305 0.4040441265625 0.322321159375 0.4191880109375 0.34020005625 0.4191880109375 0.36459555312499997 0.4196605671875 0.365096828125 0.40430251562499997
3 0.3657651984375 0.6240456921875001 0.42742231875 0.6235731343750001 0.43677948750000006 0.52527670625 0.4463037640625 0.4113908484375 0.396844396875 0.410918290625 0.39751276875 0.405247625 0.308008890625 0.4051074375 0.2975874 0.530243434375 0.2902353375 0.6233368625 0.3657651984375 0.6240456921875001
5 0.40371358125 0.3385995296875 0.40470894218750003 0.3226478296875 0.39452044218750004 0.32091515625 0.3909396953125 0.3564279 0.401888740625 0.35806998437500004 0.40371358125 0.3385995296875
3 0.45714775 0.903574321875 0.47322386562499996 0.7376588359375 0.4833771953125 0.738057653125 0.49437661562499996 0.6160201265625 0.436277 0.6164189437500001 0.28979835625 0.6159423234375 0.279182434375 0.7508280078125 0.2653626203125 0.903574321875 0.45714775 0.903574321875
3 0.4408933609375 0.2667408140625 0.50393393125 0.267357721875 0.5008800640625 0.3034466609375 0.5521414265625 0.30498891875 0.56195743125 0.1849945078125 0.5717734390625 0.07025018281249999 0.41590151249999996 0.0699427359375 0.4081733359375 0.155384671875 0.399011725 0.2661239078125 0.4408933609375 0.2667408140625
5 0.7720008578125 0.1617238890625 0.7212932390625 0.1616243796875 0.72109009375 0.17668966875 0.7433521515625 0.17668966875 0.7721833296875 0.1764316375 0.7720008578125 0.1617238890625
0 0.7937154718749999 0.3663555609375 0.785504059375 0.3686778375 0.778022553125 0.3753866328125 0.7718183859375001 0.3841596734375 0.7670740109375 0.3952549953125 0.7647018234375 0.40918865000000004 0.7648047421874999 0.41941183281249994 0.8010145062499999 0.419251840625 0.7997371875 0.3653234359375 0.7937154718749999 0.3663555609375
3 0.6553983015625 0.4177023203125 0.76251210625 0.4177023203125 0.812145540625 0.417960359375 0.8243714234375 0.2739685625 0.8338601546875 0.1619832578125 0.6784385125 0.16185661875 0.6676241828125 0.28506922343749996 0.6574055359375001 0.403510634375 0.6553983015625 0.4177023203125
3 0.5410675421875 0.8384672125 0.6618191953125 0.8392415874999999 0.77709458125 0.8392415874999999 0.7954400734375 0.6278276015625 0.813511759375 0.4109950140625 0.8003687125000001 0.41060782656250006 0.8000949046875 0.36453260625 0.7899638203125 0.3656941703125 0.78202321875 0.3695660328125 0.7724397781250001 0.3823431953125 0.7669634953125 0.3943459828125 0.7647729828125 0.41176939062500006 0.6664740265625 0.4113822015625 0.6675692828125 0.4048000296875 0.6533309796875 0.4048000296875 0.6541524296875 0.392022865625 0.59035393125 0.3924100484375 0.5906277375 0.40557440468749995 0.57897674375 0.4049201921875 0.568996490625 0.51360551875 0.554758203125 0.67855909375 0.5410675421875 0.8384672125
0 0.1539106328125 0.8452490078125001 0.145800625 0.849836209375 0.1366092765625 0.8578637984374999 0.1301212609375 0.8712431265625 0.126336590625 0.8884451328124999 0.1264715234375 0.90451028125 0.166345996875 0.9037357984375 0.1666163234375 0.8441022031250001 0.1539106328125 0.8452490078125001
1 0.47444598281249994 0.6715192109375 0.47951321875 0.67540311875 0.475923928125 0.6758512609375 0.47212350625 0.6779425953125 0.4687453453125 0.6815277390625 0.48268023906249996 0.7121508453125001 0.48605839062499995 0.712748365625 0.49210211875 0.64060855625 0.4892254109375 0.6405478359375001 0.4705399953125 0.6666895109375 0.47444598281249994 0.6715192109375
1 0.6206501453125 0.4314964984375 0.6224390359374999 0.4221705390625 0.6240396171875 0.42963130468750005 0.6285589171875 0.4381578984375 0.6499314234375 0.41324426093750005 0.6498372734375 0.40538380937499996 0.5947583359374999 0.4051173546875 0.5948524890625 0.4121784375 0.617260675 0.43842435 0.6206501453125 0.4314964984375