3 0.84626335625 0.272757403125 0.8461169125 0.3664010140625 0.9297513687500001 0.3664010140625 0.9297513687500001 0.3334205078125 0.9465926281250001 0.334259371875 0.9465926281250001 0.16486796718750002 0.944688840625 0.16486796718750002 0.9448352828125 0.16039401250000002 0.9041193 0.1606736359375 0.8446623375 0.15973591874999998 0.845091796875 0.1659715515625 0.846556253125 0.165691928125 0.84626335625 0.272757403125
0 0.8835160328124999 0.1946755625 0.8858098375000001 0.1881722546875 0.88789511875 0.17888181718750001 0.88886825 0.17065314843749999 0.889007271875 0.16003550312499998 0.86601705 0.1607223671875 0.8660691859374999 0.165211603125 0.8726725734375 0.17715645 0.8835160328124999 0.1946755625
0 0.8526220109375 0.2701568703125 0.8555150250000001 0.26859577031250004 0.858848284375 0.2658402171875 0.8628104546875001 0.2599560671875 0.8482195953125 0.2269327640625 0.846222784375 0.2273435109375 0.8461441703125001 0.2709974640625 0.8495403187499999 0.2708773765625 0.8526220109375 0.2701568703125
5 0.9088292265625 0.36771731406249997 0.9088956406250001 0.3536420890625 0.8976058374999999 0.3536420890625 0.87912708125 0.353505065625 0.8790772718750001 0.36759051249999997 0.8915624671875 0.36746370625 0.9088292265625 0.36771731406249997
5 0.817239765625 0.36759313125 0.8173708968750001 0.3540723453125 0.8041919906249999 0.3540723453125 0.78747248125 0.3538620546875 0.7873413499999999 0.36759313125 0.7988155234375001 0.367467940625 0.817239765625 0.36759313125
3 0.6780372109374999 0.25704165625000003 0.6783323671875 0.3646436609375 0.7717189859375 0.36595866093749996 0.7719157546875001 0.30624015781249997 0.7719157546875001 0.2343209671875 0.7719157546875001 0.1601474921875 0.7532786796875001 0.160335353125 0.7527867500000001 0.156953925 0.7520980453125 0.153008928125 0.750130328125 0.14530679062500002 0.7461088625000001 0.1357260828125 0.730465515625 0.1625896328125 0.730465515625 0.1599596375 0.6791327109374999 0.160126746875 0.6794146140625 0.1648339046875 0.6781355953125 0.1652096203125 0.6780372109374999 0.25704165625000003
0 0.7475959859375 0.137041084375 0.7461201984375 0.13478679843750002 0.7290994484375 0.16221392343750002 0.7286321171875 0.169515590625 0.7538926796875 0.1701039125 0.7533023671875 0.153008928125 0.7508427203125 0.143616078125 0.7475959859375 0.137041084375
5 0.7516087484375 0.3675828109375 0.7516087484375 0.35385628125 0.739304571875 0.35385628125 0.7220234296875 0.35343927656249996 0.72195430625 0.367054865625 0.73633221875 0.3674508265625 0.7516087484375 0.3675828109375
0 0.7635875890625 0.23719671875 0.7602680671875001 0.23970255 0.7572573328125001 0.2423557796875 0.7547097859375 0.24648302656249998 0.769609059375 0.2790588046875 0.7720022046875 0.2789114046875 0.771809209375 0.234305634375 0.7683738875 0.23513309375000002 0.7663667328125 0.2357227015625 0.7635875890625 0.23719671875
0 0.8144179203125 0.20377402031249997 0.8115934828125001 0.1961194984375 0.794100184375 0.22412809375 0.7939407375 0.2293638515625 0.8172423656250001 0.22934708593750003 0.8174245843750001 0.22064876562500002 0.8161490296875 0.21125457656250002 0.8144179203125 0.20377402031249997
3 0.224058490625 0.5819219453125 0.224058490625 0.5788118703125 0.22581261874999997 0.5792903453125 0.22543673125 0.5410124859375001 0.24936802187499998 0.54125171875 0.24936802187499998 0.49127677187499996 0.24949331562500002 0.397534265625 0.2060785109375 0.39681655625 0.2059532078125 0.3956203734375 0.18477840625 0.39538113125 0.1846531046875 0.39633808125000003 0.16557698437499999 0.3964254125 0.16567114375 0.4836339484375 0.16567114375 0.5819219453125 0.224058490625 0.5819219453125
5 0.2058174 0.4082737578125 0.20588172187499998 0.39488662812499997 0.19411061875 0.39488662812499997 0.1842209625 0.3950280921875 0.184397853125 0.408765025 0.193917653125 0.40851939374999996 0.2058174 0.4082737578125
0 0.226063053125 0.412906259375 0.2272851890625 0.41855587656250004 0.23108024062500002 0.42690747812499996 0.245488584375 0.40283521093749997 0.24555290625 0.397185596875 0.22554846718750002 0.3964092015625 0.2254198234375 0.404309025 0.22554846718750002 0.4073794640625 0.226063053125 0.412906259375
0 0.20585404375 0.5525771609375 0.2039710296875 0.5489817453125 0.1865755390625 0.577916275 0.186418621875 0.5819093046875 0.2098890796875 0.5821965296875 0.20944074218750003 0.56986939375 0.2075577265625 0.5592543578125 0.20585404375 0.5525771609375
3 0.1280489484375 0.58247824375 0.1692502578125 0.58247824375 0.1692502578125 0.5187294453125 0.1691595 0.44840521562499996 0.16897800000000002 0.39713261875 0.1255324015625 0.3966127796875 0.1255324015625 0.39505325468749997 0.09658258125 0.39522653124999996 0.09658258125 0.3966127796875 0.0540199953125 0.3962537296875 0.0540441125 0.4771605640625 0.054134867187500005 0.582304965625 0.1280489484375 0.58247824375
5 0.126054378125 0.40857838125 0.126054378125 0.3945426453125 0.1125790109375 0.3945426453125 0.0961302515625 0.3947381703125 0.09610629062500001 0.40857838125 0.109809815625 0.408405096875 0.126054378125 0.40857838125
0 0.13790070625 0.559062396875 0.13618371093749998 0.5671871578125 0.1355118421875 0.5730312843750001 0.135213234375 0.5761671578125 0.135287890625 0.58201128125 0.158653928125 0.5818687437500001 0.158653928125 0.5773074734375 0.14118538593750002 0.5492271625 0.13790070625 0.559062396875
0 0.1131814015625 0.6144131625 0.11631289687499999 0.6174027953125 0.12022727343749999 0.6206059703125 0.12492452968750001 0.6235956046875 0.13141120625 0.6244497796874999 0.13107569375 0.5811001453125 0.12805602656249998 0.5800324203125 0.12212854687500001 0.5928451203125 0.1131814015625 0.6144131625
5 0.1142198296875 0.6968272859375 0.111568140625 0.6838273921875 0.0960879953125 0.6925852124999999 0.0886345890625 0.697374646875 0.073566528125 0.68463128125 0.0705744171875 0.6964167640625 0.0874879125 0.711332428125 0.0962313265625 0.7081850859375 0.1142198296875 0.6968272859375
5 0.1452298953125 0.746421453125 0.1452298953125 0.7334124140625 0.138743740625 0.7335164859375001 0.1308949484375 0.7335529234375 0.13116747499999998 0.7467336687499999 0.1385257171875 0.74662959375 0.1452298953125 0.746421453125
0 0.15000427656249998 0.716448628125 0.1480420796875 0.7233174 0.1467884515625 0.7296658093749999 0.1461888921875 0.735285715625 0.1459163640625 0.7410096921875 0.14615648750000002 0.744865959375 0.1691357046875 0.7452766546875 0.1692447140625 0.7393445328125 0.15240251875 0.7101002171874999 0.15000427656249998 0.716448628125
5 0.18461011562500002 0.747097809375 0.1845556109375 0.733672484375 0.1808492359375 0.733672484375 0.17313670781249998 0.7336829578125 0.17349099375000002 0.747097809375 0.178832534375 0.747097809375 0.18461011562500002 0.747097809375
3 0.2217622796875 0.6958504828125001 0.2516396640625 0.6961315124999999 0.27857345312500004 0.7113067281250001 0.2807811421875 0.7113067281250001 0.308009296875 0.6964125296875 0.329644646875 0.6964125296875 0.329497459375 0.5792710125 0.329644646875 0.5079212203125001 0.3297918234375 0.3963851765625 0.2772488375 0.3958231296875 0.2772488375 0.398071309375 0.24545812968749997 0.3975477375 0.2458996671875 0.53402636875 0.221615096875 0.53374535 0.2217622796875 0.6958504828125001
5 0.3303621578125 0.5033109421875 0.33029498749999997 0.48087313906249995 0.3303621578125 0.4467572921875 0.3226039421875 0.4464898984375 0.3231077234375 0.4725297234375 0.3231748921875 0.5034392000000001 0.3303621578125 0.5033109421875
5 0.29175610625 0.7059819625 0.30774925937500003 0.6974288890625 0.3052673890625 0.6833278843749999 0.28014600624999997 0.6973133093749999 0.2625307703125 0.687951165625 0.25463396875 0.6835494859375 0.252288296875 0.6968509796875 0.26675579374999997 0.7057507968750001 0.2803758203125 0.711992228125 0.29175610625 0.7059819625
0 0.22751585468750002 0.6153600015625 0.23013828906249997 0.6136909203124999 0.2333964625 0.6109596953125 0.2372903765625 0.6054972390625 0.2249728921875 0.577426303125 0.222429925 0.5777113984375 0.22139684843750002 0.6162704140625 0.22537023125000002 0.6158152109375 0.22751585468750002 0.6153600015625