3 0.6153834390624999 0.8492446499999999 0.6147747515625 0.8830417 0.6302964984375 0.882737215625 0.6309052078125 0.88578199375 0.6834731796875 0.885477521875 0.68499491875 0.882737215625 0.689255796875 0.8824327421874999 0.6898644828125 0.8848685625 0.7422123484375 0.8839551312499999 0.7577340953125 0.8845640890625001 0.7577340953125 0.849549134375 0.7589514921875 0.8486356921875 0.775690634375 0.8489401765625001 0.775386290625 0.8519849562499999 0.8310819921875 0.8516804703125 0.8310819921875 0.8486356921875 0.8551254687500001 0.8492446499999999 0.8557341781250001 0.7506425125 0.8554298359375 0.6471524921875 0.6727613484375 0.65050174375 0.583663453125 0.6498591609375 0.5834269062499999 0.740290259375 0.5843399484375 0.8489401765625001 0.6153834390624999 0.8492446499999999
0 0.7901050015625 0.68153098125 0.7981118609375 0.6758093609375 0.80446650625 0.6675447953125 0.80815219375 0.6588987890625 0.8089147593750001 0.64923560625 0.7719624828125 0.6496355359375 0.772566171875 0.6850911015625 0.7819710515625 0.6847096609375 0.7901050015625 0.68153098125
5 0.83039339375 0.85157254375 0.8309017671875001 0.8356791515624999 0.8092960328125001 0.835552003125 0.7754575390625 0.83614441875 0.775362159375 0.8520791531249999 0.800780746875 0.851952003125 0.83039339375 0.85157254375
5 0.741973153125 0.885740271875 0.7416001953125 0.8708156578124999 0.715959453125 0.8709089359375 0.6891765328125 0.8709927093750001 0.6891998453125 0.8859268296874999 0.71297580625 0.8858335515625001 0.741973153125 0.885740271875
5 0.6836055015625 0.8856947265624999 0.6834190265625 0.8708633921875 0.654328434375 0.8709566703125 0.63090211875 0.8712258078125 0.63092543125 0.885881284375 0.6549811125 0.885881284375 0.6836055015625 0.8856947265624999
3 0.70190088125 0.65682434375 0.7709345734374999 0.6564500234375 0.7705603984375 0.6126738359375 0.7709345734374999 0.5529887984374999 0.7707474921874999 0.4807738171875 0.76588331875 0.4760947421875 0.689822421875 0.4766562296875 0.6901965828125001 0.4714156671875 0.6660628515625 0.47160283124999997 0.6660628515625 0.4687953875 0.6121829 0.4686082234375 0.61199581875 0.47066701718750004 0.5842139640624999 0.47079479687500003 0.5838088828125 0.560288153125 0.5839959625 0.6566371828124999 0.70190088125 0.65682434375
5 0.6661314875000001 0.4836605875 0.6661314875000001 0.46871231093750004 0.64026064375 0.46854147187499995 0.61135873125 0.46845007968749997 0.6112306578125 0.4836605875 0.6364184390625 0.483746009375 0.6661314875000001 0.4836605875
0 0.7367649953125001 0.623501146875 0.7423096499999999 0.6328884265625 0.7509820828125 0.64056893125 0.7619292359375 0.6456892625 0.7707438234375 0.6466848859375001 0.77060165625 0.61083714375 0.73520110625 0.610558078125 0.73491676875 0.6161051078125 0.7367649953125001 0.623501146875
3 0.6752043984375 0.465716046875 0.6771429421875 0.46593153750000005 0.6764967562499999 0.483385840625 0.77083905625 0.48295486875 0.77083905625 0.48123098750000004 0.7760085 0.4764903109375 0.7813933343749999 0.4790761359375 0.7928091890625 0.48252390468749995 0.80336346875 0.48123098750000004 0.813056171875 0.4769212828125 0.8201641421874999 0.47088769687500004 0.8012095359375 0.45149402343749995 0.8081021171874999 0.444167521875 0.8081021171874999 0.37479275312500004 0.7417609484375001 0.3741462984375 0.6780045109375 0.374569090625 0.677789121875 0.41249118906250004 0.6749890078125 0.41292216249999997 0.6752043984375 0.465716046875
5 0.689906409375 0.46554299062500004 0.689644234375 0.43635134375 0.6895568453124999 0.41284251875000005 0.674787803125 0.41261550625 0.6753121515625 0.431110321875 0.6752247578125 0.465630421875 0.689906409375 0.46554299062500004
0 0.7821751859375 0.4792074265625 0.7930124453125 0.4821778046875 0.8054827140624999 0.4805440984375 0.8130539453125 0.47712816562500004 0.8206251765625 0.47029629375 0.7953877328125001 0.4459604796875 0.7700018359375 0.4723755609375 0.7738616765625 0.47549445468749996 0.7821751859375 0.4792074265625
3 0.6752596984375 0.32401155937500004 0.6776752859374999 0.3238605234375 0.6772223578125 0.381382121875 0.7993418625 0.381382121875 0.8556552875 0.38077796406250003 0.8552023609375 0.294567059375 0.8552023609375 0.20593953125 0.7486061562499999 0.2063926484375 0.6770443203125 0.2066947234375 0.6772223578125 0.26180775624999997 0.6752596984375 0.2621098359375 0.6752596984375 0.32401155937500004
5 0.6902873671875 0.32448888125 0.6904275109375 0.315796146875 0.6898669265625 0.2621198859375 0.6746611265625 0.262107390625 0.674871346875 0.280627003125 0.6751516328125 0.32448888125 0.6902873671875 0.32448888125
0 0.8251281468749999 0.35067865625 0.8176529671875 0.35742385312499997 0.8128160796874999 0.36328924218749997 0.809738065625 0.369887803125 0.8081257734375 0.37502001875 0.8076494078125 0.380941121875 0.84520853125 0.3808854078125 0.845648253125 0.34730605625 0.8350950484374999 0.3468661515625 0.8251281468749999 0.35067865625
0 0.7891077515625 0.1713967609375 0.7822019609375 0.17731854062500002 0.777488478125 0.1823630171875 0.7750769328125 0.187846146875 0.7737615375 0.1945355609375 0.773980775 0.20232160625 0.8010449421875 0.20177329375 0.8010449421875 0.20276025312499998 0.8076218921875 0.2026505921875 0.8076218921875 0.16582131875 0.80193280625 0.16591363125 0.7970000953125 0.1674489078125 0.7891077515625 0.1713967609375
3 0.176977446875 0.8970576234375001 0.192314546875 0.8970576234375001 0.1925190390625 0.8991034421874999 0.24819465312500003 0.8995126078125001 0.2479901625 0.8972622109374999 0.2512620734375 0.8972622109374999 0.2512620734375 0.8999217734375 0.30668013906249997 0.8999217734375 0.30668013906249997 0.8972622109374999 0.322426221875 0.8976713671875001 0.3220172390625 0.8653583328125001 0.3500330015625 0.8653583328125001 0.34962401875000004 0.8072788875000001 0.3498285109375 0.70503155625 0.3275385890625 0.6686159765624999 0.323244203125 0.6606372796875 0.271722275 0.6604327015625 0.2111918578125 0.6606372796875 0.14391311874999999 0.6614556109375 0.1428268375 0.8649382640625 0.17656846406249999 0.8647336859375001 0.176977446875 0.8970576234375001
0 0.313962346875 0.6766792453125 0.310176246875 0.6840021625 0.3092928234375 0.6905675375 0.3092928234375 0.697764196875 0.31206929687499996 0.7064759390625001 0.31711743124999997 0.7134200828124999 0.34425114843750004 0.69587706875 0.32547840156249996 0.665123134375 0.32178696093750003 0.6679675015625001 0.3193890953125 0.67024013125 0.313962346875 0.6766792453125
5 0.3060538234375 0.8996335999999999 0.3058898625 0.884624990625 0.2800207296875 0.884624990625 0.251082040625 0.8847818843749999 0.250632634375 0.8996335999999999 0.27072075624999997 0.8997976265625001 0.3060538234375 0.8996335999999999
5 0.2484996984375 0.8987534765625 0.2484177140625 0.8843189671875 0.2247257015625 0.884565009375 0.1920569578125 0.8846794109375 0.1916880515625 0.8988354890625001 0.2188231953125 0.8985894468750001 0.2484996984375 0.8987534765625
0 0.3770960546875 0.788846640625 0.3697869984375 0.7944583109375001 0.3645176859375 0.801770478125 0.3624779421875 0.8078922921875 0.3606081875 0.8121435531250001 0.35975829843749996 0.8195486187500001 0.39732341875 0.8197958234374999 0.39715344375 0.7845953796875 0.386274853125 0.7854456328125 0.3770960546875 0.788846640625
3 0.3181261484375 0.6672995265624999 0.3235680828125 0.66276265 0.3240215703125 0.574544596875 0.3240215703125 0.48180175 0.3192598859375 0.4761306546875 0.24329961406249997 0.4759038109375 0.24329961406249997 0.47136693437500005 0.22334586406249998 0.47159377812500003 0.22311912031249997 0.46932534062500003 0.1689265734375 0.46841796718750006 0.1689265734375 0.47136693437500005 0.142907340625 0.4711237421875 0.1426239078125 0.5722882499999999 0.1423971640625 0.6668458375 0.3181261484375 0.6672995265624999
5 0.2229669796875 0.4835267328125 0.22263984374999998 0.468962753125 0.192215734375 0.46912639375 0.1682935546875 0.4689565078125 0.1685798046875 0.484099475 0.19311537031249998 0.48393583281249997 0.2229669796875 0.4835267328125
0 0.2908889328125 0.6242492390625001 0.294412271875 0.630444415625 0.30028450156250003 0.637387284375 0.30807855625 0.6431552078125 0.3171538203125 0.6463596093749999 0.317367353125 0.6473209265625 0.323773421875 0.6472141140625001 0.32366665625 0.61140594375 0.28918065 0.611977265625 0.289287415625 0.6183860671875 0.2908889328125 0.6242492390625001
3 0.228728421875 0.4651684875 0.23102216250000002 0.4651684875 0.23063986875000003 0.48364690625 0.3176162328125 0.48415684531250003 0.3627264078125 0.4459251671875 0.3627264078125 0.42081756718749996 0.3627264078125 0.3680594828125 0.317937515625 0.36831445 0.26543641406249996 0.36856941875000004 0.23067991562499998 0.3684634640625 0.231531884375 0.40833090937499994 0.2289832859375 0.40833090937499994 0.228728421875 0.4651684875
5 0.243407409375 0.4648279296875 0.2429629609375 0.4385243640625 0.2428888875 0.4084493109375 0.22844444218749999 0.40844444375 0.22859259375000002 0.4404550625 0.2286666671875 0.4651243515625 0.243407409375 0.4648279296875
0 0.3247878265625 0.43585013593750005 0.320205940625 0.4463675453125 0.3199582640625 0.45553523125 0.3216919546875 0.4649506953125 0.32974121875 0.476720021875 0.35528215625000004 0.45249250781250006 0.3318464171875 0.42643467187499995 0.3283790375 0.4302751890625 0.3247878265625 0.43585013593750005
3 0.2282641625 0.321463475 0.23076040468749998 0.32165557968749997 0.23114444375 0.37484698125000004 0.34846728125 0.37484698125000004 0.4197062359375 0.3758074828125 0.4197062359375 0.27653240156250003 0.4197062359375 0.19530453125 0.3211513578125 0.19453613281249998 0.230710528125 0.19470701562499998 0.230952428125 0.24254082187499998 0.2290322390625 0.2429250234375 0.2282641625 0.321463475
5 0.24333333124999998 0.321324421875 0.2430370390625 0.27198979375 0.2431111125 0.243100428125 0.22881481250000002 0.24298148125000002 0.22896296249999998 0.289026196875 0.22896296249999998 0.3214726328125 0.24333333124999998 0.321324421875
0 0.381923625 0.34454068125 0.3741675984375 0.3506026578125 0.36895652343749996 0.35811951249999996 0.3656844453125 0.36563636875 0.36459376250000003 0.36842488125 0.364199896875 0.37480383906250003 0.4013136859375 0.3747293359375 0.400465375 0.3404185328125 0.3899220234375 0.3412672109375 0.381923625 0.34454068125
0 0.31636450625 0.184390090625 0.32046734374999997 0.18001781249999999 0.324837759375 0.1743070796875 0.3264432140625 0.169508553125 0.327959484375 0.1623701375 0.328048675 0.157462478125 0.29379889375 0.15744641718750002 0.29397728125 0.19259926875 0.303610028125 0.1917961953125 0.31012105624999997 0.18903006093750002 0.31636450625 0.184390090625
0 0.3186773078125 0.072999403125 0.31236339375 0.07917564218749999 0.307873503125 0.08563261875 0.304365771875 0.09279144218749999 0.30310298750000003 0.10439005937500001 0.34056555624999996 0.10458244375 0.3404252375 0.067244271875 0.3297617390625 0.0686479625 0.3186773078125 0.072999403125