5 0.6962424328125 0.014095421875 0.58261011875 0.013504379687500002 0.5820793515625 0.028267300000000002 0.6332103171875 0.028901860937500003 0.69668320625 0.028690339062499997 0.6962424328125 0.014095421875
0 0.5419679828125 0.1691454578125 0.5322707515625 0.1606846390625 0.515961725 0.153281415625 0.49524486874999996 0.149051009375 0.47408723906250005 0.1486279671875 0.4747284328125 0.18808233125 0.5459350390625 0.18818231093749999 0.5472574078125 0.176548675 0.5419679828125 0.1691454578125
0 0.5891318937500001 0.22435451562500003 0.606322465625 0.2188549765625 0.6195460046875 0.2101826359375 0.62748011875 0.20129877031249999 0.62748011875 0.191780346875 0.544930853125 0.1920803 0.5463758375000001 0.22710427187499999 0.5715005234375 0.22625820000000002 0.5891318937500001 0.22435451562500003
0 0.4837844953125 0.2237199453125 0.49877115312500003 0.219066503125 0.5141985828125 0.2095480734375 0.5203695796875001 0.20002965 0.5203695796875001 0.191780346875 0.442998525 0.193032196875 0.4441139140625 0.226469715625 0.45954135625000003 0.226469715625 0.4837844953125 0.2237199453125
5 0.5626848390625 0.28718049375 0.5631256359375 0.2567215375 0.5445342281250001 0.25661893125 0.5459350390625 0.3241965953125 0.5631256359375 0.324619625 0.5626848390625 0.28718049375
5 0.47320566875000003 0.32694745 0.47276487187500005 0.2579917546875 0.439825534375 0.2577612078125 0.4419099984375 0.2882391953125 0.4419099984375 0.326735934375 0.47320566875000003 0.32694745
5 0.8699113953125 0.29162352343750003 0.8699113953125 0.2417046734375 0.8388291203125 0.24176933437499998 0.839497259375 0.26539497343749996 0.83993808125 0.29162352343750003 0.8699113953125 0.29162352343750003
5 0.8707929421875 0.4441364015625 0.87035216875 0.3931599546875 0.8368460015625001 0.393501753125 0.839497259375 0.4155811359375 0.83993808125 0.44392488593749996 0.8707929421875 0.4441364015625
0 0.60411855 0.477136896875 0.6191052078125 0.467618471875 0.627039321875 0.45788852812499997 0.62748011875 0.4481585828125 0.5454942671875 0.44879314531250003 0.5472574078125 0.483694040625 0.58075700625 0.4822133875 0.60411855 0.477136896875
0 0.603677778125 0.5238862265625001 0.6169012921875 0.5160599671874999 0.627039321875 0.5067530640625 0.62792089375 0.49617703437499994 0.544930853125 0.4966874109375 0.5459350390625 0.530866403125 0.5825201234375 0.5295972812499999 0.603677778125 0.5238862265625001
5 0.8699113953125 0.5805781140625 0.87035216875 0.5418698562500001 0.8384324968750001 0.5418073390625 0.8390564859375 0.5594260609374999 0.839497259375 0.58142419375 0.8699113953125 0.5805781140625
0 0.5009750671875 0.59432695 0.4833436984375 0.59644215625 0.46835704062500005 0.600461046875 0.45381115781250003 0.606806659375 0.44455469843750006 0.6161135671875 0.44146921250000004 0.6245743921875 0.4410154046875 0.6335702328124999 0.5133170125000001 0.6338812890625001 0.5133170125000001 0.59432695 0.5009750671875 0.59432695
5 0.6217499203125 0.6258435078125 0.5865763562499999 0.6259550546875 0.5860464078125001 0.6345158468750001 0.6618612875000001 0.63430433125 0.6614205156249999 0.626055034375 0.6217499203125 0.6258435078125
0 0.712551434375 0.688879921875 0.7262157484375 0.6854955953124999 0.7381169187500001 0.6802075703125 0.7508996859375 0.6723813171875 0.755307515625 0.66455505625 0.7561890625000001 0.6550366328125 0.6730403546875 0.65546386875 0.67464400625 0.6912066484375 0.6935977453125 0.690995121875 0.712551434375 0.688879921875
5 0.4701201828125 0.792531553125 0.42951331406250004 0.7921563093749999 0.42868647031249996 0.8067034312500001 0.5155209515625 0.8071264734374999 0.515961725 0.792531553125 0.4701201828125 0.792531553125
0 0.58075700625 0.7696873421875 0.5631256359375 0.7724371046875 0.5472574078125 0.77730208125 0.5349154390625 0.7849168140625 0.5278628953125 0.793589165625 0.5278628953125 0.8073380015625 0.5992699234375001 0.8067034312500001 0.60015149375 0.7686297359375 0.58075700625 0.7696873421875
5 0.20961427968750002 0.7920392265625 0.11391373906249999 0.792077965625 0.113579128125 0.8068887359374999 0.3106290265625 0.80671805625 0.3113404203125 0.79220990625 0.20961427968750002 0.7920392265625
0 0.3718070046875 0.5933531999999999 0.39314813593750003 0.59608414375 0.4166234078125 0.59608414375 0.41732219531250003 0.5621020359375 0.333748621875 0.5619473265625 0.338372540625 0.5759434203125 0.3536670046875 0.5865258390625 0.3718070046875 0.5933531999999999
5 0.041719725 0.5998391953125 0.042222290625 0.5665571484374999 0.010775078125 0.566214428125 0.01219780625 0.63687765 0.0420754203125 0.63687765 0.041719725 0.5998391953125
0 0.21422731874999998 0.5078342796875 0.2302331765625 0.511247953125 0.24623903593750002 0.5119306921875 0.263667640625 0.5115893218750001 0.2636722484375 0.478069415625 0.17937010625 0.476940453125 0.18114853125 0.4902538109375 0.1964430359375 0.5015189624999999 0.21422731874999998 0.5078342796875
0 0.090092996875 0.49281407499999996 0.090092996875 0.4878642359375 0.0826235828125 0.4801834515625 0.07124164375 0.4728440328125 0.0563028546875 0.46584598593750004 0.0374515015625 0.46328572343749996 0.01083186875 0.4628605875 0.010775078125 0.49725186250000003 0.0904486734375 0.49776391093749994 0.090092996875 0.49281407499999996
5 0.0420754203125 0.5124427500000001 0.0420754203125 0.49759323125000005 0.0101917671875 0.4971188578125 0.010775078125 0.525756103125 0.0420754203125 0.5255854234374999 0.0420754203125 0.5124427500000001
3 0.013101356250000001 0.8060559140624999 0.41629063437499997 0.80626508125 0.41629063437499997 0.7355611046874999 0.41629063437499997 0.6261601 0.41629063437499997 0.5502323609374999 0.2162215859375 0.5504415296875 0.0121285796875 0.5506522453125 0.0113578421875 0.6366206328125 0.011793725 0.6884984609375 0.013101356250000001 0.8060559140624999
5 0.19791460624999999 0.33226809375 0.10547486875 0.33226899374999996 0.10550799375 0.34732814218749997 0.149967775 0.347746475 0.1974787375 0.347746475 0.19791460624999999 0.33226809375
3 0.128173765625 0.5579672171875 0.26242486875000004 0.5581763796875 0.26329665625 0.42681171874999996 0.26242486875000004 0.3326864296875 0.0121285796875 0.3324572546875 0.011793725 0.4429176109375 0.0113578421875 0.5579672171875 0.128173765625 0.5579672171875
3 0.6379620671875 0.8056373796875 0.6379620671875 0.8000988984375 0.6895142765625 0.799545053125 0.6895142765625 0.69135250625 0.700671078125 0.6904294296875 0.71875284375 0.6878447999999999 0.73491098125 0.682675559375 0.7502997031249999 0.6736293812499999 0.7556857484374999 0.6634755125 0.755301040625 0.6555370218750001 0.6898989859375 0.6560908765625 0.6895142765625 0.626552334375 0.5848709796875 0.6267369515625 0.51215929375 0.6269215671875 0.5140828984375 0.594798403125 0.4983094484375 0.5944291734375 0.47638053437499994 0.597936875 0.45868352031250004 0.6042138140625 0.4448336734375 0.6136292250000001 0.4421406296875 0.6267369515625 0.3998053015625 0.6265929 0.40020638750000004 0.7258833234375001 0.40020638750000004 0.8063758453125001 0.6379620671875 0.8056373796875
3 0.6894173703125 0.6335473125 0.866555396875 0.634037715625 0.8685993234374999 0.5426518421875001 0.868939965625 0.48543773281249997 0.6921425796875 0.4851107953125 0.54405275 0.48507941250000003 0.5460036890625 0.5297394921875 0.5456630484375 0.6332203734374999 0.6894173703125 0.6335473125
3 0.5463443406249999 0.43917096093749997 0.54702564375 0.49213826406249994 0.867577359375 0.49181132656250004 0.868939965625 0.394868353125 0.8685993234374999 0.3458276890625 0.6931645234375 0.345500753125 0.57562449375 0.3450112171875 0.5770028453125 0.3451729671875 0.5749589578125 0.43917096093749997 0.5463443406249999 0.43917096093749997
3 0.702362075 0.352529065625 0.8685993234374999 0.351548253125 0.86928060625 0.2948203203125 0.868939965625 0.181040053125 0.6812417640625 0.180386175 0.5480375328125 0.1806664953125 0.5460036890625 0.22730513125 0.545322396875 0.352529065625 0.702362075 0.352529065625
3 0.868238015625 0.10170321093750001 0.868238015625 0.0142431296875 0.7431996890625 0.0142431296875 0.54732588125 0.0139161921875 0.547666521875 0.10709937656249999 0.44444955 0.1079167234375 0.44308696249999996 0.188019009375 0.5615244921875 0.1877287578125 0.6921219328125 0.18818248437500001 0.8685786562500001 0.187365140625 0.868238015625 0.10170321093750001
5 0.443224603125 0.3324505 0.3449699390625 0.3320821421875 0.343818525 0.34718481093750003 0.3829668578125 0.347737346875 0.4420731875 0.34700063124999997 0.443224603125 0.3324505
0 0.45550643125 0.45161613437500003 0.4727777578125 0.45180031875 0.47138353593750004 0.415575765625 0.4493655171875 0.4153329 0.42940754062500003 0.4188322984375 0.40944956718750003 0.4258310953125 0.45550643125 0.45161613437500003