3 0.7804057875 0.7358642859375 0.780693759375 0.677678721875 0.7804057875 0.615220790625 0.5960995312499999 0.6142035609375001 0.512875971875 0.615220790625 0.5123269859375 0.6575375640625001 0.5129029265625 0.73545739375 0.7804057875 0.7358642859375
0 0.69554390625 0.6491666671874999 0.7040629093749999 0.64694444375 0.7142857140625 0.6415740734375001 0.721756225 0.6347222218749999 0.7251638265625 0.6258333328125001 0.7260812578125 0.6150925921875 0.6829619921875001 0.615 0.68269986875 0.64944444375 0.69003931875 0.6496296296875 0.69554390625 0.6491666671874999
5 0.72725688125 0.7359259265625 0.7273879421875 0.7230555562500001 0.6348623859375 0.7228703703125 0.568676278125 0.7230555562500001 0.5687890171875 0.7357407406250001 0.63446526875 0.7359259265625 0.72725688125 0.7359259265625
3 0.5131434078125 0.6210185187499999 0.559536015625 0.6210185187499999 0.680526290625 0.6212037031250001 0.680526290625 0.581759259375 0.680526290625 0.5218518515625 0.680526290625 0.490740740625 0.647317378125 0.490740740625 0.647317378125 0.48490740781249997 0.573132371875 0.4848148140625 0.5141546531250001 0.485 0.5131434078125 0.485 0.5130123453125 0.5663888890625 0.5131434078125 0.6210185187499999
5 0.5971166453125 0.49712962968749996 0.5969855828124999 0.48472222187499997 0.5705111406250001 0.4846296296875 0.54272608125 0.4845370375 0.5424639578125 0.497222221875 0.56644823125 0.49712962968749996 0.5971166453125 0.49712962968749996
0 0.6321574109375 0.5895816218750001 0.6352458640624999 0.5936009734375001 0.64142276875 0.6000319390625 0.6497128234375 0.6054293562499999 0.6635295828125 0.6094487078124999 0.6810849953125 0.6100229015624999 0.680922446875 0.5794758203125 0.631182109375 0.57936098125 0.631182109375 0.5848732375 0.6321574109375 0.5895816218750001
0 0.699211725 0.465840584375 0.6906650875 0.470625446875 0.68389228125 0.477460965625 0.6808283921875 0.48281545625 0.6800221046875 0.48760031875000004 0.6798608484375 0.496030790625 0.723400321875 0.49614471718750003 0.723239065625 0.4617392734375 0.7111447671875 0.46276460156250004 0.699211725 0.465840584375
5 0.6969855828125 0.41629629687499997 0.696854521875 0.4033333328125 0.6719528171875 0.403240740625 0.652817825 0.403240740625 0.6524246390624999 0.41601851874999995 0.6697247703125 0.416203703125 0.6969855828125 0.41629629687499997
3 0.2191446921875 0.7353703703125001 0.2631855046875 0.7350925921875 0.28743189999999996 0.7611111109375 0.36724039375 0.7614814812499999 0.3909625421875 0.7351851859375 0.4268734203125 0.7353703703125001 0.427528728125 0.662222221875 0.42739766718750005 0.6156481484375 0.3866317171875 0.6156481484375 0.38768842812500004 0.4911319703125 0.271494225 0.49058368750000003 0.21936049687499998 0.49058368750000003 0.2190136296875 0.5878703703125 0.21875150781250002 0.6991666671875 0.2191446921875 0.7353703703125001
0 0.40733945 0.627222221875 0.4 0.62944444375 0.3933158578125 0.6331481484375 0.38702490156249997 0.6373148140625 0.38269986875 0.6424074078124999 0.3792922671875 0.648796296875 0.37903014375 0.6566666671875 0.427653996875 0.6569444437499999 0.4275229359375 0.6265740734375 0.4193971171875 0.62648148125 0.4146788984375 0.6265740734375 0.40733945 0.627222221875
5 0.356880734375 0.7613888890625 0.356880734375 0.748240740625 0.33289646093749997 0.7481481484375 0.2975098296875 0.7483333328125 0.297771953125 0.761296296875 0.324115334375 0.7615740734374999 0.356880734375 0.7613888890625
5 0.29659239843749996 0.7473148140625 0.286762778125 0.7362037031249999 0.27916120625 0.7278703703125 0.26356487500000003 0.7357407406250001 0.2733944953125 0.7462037031250001 0.282175621875 0.7553703703125 0.29659239843749996 0.7473148140625
5 0.372346003125 0.7557407406250001 0.3816513765625 0.7459259265625 0.390432503125 0.73555555625 0.3744429875 0.7275925921875 0.3672346 0.7366666671875 0.35727391875 0.7473148140625 0.372346003125 0.7557407406250001
0 0.43428643281249996 0.7463901171875 0.4412618015625 0.7517123234375 0.45451499999999995 0.7573302078124999 0.4687447515625 0.7584143609375 0.46916327343750003 0.7236229015625 0.4277295859375 0.7235243421875001 0.4277295859375 0.7339716359375 0.42954318281250004 0.7394909609375 0.43428643281249996 0.7463901171875
0 0.4487951984375 0.6705979609375 0.440006234375 0.6750331328125 0.43372840312500005 0.680256778125 0.429822196875 0.68646601875 0.42800859999999996 0.69356229375 0.4281481078125 0.70262975625 0.47013982499999996 0.7024326375000001 0.46972130312499993 0.6675426203125 0.4589792359375 0.6682325359375 0.4487951984375 0.6705979609375
3 0.3564276796875 0.496759259375 0.486690615625 0.4970370375 0.4865595546875 0.4711111109375 0.486690615625 0.40400546249999997 0.3345801828125 0.40419064843749997 0.3343467359375 0.3780795375 0.3281868421875 0.3780795375 0.3204542078125 0.3786350921875 0.313237221875 0.3808333328125 0.30445609375 0.38555555625000004 0.2993446921875 0.38962962968750003 0.2944954125 0.3961111109375 0.29239842656250004 0.40361111093749996 0.2192660546875 0.4040740734375 0.21843182187500002 0.45675925937499995 0.21816969843749998 0.49629629687500004 0.3564276796875 0.496759259375
5 0.2846179296875 0.4161111109375 0.2846179296875 0.4034259265625 0.2603715328125 0.40351851875 0.23704256875000002 0.40361111093749996 0.2369115078125 0.4159259265625 0.2590609171875 0.4161111109375 0.2846179296875 0.4161111109375
0 0.33471090000000003 0.3776006984375 0.3166239125 0.3790364421875 0.305649784375 0.384061546875 0.2969111265625 0.3909531171875 0.2926434109375 0.399136859375 0.2922369609375 0.4054541328125 0.28898536875 0.4057412828125 0.28837569531249996 0.41564791718749994 0.337149596875 0.41564791718749994 0.337149596875 0.403731240625 0.33511735 0.403731240625 0.33471090000000003 0.3776006984375
5 0.3950686046875 0.4163657890625 0.3950686046875 0.40301336875000005 0.36925908125 0.4031569421875 0.34527857968750003 0.40344409218750005 0.3464979265625 0.4166529375 0.36234944375 0.4166529375 0.3950686046875 0.4163657890625
5 0.331454784375 0.4973148140625 0.331323721875 0.490277778125 0.31009174375000004 0.49018518593750005 0.28728702500000003 0.49018518593750005 0.2875491484375 0.497222221875 0.3052424640625 0.49712962968749996 0.331454784375 0.4973148140625
0 0.40101742968750004 0.46921179375 0.3938223171875 0.4747099640625 0.3898576625 0.47917074375 0.38692088281250003 0.484565175 0.38677404375 0.490167084375 0.38677404375 0.49649516718750003 0.426420584375 0.49670264687500004 0.4267142625 0.46392110156250005 0.4123240359375 0.46516597031250007 0.40101742968750004 0.46921179375