3 0.26174057500000003 0.8639491765624999 0.26174057500000003 0.9234912843749999 0.264681159375 0.9234912843749999 0.263946003125 0.9580866671875 0.2774237140625 0.9582649921874999 0.2774237140625 0.9602265890625 0.52417596875 0.9611182234375001 0.5244210234375 0.958443321875 0.5415744734375 0.9586216468750001 0.5415744734375 0.9340125625000001 0.5445150578125 0.9338342390625 0.5445150578125 0.84898874375 0.5420645640624999 0.84898874375 0.54181951875 0.8431039640625 0.618764996875 0.84346061875 0.618764996875 0.7876728765625 0.6192550875 0.6881950906250001 0.5003669890625 0.6880167625 0.3645107984375 0.6878384343749999 0.263795546875 0.687869309375 0.2634559125 0.7552174125 0.26419106718749996 0.8635925249999999 0.26174057500000003 0.8639491765624999
0 0.6056574359375 0.7409724140625 0.5984478890625 0.7431038062499999 0.591914259375 0.74605496875 0.5858312031249999 0.7506456625 0.5797481624999999 0.7570398468749999 0.575467496875 0.7650735578125001 0.57434100625 0.7739270421875 0.61106459375 0.7745828578125 0.6106139859375 0.77900959375 0.6184994171875 0.7788456421875 0.618781040625 0.7358776953125 0.6112898875 0.7358898593750001 0.6112898875 0.7409724140625 0.6056574359375 0.7409724140625
5 0.5447340875 0.93501369375 0.54443355 0.8897522906249999 0.54443355 0.8479785984375001 0.5241469015625 0.847742728125 0.5245977203125001 0.8890845 0.5245977203125001 0.93501369375 0.5447340875 0.93501369375
5 0.646317615625 0.8910762078125 0.6457165390624999 0.877297453125 0.6457165390624999 0.8565199625 0.625580146875 0.8564874140625 0.625880684375 0.8744542187500001 0.626181246875 0.8910762078125 0.646317615625 0.8910762078125
5 0.5256041578125 0.9609133906249999 0.5256041578125 0.9458223765625 0.40362918125 0.9458223765625 0.276198965625 0.9458471828125001 0.2760418703125 0.9606946828125 0.364813678125 0.9613508124999999 0.5256041578125 0.9609133906249999
5 0.2804053125 0.9248590390625001 0.2804053125 0.8988452203125 0.2801846546875 0.863517815625 0.2609871140625 0.8633867499999999 0.26042194531249996 0.890173946875 0.2610839359375 0.92469845625 0.2804053125 0.9248590390625001
3 0.2613387171875 0.66946755 0.264444475 0.66946755 0.2638233203125 0.6941028 0.46957179218749995 0.6943288078125 0.618648134375 0.6943288078125 0.618648134375 0.67150165625 0.618648134375 0.58000316875 0.50980998125 0.58000316875 0.375951865625 0.58022918125 0.26367875 0.580375775 0.264444475 0.6001181890625 0.26164930000000003 0.6005702046875 0.2613387171875 0.66946755
5 0.27969980781250003 0.6698485015625 0.2800186921875 0.635748571875 0.27969980781250003 0.6003723328125 0.2613242015625 0.6002189984374999 0.26104518125 0.6235717921874999 0.26120461875 0.6696164437500001 0.27969980781250003 0.6698485015625
0 0.5749578078125 0.5888178234375 0.5747583109375001 0.5930240609374999 0.5755563109375 0.598540878125 0.58233929375 0.6091389734375 0.594109771875 0.6174141984375 0.610867740625 0.6224954765625 0.6104687328125 0.627141215625 0.618847725 0.6269960390625 0.6189973421875 0.5843155265625 0.61066824375 0.5847528015625 0.61066824375 0.5891081828125 0.5749578078125 0.5888178234375
3 0.2619950671875 0.5695328953125001 0.26467852187499996 0.56967238125 0.26429516249999996 0.5862711359375 0.29351603125 0.5862711359375 0.48747986875000004 0.586131653125 0.618776040625 0.58585268125 0.619159384375 0.5335679859375 0.6555776453125 0.5335679859375 0.6557693171875 0.4609184328125 0.5961623078125 0.4606394609375 0.43670108281250003 0.4606394609375 0.34055864687500004 0.4606394609375 0.2640802984375 0.46083729843750004 0.264103490625 0.5277096015625 0.26142003593749996 0.527849084375 0.2619950671875 0.5695328953125001
5 0.28001252499999996 0.5704934078125 0.28001252499999996 0.5275701171875 0.26074917656249996 0.5272388609374999 0.2608450203125 0.5484547281250001 0.2606533484375 0.57035391875 0.28001252499999996 0.5704934078125
0 0.603126015625 0.5453916484375 0.5970648359374999 0.5473143171875 0.5897603453125 0.5508203593750001 0.584009990625 0.555344284375 0.5795029578124999 0.560320603125 0.5757730125 0.567898171875 0.5745296890625 0.576719828125 0.6108967562500001 0.5768329249999999 0.61074134375 0.5812437515625 0.6188229093750001 0.5811306515625 0.618589784375 0.5389935765625 0.61074134375 0.5391712531249999 0.61074134375 0.5444868656249999 0.603126015625 0.5453916484375
3 0.4592872234375 0.46680150468750004 0.5818417890625 0.46646045156250004 0.5813731375 0.42504079531250005 0.582076115625 0.35907447187499997 0.5094338234375 0.3587334203125 0.5094338234375 0.3532765859375 0.457158215625 0.354129215625 0.45668954375000004 0.3514007984375 0.37171106875 0.3514007984375 0.37171106875 0.3539586890625 0.2636797984375 0.3535202671875 0.2638265453125 0.3987888703125 0.26406088125 0.46680150468750004 0.4592872234375 0.46680150468750004
5 0.45730337343749994 0.3652819765625 0.45730337343749994 0.35111221718749996 0.41313630625000003 0.35111221718749996 0.37126464375 0.351099003125 0.3711854921875 0.3652819765625 0.4163024046875 0.3652819765625 0.45730337343749994 0.3652819765625
0 0.5381065781250001 0.42482834374999995 0.5381065781250001 0.4272031125 0.5382425484375 0.43195265312500003 0.540961975 0.43828537343749996 0.545720971875 0.4442434140625 0.5582303359375 0.4529509046875 0.5731871828124999 0.45690885468750003 0.5731871828124999 0.46165839531249997 0.5820253203125 0.46175734375 0.5818213609375 0.4198830734375 0.5731871828124999 0.41978195625000003 0.5731871828124999 0.42492729218749997 0.5381065781250001 0.42482834374999995
0 0.7173432515625 0.8059127078125 0.704315109375 0.8066844015625 0.6931048453125 0.8098814187500001 0.6837124609375 0.815173034375 0.6775013703125 0.8214568296874999 0.67310815625 0.8288430421875 0.67235070625 0.8319298171874999 0.665230678125 0.8320400609374999 0.6645110984375 0.8377849140625001 0.7235543421874999 0.8382136109375 0.723705840625 0.831599090625 0.7173432515625 0.831599090625 0.7173432515625 0.8059127078125
0 0.6660638734375001 0.4524564171875 0.6746988015625 0.44892867656249996 0.681818840625 0.4441882671875 0.6866665171874999 0.43900689843749996 0.6895448296875 0.4341562484375 0.69105973125 0.4284236640625 0.69136270625 0.4218091453125 0.65591404375 0.4223603546875 0.65576254375 0.41784043281249994 0.6472791046874999 0.417942025 0.6472791046874999 0.459732390625 0.65576254375 0.45984263125 0.65591404375 0.45466125625 0.6660638734375001 0.4524564171875
3 0.49150107031249995 0.24910063437500002 0.49400660781249994 0.249179909375 0.4941155421875 0.2817449640625 0.4941155421875 0.3120945484375 0.48812404843749996 0.3121738234375 0.48801510937500003 0.35385548437500003 0.4947691578125 0.35385548437500003 0.4944423546875 0.3647954125 0.49520490468749995 0.3647161375 0.5821564765625 0.36463686093750003 0.7110021296875 0.3643197640625 0.73671108125 0.3643197640625 0.73671108125 0.2906750421875 0.736626434375 0.15611822343749998 0.692072225 0.156197496875 0.692072225 0.161429634375 0.6866254140625 0.1613503609375 0.686734346875 0.13526894218750002 0.6808517890625 0.135348215625 0.674436478125 0.135982415625 0.6658305125 0.1383606609375 0.658640721875 0.141928028125 0.6510151859375 0.14742905312500001 0.6455683734375001 0.1544845125 0.6427360328125 0.161381421875 0.596508396875 0.161381421875 0.5307373765625 0.161302146875 0.494461603125 0.16117625468750002 0.4942244765625 0.2051242296875 0.4917189484375 0.205203503125 0.49150107031249995 0.24910063437500002
0 0.6866411921875 0.1350871625 0.6771671078125 0.135421703125 0.6695326515625 0.13716130937499998 0.663553859375 0.1394361796875 0.6568392171874999 0.143049209375 0.6515042953125 0.146729146875 0.6473651328125001 0.15107816406250002 0.644697671875 0.1553602734375 0.64285804375 0.16131508125 0.63568349375 0.1613819890625 0.6352235875 0.16686844218750002 0.692895928125 0.16693534999999998 0.692803946875 0.16104745 0.6863652484375 0.16104745 0.6866411921875 0.1350871625
5 0.68721896875 0.0789339546875 0.6869972859375 0.06571110625 0.6514170781249999 0.0655498515625 0.6149501359375 0.06571110625 0.6149501359375 0.07901458125000001 0.6504195015625001 0.079095209375 0.68721896875 0.0789339546875
5 0.5096504546875 0.143435653125 0.5099829796875001 0.12948716093749998 0.5098721390625001 0.1053796515625 0.49147240468750003 0.10521839687500001 0.4913615625 0.11674807499999999 0.491583246875 0.14335502656250002 0.5096504546875 0.143435653125
5 0.5096177953125001 0.24918305 0.5096177953125001 0.22622442812500002 0.5096177953125001 0.20482371093750001 0.491131328125 0.20498770156249999 0.49135677343750006 0.22319060937500002 0.49124405156249995 0.24918305 0.5096177953125001 0.24918305
0 0.5064615703124999 0.3482331078125 0.5119849656250001 0.3476591421875 0.5172829171875 0.3463472203125 0.522693590625 0.3442153484375 0.5296823765625 0.339869609375 0.5348676046875 0.33478591406249997 0.538925609375 0.3289642640625 0.54118005625 0.3226506421875 0.5412927796875 0.3168289921875 0.506348846875 0.31674699687499996 0.506236125 0.31199128125 0.4878623796875 0.3118272921875 0.487975103125 0.35381202031250003 0.5064615703124999 0.3539760109375 0.5064615703124999 0.3482331078125