3 0.512269296875 0.492715840625 0.5127446453125 0.6043400890624999 0.5127446453125 0.7159643390625 0.6619774281249999 0.716613709375 0.6622119671875 0.5429970109375 0.661742890625 0.4243458171875 0.5911043578124999 0.4243458171875 0.5142918671875 0.423113715625 0.5146460187499999 0.42840625 0.5124277421875 0.42921348593750003 0.512269296875 0.492715840625
0 0.54830594375 0.464763140625 0.5507140953125 0.458219875 0.5532426625 0.448813928125 0.5549283609375 0.437772171875 0.55577121875 0.42427669375 0.5235019875 0.423393475 0.5233815828124999 0.422640875 0.52362239375 0.4289796625 0.54830594375 0.464763140625
5 0.6142863140625 0.7184209953125 0.6145271250000001 0.7059479015625 0.5892445171875 0.705538946875 0.562333428125 0.7057068875 0.562149834375 0.7173986109375 0.5824987140625 0.7173986109375 0.6142863140625 0.7184209953125
5 0.49313857499999997 0.5690919765625 0.49313857499999997 0.5578003171875 0.4637324078125 0.5578003171875 0.4413500078125 0.5576257499999999 0.44153731250000006 0.5690919765625 0.4640133609375 0.5692510125 0.49313857499999997 0.5690919765625
5 0.426834225 0.5066156890625 0.426927878125 0.473234778125 0.426927878125 0.43283926250000004 0.4203957734375 0.432834584375 0.420335321875 0.454139803125 0.4202787109375 0.5062976124999999 0.426834225 0.5066156890625
3 0.50444690625 0.3695616296875 0.5592677828125 0.3695616296875 0.5595511015625 0.1786200859375 0.5594094375 0.102868928125 0.5195588734375 0.10238780781250001 0.51941721875 0.10094443906249999 0.46827939687500003 0.10070387656249999 0.46827939687500003 0.1021472453125 0.4211079375 0.1019544890625 0.42136653281249997 0.2373042171875 0.4215081859375 0.36835882343750004 0.50444690625 0.3695616296875
5 0.519436753125 0.1120929203125 0.5195123828125 0.1004050953125 0.49916663281250007 0.10027665781249999 0.4680821671875 0.10001025156250001 0.46815872656249996 0.11183604375 0.489259859375 0.11222135625 0.519436753125 0.1120929203125
0 0.5317123375 0.34153521875 0.5280820328125 0.3345995859375 0.5092498421875 0.363883365625 0.508924 0.36910867812500003 0.5354182734374999 0.369493990625 0.5354182734374999 0.35947585625 0.5336787515625 0.3489846 0.5317123375 0.34153521875
0 0.60875366875 0.35827723906250003 0.604223003125 0.35480252968750003 0.5988154359375 0.35256878125 0.5939559234375 0.35203704375 0.5938463140625 0.39972563125 0.5976462265625 0.39972563125 0.6160611968749999 0.3654748671875 0.60875366875 0.35827723906250003
5 0.663200375 0.378838821875 0.66296936875 0.3533391546875 0.6628538578125001 0.31724731875 0.6560968218750001 0.317188434375 0.6562700796875001 0.34510080625 0.6561545765625 0.378838821875 0.663200375 0.378838821875
3 0.59928291875 0.3160451203125 0.5994125328125001 0.2746749375 0.6618879328125 0.27423471093749996 0.6618879328125 0.18885295625 0.6620175484375 0.10216223437500001 0.616717734375 0.1012817703125 0.5539830984375 0.1023655515625 0.5537897109375 0.20097109375 0.5539193250000001 0.3153847640625 0.59928291875 0.3160451203125
5 0.635344021875 0.1125311828125 0.6352144078124999 0.1008649984375 0.613802390625 0.10064488593750001 0.5829535375 0.10099040937499999 0.5832379875 0.1118708265625 0.608254065625 0.1120909484375 0.635344021875 0.1125311828125
0 0.5886818984375 0.2865377703125 0.5847933875 0.27839345625 0.56340658125 0.3094298890625 0.563147346875 0.3140523375 0.563536196875 0.3146874375 0.5928296390625001 0.3153730328125 0.592181553125 0.30326662656250003 0.5904965390625 0.2924809140625 0.5886818984375 0.2865377703125
3 0.301530525 0.7631581109375001 0.301530525 0.47113189999999994 0.2425874796875 0.47113189999999994 0.1506731515625 0.4691633109375 0.15159413593749999 0.5223985296875 0.1512257484375 0.7619068875 0.301530525 0.7631581109375001
0 0.18717025625 0.5028389328125 0.1892627859375 0.4944626703125 0.1912058640625 0.482279009375 0.191803734375 0.4700953484375 0.1607145609375 0.470075975 0.1607145609375 0.4772024859375 0.1844798421875 0.5091845875 0.18717025625 0.5028389328125
5 0.25518931562499997 0.764679346875 0.25548825625 0.7517342046875 0.23993215625 0.7519880359375 0.20226643593750002 0.7517342046875 0.20302527499999998 0.7644255140625 0.2218581453125 0.7641716921875 0.25518931562499997 0.764679346875
0 0.13507948593750002 0.7254702640625 0.1330505578125 0.7209645765625 0.1090156265625 0.7556849390625 0.10909365468750001 0.761734090625 0.141010190625 0.762045925 0.140541971875 0.7466735421874999 0.1375766203125 0.7331564562499999 0.13507948593750002 0.7254702640625
5 0.0949692265625 0.7541088234375 0.0952813703125 0.6786004015625 0.0952813703125 0.6163157703125 0.087828975 0.61602371875 0.08794602968750001 0.674861571875 0.08794602968750001 0.7538437765625 0.0949692265625 0.7541088234375
0 0.13429913124999998 0.57231896875 0.11104454374999999 0.6080995 0.110654365625 0.6137055984375 0.143195175 0.61419544375 0.140854109375 0.593522246875 0.13944947968750002 0.585305975 0.13429913124999998 0.57231896875
0 0.22810678125 0.42435679843749996 0.2241897625 0.42818668437499996 0.220272753125 0.4348385859375 0.236771696875 0.4630587828125 0.23950173281249998 0.4628572046875 0.23950173281249998 0.42191351250000003 0.2355847234375 0.42133320625000004 0.2324985828125 0.4223410703125 0.22810678125 0.42435679843749996
3 0.199669046875 0.200495340625 0.199669046875 0.3395268734375 0.19943164687499998 0.41730175 0.23818535000000002 0.41669703281250003 0.30073889062500003 0.4168986015625 0.3010949875 0.34255046718750004 0.3010949875 0.23575984062500002 0.300857596875 0.1485110421875 0.2220532140625 0.1479063203125 0.200183209375 0.147891365625 0.200025134375 0.151937778125 0.19955034375 0.1521393515625 0.199669046875 0.200495340625
5 0.27373624531249996 0.158388109375 0.273498853125 0.14689845625 0.2503528453125 0.14689845625 0.221093928125 0.14688393125000002 0.221271975 0.1587912515625 0.24596104375 0.15858968281250002 0.27373624531249996 0.158388109375
0 0.2845115125 0.35522631875 0.27943142656250003 0.3612835921875 0.2981304484375 0.39707658437500004 0.300724534375 0.3968930328125 0.3005083546875 0.34750265625 0.29640106093749996 0.3484348265625 0.291212890625 0.350637475 0.2845115125 0.35522631875
0 0.2094593015625 0.393760346875 0.20765293749999997 0.40322981562500004 0.2068675640625 0.40883147500000006 0.20647487656250002 0.4164789984375 0.23074294062499998 0.4168338421875 0.2308214765625 0.41163230625 0.21283640625000003 0.3850911140625 0.2094593015625 0.393760346875
3 0.060431571875 0.4172783375 0.20498613593749998 0.4172783375 0.20480103593750001 0.244800659375 0.20424576249999998 0.10372144218749998 0.060616665624999996 0.10183551718749999 0.060246485937500004 0.195452490625 0.060246485937500004 0.334960115625 0.060431571875 0.4172783375
0 0.1793671265625 0.3895846515625 0.1759106328125 0.3821425375 0.15597409843750001 0.411491715625 0.1560975421875 0.4168949421875 0.18313223125 0.41683745781250003 0.18276189375000002 0.4064604296875 0.18115709062500002 0.3977604953125 0.1793671265625 0.3895846515625
4 0.175250178125 0.11135242187500001 0.1751431390625 0.10226345625 0.14389105625 0.10226345625 0.09408981562499999 0.1015713 0.0939307015625 0.1109888640625 0.11916023281250002 0.11135242187500001 0.175250178125 0.11135242187500001
5 0.066072625 0.5479576500000001 0.0659865953125 0.5126013859375 0.066072625 0.474630890625 0.059276090625 0.47447737500000003 0.059276090625 0.5061885484374999 0.0591900609375 0.5479576500000001 0.066072625 0.5479576500000001