5 0.61657776875 0.7705717765625 0.6042129359375 0.7705717765625 0.5815392015625 0.77018873125 0.58148836875 0.79160156875 0.652502646875 0.79160156875 0.652335559375 0.7715169375 0.61657776875 0.7705717765625
5 0.463678590625 0.771899959375 0.446312175 0.771899959375 0.4387143765625 0.7717464703125 0.4351843265625 0.7716516203125 0.43480693437499995 0.7913931062499999 0.49406980625 0.7910861265625 0.49450396718749995 0.7723604296875 0.463678590625 0.771899959375
5 0.197576315625 0.77045284375 0.17020022968749998 0.770718003125 0.1338238046875 0.7709831640625 0.12314112968749999 0.7710112875 0.12369840624999999 0.79219588125 0.2623601140625 0.7916655625 0.2624538640625 0.7712483234375 0.197576315625 0.77045284375
5 0.42003017500000006 0.2186520625 0.3317466546875 0.218144565625 0.23341453125 0.21560708437499998 0.20757544375 0.21560708437499998 0.20757544375 0.242504375 0.36548098281249997 0.24301187343750003 0.4193124390625 0.24301187343750003 0.42003017500000006 0.2186520625
5 0.8244108375 0.2177179890625 0.72747815625 0.216724703125 0.6804166421875 0.216724703125 0.6458956046875 0.2180228734375 0.6452961234375 0.24106046874999998 0.7429311968750001 0.24255041875 0.8251132312499999 0.24304706875 0.8244108375 0.2177179890625
0 0.54194168125 0.45756465156250004 0.49124591406249996 0.4656244890625 0.470247671875 0.47962314843750004 0.45239925156250005 0.5064539203125 0.4512674953125 0.527795865625 0.4528491703125 0.5279821640625 0.5428415515625 0.5284063671875 0.54194168125 0.45756465156250004
0 0.6561194921875 0.5101656875 0.6442329890625 0.48810719062499996 0.61603543125 0.46774549375 0.5872378406250001 0.460109859375 0.5620399234375 0.45968565625 0.5619353109375 0.528177515625 0.564439728125 0.5288305703125 0.6562319796875 0.5284063671875 0.6561194921875 0.5101656875
0 0.33397125 0.5999340671875 0.379958578125 0.606437246875 0.379192140625 0.539237615625 0.3792646984375 0.538245296875 0.27782832343749997 0.53869568125 0.284151609375 0.5598310546875 0.30561235781249996 0.59017928125 0.33397125 0.5999340671875
3 0.21672316875000003 0.2203100515625 0.1267047046875 0.2209731 0.06354997812499999 0.22064005312499999 0.061771009375 0.5256704421875 0.5557768609375 0.528382325 0.5624946796875 0.221296796875 0.21672316875000003 0.2203100515625
3 0.9344212109375001 0.49540039687500004 0.9344212109375001 0.222468184375 0.74638704375 0.222468184375 0.6337322640624999 0.221882490625 0.5823749078125 0.221882490625 0.5462889 0.22180675 0.5475844859375 0.5287847953125 0.6743211359375 0.52995618125 0.675149459375 0.4959860734375 0.9344212109375001 0.49540039687500004
3 0.38009123906250003 0.5200970421875 0.20400921562500002 0.5200970421875 0.1101472734375 0.5200970359375 0.061493221875000004 0.5198128390625001 0.061397315625000004 0.7901923625 0.3793636453125 0.7907068453125 0.38009123906250003 0.599839471875 0.38009123906250003 0.5200970421875
0 0.461248028125 0.7446571109375 0.55916521875 0.7443258562499999 0.5596337109375 0.697949259375 0.558542825 0.6824732984375 0.5282439765625 0.683705021875 0.4902952 0.6986117843749999 0.466870034375 0.7174936859375001 0.461248028125 0.7446571109375
0 0.8698006796875 0.713679496875 0.8048518843749999 0.7276803765625 0.7802980546875 0.7517618921875 0.7767947984375 0.7890068375 0.777129809375 0.7904043390625 0.8729689234375 0.790124328125 0.8698006796875 0.713679496875