3 0.7477988984375 0.69259725625 0.7477988984375 0.77065169375 0.95968843125 0.7711159671875001 0.95968843125 0.6428823390625 0.9595257671875 0.5453284 0.8501136812500001 0.5446319875000001 0.7849425437499999 0.544840478125 0.785538190625 0.6061858921875001 0.7476362234375 0.606418028125 0.7477988984375 0.69259725625
0 0.793136975 0.557874175 0.793949896875 0.5619988921875 0.795124115625 0.5675414812499999 0.7980144984375 0.573599659375 0.8256538078125001 0.5518159953125 0.825744128125 0.5451133312499999 0.7915170687499999 0.54502328125 0.7917821078125 0.5500114328125 0.792504703125 0.5536205609375 0.793136975 0.557874175
5 0.9111251046875 0.7718611734375 0.9111251046875 0.7532999453125 0.88428134375 0.7532999453125 0.8519369625 0.7531710484375 0.8224143406250001 0.7530363312499999 0.822793165625 0.7716033765625 0.8471753359375 0.7717322765625 0.9111251046875 0.7718611734375
3 0.6967928453125001 0.770885634375 0.753660171875 0.7711714734374999 0.7537603265625 0.7279631609375 0.753660171875 0.6149748859375 0.7914171796875 0.61426028125 0.7914171796875 0.5453378468750001 0.6872870953125 0.5447661671875 0.612476884375 0.5449090875 0.5686395046875 0.5451624875000001 0.56890599375 0.64545169375 0.56890599375 0.770456871875 0.6967928453125001 0.770885634375
0 0.7563511859375 0.5634783031249999 0.7594810046875 0.5714401453125 0.7849958390625 0.551341340625 0.785063875 0.5452243140624999 0.7540638390625001 0.5452281453125 0.75403784375 0.5527006828125 0.7547862796875 0.5573612734375 0.7563511859375 0.5634783031249999
5 0.6970878968750001 0.771495871875 0.6970878968750001 0.753533175 0.6651834625 0.75333898125 0.627589584375 0.7533311031250001 0.627748878125 0.7716900625 0.65279415 0.7713987765625 0.6970878968750001 0.771495871875
5 0.5808832640625 0.7408473828125001 0.580766475 0.7169177125 0.5808248671875 0.6786415046875 0.568618384375 0.6786468171875 0.5682116781250001 0.7090777921875 0.5682700703125 0.7409307140625 0.5808832640625 0.7408473828125001
0 0.8487156578124999 0.531799303125 0.8300967515625001 0.4849063171875 0.8261223171875001 0.48572609218749996 0.8262601249999999 0.5409780515625 0.8360773703125 0.5398508343749999 0.8421708265625 0.5369522796874999 0.8487156578124999 0.531799303125
5 0.9606785234374999 0.4476045953125 0.9606785234374999 0.4119907234375 0.9605656781249999 0.3710889328125 0.946762071875 0.3710361484375 0.9469118218749999 0.39735113437499997 0.9473631875 0.4476045953125 0.9606785234374999 0.4476045953125
5 0.9069685765625 0.35745428281249997 0.90670729375 0.3389043328125 0.8895279359374999 0.33899754843749996 0.8696367781250001 0.339045946875 0.8694091421874999 0.3568949859375 0.8827998984375001 0.3571746359375 0.9069685765625 0.35745428281249997
5 0.8050054890625 0.3571982953125 0.8050054890625 0.3390454875 0.790553053125 0.3389602625 0.774523015625 0.3389687640625 0.774249265625 0.3568573984375 0.7849990140625 0.3569426234375 0.8050054890625 0.3571982953125
3 0.6153786328125 0.5536745609375 0.7538292671875 0.5535586671875 0.7538292671875 0.4813101578125 0.7539916953125 0.382957478125 0.7539916953125 0.3401646625 0.6265096781249999 0.34028055468749996 0.5689217203125 0.340007546875 0.5686126015624999 0.4828167703125 0.5686126015624999 0.5532109843749999 0.6153786328125 0.5536745609375
5 0.6866091421875 0.3568724875 0.686503634375 0.339256471875 0.6598166453125 0.339181190625 0.6261426515624999 0.339202659375 0.62609425625 0.3567219234375 0.6460120109374999 0.3570230515625 0.6866091421875 0.3568724875
5 0.58092916875 0.438624978125 0.58092916875 0.40672328125 0.58092916875 0.373290275 0.568147678125 0.37316833437499997 0.567759753125 0.39209493125 0.567759753125 0.438624978125 0.58092916875 0.438624978125
0 0.733248340625 0.5262207734375 0.7358290921874999 0.5280230234375 0.7401669515625 0.5305304984375 0.745218634375 0.532097671875 0.7499408609375 0.533978278125 0.753729625 0.5340566359375 0.7536778921875 0.4796913265625 0.74988595 0.4798388 0.7315461421875 0.5250453953124999 0.733248340625 0.5262207734375
0 0.49978912343750004 0.475909084375 0.49321061562499996 0.479203065625 0.4875554046875 0.48414403437500003 0.5055597421875 0.5306455921875 0.5146773234375 0.5306455921875 0.5143837703125 0.47430960625 0.508906703125 0.4742620921875 0.5034823171875 0.4745914921875 0.49978912343750004 0.475909084375
0 0.462934975 0.45224921250000005 0.46133690625 0.45790092656250003 0.460225209375 0.46295772187499995 0.460086246875 0.467221296875 0.459689034375 0.47546453906249997 0.4975365796875 0.47505437500000003 0.49746710156249996 0.46950181406249997 0.4659226625 0.44471359218749995 0.462934975 0.45224921250000005
5 0.46785365937499995 0.35579234375 0.4746300953125 0.35608538125 0.4912118296875 0.35608538125 0.4911091609375 0.3381307890625 0.483870690625 0.3382040484375 0.46245652968749995 0.3383165328125 0.46184727499999995 0.3542538875 0.46785365937499995 0.3541073671875 0.46785365937499995 0.35579234375
0 0.44307948281250004 0.508141534375 0.4376423765625 0.51072786875 0.4322052703125 0.516172790625 0.449852015625 0.561418759375 0.45433524687500004 0.5615548828125 0.4541979171875 0.506047190625 0.45099667187500003 0.5070525515625001 0.44727654843750003 0.5073247953125 0.44307948281250004 0.508141534375
3 0.44136295312499996 0.5038232046875 0.45429250468750004 0.5034793953125 0.45437281093750004 0.3790422390625 0.45429250468750004 0.339132525 0.35699222812500003 0.339017921875 0.34655220781249996 0.339017921875 0.29839042656250003 0.33899748125 0.298343478125 0.426754246875 0.2981828625 0.5037086015625001 0.44136295312499996 0.5038232046875
5 0.40076354687500004 0.354619590625 0.40081488125 0.33820345625 0.3818683609375 0.33820345625 0.35652767500000004 0.3383165328125 0.35625515625 0.3547661109375 0.3646225515625 0.35454633125 0.40076354687500004 0.354619590625
3 0.28998989062499997 0.553771453125 0.28902801875 0.7713810890625 0.43192737187499997 0.7713810890625 0.43165255 0.6799225156250001 0.43165255 0.6718827265625 0.45460025000000004 0.6720788171875001 0.45460025000000004 0.628334290625 0.45432541875 0.4954843015625 0.35336510625 0.49528820937500007 0.35295286875 0.4901898046875 0.35171616562499997 0.481953915625 0.3472896765625 0.4715610078125 0.3189829265625 0.49489602499999996 0.261335303125 0.4954272640625 0.26168315 0.4968569515625 0.2615457390625 0.5535753609375 0.28998989062499997 0.553771453125
0 0.2910819046875 0.5192671390625 0.293289378125 0.5117946359375 0.294418784375 0.505567553125 0.2950348265625 0.4956774765625 0.2684418484375 0.49581653281250004 0.2684424453125 0.5009521828125 0.276142940625 0.50849794375 0.2910819046875 0.5192671390625
0 0.34917728124999997 0.47711900625 0.34726707343749996 0.47249673437500006 0.3157901984375 0.49655625312499996 0.3155309609375 0.50401338125 0.35357906250000004 0.5040229968750001 0.35266548593749997 0.4907487828125 0.35117054062499997 0.48209683593749997 0.34917728124999997 0.47711900625
0 0.44291719843750005 0.5083117265625 0.43765819375000004 0.511177215625 0.432112334375 0.5155436718749999 0.4494192390625 0.5614411859375 0.45458262187500004 0.5614411859375 0.4545588453125 0.505617271875 0.450757896875 0.506401403125 0.44779373125 0.5068107578125 0.44291719843750005 0.5083117265625
0 0.3130932234375 0.6066276046875 0.2952430546875 0.5606033421875 0.2895733078125 0.5604519640625 0.28987552499999997 0.61571239375 0.300236109375 0.6142873265625 0.30847465 0.610190265625 0.3130932234375 0.6066276046875
5 0.4325005578125 0.7406901390625 0.43231740625 0.7110037765625 0.43222582656249997 0.679226475 0.4193282984375 0.679027196875 0.41922200312499996 0.698186190625 0.4190388515625 0.740820821875 0.4325005578125 0.7406901390625
5 0.3861395125 0.7718426265625 0.3860410203125 0.7531368953124999 0.35747707968750003 0.7529963375000001 0.3295705015625 0.7526199328125001 0.32940562500000004 0.7718426265625 0.35087782968750003 0.7718426265625 0.3861395125 0.7718426265625
0 0.24116285781250002 0.7434494984375 0.239665146875 0.7519987015625 0.23896621875 0.756130815625 0.23906606562500002 0.76225774375 0.2387648703125 0.7703139296875 0.277107846875 0.77080694375 0.2773075421875 0.757270709375 0.245356440625 0.7321930484375 0.24116285781250002 0.7434494984375
5 0.26035174375 0.356756696875 0.2607447953125 0.3379663796875 0.25062368749999997 0.3379663796875 0.238435596875 0.3377644140625 0.238045996875 0.356756696875 0.24747926874999998 0.3566164703125 0.26035174375 0.356756696875
3 0.040861404687500005 0.770772053125 0.0803342078125 0.7711046406250001 0.22601991093749998 0.770938346875 0.22590337656249998 0.6549500921875 0.22601991093749998 0.3966720703125 0.22532072187500002 0.339925153125 0.1597613234375 0.34042403593750004 0.1264691453125 0.3149809421875 0.12472118750000001 0.3203023734375 0.1235558859375 0.3261226875 0.12204097968750001 0.3344374265625 0.12122527187500001 0.329947465625 0.12017649687500001 0.325124921875 0.11889465937499999 0.3206349625 0.1164475125 0.315812415625 0.086499146875 0.3390936765625 0.0406440796875 0.339231059375 0.040861404687500005 0.44693349062500004 0.040861404687500005 0.58189281875 0.040861404687500005 0.770772053125
0 0.20633517499999998 0.6212546796875 0.212919734375 0.6240736234375001 0.22586936406250002 0.6264227421874999 0.2258538953125 0.5694443406249999 0.21906531875000002 0.5688930078125 0.199092159375 0.6176526953125 0.20633517499999998 0.6212546796875
5 0.171576578125 0.7727876984375001 0.1717152234375 0.7530030812499999 0.1406598109375 0.7528052328125 0.099287459375 0.7527133140625 0.0989291015625 0.7721941609375 0.1285981140625 0.7723920078125001 0.171576578125 0.7727876984375001
5 0.053463781249999995 0.7340677343750001 0.0536255765625 0.7051866203125 0.053949190625 0.671475328125 0.0389933625 0.6710571390625 0.039387003125 0.7031272328125 0.0395487984375 0.7340677343750001 0.053463781249999995 0.7340677343750001
1 0.12184125625 0.33276695625 0.117008678125 0.315769384375 0.11329130937500001 0.3173629078125 0.08373821875000001 0.340468984375 0.08373821875000001 0.35560745 0.1601301578125 0.3537483390625 0.1595725609375 0.3402034015625 0.1281607859375 0.316566146875 0.12555862499999998 0.3181596703125 0.12184125625 0.33276695625