5 0.2721215625 0.1064343171875 0.1280387640625 0.1059580578125 0.12824158125000001 0.13085106875000002 0.186932046875 0.13099139531249998 0.27153268750000004 0.1312720484375 0.2721215625 0.1064343171875
5 0.508680184375 0.150654515625 0.4210421765625 0.15002623125 0.42136227187499997 0.16485858281250002 0.4631911859375 0.16485858281250002 0.508680184375 0.16448479062500002 0.508680184375 0.150654515625
5 0.7078904234375 0.10579956875 0.63181648125 0.104271553125 0.6320755015625 0.13196495 0.6712901421875 0.13196495 0.7068447265625 0.13196495 0.7078904234375 0.10579956875
5 0.79729981875 0.105051984375 0.72120736875 0.1049444171875 0.7214848390624999 0.132712534375 0.7570394234375 0.1323387421875 0.79729981875 0.13196495 0.79729981875 0.105051984375
0 0.32724718125 0.235514796875 0.3058098609375 0.23887891875 0.285941115625 0.2478499078125 0.2681637953125 0.2605588109375 0.2587522859375 0.2740152953125 0.254569409375 0.2882193625 0.2554337953125 0.30781258125 0.34136444374999997 0.3084040859375 0.3424101703125 0.2351410109375 0.32724718125 0.235514796875
0 0.4652826390625 0.2358885890625 0.44175386562499996 0.24336441562500002 0.42083942343749997 0.25644710625 0.40829073437499996 0.2717725515625 0.40253925312499994 0.293452434375 0.40222304218750005 0.30848544375000003 0.49194861875000007 0.308777878125 0.490380015625 0.235514796875 0.4652826390625 0.2358885890625
0 0.63312125625 0.36185622500000003 0.6587414828125 0.3435404625 0.67076729375 0.325972275 0.672335840625 0.30578755 0.5683019015624999 0.3061304234375 0.5693320875000001 0.3693320515625 0.603840975 0.36895826875000004 0.63312125625 0.36185622500000003
0 0.49456292187499995 0.3184964484375 0.47260269531250004 0.324850896875 0.45325682812499996 0.33344809999999997 0.439662440625 0.34578320625000003 0.42763660156250005 0.3637251765625 0.4257469609375 0.38855612968750003 0.5186145437499999 0.3928808953125 0.516000240625 0.318870240625 0.49456292187499995 0.3184964484375
0 0.2963983515625 0.5117523015625001 0.32358715312499997 0.52147088125 0.3497302265625 0.5203495140625 0.3502530765625 0.44671264062500005 0.25966809999999996 0.4481044953125 0.26084373906249997 0.47175665625 0.2681637953125 0.48895104062500006 0.2807124828125 0.5012861578125001 0.2963983515625 0.5117523015625001
0 0.75181081875 0.74837956875 0.7606994796875 0.7203452265625 0.76017663125 0.7042722078125 0.670866184375 0.7041288296875 0.672858746875 0.780151815625 0.70004751875 0.777161496875 0.7293278015625 0.7674429171875 0.75181081875 0.74837956875
5 0.571423540625 0.8866900624999999 0.5301931546875001 0.886474675 0.52959465625 0.9136030281249999 0.620572540625 0.91397683125 0.621095446875 0.887063865625 0.571423540625 0.8866900624999999
5 0.727759196875 0.887063865625 0.6882738828125 0.8868111078125 0.6880217078124999 0.9136030281249999 0.775862440625 0.9143506125 0.775862440625 0.887063865625 0.727759196875 0.887063865625
5 0.8748073765625 0.8870268812500001 0.8369450437499999 0.8868111078125 0.8376842171875 0.9139398468750001 0.9234335265625001 0.9139398468750001 0.9239563765625001 0.8870268812500001 0.8748073765625 0.8870268812500001
3 0.9942516343750001 0.9136301421875 0.9926131343750001 0.8023547421874999 0.993432428125 0.7051351968749999 0.6427387890625 0.7042032671875 0.6436232953125 0.79064155625 0.6452617515625 0.9136301421875 0.9942516343750001 0.9136301421875
3 0.552689334375 0.3929541765625 0.551870084375 0.6934098734374999 0.46994760468749996 0.6934098734374999 0.46994760468749996 0.7168362765625 0.6698384859375001 0.7191788906250001 0.6698384859375001 0.7812588390624999 0.6854037859375001 0.7824301609375001 0.7296419359375 0.7701313140625 0.7525802171875 0.7443622640625 0.762410946875 0.7191788906250001 0.9942516343750001 0.7185932453125 0.9942516343750001 0.3759609421875 0.9942516343750001 0.10597170468749999 0.5698930453125 0.10421472812499999 0.5697609031249999 0.152831265625 0.5698930453125 0.29572856875000003 0.5559662000000001 0.2963142140625 0.552689334375 0.3929541765625
3 0.256743409375 0.461830465625 0.25718785 0.3086734984375 0.35852273125 0.3083557625 0.3598561 0.17585164375 0.3598561 0.1517037078125 0.3598561 0.1065852015625 0.006961848437499999 0.1056319953125 0.006517407812500001 0.272448309375 0.006961848437499999 0.4605595171875 0.256743409375 0.461830465625
5 0.1063114734375 0.71598318125 0.071229575 0.715609315625 0.0711125125 0.7306619328124999 0.141999325 0.731360921875 0.14248818593749998 0.716332684375 0.1063114734375 0.71598318125
3 0.20604187343749997 0.7299629421875 0.42847975 0.7299629421875 0.4152801390625 0.6265054984375 0.3927919265625 0.44791408125 0.23928533125 0.44931205781249994 0.008764309375 0.4491747359375 0.007558825 0.5594008359375 0.0080477140625 0.7299629421875 0.20604187343749997 0.7299629421875
5 0.8886444953125 0.10449709062500001 0.849149184375 0.1032867 0.827144653125 0.1036901625 0.8107823109375 0.1036901625 0.8113465296875001 0.132336084375 0.854791371875 0.132336084375 0.8886444953125 0.1319326203125 0.8886444953125 0.10449709062500001