3 0.44288535625 0.8759178078125001 0.783713709375 0.8764793609374999 0.9638901750000001 0.8768438859375 0.9638901750000001 0.807918890625 0.963632053125 0.655808075 0.8247712 0.6559903390625 0.689121915625 0.6563548640625 0.522727375 0.6559077906249999 0.5229064265625001 0.7967845953125 0.44340161875 0.8575092328125 0.44288535625 0.8759178078125001
0 0.5567323765625 0.6924341015625 0.5683483453125 0.70409894375 0.5892570734375 0.7141234171875 0.6173935078125 0.7175864187500001 0.6186841750000001 0.6559814796875 0.5457348671875 0.6559077906249999 0.546923353125 0.670380265625 0.5489884078125 0.6807692671875001 0.5567323765625 0.6924341015625
5 0.9465309 0.792104540625 0.9634462828125001 0.792104540625 0.963610515625 0.7649703625 0.963610515625 0.73688973125 0.9466951328125001 0.7370056890625001 0.9463666796875 0.7332950328125001 0.925224509375 0.7333524203125 0.9256740703125 0.7953513640625001 0.9470235859375 0.7953513640625001 0.9465309 0.792104540625
3 0.963577746875 0.6751912140624999 0.9633066640625 0.49862321718749997 0.7465214703124999 0.49804905312500003 0.616871059375 0.49807745 0.6167360546875 0.6753826 0.8719610531249999 0.675765375 0.963577746875 0.6751912140624999
0 0.654512753125 0.60845919375 0.67241410625 0.6033312093750001 0.6844118124999999 0.5971457515624999 0.694314678125 0.5873297 0.6992661124999999 0.5799181484375 0.7028844765625 0.5713122953124999 0.703074909375 0.5636477078125 0.6369922906250001 0.564320040625 0.6371827359375 0.5616307093749999 0.615849571875 0.5613180859375 0.6158534765625 0.6124931859375 0.6366114109375001 0.6124931859375 0.6368018578125 0.60980385625 0.654512753125 0.60845919375
5 0.9636779656250001 0.6238426968749999 0.96355276875 0.582441390625 0.96355276875 0.5556409234374999 0.9442917718749999 0.55577840625 0.9442716531249999 0.591465671875 0.9443968500000001 0.6239311015625 0.9636779656250001 0.6238426968749999
3 0.5499312984375 0.8764506078125001 0.5493571390625 0.8001111109375 0.549652471875 0.7381333703124999 0.5499477640625 0.6561388 0.4479714515625 0.6557217843750001 0.26839743125000004 0.6557217843750001 0.1289814796875 0.6557913796875 0.12946758281249998 0.8764506078125001 0.3373387375 0.876659115625 0.5499312984375 0.8764506078125001
5 0.1474248625 0.7494810890625 0.14751590781249999 0.7528240187499999 0.1569848421875 0.7529525921875 0.1570758859375 0.7139685671875 0.1568937921875 0.6861166265625 0.1474248625 0.6860523390625 0.14751590781249999 0.688880971875 0.12929546249999999 0.6887927765625 0.129579565625 0.7265792546875 0.1294885171875 0.7495453765625 0.1474248625 0.7494810890625
5 0.1474248625 0.8459846593749999 0.1571669359375 0.8459846593749999 0.1570758859375 0.8232113984374999 0.1568937921875 0.7797915640624999 0.14751590781249999 0.7797915640624999 0.14751590781249999 0.7823630484375 0.12939560625 0.7824187031250001 0.129579565625 0.8430917390625 0.1473338125 0.842898878125 0.1474248625 0.8459846593749999
0 0.4499084953125 0.7143687296875 0.456485765625 0.7143687296875 0.467681134375 0.7133806218750001 0.47887649374999997 0.710218675 0.4879727328125 0.7060686203125 0.4966491421875 0.700535215625 0.5029465296875 0.6936024515625 0.5093838640625 0.6843142328125 0.51134305625 0.6768874125 0.51148299375 0.6697730359375 0.515121484375 0.6695754140625 0.515121484375 0.656235953125 0.445314128125 0.6559083796875 0.445570290625 0.669484609375 0.45004843125000005 0.66968223125 0.4499084953125 0.7143687296875
0 0.43395802968749997 0.6503221953125 0.444582078125 0.6470862640624999 0.45437288281250005 0.6416440156250001 0.46249715937499997 0.6342896312499999 0.468329971875 0.6235522234374999 0.46978817812500007 0.6126677359375 0.404202271875 0.6127091515624999 0.40396068124999995 0.6526756015624999 0.428125203125 0.6519401593749999 0.43395802968749997 0.6503221953125
5 0.1474156390625 0.626917509375 0.156913621875 0.62686385625 0.156913621875 0.6159190578125 0.156913621875 0.596162459375 0.14756760625 0.596162459375 0.1476435921875 0.5993815171875 0.12954976093749998 0.59922548125 0.129483446875 0.623913053125 0.1474156390625 0.6238057515625 0.1474156390625 0.626917509375
3 0.12950839218750002 0.584248434375 0.1565603203125 0.56932583125 0.38723156875 0.5696242828125 0.387020225 0.5755933203125 0.5231183296874999 0.5764886796875001 0.5231183296874999 0.4682272671875 0.5229069796875 0.36190579375 0.378107059375 0.361010440625 0.15886409375 0.3614581171875 0.11323094062500001 0.34892901875 0.0282776265625 0.4120820125 0.028066284375 0.50764711875 0.12950839218750002 0.584248434375
5 0.053956003125 0.4119529984375 0.061296390624999995 0.4171359265625 0.0856813984375 0.3987760703125 0.11641147656249999 0.37468486093750003 0.10857344375 0.36950193593749997 0.10546310625 0.371698090625 0.09238303125 0.3637082625 0.043363153125 0.40079653281249994 0.056693096875 0.40922976875000006 0.053956003125 0.4119529984375
5 0.0464734890625 0.4963664828125 0.056426546875000004 0.4962786375 0.056426546875000004 0.42568832187499994 0.0467223140625 0.42560047343749996 0.0467223140625 0.42858724531250003 0.028594175 0.4284018921875 0.028931212499999998 0.49346755781249996 0.0467223140625 0.4933797125 0.0464734890625 0.4963664828125
5 0.090142553125 0.5543663249999999 0.10283271249999999 0.54549385625 0.10556980468749999 0.5476900140625001 0.11291017968749999 0.54294631875 0.0622574140625 0.503442634375 0.054809175 0.50822571875 0.057421859374999995 0.5108611062499999 0.044607290625000004 0.5192943390625 0.090142553125 0.5543663249999999
0 0.49140074843750003 0.4004211671875 0.47781604375000003 0.40210623749999996 0.46404775468750004 0.4059948609375 0.4522988234375 0.4127351453125 0.44275280937500006 0.42154936093749995 0.43632761093749994 0.43295599375 0.433390371875 0.44607920312499993 0.49892741875 0.44646806406249995 0.49892741875 0.4489308578125 0.5233431734375 0.4488012375 0.5227840078125 0.3975463890625 0.498560265625 0.3974398890625 0.49837668281249997 0.4005507875 0.49140074843750003 0.4004211671875
0 0.5616264296875 0.3298431796875 0.5731964234375 0.34230150625 0.587658946875 0.3545556015625 0.6154269609374999 0.36374616875 0.6437734749999999 0.3641546375 0.64332645625 0.31163389218750004 0.5569984203125 0.3106451046875 0.5587339171875 0.320448378125 0.5616264296875 0.3298431796875
3 0.4648626875 0.3679724125 0.5227127484375 0.36899358437499996 0.523291228125 0.23656666718750002 0.4243669078125 0.132340709375 0.29274611875 0.1325449421875 0.1123393 0.1322244984375 0.111644559375 0.3493870359375 0.12495006718749999 0.36838088125 0.4648626875 0.3679724125
5 0.131759284375 0.2567376125 0.131759284375 0.24214392187499997 0.131872121875 0.2170394 0.11233796874999999 0.21708973125000003 0.1124631765625 0.2303453578125 0.1124631765625 0.2567376125 0.131759284375 0.2567376125
5 0.131872121875 0.298434190625 0.13198496875000001 0.285115321875 0.13198496875000001 0.2586433921875 0.11233796874999999 0.2586636046875 0.1124631765625 0.2717232328125 0.112350334375 0.298434190625 0.131872121875 0.298434190625
0 0.4331468015625 0.309858725 0.4331468015625 0.31450950624999996 0.4340250296875 0.31967704218750004 0.43622060312500005 0.3253613328125 0.4404653875 0.331665725 0.44821229218749997 0.3400489296875 0.4637276984375 0.34924714375 0.48304877343749997 0.3547247328125 0.49871055000000003 0.35617164218749997 0.4984178078125 0.358858759375 0.5230082703125001 0.358548709375 0.5229274234375 0.30798832656249997 0.49886772187500006 0.308618515625 0.49886772187500006 0.3112022828125 0.4331468015625 0.309858725