3 0.7727991640625 0.8313153421875 0.8142642125 0.8319454437499999 0.939862096875 0.8317354109374999 0.939862096875 0.7657846734375 0.939862096875 0.6170804640625 0.9395679781249999 0.531596546875 0.8282391890625 0.531596546875 0.7730918703125 0.531176478125 0.7729462234375 0.6067887875 0.7729462234375 0.7620040578125 0.7727991640625 0.8313153421875
0 0.79103454375 0.5933466000000001 0.7963286859375 0.5893559500000001 0.777946246875 0.5416241671875001 0.7729462234375 0.5406280171875 0.7727991640625 0.5992275578124999 0.7798580203125 0.5981773859375 0.7869168765625 0.595867009375 0.79103454375 0.5933466000000001
5 0.9051434031250001 0.8327855812499999 0.9051434031250001 0.8126222984375 0.87294669375 0.8128323328124999 0.8200052687499999 0.8130423671875 0.8201430046875 0.833835753125 0.8566137640625 0.8336257187499999 0.9051434031250001 0.8327855812499999
3 0.65613225625 0.8309338328125 0.7792997500000001 0.8318116421875 0.779422671875 0.696102396875 0.77966851875 0.60726814375 0.7155346359375 0.6076192687499999 0.6615714500000001 0.60744370625 0.6617867125 0.7780897421875 0.6563781015625 0.7780897421875 0.65613225625 0.8309338328125
0 0.7629829046875 0.639395946875 0.76482675 0.63149566875 0.7661789015625 0.6213130859375 0.76667059375 0.6079703921874999 0.72647478125 0.6079703921874999 0.7259830890625001 0.61639735625 0.7602786 0.645540609375 0.7629829046875 0.639395946875
5 0.749092609375 0.8325138890625 0.7492155312500001 0.8132020953125 0.7206974015625 0.8128509718749999 0.6897208125 0.812499846875 0.6897208125 0.8326894515625 0.7146741750000001 0.8326894515625 0.749092609375 0.8325138890625
3 0.530349859375 0.7949891421874999 0.5581380109375 0.7951531593750001 0.6214143234375 0.7954811921875 0.6680391625000001 0.7948251265625 0.6680391625000001 0.6473740765625 0.6682688406249999 0.5456836968750001 0.6681540015625 0.494674490625 0.5907344 0.49418244062500005 0.5300991421875 0.4945104734375 0.53012018125 0.5814393453125 0.5302350203125 0.677717171875 0.530349859375 0.7949891421874999
5 0.647025784375 0.7958092265625 0.6472554625 0.7761272171875 0.621294340625 0.776291234375 0.5782379328125 0.7766192671875001 0.5784666015625 0.7959732421875 0.6090139078125001 0.7959732421875 0.647025784375 0.7958092265625
0 0.619781584375 0.51205945625 0.621698334375 0.5201352406249999 0.6259151875 0.526842246875 0.65821245 0.5011092406250001 0.658020775 0.494402234375 0.6181523453125 0.49426535625 0.6180565078125 0.5006986078125 0.6187273703125 0.506173715625 0.619781584375 0.51205945625
5 0.543371890625 0.49085569375000004 0.543371890625 0.46623754687499996 0.543371890625 0.427719359375 0.52941823125 0.427719359375 0.5293009734375 0.45417967968750006 0.5295354890625 0.49085569375000004 0.543371890625 0.49085569375000004
0 0.6198009171875001 0.39775758906249997 0.6182457328125001 0.40647135 0.6172886953125001 0.41347653125 0.6170494359375 0.422873725 0.657364609375 0.4227028671875 0.65760386875 0.41552682812499997 0.624466471875 0.38955640156250004 0.6198009171875001 0.39775758906249997
5 0.630687209375 0.307031953125 0.6304479515625 0.2868707015625 0.6096324015625 0.28704155937500003 0.5873812968750001 0.28704155937500003 0.5869027796874999 0.307031953125 0.6071201796875 0.3072028109375 0.630687209375 0.307031953125
5 0.730817178125 0.3068610953125 0.73057791875 0.2872124171875 0.7061734828125 0.2872124171875 0.6802138609374999 0.2868707015625 0.68009423125 0.3072028109375 0.7039005203124999 0.307031953125 0.730817178125 0.3068610953125
0 0.7304776421875 0.39349610625000003 0.7286083750000001 0.400808865625 0.7273080140625 0.40939845625000004 0.727226740625 0.414157553125 0.726820378125 0.42274714375 0.7671315609375 0.42286321875 0.7672128328125 0.41125566406249997 0.7338098171875 0.3854868921875 0.7304776421875 0.39349610625000003
3 0.8323292062500001 0.5405365890625 0.9148123515625001 0.539795721875 0.9397115078124999 0.5402402421875 0.9398152546875 0.3689517828125 0.9398152546875 0.28834545 0.8160698500000001 0.288049103125 0.7733262984375 0.2884936234375 0.772885603125 0.386880765625 0.772885603125 0.5399438953125 0.8323292062500001 0.5405365890625
5 0.8805765921875001 0.3068671265625 0.8805765921875001 0.287456409375 0.83793465 0.287456409375 0.8047357749999999 0.28775275625 0.8043229265624999 0.3070152984375 0.82704340625 0.3070152984375 0.8805765921875001 0.3068671265625
0 0.7964287234375 0.47486376249999995 0.7996177453125 0.471996025 0.7808379484375 0.424087921875 0.7731606734375001 0.42375054062500006 0.7725701140625 0.4822861453125 0.7824915156250001 0.4809366203125 0.79205858125 0.4779001921875 0.7964287234375 0.47486376249999995
3 0.3182774203125 0.8320054171875 0.47035856562499995 0.8320054171875 0.470158721875 0.6590396265625 0.470158721875 0.5311705265625 0.3417329296875 0.5311705265625 0.283778221875 0.531455946875 0.28371119375 0.6813025484375 0.28371119375 0.8314345734374999 0.3182774203125 0.8320054171875
0 0.30161860625000003 0.5583188078125 0.296693475 0.555322759375 0.2925892 0.5540201312499999 0.28894095625 0.553108290625 0.2836510015625 0.5530963578125 0.2837422078125 0.6101515171874999 0.28884975 0.6102817796875 0.30681735468750004 0.5627477453124999 0.30161860625000003 0.5583188078125
5 0.42735751874999994 0.8326405843750001 0.4276311375 0.8129708828125001 0.41004130937500005 0.8129708828125001 0.36820391875 0.813231409375 0.331534209375 0.8131011453125 0.3315075953125 0.8325103203124999 0.372633853125 0.8326405843750001 0.42735751874999994 0.8326405843750001
0 0.23752396718750002 0.7651051296875 0.236096784375 0.7731128890625001 0.235790959375 0.7784999296875 0.23477154374999998 0.78679888125 0.2751404234375 0.7869444765625 0.2751404234375 0.7799558859375 0.241805515625 0.7538942640624999 0.23752396718750002 0.7651051296875
5 0.231135459375 0.787889634375 0.231135459375 0.7773574875 0.215642009375 0.7775702578125 0.2008934375 0.77767664375 0.2008934375 0.7881024046875 0.21236454999999999 0.7877832484375 0.231135459375 0.787889634375
3 0.0607815171875 0.704246421875 0.060612996875000005 0.7946239109375 0.086644653125 0.7946239109375 0.18471666874999998 0.794744253125 0.198535371875 0.7946239109375 0.1984511109375 0.787162653125 0.1984511109375 0.73950688125 0.19811406874999998 0.6046025328125 0.198282590625 0.53215613125 0.1981983296875 0.478483215625 0.13522552031249999 0.478483215625 0.09689944687499999 0.47836287187500004 0.0607517390625 0.47896458593749996 0.06069725625 0.5345629875 0.060612996875000005 0.6113417343750001 0.0607815171875 0.704246421875
5 0.1625616796875 0.795706996875 0.16247741875 0.7764521390625 0.1254092359375 0.7764521390625 0.09456993281250001 0.77657248125 0.09448279062500001 0.7954663109375 0.1173138515625 0.795706996875 0.1625616796875 0.795706996875
0 0.14844281718750002 0.5004962296875 0.152979396875 0.5106930953125 0.1857766328125 0.48562579687499996 0.1857022625 0.4781905828125 0.1459142328125 0.47829679843750006 0.145691121875 0.4875377109375 0.14650919375 0.4927423609375 0.14844281718750002 0.5004962296875
0 0.18311825937499998 0.443048034375 0.185115059375 0.43642160625 0.186700753125 0.4292919046875 0.187875340625 0.42056850468749996 0.1882864453125 0.41377431875 0.1485853734375 0.4136065609375 0.148467915625 0.4191425640625 0.1820024015625 0.44573215624999996 0.18311825937499998 0.443048034375
5 0.1588083640625 0.3303987515625 0.15886709375000002 0.3115260125 0.13219987187499999 0.311442134375 0.1078859015625 0.311442134375 0.107825621875 0.33048263125 0.1230421625 0.330566509375 0.1588083640625 0.3303987515625
3 0.283920146875 0.47106306093750006 0.28400948125 0.539834184375 0.33660423281249996 0.5399617734375 0.4478316015625 0.539834184375 0.4700759578125 0.53970659375 0.469807953125 0.2886090578125 0.444068715625 0.2887366484375 0.44442605312500005 0.1746709984375 0.444247384375 0.080771928125 0.40769606718749996 0.08026156718750001 0.3825975546875 0.061505806249999996 0.379494065625 0.0705573875 0.377439365625 0.07808520937499999 0.375384665625 0.06851594375 0.37225795 0.061626071875 0.3480482296875 0.0805094234375 0.317585075 0.081019784375 0.3174206828125 0.29588169999999997 0.283920146875 0.296009290625 0.283920146875 0.47106306093750006
5 0.338132071875 0.0990100046875 0.33822140625 0.0799990625 0.33330799375 0.0799990625 0.326071878125 0.080126653125 0.3261612125 0.09913759375 0.33161063281250003 0.09913759375 0.338132071875 0.0990100046875
5 0.4290748578125 0.0990100046875 0.42916419218749996 0.0797438828125 0.423714771875 0.079871471875 0.417014665625 0.079871471875 0.417193334375 0.09888241406250001 0.42273208906250004 0.0990100046875 0.4290748578125 0.0990100046875
3 0.19191525781250002 0.32891798906249997 0.19161655625000001 0.3730723484375 0.1917659078125 0.5400910156250001 0.2345400453125 0.5405335859375 0.290477565625 0.5409233015625 0.2906139984375 0.4643444609375 0.29034113281249996 0.36672105625 0.294843421875 0.366136484375 0.300846471875 0.36301877031249996 0.30698595625 0.35775762968749997 0.2985271109375 0.3339850640625 0.2902047 0.31352506875 0.290477565625 0.30495135625 0.32363077812499996 0.3053410703125 0.32363077812499996 0.158808534375 0.32322147968750004 0.08047598125 0.26304277656249997 0.0800862671875 0.18623101250000001 0.08067083750000001 0.18623994375 0.26236648906250004 0.18623994375 0.32891798906249997 0.19191525781250002 0.32891798906249997
5 0.28389175624999996 0.098810365625 0.283619109375 0.07982709375 0.259286615625 0.08011914375 0.2290910390625 0.08002179375 0.22888243749999998 0.099102415625 0.2466755390625 0.099005065625 0.28389175624999996 0.098810365625
0 0.3021435 0.36173171718749997 0.3069804640625 0.35815846875 0.295388428125 0.327072315625 0.28905033750000003 0.3103971625 0.2838797890625 0.3103960671875 0.28404657968749997 0.3674489125 0.2908016515625 0.3668533703125 0.29713974374999996 0.36482853125000003 0.3021435 0.36173171718749997
0 0.279545059375 0.5071385265624999 0.2766779296875 0.502098640625 0.24359567499999998 0.5307629921875 0.2438162234375 0.5403702734375 0.28395602656249996 0.5405277703125 0.28329438125 0.5250931203125 0.2814197203125 0.5142258656250001 0.279545059375 0.5071385265624999
1 0.37287403124999996 0.0593501140625 0.34138225 0.0816733890625 0.3402322484375 0.09753738906250001 0.4152747328125 0.097828390625 0.41568640312499994 0.0828482953125 0.38295963906249997 0.0596438453125 0.37781391875 0.0752113890625 0.375549803125 0.0655183875 0.37287403124999996 0.0593501140625
0 0.087469578125 0.46646327187500003 0.071041740625 0.42487894531250003 0.060663821875 0.42454550468749996 0.0606662625 0.4756486609375 0.07219456875 0.4751002796875 0.0814172125 0.4715358015625 0.087469578125 0.46646327187500003