3 0.80114944375 0.9961362218750001 0.8012640062499999 0.9995420328125 0.8686226187500001 0.9996681734375 0.8685080562499999 0.9963885046875 0.9314045796875 0.9965146468749999 0.99681933125 0.9962623640625001 0.99681933125 0.9333179578124999 0.9967047703125 0.8554889015624999 0.99693389375 0.7543237453125 0.892915846875 0.7540714625 0.8163739890624999 0.7539453218750001 0.7538162234375 0.7536930390625 0.6831316328125 0.7539453218750001 0.683047659375 0.9296598671874999 0.6828185359375001 0.9963885046875 0.80114944375 0.9961362218750001
0 0.7001173578125 0.8002391031249999 0.7068765 0.8002391031249999 0.71535406875 0.7979685640625 0.7230297046875 0.7940581890625 0.7293306 0.788634121875 0.7352878109375001 0.781822503125 0.7395265953125 0.77400175625 0.7422760765625 0.7627751984375 0.7492643421875 0.76264905625 0.74914978125 0.75381918125 0.694160146875 0.75381918125 0.694274709375 0.7629013390625 0.7000027953125 0.7629013390625 0.7001173578125 0.8002391031249999
5 0.8689505859375 0.9995698921875 0.8689505859375 0.97967741875 0.841015625 0.9798924734375 0.8005859375 0.9798924734375 0.8005912109375 0.9996774187499999 0.8336966796875 0.9995698921875 0.8689505859375 0.9995698921875
5 0.677801384375 0.9994613125 0.67769965625 0.9798596390625001 0.60904214375 0.9798596390625001 0.551973053125 0.9799716500000001 0.5516644937499999 0.999573321875 0.608423275 0.9994613125 0.677801384375 0.9994613125
0 0.5439365859375 0.962686603125 0.5773031843750001 0.96257459375 0.57720145625 0.9580942109375 0.5769980015625 0.9521577046875 0.5750651812500001 0.9449890921874999 0.5711995375 0.9360283265625 0.566316621875 0.929119309375 0.55939915625 0.9228467734375 0.5517695984375 0.918366390625 0.544343496875 0.9161262000000001 0.544140040625 0.908845578125 0.5265411953125 0.90873356875 0.5265411953125 0.9695547609374999 0.5439365859375 0.96944275 0.5439365859375 0.962686603125
5 0.5474970453125 0.9004448609375 0.5474970453125 0.8308869234375 0.5471918640625 0.78081865 0.529796471875 0.78104266875 0.529796471875 0.8228222359374999 0.52959301875 0.9005568703125 0.5474970453125 0.9004448609375
0 0.67308838125 0.7156909875 0.66053385625 0.71751673125 0.650703425 0.721168215625 0.6439524078125001 0.7269062625 0.6387410953125 0.73316595 0.634714171875 0.7392952296875 0.6318716375 0.74685901875 0.631161003125 0.7535099359374999 0.6239362296875 0.7535099359374999 0.6236993531249999 0.7622474171875 0.67924720625 0.7619865984375 0.67924720625 0.75311870625 0.6734436984375 0.7529882953125 0.67308838125 0.7156909875
3 0.6738340609375 0.6162826124999999 0.7842900640625 0.6155554359375001 0.7844551703125 0.5728337796875 0.7846202765625 0.39103949843749997 0.7847853828125 0.306686953125 0.7534228796875 0.306686953125 0.753753090625 0.3039600375 0.6839155406249999 0.30377824375 0.6835853281250001 0.30741412968750004 0.653866225 0.30741412968750004 0.653985396875 0.31414051875000004 0.5389064218749999 0.31377692968750004 0.5387750640625 0.48648149687500003 0.5391052765625 0.6155554359375001 0.6738340609375 0.6162826124999999
0 0.653673409375 0.5947052046875 0.6481867890624999 0.584870721875 0.64040344375 0.5769943703125 0.6323649062500001 0.572920084375 0.6245815609375 0.5708126953125 0.615267065625 0.569829246875 0.614884278125 0.6069192953125 0.6092700625 0.6064978171875001 0.6088872750000001 0.6157790953125 0.664774246875 0.6157790953125 0.6649018421874999 0.607068553125 0.6576288796875 0.607068553125 0.653673409375 0.5947052046875
5 0.7539879296875001 0.32322580625 0.7535973046875 0.3034408609375 0.72666015625 0.303763440625 0.68349609375 0.30333333281249997 0.6835777734375 0.32322580625 0.7128746484375 0.3233333328125 0.7539879296875001 0.32322580625
3 0.8300721140625 0.583632328125 0.927552790625 0.5840978609375 0.927552790625 0.54108828125 0.9973953578125 0.5408900796875 0.9973953578125 0.46319535156249997 0.9999154499999999 0.46319535156249997 0.9995554359375 0.38728443281249997 0.9970353453125 0.3874826328125 0.99667533125 0.30681489375000004 0.8859925734375 0.306418490625 0.7763685437500001 0.3066166921875 0.7769786937500001 0.3809420046875 0.7764386734375 0.5834341265625 0.8300721140625 0.583632328125
5 0.9997229515624999 0.4630118859375 0.9996227578125 0.4243999828125 0.9997229515624999 0.3873325546875 0.9819888390625 0.3872222359375 0.9819888390625 0.4230761453125 0.9821892249999999 0.4629015671875 0.9997229515624999 0.4630118859375
0 0.82861328125 0.5663440859375 0.8251953125 0.5588172046875 0.81953125 0.55089034375 0.81162109375 0.544223678125 0.80380859375 0.5400301296875 0.796484375 0.538202171875 0.7892578125 0.53798711875 0.7890625 0.5747613125 0.7833984375 0.5747613125 0.7833984375 0.5836559140625 0.83779296875 0.5837634406250001 0.83759765625 0.574838709375 0.8310546875 0.5749462359375 0.82861328125 0.5663440859375
0 0.85380859375 0.67322580625 0.86171875 0.66817204375 0.86826171875 0.6615053765625001 0.873046875 0.6535483875 0.87666015625 0.645161290625 0.8779296875 0.635913978125 0.8775390625 0.6304301078125001 0.844140625 0.6302150531249999 0.844140625 0.6238748390625 0.83603515625 0.6235483875 0.83623046875 0.683763440625 0.844140625 0.683763440625 0.844140625 0.6766666671875 0.85380859375 0.67322580625
3 0.2814274546875 0.5735532812499999 0.2796960578125 0.573825625 0.2794487140625 0.649809178125 0.28216948125 0.64926449375 0.2816747953125 0.7696398734375001 0.38060731406250004 0.7696398734375001 0.38060731406250004 0.772907984375 0.4486264453125 0.7726356421875 0.4486264453125 0.7690951890625 0.5468213390625001 0.7696398734375001 0.5468213390625001 0.652804946875 0.5468213390625001 0.43520329843749994 0.5478107078125001 0.314010890625 0.2891431484375 0.3142832328125 0.28860037968749996 0.4689737671875 0.28216948125 0.4689737671875 0.2814274546875 0.5735532812499999
5 0.2972968453125 0.64871675625 0.2975139296875 0.6194360640625 0.297188303125 0.5734235437499999 0.2792788546875 0.57354305625 0.2792788546875 0.5942188125000001 0.2794959390625 0.6490752953125 0.2972968453125 0.64871675625
5 0.4490164390625 0.7728722015625 0.44867967656249996 0.7530961656249999 0.41489118906250005 0.7529725640625 0.3806536859375 0.7529725640625 0.3802046703125 0.7726250015625 0.40849270468750004 0.7727486015625 0.4490164390625 0.7728722015625
0 0.50455596875 0.6965828328125 0.504957259375 0.7037997328125 0.5056260765625 0.709543796875 0.5074987656250001 0.71594604375 0.5105753265625 0.7233102265625 0.5159258671875 0.730085278125 0.5216776984375 0.735387490625 0.5299710359375001 0.74054241875 0.538933190625 0.743340809375 0.538799428125 0.7507049953125 0.5469590015625 0.7505577109375 0.5469590015625 0.689876828125 0.538933190625 0.69010235 0.538933190625 0.6965828328125 0.50455596875 0.6965828328125
3 0.28841355156250004 0.3232353359375 0.37797305312499996 0.322962103125 0.377228596875 0.36176127343750003 0.3874028140625 0.36039510468749997 0.39782518125 0.35684306875 0.40626233437500003 0.3502854625 0.4146994890625 0.33935611875 0.41941437031250006 0.3289732421875 0.4231366453125 0.338263184375 0.4276033734375 0.345913725 0.4402591046875 0.356569834375 0.4601112328125 0.36039510468749997 0.4601112328125 0.32268887031250004 0.521151115625 0.32214240156249996 0.5571330984375 0.3224156359375 0.556884946875 0.36148803906250004 0.569044375 0.36039510468749997 0.580211196875 0.3560233671875 0.5886483515625 0.34782636093749997 0.5968373546875 0.33635055 0.5998151734375 0.3232353359375 0.6705383796875 0.32268887031250004 0.6705383796875 0.1841594390625 0.669297621875 0.183612971875 0.669297621875 0.17896800156249998 0.6660716515625 0.1781483015625 0.6658234984375 0.174049796875 0.7000684203125 0.17350332968749999 0.69982026875 0.16557955625 0.6970906 0.155743146875 0.6923757203124999 0.1448138015625 0.68443486875 0.13497739375 0.67078653125 0.12678038593750002 0.6782310796875 0.12486775000000001 0.6859237796875 0.119949546875 0.693120175 0.1109328375 0.69783505625 0.0986373265625 0.6995721171875 0.0811503765625 0.6655820968749999 0.081970078125 0.6655820968749999 0.0775983390625 0.6685599171875001 0.07732510625 0.6683117640625 0.055739653125 0.64374475625 0.055739653125 0.64349660625 0.052187615624999996 0.566328853125 0.05246085 0.3176340484375 0.053007315624999995 0.3176340484375 0.05546641875 0.2707333953125 0.05546641875 0.2702984859375 0.2256909453125 0.2886617046875 0.225964178125 0.28841355156250004 0.3232353359375
5 0.6438598 0.07349983593750001 0.6438598 0.05246085 0.5552875953124999 0.052734082812500006 0.413481959375 0.05246085 0.3164546828125 0.052187615624999996 0.3168049234375 0.07349983593750001 0.4788389859375 0.07322660156250001 0.6438598 0.07349983593750001
5 0.6711703421874999 0.310439696875 0.6711703421874999 0.2703010125 0.670939621875 0.18418067031250002 0.652020415625 0.1839266296875 0.652020415625 0.242356359375 0.653174025 0.310439696875 0.6711703421874999 0.310439696875
0 0.557070540625 0.3610924328125 0.5643963140625 0.3610924328125 0.5743718343750001 0.35868972656250003 0.5821652125 0.35491404531250004 0.589646853125 0.3470194390625 0.596505025 0.337236990625 0.599934109375 0.3236788640625 0.60679228125 0.3236788640625 0.6069481484375 0.3142396609375 0.550679971875 0.31338155 0.5508358390625 0.322992375 0.5575381421875 0.322992375 0.557070540625 0.3610924328125
0 0.33048749375 0.301815978125 0.330098684375 0.29154139218749997 0.327377021875 0.28062464375 0.3223225078125 0.2712062734375 0.314935140625 0.26350033281249996 0.30793658281249997 0.2583553765625 0.3005492140625 0.2557867296875 0.29743874375 0.25514456874999997 0.29743874375 0.2476526828125 0.288496140625 0.2472322375 0.28888495000000003 0.308665703125 0.29743874375 0.308665703125 0.29743874375 0.301601925 0.33048749375 0.301815978125
1 0.7013911937499999 0.1637986828125 0.6928978828125001 0.143666109375 0.6830978734375 0.133360159375 0.6765645359375 0.12664929687499998 0.69376895625 0.1101118390625 0.70117341875 0.093334703125 0.7020445171875 0.079673309375 0.6560933703125 0.079912984375 0.6539155984375 0.1750633390625 0.70117341875 0.1743443015625 0.7013911937499999 0.1637986828125
1 0.39099753125 0.3601190046875 0.401937228125 0.3546764515625 0.4097298921875 0.34626524375 0.4157242515625 0.3381838734375 0.4194707203125 0.3301025125 0.42141888906249997 0.33636969843750003 0.4262143703125 0.34544061406250004 0.431909009375 0.3513779359375 0.4407506875 0.35797496406249996 0.45228981875 0.3602839265625 0.4599326265625 0.36127349531249997 0.460382215625 0.313280090625 0.3770585234375 0.3124575953125 0.376461215625 0.31262038125 0.377660084375 0.3604488609375 0.39099753125 0.3601190046875