3 0.42727787343749996 0.8032655140625 0.709351296875 0.8042155031249999 0.710018178125 0.64514355 0.710018178125 0.493671478125 0.5613127796875 0.4931964890625 0.41860895468750003 0.49271359531250003 0.4172752703125 0.6855432640625 0.42661104375000003 0.6855432640625 0.42727787343749996 0.8032655140625
0 0.4640316859375 0.528345584375 0.475300109375 0.5238394546875 0.4845916109375 0.5158129171875 0.4901269828125 0.5059557625 0.49111544062499995 0.49314146093750005 0.4460911671875 0.492682740625 0.44544866875 0.5298945625 0.4547401765625 0.5300353828125 0.4640316859375 0.528345584375
5 0.547913290625 0.8032593046875001 0.5477673296875001 0.7953575171875 0.526748475 0.7953575171875 0.5050727859374999 0.7954537734375 0.505291734375 0.8031553328125 0.5257267296875 0.8032593046875001 0.547913290625 0.8032593046875001
5 0.59360010625 0.8032593046875001 0.59345414375 0.7952535468749999 0.5695160046875001 0.7952535468749999 0.54867960625 0.7951939578125 0.5487890859375 0.8033632765625001 0.570975646875 0.8033632765625001 0.59360010625 0.8032593046875001
5 0.636449659375 0.8029902296874999 0.63654448125 0.79556110625 0.6160643078125 0.79542603125 0.5948730249999999 0.7953537703125 0.5949204359375 0.8031928453124999 0.612556134375 0.8031928453124999 0.636449659375 0.8029902296874999
5 0.4379966859375 0.8026003078124999 0.43740623593750005 0.742689103125 0.47962413125000003 0.7428993937499999 0.47962413125000003 0.7372214687499999 0.477313084375 0.7300714984375001 0.4705227625 0.7216597609375001 0.46225633750000006 0.7157715484375 0.4501519125 0.71177596875 0.437457015625 0.7105142125 0.43775224062499996 0.67266139375 0.3542021703125 0.6724511 0.291613403125 0.6719162640625 0.29154845156250003 0.7115768874999999 0.2918436765625 0.8026003078124999 0.4379966859375 0.8026003078124999
0 0.4713435125 0.7214494640625 0.4642579875 0.716192128125 0.4524487890625 0.71135538125 0.442410965625 0.7098833265625 0.43562068906249996 0.7094627453125 0.426985203125 0.7092274296875 0.4279447140625 0.743109690625 0.47960993749999997 0.742689103125 0.4784290359375 0.7309126671875 0.4713435125 0.7214494640625
3 0.5744452265625 0.5003147046875001 0.679394053125 0.500126403125 0.7090023000000001 0.500126403125 0.7092666546874999 0.41541967968750004 0.571941225 0.4157962859375 0.520192890625 0.41555105000000003 0.519722871875 0.430662271875 0.5202515828125 0.500503009375 0.5744452265625 0.5003147046875001
0 0.561227265625 0.4531696296875 0.567836246875 0.445449159375 0.5710085484375 0.43829360624999997 0.5723303453125 0.43019652812500003 0.519194140625 0.4303736734375 0.519987228125 0.4629614359375 0.5361131359375 0.462019915625 0.55118160625 0.45863044375 0.561227265625 0.4531696296875
3 0.52002859375 0.397503490625 0.5205573140624999 0.42104149843750005 0.7085167296875 0.4225479296875 0.7085167296875 0.3034116734375 0.7087810859375 0.2244126578125 0.674943115625 0.22497756875000002 0.6752074703125001 0.21330271406249998 0.6145691515625 0.17187581875 0.5080323703125 0.1714992125 0.4390346015625 0.2178425265625 0.45674667343750003 0.231327025 0.45696839999999994 0.32597805156250004 0.4577614859375 0.39788009999999996 0.52002859375 0.397503490625
5 0.4738873953125 0.2160586546875 0.4881627984375 0.2057019296875 0.5098402484375 0.1906376046875 0.495036134375 0.1795654859375 0.4799676671875 0.18913117343750002 0.45802584062499996 0.20494871875 0.4738873953125 0.2160586546875
5 0.6036878 0.1870598265625 0.6034234234375 0.1719955015625 0.5722290453125 0.1719955015625 0.5175066703125 0.17180125468750002 0.518828465625 0.1870598265625 0.5642982671875 0.1870598265625 0.6036878 0.1870598265625
5 0.6634095171875 0.20429025156249997 0.6427894890625 0.19073236093749998 0.626597484375 0.17933020625 0.612123821875 0.1909206609375 0.6301002578125 0.203725340625 0.6483410296875001 0.21558849531250002 0.6634095171875 0.20429025156249997
0 0.5024147359375 0.36855604999999997 0.49236907656250006 0.36403675468749996 0.48311650312500004 0.36140049687500003 0.4728064984375 0.36045897656250003 0.47128643124999997 0.39743451093750004 0.516425784375 0.3975548765625 0.515897053125 0.3866332421875 0.5124603953125 0.3772180390625 0.5024147359375 0.36855604999999997
3 0.29244740937499997 0.4224451484375 0.41140905937500005 0.4224451484375 0.41140905937500005 0.397787346875 0.46666014375 0.397787346875 0.4669245 0.3334074296875 0.4663957890625 0.2805140578125 0.46666014375 0.2189587015625 0.4510629453125 0.21029671093750002 0.44101730625 0.21839378593749997 0.3952831484375 0.21820548281250002 0.2921830453125 0.21791608125 0.291654325 0.2993444640625 0.29191869062500003 0.370304990625 0.29244740937499997 0.4224451484375
5 0.389731609375 0.23196171875 0.389731609375 0.2172739984375 0.35536490781249996 0.2172739984375 0.32787154375 0.2172102421875 0.32734282187499997 0.23196171875 0.3580085 0.2323383265625 0.389731609375 0.23196171875
0 0.428856784375 0.366350609375 0.4185467703125 0.3736944640625 0.4132595859375 0.38254475625 0.41140905937500005 0.38988861875 0.41081425468750005 0.397669790625 0.45714321562500004 0.39742078125 0.4563501296875 0.3603248734375 0.4436608984375 0.3614546984375 0.428856784375 0.366350609375
0 0.389731609375 0.4674197109375 0.37545620625 0.46403023593750004 0.36461748125 0.4632770203125 0.3645513875 0.506604303125 0.41061599375 0.5069635625 0.4100872625 0.48737994375 0.401627775 0.4749518734375 0.389731609375 0.4674197109375
5 0.3318527859375 0.8029373390625001 0.3711835078125 0.8029373390625001 0.3710681734375 0.7970294625000001 0.3742976734375 0.7968653515625 0.37418233125 0.7889881812499999 0.350076403125 0.7890702359375 0.3283321796875 0.7889163078125 0.328738628125 0.7971115156249999 0.3318527859375 0.79719356875 0.3318527859375 0.8029373390625001