3 0.439310621875 0.8685859125000001 0.5086446109375 0.868831621875 0.6800332734375 0.8690773328124999 0.8155969484375 0.8690773328124999 0.8157689875 0.7909414578125 0.8247150078125 0.790695746875 0.8250590859375 0.6545722406250001 0.8250590859375 0.468078121875 0.589724171875 0.46783241249999996 0.5037297015625 0.46783241249999996 0.4479891203125 0.46783241249999996 0.44808460156249996 0.7037143 0.43896654375 0.7039600109374999 0.439310621875 0.8685859125000001
0 0.48369663906250004 0.5580080921875 0.4565145046875 0.4882263671875 0.44774052343750004 0.4887177875 0.44808460156249996 0.5722592890625 0.46167566875 0.5702936078125 0.4750946984375 0.5646422703125 0.48369663906250004 0.5580080921875
5 0.8259028046875001 0.742862559375 0.826533265625 0.6210030843750001 0.8261129593750001 0.5138507890625 0.8023656265625 0.5135506421875 0.8025757796875 0.6399123140625 0.8027859328125 0.7425624125 0.8259028046875001 0.742862559375
3 0.6167676109375 0.48342199218750004 0.7815473265625 0.48306203593749997 0.8248966125000001 0.48234212187500003 0.825400675 0.285085790625 0.8251486437500001 0.17385913749999998 0.8158235062499999 0.1745790515625 0.8158235062499999 0.070191578125 0.7637449140625 0.0706996171875 0.657609728125 0.0697442171875 0.544741775 0.0694257515625 0.4484141265625 0.0694257515625 0.44841137968749994 0.2595288578125 0.4481593484375 0.4816222078125 0.6167676109375 0.48342199218750004
0 0.47348747187500007 0.3884423515625 0.4649390515625 0.384372659375 0.45829028125000004 0.3830160953125 0.4481588203125 0.3811944109375 0.4481588203125 0.468014490625 0.45781536875000006 0.46778839687499996 0.483460628125 0.3961166125 0.47348747187500007 0.3884423515625
0 0.376129609375 0.6818607859375 0.3737602890625 0.6948324968749999 0.37277307187500003 0.7049842703125 0.3715884109375 0.7306456984375 0.44089103281249997 0.7306456984375 0.4410884765625 0.7075222140624999 0.38363245625000003 0.6635311953125 0.376129609375 0.6818607859375
0 0.38106569375 0.5549636171875 0.37731426875 0.571319253125 0.376327053125 0.5837269765624999 0.37691938281250004 0.5992366296875 0.4448399 0.6003646046875 0.44503734375 0.5794970703125 0.3881736546875 0.5360700390625001 0.38106569375 0.5549636171875
0 0.259164746875 0.56335970625 0.2783550984375 0.5734003171875 0.2922253515625 0.577470834375 0.30704562343749997 0.57855630625 0.30704562343749997 0.4822207109375 0.298875475 0.4824920796875 0.2927953625 0.48303481562500006 0.259164746875 0.56335970625
5 0.12078248750000001 0.6197110796875 0.121134109375 0.5858127828125 0.12095829843749999 0.5461392203125001 0.09792699375 0.5461392203125001 0.09792699375 0.5827996015625 0.09792699375 0.6197110796875 0.12078248750000001 0.6197110796875
3 0.4583775890625 0.381418609375 0.4585534 0.157689853125 0.459080834375 0.0695542828125 0.319448825 0.06980538124999999 0.19286519375 0.06980538124999999 0.1011466421875 0.0695544328125 0.100094328125 0.276459440625 0.0986878359375 0.4818580078125 0.24318890781250002 0.48436899218749996 0.244067965625 0.379409821875 0.40528252187499997 0.3819208078125 0.4583775890625 0.381418609375
5 0.11996102500000001 0.35304448125 0.1203126484375 0.28625228125 0.1208400828125 0.1539233765625 0.09991851562500001 0.1534211796875 0.09956689375 0.254362771875 0.09886364843749999 0.35304448125 0.11996102500000001 0.35304448125
0 0.31462963125 0.3434322359375 0.3115341015625 0.355988203125 0.30980060468750004 0.3660683453125 0.3096767828125 0.3795085359375 0.3720826609375 0.3805696046875 0.3719588390625 0.3683673265625 0.32007776250000003 0.329107821875 0.31462963125 0.3434322359375
4 0.8255352421875 0.41358457031249996 0.8260361015625 0.3259724484375 0.8252848296874999 0.218705296875 0.8037620421874999 0.219167465625 0.8042493734375 0.3005995921875 0.8039989593750001 0.41429930937500004 0.8255352421875 0.41358457031249996