5 0.28386407343750003 0.0801629859375 0.22915572499999998 0.079978703125 0.2288976671875 0.09895982343750001 0.2523809671875 0.0993283890625 0.28386407343750003 0.099512671875 0.28386407343750003 0.0801629859375
5 0.33870145156250003 0.0801629859375 0.3261856265625 0.0796101375 0.326443684375 0.098775540625 0.3327661125 0.09895982343750001 0.33844339375 0.09895982343750001 0.33870145156250003 0.0801629859375
0 0.2939283453125 0.3667226234375 0.30076688906250004 0.3622998375 0.30708931562499997 0.3576927703125 0.2899284421875 0.31088495781250003 0.283606015625 0.3105163921875 0.28386407343750003 0.3687497328125 0.2897994140625 0.36764403749999996 0.2939283453125 0.3667226234375
0 0.2825737828125 0.519493003125 0.28076737500000004 0.5108317140625 0.2772835890625 0.5038289703125 0.24425213281249997 0.529628553125 0.24425213281249997 0.5408697984375 0.283606015625 0.5408697984375 0.28386407343750003 0.5311028140625 0.2825737828125 0.519493003125
0 0.30708931562499997 0.5626151609375001 0.297283103125 0.556165265625 0.29083164687499996 0.553953871875 0.28347698593750004 0.553216740625 0.2837350453125 0.6103443859375 0.2901865015625 0.6099758203125 0.30708931562499997 0.5626151609375001
0 0.24141349218750002 0.7546377609375 0.23767164687500003 0.767721834375 0.2358652390625 0.7773045359374999 0.23547815156250002 0.787255803125 0.27509009375 0.7878086515625 0.2749610640625 0.7791473625 0.24141349218750002 0.7546377609375
5 0.231220190625 0.7776731015625 0.2010273765625 0.7776731015625 0.200898346875 0.7876243671875 0.21496252187499998 0.7878086515625 0.23160727812499998 0.7878086515625 0.231220190625 0.7776731015625
5 0.162576696875 0.7769359703125 0.09483640625 0.7765674046875 0.0949654359375 0.795548525 0.1270936875 0.7957328078125 0.1628347546875 0.7957328078125 0.162576696875 0.7769359703125
0 0.1856729109375 0.48650639531250006 0.18541485156249998 0.4776608234375 0.14567388125 0.47710797656250004 0.14683514375 0.49332485625 0.149286696875 0.5027232749999999 0.15225436718750002 0.511015996875 0.1856729109375 0.48650639531250006
0 0.07225630937500001 0.4752651484375 0.077417475 0.4736066046875 0.0832237859375 0.470473796875 0.0872236890625 0.46623529531249996 0.0719982515625 0.4256930953125 0.06064368906249999 0.42624594374999997 0.0610307765625 0.427535921875 0.060514659375 0.47581799687500004 0.07225630937500001 0.4752651484375
0 0.18657611406250002 0.4319587078125 0.187995434375 0.42385026875 0.1881244640625 0.41316187031249996 0.14877057968750002 0.41316187031249996 0.1494157265625 0.4225602890625 0.1821891234375 0.44688560937500005 0.18438261875 0.44006714843749994 0.18657611406250002 0.4319587078125
5 0.15896388125 0.3119906546875 0.1079973765625 0.31143780625 0.10773931875000001 0.3307874921875 0.1296742703125 0.3304189265625 0.1590929109375 0.3304189265625 0.15896388125 0.3119906546875
0 0.1870922296875 0.5838076734375 0.1917372796875 0.5849133703125 0.1987048515625 0.5845448046875 0.1985758234375 0.5423440609375 0.1914792203125 0.5419754953125 0.17986660000000002 0.577357778125 0.1820600953125 0.5803063015625 0.1870922296875 0.5838076734375
0 0.2321233953125 0.47305375625 0.230833103125 0.4651295984375 0.22773640468749998 0.457205440625 0.1985758234375 0.4780293890625 0.1981887359375 0.4881649390625 0.2330265984375 0.487612090625 0.2330265984375 0.47858223750000006 0.2321233953125 0.47305375625
5 0.380173596875 0.8130499578125001 0.331327484375 0.8125369921875001 0.331327484375 0.83228615625 0.42758305781250006 0.8325426390624999 0.42794222031249995 0.813306440625 0.380173596875 0.8130499578125001
3 0.2837900296875 0.83083416875 0.47036401406249995 0.8327581390625 0.47058853125000005 0.68172653125 0.47036401406249995 0.5310155859375 0.41513272656250005 0.5319775703125 0.3421645625 0.5313362484375 0.283116478125 0.5319775703125 0.2833409953125 0.6102189984375 0.28401454843749996 0.700645565625 0.2837900296875 0.83083416875
3 0.2837900296875 0.367157515625 0.2833409953125 0.5412767578125 0.3412664921875 0.5412767578125 0.414683690625 0.5409560953125 0.470139496875 0.5399941109374999 0.4696904609375 0.288274765625 0.444095475 0.2892367515625 0.4443199921875 0.0804860578125 0.4097443078125 0.08080671874999999 0.3837002859375 0.060925701562500004 0.3718008625 0.060925701562500004 0.3450832890625 0.0804860578125 0.3167940921875 0.0804860578125 0.317018609375 0.2956499828125 0.28401454843749996 0.2956499828125 0.2837900296875 0.367157515625
3 0.1905148609375 0.4120344796875 0.19089866875 0.48987963749999996 0.2354099546875 0.48817984687499993 0.2349338984375 0.5425731453125 0.2906325125 0.5418932296875 0.29110856875 0.369874425 0.30705646249999996 0.358995765625 0.2901564546875 0.31276146250000003 0.2901564546875 0.3046024671875 0.32395646875 0.305282384375 0.32395646875 0.21111398750000002 0.32324238437499997 0.08091003125 0.18875641406250002 0.0802301140625 0.185900075 0.206014615625 0.18351635625 0.3342921234375 0.19284769531249998 0.3298497046875 0.1905148609375 0.4120344796875
3 0.059314884375 0.6315266562499999 0.060260028125 0.7953120359375 0.198763446875 0.7953120359375 0.1984479484375 0.6777049875000001 0.198763446875 0.478088425 0.060260028125 0.47944023125 0.059314884375 0.6315266562499999
5 0.630646528125 0.28729838750000003 0.5865330328125 0.28729838750000003 0.586885940625 0.3069556453125 0.6066487859375 0.30745967812499997 0.63029361875 0.3084677421875 0.630646528125 0.28729838750000003
0 0.62358836875 0.3886088703125 0.619353471875 0.3991935484375 0.617236025 0.41280241875 0.6168831171875 0.423387096875 0.657114625 0.4243951609375 0.657114625 0.41280241875 0.62358836875 0.3886088703125
5 0.73051948125 0.2867943546875 0.679700734375 0.2867943546875 0.6800536421875 0.30645161249999997 0.6994635796875001 0.3069556453125 0.731225296875 0.30745967812499997 0.73051948125 0.2867943546875
0 0.7336956515625 0.38457661249999997 0.7284020328125 0.3946572578125 0.726284584375 0.4102822578125 0.726284584375 0.42540322656249996 0.7679277250000001 0.4238911296875 0.7679277250000001 0.41229838750000003 0.7336956515625 0.38457661249999997
3 0.7781620546875 0.289314515625 0.7523997734375001 0.289314515625 0.6613495203124999 0.2883064515625 0.6613495203124999 0.423387096875 0.703698475 0.4238911296875 0.7795736875 0.4238911296875 0.7781620546875 0.289314515625
3 0.6684076796875 0.4243951609375 0.6684076796875 0.3649193546875 0.6673489546875 0.2883064515625 0.5293619421875 0.28780241875 0.5286561265625 0.3583669359375 0.529009034375 0.4228830640625 0.5293619421875 0.41885080625000004 0.5935911921875 0.4228830640625 0.6684076796875 0.4243951609375
5 0.543125353125 0.4586693546875 0.543125353125 0.42842741875 0.5286561265625 0.42842741875 0.5286561265625 0.49395161249999997 0.543125353125 0.49344758125 0.543125353125 0.4586693546875
0 0.6581733484375001 0.50302419375 0.6588791640625 0.492439515625 0.6168831171875 0.4899193546875 0.6175889328124999 0.5100806453125 0.6214709203125001 0.5241935484375 0.6232354609375 0.5302419359375 0.6581733484375001 0.50302419375
0 0.7901609265625 0.4823588703125 0.8021597968749999 0.476814515625 0.7820440421875 0.421875 0.7718097125 0.423387096875 0.7714568046875 0.485887096875 0.783455675 0.484375 0.7901609265625 0.4823588703125
0 0.7876905703125 0.5977822578125 0.7972190859375 0.5912298390624999 0.7799265953125001 0.54032258125 0.7721626203125 0.5398185484375 0.772515528125 0.6008064515625 0.7802795031249999 0.5997983875 0.7876905703125 0.5977822578125
0 0.7675748171875 0.6164314515625 0.7679277250000001 0.60635080625 0.7252258609375 0.6058467734375 0.7252258609375 0.6199596781250001 0.760869565625 0.6466733875 0.7651044609375 0.632560484375 0.7675748171875 0.6164314515625
5 0.6119424046875 0.7757056453125 0.577357425 0.7741935484375 0.576651609375 0.796875 0.648291925 0.796875 0.6486448328125001 0.7762096781250001 0.6119424046875 0.7757056453125
5 0.719226425 0.8125 0.688876340625 0.8119959671875 0.6885234328125 0.8336693546875 0.749223603125 0.833165321875 0.7502823265624999 0.8130040328125 0.719226425 0.8125
5 0.860036703125 0.8135080640625001 0.8205110109374999 0.8125 0.820158103125 0.832661290625 0.90450310625 0.833165321875 0.9059147375000001 0.8130040328125 0.860036703125 0.8135080640625001
5 0.8812111796875 0.2867943546875 0.8035714281249999 0.28629032187500003 0.8028656125 0.307963709375 0.8385093171875001 0.30897177343750004 0.8812111796875 0.3084677421875 0.8812111796875 0.2867943546875
3 0.6684076796875 0.66280241875 0.668054771875 0.49395161249999997 0.5293619421875 0.49344758125 0.5293619421875 0.6512096781250001 0.530420665625 0.7943548390624999 0.6684076796875 0.795362903125 0.6684076796875 0.66280241875
3 0.6574675328125 0.8321572578125 0.7795736875 0.832661290625 0.7799265953125001 0.7152217734375 0.7799265953125001 0.6073588703125 0.6606437046875 0.607862903125 0.661702428125 0.7772177421875 0.6567617171875 0.7787298390624999 0.6574675328125 0.8321572578125
3 0.9394409937500001 0.6713709671875 0.940146809375 0.53125 0.772515528125 0.5317540328125 0.7728684359375 0.68447580625 0.7718097125 0.832661290625 0.940146809375 0.833165321875 0.9394409937500001 0.6713709671875
3 0.9404997171874999 0.4415322578125 0.9397939015624999 0.28780241875 0.77322134375 0.2867943546875 0.772515528125 0.41481854843750005 0.77322134375 0.5418346781250001 0.9397939015624999 0.5398185484375 0.9404997171874999 0.4415322578125
1 0.3780367015625 0.0789810265625 0.3760263484375 0.070075996875 0.3742170265625 0.0643308171875 0.37240772031249997 0.060596453125000005 0.36718079062500003 0.0654798546875 0.3565259265625 0.0729485875 0.3480824328125 0.0798428015625 0.34205137343750003 0.08501346562499999 0.3422524203125 0.092194940625 0.342453453125 0.092194940625 0.3428522015625 0.0924798265625 0.41442409375 0.09162042031249999 0.41321788593750003 0.082715390625 0.38426879375 0.061745487499999994 0.38165534375 0.0634690421875 0.3794439578125 0.070075996875 0.3780367015625 0.0789810265625