3 0.42721353593750006 0.6861404656250001 0.426087303125 0.80294739375 0.709898134375 0.8024128078125001 0.7087719015625 0.6054180578125 0.7091473125000001 0.49315510625 0.5454724046874999 0.49342240000000004 0.41970966875000004 0.49315510625 0.41932990312499996 0.548751996875 0.41820366875000003 0.6858731734375 0.42721353593750006 0.6861404656250001
0 0.4690284734375 0.52724508125 0.47792352187500003 0.5219673515625 0.48700388281249996 0.51312715625 0.49015421249999996 0.5044189046875001 0.49071015312500005 0.4935995609375 0.4466055390625 0.4930717875 0.4460496 0.5306756046875 0.4584656046875 0.530279775 0.4690284734375 0.52724508125
5 0.5471910109375 0.8029333328125 0.5473782765624999 0.7957333328125 0.5230337078125 0.7957333328125 0.5055243453125 0.7956666671875 0.5057116109375001 0.8028666671875 0.5203183515625 0.8029333328125 0.5471910109375 0.8029333328125
5 0.5930711609375 0.8028000000000001 0.5930711609375 0.7956666671875 0.5698501874999999 0.7956000000000001 0.548782771875 0.7956000000000001 0.5490636703125 0.8029333328125 0.567602996875 0.8028666671875 0.5930711609375 0.8028000000000001
5 0.6366104875 0.8028666671875 0.6366104875 0.7957333328125 0.6166666671875001 0.7958000000000001 0.5947565546875 0.7956000000000001 0.5949438203125 0.8031333328124999 0.61095505625 0.8029333328125 0.6366104875 0.8028666671875
3 0.4380020359375 0.8028127796875 0.4374533515625 0.7428459859375 0.48079940312499997 0.7428459859375 0.48025071874999997 0.73952535 0.4786046671875 0.7315167546875 0.4728434828125 0.723703490625 0.46351585 0.7166715546875 0.45184517343749997 0.7121789281249999 0.437575653125 0.71042094375 0.43784999375 0.67252661875 0.3580164421875 0.6723312859374999 0.2916256546875 0.6721359546875 0.29177769531250003 0.73581405 0.29177769531250003 0.8030081109375 0.4380020359375 0.8028127796875
0 0.472569140625 0.7219455078125 0.45802900781250006 0.7139369125 0.44513492968749996 0.7098349500000001 0.43717900781249996 0.7098349500000001 0.42757703593749996 0.70963961875 0.42812571874999994 0.7428459859375 0.479702034375 0.7424553234375 0.4780559828125 0.730540096875 0.472569140625 0.7219455078125
5 0.33209164062499996 0.8029895625 0.3710946578125 0.802916290625 0.3708888359375 0.79668815625 0.3738732359375 0.7964683406249999 0.373667415625 0.789141125 0.34927766718750003 0.7890678515625 0.3287985109375 0.7890678515625 0.3291072421875 0.7968347 0.3322974609375 0.7969812453125 0.33209164062499996 0.8029895625
0 0.3968270921875 0.47115054218749997 0.3840842484375 0.465813540625 0.37598879687500003 0.464532659375 0.3650449453125 0.46378547968749995 0.3659444390625 0.5066949765625 0.40971985 0.5070151953125 0.40942001718750004 0.4892963484375 0.40522237499999997 0.47947626562499995 0.3968270921875 0.47115054218749997
0 0.56241875625 0.45140083750000004 0.5693005999999999 0.44308984375 0.5711931078125 0.43672000781250003 0.571709246875 0.4307176640625 0.519923365625 0.4310663625 0.519579271875 0.46291554062499995 0.5350634234375 0.462425553125 0.55244008125 0.45826065937499993 0.56241875625 0.45140083750000004
3 0.41124921406250003 0.42222004843749994 0.41124921406250003 0.397866709375 0.46624408749999996 0.3977712046875 0.4663782203125 0.3270987703125 0.4663782203125 0.2588139171875 0.4666464890625 0.22767984531250002 0.4408927921875 0.21803401249999999 0.350089309375 0.217938509375 0.29187522499999996 0.21784300625 0.291631021875 0.36224398125 0.29189928906249996 0.4219335375 0.41124921406250003 0.42222004843749994
5 0.3887439171875 0.2317864859375 0.38914631875 0.2175564953125 0.3650022296875 0.2174609921875 0.32878609375 0.2174609921875 0.32878609375 0.2317864859375 0.35185711406250003 0.2316909828125 0.3887439171875 0.2317864859375
0 0.42519537500000004 0.367217009375 0.41570825781250004 0.3764281390625 0.4111803140625 0.38686741874999997 0.4111803140625 0.3969996609375 0.45538165937499997 0.3977672546875 0.45559727499999997 0.3610762578125 0.4402885171875 0.3621508890625 0.42519537500000004 0.367217009375
3 0.45642074531250004 0.398185465625 0.5196946734375001 0.398185465625 0.520024225 0.420945625 0.708527803125 0.4228227515625 0.70918690625 0.2250205421875 0.674254425 0.2247859015625 0.674913528125 0.21305386093749998 0.614284384375 0.17199171875000002 0.5084982859375 0.17199171875000002 0.45577001250000004 0.2069532 0.45609119375 0.23182512656249998 0.45675029843750004 0.25106567343749997 0.45642074531250004 0.398185465625
5 0.4933305375 0.1790309421875 0.471250571875 0.1938133140625 0.4577389515625 0.2055453546875 0.471250571875 0.2163388328125 0.49596695 0.19967933437500002 0.5098081234375 0.1905283421875 0.4933305375 0.1790309421875
5 0.6034008078124999 0.186774090625 0.603730359375 0.1715224359375 0.5655023609375001 0.1715224359375 0.5177173640625 0.1715224359375 0.5177173640625 0.18653945 0.561547740625 0.1874780125 0.6034008078124999 0.186774090625
5 0.6653565296874999 0.2034335875 0.6376741859374999 0.1858355265625 0.6281171859375 0.179265584375 0.6126282562500001 0.191232265625 0.6304240484375 0.2034335875 0.65019715 0.2165734734375 0.6653565296874999 0.2034335875
0 0.4979442609375 0.36510111093750003 0.48608039999999997 0.3615814984375 0.471250571875 0.35993901250000004 0.47059146875 0.397950825 0.5160696046875 0.39842010625 0.5170582609375 0.3838723765625 0.5078308125000001 0.371201771875 0.4979442609375 0.36510111093750003