3 0.45341161406249997 0.24247807500000002 0.5528488109375 0.2421547328125 0.5524145421875 0.1764643125 0.5741283265625 0.1619140140625 0.6040933484375001 0.137206196875 0.5956973484375 0.12987715625000001 0.5855642515625 0.12513483593750002 0.5728255 0.121901434375 0.57977390625 0.12050029531249999 0.587735628125 0.117698015625 0.5974344453125 0.1129556953125 0.6058304453125001 0.1062733328125 0.5529298687499999 0.067338553125 0.5530746328125 0.001872428125 0.40421647343749995 0.001872428125 0.31081461250000003 0.0017945109375 0.31114321093749997 0.05707325625 0.311432728125 0.24247807500000002 0.45341161406249997 0.24247807500000002
3 0.6083351515625 0.45836384375000006 0.705480421875 0.4585609265625 0.705480421875 0.4301490109375 0.70521569375 0.23509007343750002 0.68131086875 0.2354842375 0.68078145 0.22720674375 0.6786638484374999 0.21853508437500002 0.671781628125 0.20690718125 0.6564289640625 0.19429385625 0.6034087734375 0.234934503125 0.44198890156250004 0.2345513046875 0.44211683281249997 0.358575896875 0.4426462328125 0.4587580078125 0.6083351515625 0.45836384375000006
0 0.6693862312500001 0.20265541874999998 0.6614780890625 0.1967674203125 0.65639430625 0.1934295421875 0.60216713125 0.2350172625 0.6020700578125 0.24193035312500002 0.6823781359375001 0.2419788375 0.680965984375 0.22326341562500002 0.6772943546875 0.21274913125 0.6693862312500001 0.20265541874999998
0 0.511691759375 0.41008444062500005 0.457129690625 0.452326415625 0.457294525 0.45869670156250003 0.5370413859375 0.45789875625 0.535109990625 0.4379461671875 0.5271429640624999 0.4224874015625 0.511691759375 0.41008444062500005
0 0.511691759375 0.4795230359375 0.49551627187499997 0.48653340624999997 0.4848935671875 0.49570515625 0.5423527375 0.5347115734375001 0.5527340078125 0.534891325 0.5534214203125 0.4770989859375 0.5411456078125 0.47646723281250003 0.5281086609375001 0.47628748125 0.511691759375 0.4795230359375
0 0.5170031093749999 0.551643315625 0.5066218234375001 0.5442734406249999 0.4520597640625 0.5870546734375 0.45251473437499995 0.5940425281249999 0.5324543140625 0.593705534375 0.5312471859375 0.5723149171874999 0.525211553125 0.55955245 0.5170031093749999 0.551643315625
3 0.08288809999999999 0.7363846 0.1354098453125 0.7763146859375001 0.1398420625 0.7738396828125 0.146933615625 0.767404665625 0.1540251546875 0.757999646875 0.15779253437500002 0.7472746234375001 0.1584573703125 0.7368662375 0.26170608125 0.7368662375 0.26192769843749997 0.6683376187500001 0.296055759375 0.6409341937499999 0.3503503921875 0.5938689890625 0.352788109375 0.5937039890625 0.3534529484375 0.5083453375 0.3536745515625 0.450885109375 0.173080178125 0.45055510937500004 0.061206910937500004 0.45029355000000004 0.060581504687499996 0.51594871875 0.060359903125 0.7367146046874999 0.08288809999999999 0.7363846
0 0.29864696875 0.511659621875 0.31383700625 0.5177127265625 0.33287805625 0.5210578640625 0.3523469796875 0.5215357390625 0.352530775 0.46294741093749997 0.34250554375000003 0.463197228125 0.28538241875 0.502739253125 0.29864696875 0.511659621875
0 0.14409221249999998 0.771865659375 0.1507244875 0.764378921875 0.15735676406250002 0.7524320062500001 0.1592822625 0.73968861875 0.1590683265625 0.7277416999999999 0.08262128125 0.7277267640625 0.0824762484375 0.7349098515625 0.1363902265625 0.7771223046875 0.14409221249999998 0.771865659375
3 0.3085932609375 0.4584862765625 0.4525470109375 0.4584862765625 0.453162175 0.28965208593749997 0.4529571203125 0.2352611890625 0.3223594796875 0.2352611890625 0.21081511718749998 0.2352611890625 0.06092179062500001 0.2349839796875 0.060500289062500004 0.458791634375 0.1318619671875 0.45863895625 0.3085932609375 0.4584862765625
5 0.07235465937499999 0.40128914687500006 0.07267852968750001 0.3455470609375 0.07267852968750001 0.2905283953125 0.060221071875 0.29041648750000004 0.0603714171875 0.308382415625 0.060209476562499996 0.40116857812499995 0.07235465937499999 0.40128914687500006
0 0.35615110156249996 0.44071716250000004 0.3559822875 0.44800746875 0.35745908593750003 0.4581477578125 0.4348212109375 0.4580873078125 0.43499003593749996 0.44966574687499994 0.3806299984375 0.41080176562500004 0.36830613749999996 0.41972610625 0.3596963265625 0.43103864999999997 0.35615110156249996 0.44071716250000004
1 0.5823983359375 0.155769259375 0.6043931203125 0.13834696875000002 0.6013001 0.132454128125 0.5892717046875 0.1273299234375 0.579305315625 0.12399919374999999 0.5731192734375 0.12194951406250001 0.5868660109375 0.118618784375 0.5968324 0.11375078593750002 0.6071424515625 0.10606448125000001 0.550780828125 0.0671205375 0.542189115625 0.0684015875 0.5408144640625 0.17729091875 0.553873846875 0.1762660734375 0.5621218953125 0.16986081875 0.5823983359375 0.155769259375