0 0.6147487765624999 0.72025414375 0.6076048328125 0.725393215625 0.6028011453125 0.730096775 0.5989828296875 0.7368037000000001 0.5972584296875 0.7429009062499999 0.5972584296875 0.747256053125 0.59676574375 0.752656434375 0.6438172421874999 0.752656434375 0.6436940718749999 0.714244040625 0.6275586093750001 0.715724790625 0.6147487765624999 0.72025414375
0 0.6163364078125 0.694687025 0.6266493093750001 0.6899134546875 0.6341496 0.6844768890624999 0.6401498328125 0.6782447281249999 0.6435249625 0.670288778125 0.6437124703125 0.65901785 0.5960856234375 0.6587526515625 0.5958981156250001 0.6966760125 0.60564849375 0.6964108140625 0.6163364078125 0.694687025
3 0.4086132046875 0.7460448453125 0.524193775 0.74591085625 0.539919878125 0.74591085625 0.53973040625 0.662704346875 0.5761088625 0.662570359375 0.5759816515625 0.6219720125 0.5403610796875 0.6217040375 0.5407400234375 0.5947724609375 0.44733765468750003 0.594370496875 0.3429427390625 0.594236509375 0.2868592859375 0.5945044859374999 0.2864077375 0.6135307734375 0.2867866796875 0.7460448453125 0.4086132046875 0.7460448453125
5 0.297586534375 0.7405513390625 0.2979654765625 0.70370465625 0.2977760046875 0.6489035890625 0.297586534375 0.59691626875 0.2860287953125 0.59691626875 0.2864077375 0.6795868265625 0.2864077375 0.7406853265625 0.297586534375 0.7405513390625
0 0.5524978046875 0.626661590625 0.5437821328125 0.6297433140625001 0.5356348750000001 0.6344328906250001 0.527866559375 0.6424721671875 0.5240771359374999 0.6518513234375 0.52369819375 0.6585507203125001 0.5761816953125 0.65814875625 0.5763711671875 0.624785759375 0.5691712640625 0.624785759375 0.5598871796875 0.6254557000000001 0.5524978046875 0.626661590625
3 0.5044226140625 0.597988171875 0.5406115984375 0.5982561484375 0.5406115984375 0.5677068984375 0.575853228125 0.5681088625 0.5766111125 0.5269745640625 0.5760427 0.48768946093750004 0.52128664375 0.4879574375 0.3772370125 0.48782344999999994 0.37742648437500004 0.4540584890625 0.37193182187499996 0.4539245015625 0.362458265625 0.45486241562499996 0.3522268234375 0.4580781265625 0.343132209375 0.46303568124999994 0.334037596875 0.47174489687500004 0.3302481734375 0.4794088453125 0.3294902890625 0.4875821109375 0.28704875625000004 0.487180146875 0.28673268125 0.59718424375 0.3511561609375 0.5982561484375 0.5044226140625 0.597988171875
5 0.2975325359375 0.5954424015625001 0.29772200625 0.5497525140625 0.2975325359375 0.498569121875 0.286543209375 0.498569121875 0.285974796875 0.5419812140625 0.285974796875 0.5950404375 0.2975325359375 0.5954424015625001
0 0.5457051578125001 0.5326758218750001 0.5380371703125 0.537375371875 0.5301135828125 0.5444246953125 0.525257190625 0.5527392828125001 0.5239791921875 0.5632228921875 0.5763771109375 0.563042140625 0.5766327109375 0.5292415375 0.565641928125 0.5292415375 0.5566959406249999 0.5301452953125 0.5457051578125001 0.5326758218750001
3 0.2966810421875 0.49150097812500004 0.38407869843750003 0.491387990625 0.38423847499999997 0.373201778125 0.38423847499999997 0.33975711406250003 0.331678259375 0.3406610234375 0.2905997953125 0.34145194375 0.24126226874999998 0.34258183125 0.191571828125 0.34337275312500004 0.1914087609375 0.49466466249999996 0.297160371875 0.494551675 0.2966810421875 0.49150097812500004
5 0.262988559375 0.4947776515625 0.26314833593750003 0.48720740625000003 0.2019539984375 0.48732039531250004 0.2019539984375 0.46167195312500003 0.2019539984375 0.403143790625 0.201794221875 0.346310459375 0.19092943125 0.346310459375 0.19092943125 0.4513899796875 0.19092943125 0.49511661875 0.262988559375 0.4947776515625
0 0.3518535484375 0.45849794375 0.34190468281249997 0.4640470859375 0.3357391875 0.46979441250000004 0.33139531718750004 0.476433565625 0.32999406875 0.48287453593749996 0.3291533203125 0.4910000671875 0.37665565 0.49119824999999995 0.37665565 0.45423699375000004 0.36250303906250003 0.45532700468750004 0.3518535484375 0.45849794375
3 0.19007183125 0.3476875625 0.3305642859375 0.3443396203125 0.3309753578125 0.34835597812499997 0.3317975046875 0.35310404218749997 0.3352231140625 0.3592086953125 0.34221135625 0.36608854218750003 0.3512528265625 0.3716086609375 0.3639960921875 0.37548463125 0.377776165625 0.376259825 0.376542946875 0.3433140765625 0.3790093859375 0.343217178125 0.3787353375 0.3778102125 0.3786144953125 0.44012131875 0.378712553125 0.4912272609375 0.496375390625 0.49129660468749997 0.496375390625 0.500241878125 0.5707932609374999 0.500241878125 0.6307064515625 0.50051925 0.6309025671875 0.4379023375 0.631000625 0.3073984265625 0.6309025671875 0.2568472296875 0.6360996203125 0.2567778859375 0.6360141734375 0.249513253125 0.6358740484375 0.22186662968749998 0.5141191843749999 0.22176753749999997 0.3589999171875 0.22186662968749998 0.286975734375 0.22196572187500002 0.2861598046875 0.24848996875 0.18937045937500002 0.2489859578125 0.19007183125 0.3476875625
5 0.190578784375 0.344426540625 0.2019243859375 0.344426540625 0.2019243859375 0.336594321875 0.2020594515625 0.288359325 0.2019243859375 0.256839425 0.26432548749999996 0.256839425 0.264190421875 0.2490072078125 0.1907138515625 0.2490072078125 0.190578784375 0.297433234375 0.190578784375 0.344426540625
0 0.331047084375 0.35105440625 0.3328221359375 0.355657025 0.3357805546875 0.360259546875 0.3405140265625 0.364931903125 0.3480086875 0.370022678125 0.35520750625 0.3732305640625 0.36674534062499997 0.3758108203125 0.37848040312500003 0.3763687140625 0.37709980781249997 0.33968723437500004 0.33006094531249996 0.3408030203125 0.3304554015625 0.3430346921875 0.33055401562500003 0.34693994375 0.331047084375 0.35105440625
5 0.2974253546875 0.2293994359375 0.365823265625 0.22959931875 0.4934859203125 0.2293994359375 0.560892621875 0.22959931875 0.6254294703125 0.2295326921875 0.6254294703125 0.2365952359375 0.636076075 0.2366618640625 0.6361702921875 0.2217372421875 0.6175154078125 0.221870496875 0.527599334375 0.221870496875 0.46211919687499997 0.22180386875 0.384310046875 0.221870496875 0.33956071250000003 0.2217372421875 0.2869872171875 0.2216706140625 0.2864960984375 0.23646198125 0.2977080078125 0.23646198125 0.2974253546875 0.2293994359375
0 0.5931126625 0.4701171234375 0.58377000625 0.47754980468749997 0.5782228046875 0.48601480312499995 0.57690899375 0.49468626562500007 0.5757411625 0.49995108125 0.62303835625 0.500467240625 0.6236222734375 0.4638199890625 0.60887839375 0.46485230624999996 0.5931126625 0.4701171234375
3 0.6256879921875 0.4563308765625 0.625787009375 0.500794603125 0.6483625328125 0.5008948375 0.714710284375 0.50079668125 0.714710284375 0.4917662421875 0.7348416921875 0.49196255625 0.8171517703125 0.491569928125 0.8168741640625001 0.495201734375 0.8439407156250001 0.495103578125 0.8440795187499999 0.405878925 0.8439407156250001 0.3260773375 0.8440795187499999 0.24961308437500002 0.6834651296875001 0.24961308437500002 0.625723153125 0.2497112421875 0.6258860265624999 0.2697932890625 0.6256879921875 0.3632721484375 0.6256879921875 0.4563308765625
5 0.7363459406249999 0.25690854218750003 0.7785549765625001 0.2569558453125 0.778488084375 0.2496237109375 0.7722673421875 0.24952910312499998 0.737486640625 0.24971831875 0.6952115828125 0.24990753593749998 0.659892453125 0.249671015625 0.659891490625 0.2569558453125 0.702497946875 0.2570504546875 0.7363459406249999 0.25690854218750003
0 0.75911605625 0.4612318875 0.749302503125 0.466783753125 0.742055571875 0.47447095156249997 0.738281128125 0.4821581484375 0.738281128125 0.4915536140625 0.7816117390625 0.491446846875 0.78191369375 0.45738828906249995 0.768929609375 0.458562721875 0.75911605625 0.4612318875
0 0.6969859265625 0.473111678125 0.6868613906250001 0.467770278125 0.6760940265625 0.4645881671875 0.6678979734375 0.46367899218749997 0.661469696875 0.46367899218749997 0.66082686875 0.5003869125 0.70839611875 0.500273265625 0.7080747046875 0.489363171875 0.7037356171875 0.4809533078125 0.6969859265625 0.473111678125
0 0.7505579609375 0.6055270875 0.7414067390625 0.5995019421875 0.729888821875 0.5951504484375 0.7177397859375 0.5933652203124999 0.7093774625 0.5935883734375 0.7096930218749999 0.62416040625 0.7575002671875 0.624383559375 0.7562380296875 0.614006921875 0.7505579609375 0.6055270875