5 0.26426545468749996 0.2494996140625 0.19958267968750001 0.24925500625 0.19923678281249999 0.257327053125 0.2307134265625 0.257327053125 0.26461135156250004 0.257327053125 0.26426545468749996 0.2494996140625
5 0.2969744546875 0.2327147421875 0.2971303046875 0.2285266484375 0.2872337546875 0.2285266484375 0.28731167968750004 0.23624155781249997 0.296818603125 0.23613134374999997 0.2969744546875 0.2327147421875
5 0.3800189953125 0.222152721875 0.2960698453125 0.22195807812499999 0.29588635 0.2290301125 0.3347873765625 0.22896523124999998 0.38011074375 0.22896523124999998 0.3800189953125 0.222152721875
5 0.4623166875 0.2222824828125 0.378459284375 0.222022959375 0.3783675375 0.2290301125 0.41552535781250005 0.2290301125 0.4624084359375 0.22890035000000003 0.4623166875 0.2222824828125
5 0.5448896234375 0.222022959375 0.460940471875 0.222022959375 0.461215715625 0.22922475625 0.4990157703125 0.22922475625 0.54507311875 0.22915987499999999 0.5448896234375 0.222022959375
5 0.6265450796875001 0.222217603125 0.54378865 0.22208784062500003 0.5435134078125 0.2290301125 0.5796620031249999 0.2290301125 0.626912071875 0.22896523124999998 0.6265450796875001 0.222217603125
5 0.626053815625 0.2362234328125 0.635784165625 0.23615137968750002 0.6359369984375001 0.22858588906250002 0.626104759375 0.22851383749999998 0.626155703125 0.2320444 0.626053815625 0.2362234328125
5 0.20204915156249997 0.2760728046875 0.2018128359375 0.255517746875 0.19070604062500002 0.2556848609375 0.19070604062500002 0.30080571875 0.20204915156249997 0.3006386046875 0.20204915156249997 0.2760728046875
5 0.20204915156249997 0.3206923203125 0.202285465625 0.29913457656250003 0.1904697265625 0.299301690625 0.1911786703125 0.3445896625 0.202285465625 0.3444225484375 0.20204915156249997 0.3206923203125
5 0.20204915156249997 0.3683198921875 0.2018128359375 0.34642792031249997 0.1909423546875 0.34642792031249997 0.1909423546875 0.39472395 0.20204915156249997 0.39472395 0.20204915156249997 0.3683198921875
5 0.2018128359375 0.416114578125 0.20204915156249997 0.3933870359375 0.1904697265625 0.39355415 0.1909423546875 0.4416830640625 0.20204915156249997 0.4416830640625 0.2018128359375 0.416114578125
5 0.20204915156249997 0.4632408078125 0.20204915156249997 0.44068037968749996 0.19070604062500002 0.4405132640625 0.1911786703125 0.488475065625 0.2018128359375 0.4886421796875 0.20204915156249997 0.4632408078125
5 0.26325468281250003 0.4871381515625 0.20015863281250001 0.4866368078125 0.1999223171875 0.4948254078125 0.22969798125000002 0.4948254078125 0.26325468281250003 0.4948254078125 0.26325468281250003 0.4871381515625
5 0.29775664375 0.5227334953125 0.2972840140625 0.499003265625 0.28641353281250004 0.4991703796875 0.28617721875 0.5478006375 0.29775664375 0.5476335234375 0.29775664375 0.5227334953125
5 0.29775664375 0.569024153125 0.2972840140625 0.5461294953125 0.28641353281250004 0.5464637234375 0.2868861625 0.5945926390625 0.29775664375 0.5949268671875 0.29775664375 0.569024153125
5 0.297520328125 0.619325553125 0.2972840140625 0.5969322390625 0.2866498484375 0.5970993531250001 0.28641353281250004 0.645896725 0.297520328125 0.6457296109375 0.297520328125 0.619325553125
5 0.297520328125 0.6684571546875 0.29775664375 0.6440584687500001 0.28617721875 0.6442255828125 0.28641353281250004 0.6928558406249999 0.29775664375 0.6928558406249999 0.297520328125 0.6684571546875
5 0.2972840140625 0.7130766687500001 0.297520328125 0.691184696875 0.2868861625 0.691184696875 0.2866498484375 0.7403162984375 0.297520328125 0.7404834124999999 0.2972840140625 0.7130766687500001
5 0.5645560484375001 0.745496840625 0.5399793093749999 0.7449954984375 0.5399793093749999 0.7530169843750001 0.5513224203125 0.7530169843750001 0.5647923625 0.7533512124999999 0.5645560484375001 0.745496840625
0 0.636395746875 0.7140793546875 0.62458000625 0.7159176125 0.6134732109375001 0.7204296984375 0.6056748234375 0.7262786984375 0.5995306375 0.734300184375 0.59622223125 0.743658584375 0.5974038046875 0.7531840984375 0.643485190625 0.7533512124999999 0.643485190625 0.7137451265625 0.636395746875 0.7140793546875
0 0.6330873390625 0.6860041546875 0.638995209375 0.679820925 0.6430125609374999 0.671799440625 0.645375709375 0.6644464109375 0.644903078125 0.6589316390625 0.5964585453125 0.658430296875 0.5966948609375 0.6960310125 0.6080379703125 0.69552966875 0.6250526359374999 0.6913518109375001 0.6330873390625 0.6860041546875
0 0.527690940625 0.6440584687500001 0.52414621875 0.65107726875 0.52296464375 0.658430296875 0.5770807328124999 0.6585974109375 0.5775533625 0.6255087828125 0.5569939749999999 0.6261772390625 0.5449419203125 0.629185296875 0.533835125 0.6358698671874999 0.527690940625 0.6440584687500001
0 0.529108828125 0.5459623812500001 0.5248551625 0.553315409375 0.523200959375 0.5625066953125 0.5768444171875 0.5625066953125 0.5770807328124999 0.5300865234375001 0.5768444171875 0.5297522953125 0.5629018453125 0.5297522953125 0.5468324390625 0.5330945812500001 0.5359619578125 0.5382751234375001 0.529108828125 0.5459623812500001
0 0.6096921734375 0.463909265625 0.597876434375 0.46775289375 0.5879512124999999 0.472766321875 0.581807028125 0.479116665625 0.5768444171875 0.4881408359375 0.5768444171875 0.5015099796875 0.624816321875 0.5013428656250001 0.6243436906250001 0.46307369375 0.6096921734375 0.463909265625
0 0.7075265 0.4878066078125 0.703981778125 0.4816233796875 0.6971286484375 0.474437465625 0.687912371875 0.46875557968750003 0.676332946875 0.4647448359375 0.6616814296875 0.4635750359375 0.6621540593749999 0.5008415234375 0.7089443890625 0.5008415234375 0.7087080734375 0.4948254078125 0.7075265 0.4878066078125
0 0.3356081265625 0.3617409078125 0.35081590937499996 0.3737174640625 0.3646411671875 0.37689491875000003 0.37881205625000003 0.3776281765625 0.37812079375 0.338765471875 0.32938676093749997 0.34023198906249996 0.33111491718749997 0.3541639015625 0.3356081265625 0.3617409078125
0 0.36325864218750004 0.45462032968750005 0.35150717343750004 0.45730894375000003 0.3414838609375 0.46219733593749995 0.3335343375 0.4700187609375 0.328349865625 0.4780846046875 0.32938676093749997 0.49226093750000005 0.3777751625 0.4917720984375 0.3774295296875 0.4536426515625 0.36325864218750004 0.45462032968750005
3 0.29775586875000004 0.4945294390625 0.2969982203125 0.49113613437500003 0.3841278 0.49167191875 0.3843803484375 0.42184129062500003 0.38387525 0.33915182499999996 0.3303347546875 0.340401990625 0.190169778125 0.3434381046875 0.19067487656249998 0.4275563296875 0.1909274265625 0.4945294390625 0.29775586875000004 0.4945294390625
3 0.3264122296875 0.5979779015625 0.42238196875 0.5982906515625 0.5521843578125 0.5978215265625 0.5517421 0.5857806546875 0.5411279359375001 0.5856242796875 0.540243421875 0.56842303125 0.5758450984375 0.56826665625 0.5767296125 0.5301111640625 0.5756239703125 0.4877335453125 0.5028460484374999 0.48710804531249996 0.4267778703125 0.48726442031249995 0.3776873578125 0.48726442031249995 0.37812961562499997 0.45458204999999996 0.36242949687500003 0.4555203 0.351594203125 0.45833504999999997 0.342306809375 0.4631826734375 0.33545182812499996 0.46959404843749997 0.33080813125 0.476630921875 0.329039103125 0.48726442031249995 0.28680357343749996 0.4880462953125 0.285925959375 0.5410574109375 0.2861470875 0.5982906515625 0.3264122296875 0.5979779015625
3 0.28679932343750003 0.74595223125 0.303599278125 0.74595223125 0.4151719421875 0.7457545234375 0.5404224671875 0.7451614 0.5395837375 0.6629148765624999 0.5770470624999999 0.662321753125 0.5762083328125 0.6211984921875 0.540981621875 0.6219893234375 0.5407020453125 0.5941124984374999 0.38553677343750004 0.59371708125 0.286519746875 0.5943102062500001 0.28624017031250004 0.6700323640625 0.28679932343750003 0.74595223125
0 0.758247609375 0.617768965625 0.7537609359374999 0.60881038125 0.7463711234375 0.6015315328125 0.7350224812499999 0.5963056921875001 0.7218263874999999 0.5929462234375 0.7078385265625 0.5929462234375 0.7083663703124999 0.6248611765625001 0.7590393734374999 0.623927990625 0.758247609375 0.617768965625
0 0.774082921875 0.457447653125 0.76378996875 0.4589407515625 0.7532330921875 0.4637933171875 0.7418844515624999 0.472378625 0.7376617000000001 0.4817104828125 0.7376617000000001 0.49253543750000006 0.7820005796875 0.4921621640625 0.7814727359375 0.457634290625 0.774082921875 0.457447653125
5 0.7207706984375 0.24953386875 0.659804740625 0.24934723124999997 0.659276896875 0.25737262968749997 0.68408555625 0.257745903125 0.7202428546874999 0.2575592671875 0.7207706984375 0.24953386875
5 0.7790974390625001 0.24953386875 0.7176036359375 0.2491605953125 0.7176036359375 0.2575592671875 0.7463711234375 0.25737262968749997 0.7790974390625001 0.25737262968749997 0.7790974390625001 0.24953386875
3 0.8167388265625 0.491738090625 0.8165119546874999 0.49590944062500003 0.8444171984375 0.49526769374999996 0.8444171984375 0.4036584125 0.8437365828125 0.249960178125 0.7788512203125 0.24947886718749998 0.659743475 0.25012061406249997 0.625712690625 0.2496393046875 0.62548581875 0.3261675484375 0.62548581875 0.43895445781250003 0.625712690625 0.500882975 0.7148733453125 0.5004016640625 0.7144196015625 0.49189852656250005 0.8167388265625 0.491738090625
3 0.343577171875 0.37148448125 0.35970755625 0.377187928125 0.377450978125 0.3779483875 0.3779886578125 0.49167602343750005 0.4957404578125 0.4928167125 0.49627813749999994 0.5008015375 0.632311040625 0.5008015375 0.63284871875 0.379888471875 0.632311040625 0.25779578124999997 0.63876319375 0.25779578124999997 0.637687834375 0.22091349375 0.2849701109375 0.22091349375 0.28443243281249997 0.24905049687499997 0.1898008484375 0.2479098078125 0.18926316875 0.3486706953125 0.32959750625 0.345248628125 0.3328235828125 0.3619787375 0.343577171875 0.37148448125