3 0.742295109375 0.8902505390625001 0.7407380609375 0.671969521875 0.523796596875 0.6731075875 0.5243156484375 0.6184809140625 0.261526984375 0.6172567515625 0.2611781484375 0.7486600812499999 0.2611781484375 0.8902505390625001 0.742295109375 0.8902505390625001
0 0.44610695624999996 0.6488048671875 0.46127895625 0.6621115343749999 0.48117114375 0.67098264375 0.5057835203125001 0.6734468421875001 0.5054463765625 0.61748959375 0.43911157031250003 0.6179673125 0.43902667187500005 0.6271199281250001 0.4407124578125 0.637962396875 0.44610695624999996 0.6488048671875
5 0.5825562343749999 0.8914416140625001 0.5832305437499999 0.8704959421874999 0.5344417765625 0.870249521875 0.4161195953125 0.869697865625 0.41633844687500005 0.8907023578125 0.4665746546875 0.8911951968749999 0.5825562343749999 0.8914416140625001
3 0.74226285 0.5774819 0.6639322421875 0.51299686875 0.5503098093750001 0.5120531828125 0.5503098093750001 0.54696946875 0.50941161875 0.5474994484375 0.5102837453125 0.681363525 0.741832478125 0.6819926453125 0.74226285 0.5774819
0 0.53956625 0.6081037203124999 0.5539814640625 0.6046523453125 0.5669054671875 0.597931253125 0.5788353046875 0.5866688812499999 0.5850487531249999 0.575224853125 0.5862914499999999 0.5608744078125001 0.5102387140625 0.5608744078125001 0.510984334375 0.6102835343749999 0.526393715625 0.6097385828124999 0.53956625 0.6081037203124999
5 0.726611828125 0.5636621500000001 0.6971478234374999 0.539566678125 0.6700659359375 0.518846253125 0.6493683484375 0.531865203125 0.6802657375 0.55679435625 0.706544453125 0.5777469390625 0.726611828125 0.5636621500000001
0 0.65844645 0.5040071015625001 0.6589242359374999 0.5005150078125 0.6613132203125 0.5005150078125 0.674691465625 0.499467378125 0.684247365625 0.49713931718750004 0.6920513500000001 0.49481125156249994 0.6982626796875 0.49143555625 0.705588865625 0.4863138125 0.7122779953125 0.4789804109375 0.717215196875 0.47187981093750003 0.72008196875 0.463265971875 0.72024125 0.4539537125 0.66003909375 0.45418651875 0.6598798343750001 0.4519748578125 0.648519309375 0.451830146875 0.6374234765625 0.45102477187499995 0.6372642078124999 0.503541490625 0.65844645 0.5040071015625001
3 0.49641269687499995 0.443182396875 0.6377545265625 0.44290763593750004 0.6381304609375 0.4529364734375 0.740948740625 0.45211218750000004 0.7411367015625 0.3674295984375 0.7411367015625 0.26005681875 0.7413246625000001 0.199300853125 0.497245746875 0.1997948375 0.4962247234375 0.25318775 0.4962247234375 0.3479103109375 0.49641269687499995 0.443182396875
5 0.585706234375 0.2182717078125 0.58547605625 0.1990029875 0.564990925 0.1990029875 0.5431778640625 0.199178240625 0.54323985 0.21852405 0.5626892234375 0.21801936875 0.585706234375 0.2182717078125
5 0.6375243765625 0.21889540156249998 0.63763945625 0.1987014359375 0.6202616171875001 0.19878554843750001 0.5950765984374999 0.19890046249999999 0.595173075 0.21864306249999998 0.6114000671875 0.21864306249999998 0.6375243765625 0.21889540156249998
0 0.5598268890625 0.40784771875 0.5501517640625 0.3995978171875 0.5381730171875 0.3943784890625 0.522969225 0.39050608124999997 0.508686871875 0.3901693515625 0.5085481374999999 0.4427964765625 0.5715752765625 0.4432044484375 0.570884203125 0.4285566625 0.5676591515625 0.41727618125 0.5598268890625 0.40784771875
3 0.41859416875 0.44318947499999994 0.5097028031249999 0.44278467812500005 0.510256634375 0.34496034375 0.509148934375 0.2706307 0.50997971875 0.1995394375 0.2607622234375 0.1996592828125 0.2609869 0.338281175 0.2609869 0.44237988125000005 0.41859416875 0.44318947499999994
5 0.410982678125 0.21906360937499997 0.41063675625 0.19896317187499998 0.391610375 0.19896317187499998 0.3675769390625 0.1990191375 0.3677409171875 0.2186843578125 0.385556528125 0.21906360937499997 0.410982678125 0.21906360937499997
5 0.46357704999999994 0.21872054218749998 0.46305814375 0.19887293749999999 0.4431669359375 0.19887293749999999 0.41970457968749997 0.19887997500000001 0.41964341093749996 0.21872054218749998 0.440399459375 0.218594125 0.46357704999999994 0.21872054218749998
0 0.45870795781249996 0.3989891671875 0.44708060156249996 0.405646071875 0.44049177500000003 0.4137193375 0.4358408359375 0.42279553593749997 0.43448430781249997 0.43315793124999996 0.43442036249999993 0.44359667187499996 0.4951403359375 0.4434973796875 0.494946540625 0.39134080781249997 0.474792459375 0.3930404421875 0.45870795781249996 0.3989891671875
0 0.3634941296875 0.5227064140625 0.3711066515625 0.5329067515625 0.38654314843750004 0.544652596875 0.41255257968750003 0.552071021875 0.43539013125 0.5531528781249999 0.43539013125 0.504766025 0.3601108 0.5044694437499999 0.35968788281249997 0.51126966875 0.3634941296875 0.5227064140625