3 0.8059890953125001 0.404413871875 0.8437197203125001 0.4044952765625 0.8438893109375 0.40579773750000003 0.8770472671875 0.4057163328125 0.8771320625 0.4044952765625 0.91418773125 0.40482089062500004 0.91418773125 0.38976119531250003 0.9142725265625 0.33237154687500003 0.91418773125 0.2904486109375 0.8661090609375 0.2904486109375 0.8058124140625 0.29020440000000003 0.8057347078125 0.3202423859375 0.8059043000000001 0.3787716890625 0.8059890953125001 0.404413871875
0 0.8225242328125001 0.3029033859375 0.824050553125 0.3067293625 0.826340034375 0.31079955 0.8306646093750001 0.3159279875 0.857544809375 0.2937047609375 0.8576296046874999 0.29036720625 0.8211675046875 0.29020440000000003 0.8210827078125 0.2948444140625 0.8215066859375 0.298344775 0.8225242328125001 0.3029033859375
5 0.8773000765625 0.4057163328125 0.8773000765625 0.395052440625 0.8697532703125 0.395052440625 0.84329915 0.39513384375 0.8436362296875 0.40596054375 0.8553380203125001 0.40579773750000003 0.8773000765625 0.4057163328125
3 0.7215941296875 0.404595928125 0.7215941296875 0.4057343515625 0.767483175 0.405620509375 0.767483175 0.4043682421875 0.8118342796875 0.4047097703125 0.8117156937500001 0.374883059375 0.8114785234375 0.30657761250000004 0.8121900375 0.24681034687499998 0.7664203125 0.24669650468749998 0.7167328453125 0.24692418906250002 0.6689427484375 0.24703803125 0.6689410421875001 0.32080791406250003 0.6689410421875001 0.404595928125 0.7215941296875 0.404595928125
5 0.7680377765624999 0.4059620375 0.7678006046875 0.3951470078125 0.75428181875 0.3951470078125 0.7210002281250001 0.3951470078125 0.7207220249999999 0.406189721875 0.7405258609375001 0.4060758796875 0.7680377765624999 0.4059620375
0 0.7975734515624999 0.25863293125000003 0.7941936109375 0.259758625 0.7898481015625001 0.2619437953125 0.784812828125 0.26531563281250004 0.8080578546874999 0.2914222890625 0.8118515546875 0.2912236375 0.8118515546875 0.25639334375 0.8064024234374999 0.2569774984375 0.8019189609374999 0.257374803125 0.7975734515624999 0.25863293125000003
3 0.6688509171875 0.2522697171875 0.7209489203125 0.2525068125 0.7862337703125 0.25266487656250003 0.8287957234375 0.252822940625 0.8289603734375 0.23638431249999997 0.8287957234375 0.17268462812500002 0.8288780484375 0.11593974843749999 0.8289603734375 0.0831415234375 0.777476528125 0.083062490625 0.7775588531250001 0.0818770140625 0.7176258125 0.08163991875 0.7173788375 0.08329958750000001 0.66880716875 0.0831415234375 0.669015565625 0.1175203859375 0.668933240625 0.1992393359375 0.6688509171875 0.2522697171875
5 0.77796325 0.0923092203125 0.7780455749999999 0.08163991875 0.76512725625 0.08163991875 0.7171318624999999 0.081402821875 0.7168802125 0.0923092203125 0.733837125 0.0923882515625 0.77796325 0.0923092203125
0 0.8121498453125 0.2023341421875 0.8070708484375 0.2046366203125 0.8021329343750001 0.20849665781249999 0.8253369515625 0.2343787640625 0.8288640328125 0.23444648437499999 0.8290756578125 0.198961228125 0.8232248796875 0.19948990312499998 0.817440465625 0.20043798281249997 0.8121498453125 0.2023341421875
5 0.915812634375 0.2323422515625 0.9157167078124999 0.217607903125 0.91562078125 0.203334003125 0.9044932781250001 0.20342609218750002 0.9042054984375 0.215766109375 0.904397353125 0.2323422515625 0.915812634375 0.2323422515625
0 0.835210453125 0.16851765000000002 0.8327938328125001 0.1736086609375 0.8309813687500001 0.1783130140625 0.8301758296875 0.18333958125 0.8295045468750001 0.18914073125 0.8662908609375 0.18856074218750002 0.8662908609375 0.185918571875 0.8385668687500001 0.1638132984375 0.835210453125 0.16851765000000002
5 0.9153878765625001 0.1555245375 0.9155318156250001 0.1393571703125 0.9155318156250001 0.1231898046875 0.9045203890625 0.1231898046875 0.9048082703125001 0.1377680703125 0.9048082703125001 0.155593628125 0.9153878765625001 0.1555245375
3 0.0864074984375 0.700463765625 0.0864903578125 0.7816011921875 0.0864074984375 0.8356132625000001 0.104802625 0.8356132625000001 0.104802625 0.836567821875 0.11424996406250001 0.8368064609375001 0.1977609921875 0.836488275 0.1975952703125 0.8354541703124999 0.22435935156250003 0.83593145 0.22427649062500002 0.8248744859375 0.225270821875 0.82471539375 0.225270821875 0.8116697671875001 0.2244422125 0.8116697671875001 0.2244422125 0.8080901765625 0.23944004218749998 0.80824926875 0.239522903125 0.7646577890625 0.23935718125 0.7180435421875 0.23919145937500003 0.669520178125 0.2390257375 0.6403266140625 0.2372856578125 0.6400879749999999 0.21460981875 0.6229059312499999 0.2009377640625 0.6128035265625 0.20126920781250002 0.58289404375 0.199860571875 0.58289404375 0.22157013750000001 0.55791644375 0.2175099515625 0.5550527703125 0.2135326265625 0.5530641078125 0.20847810937500003 0.5513140859375001 0.201186346875 0.550041340625 0.201020625 0.520688684375 0.20085490312499998 0.487915528125 0.1937031078125 0.4876835296875 0.1937031078125 0.48908948125 0.191750396875 0.48880829062500003 0.191750396875 0.4879647203125 0.17454215 0.48777725937499994 0.17444451562500002 0.4887145609375 0.170832 0.488902021875 0.1709296359375 0.4907766234375 0.161293925 0.4814973421875 0.14908948125000002 0.47212432812499994 0.14635568593749998 0.4762484546875 0.14411006875000001 0.48018511875 0.142059721875 0.48477789531250004 0.1409857296875 0.48084123125 0.138935384375 0.47718575625000004 0.1352252328125 0.4723117890625 0.1136477765625 0.4900267828125 0.1138430484375 0.4881521796875 0.0865050953125 0.487870990625 0.0863246375 0.53055245 0.0864903578125 0.617735409375 0.0864074984375 0.700463765625
5 0.11195575625000001 0.4956367421875 0.1120634046875 0.488040975 0.1027517 0.488040975 0.09489326875000001 0.488040975 0.0949470921875 0.4957400859375 0.102051978125 0.49579175781249996 0.11195575625000001 0.4956367421875
5 0.1916666671875 0.4956049375 0.1916666671875 0.48809876562500004 0.18307613125 0.4880493828125 0.1745370375 0.4880493828125 0.1745370375 0.49570370312499995 0.1801954734375 0.49570370312499995 0.1916666671875 0.4956049375
0 0.2164906359375 0.7873914453124999 0.22152779374999998 0.789860725 0.2314949375 0.7927415515625 0.23931860781249997 0.793358871875 0.23931860781249997 0.7580687546875 0.23556753281249998 0.758171640625 0.2117749984375 0.7848192796875 0.2164906359375 0.7873914453124999
5 0.2257075640625 0.8253566156250001 0.2258147375 0.8188747578125 0.2258147375 0.8116726921874999 0.217026503125 0.8116726921874999 0.2171336765625 0.8182574375 0.2171336765625 0.825253728125 0.2257075640625 0.8253566156250001
5 0.19857515781249999 0.8372207359375 0.19857515781249999 0.8266300609374999 0.1657696125 0.8263513578125 0.10378745468749999 0.8262120078124999 0.10378745468749999 0.8373600874999999 0.142254134375 0.8373600874999999 0.19857515781249999 0.8372207359375
3 0.1972672828125 0.6168837859375 0.23365087343750002 0.6450810687499999 0.2419887796875 0.6450810687499999 0.242178278125 0.6490832640625 0.243315265625 0.654358884375 0.2467262265625 0.6610898484375001 0.251274175 0.6663654703125 0.2776143796875 0.6454449046875 0.3236623625 0.6447172328125 0.323851859375 0.608515559375 0.3236623625 0.49136039687500005 0.3213883875 0.49136039687500005 0.3217673828125 0.4880858734375 0.2825413234375 0.48790395625 0.1953723046875 0.48754012031249994 0.1949933078125 0.5322919374999999 0.1953723046875 0.6170657046875 0.1972672828125 0.6168837859375
5 0.2720378359375 0.49685894687500004 0.2720378359375 0.48682759531249997 0.25007293124999996 0.4868958359375 0.230382709375 0.48710055781249995 0.230311625 0.49699542812499997 0.249219925 0.496722465625 0.2720378359375 0.49685894687500004
0 0.2175131515625 0.55460401875 0.211334915625 0.552062115625 0.2065296203125 0.550555803125 0.20172432499999998 0.5495202124999999 0.1989784421875 0.5489553453125 0.195055753125 0.5488627625 0.1952518875 0.58463769375 0.19907650937500002 0.58463769375 0.22251458125 0.5583713625 0.2175131515625 0.55460401875
0 0.244775846875 0.6555285453125 0.24712946093750002 0.6608947859375001 0.2511502171875 0.6657903015625 0.2783148453125 0.644042909375 0.2783148453125 0.640371271875 0.241049290625 0.6399946937500001 0.24193189531249998 0.6446077765625 0.24271643437499998 0.6495974375 0.244775846875 0.6555285453125
0 0.294485640625 0.58391915625 0.297310840625 0.585753875 0.3014655484375 0.588067215625 0.30636810312499996 0.5904603265625 0.3135141984375 0.5925343562500001 0.3235685890625 0.5928534375 0.3234024015625 0.5565579171875 0.3189984125 0.5569730734375 0.30844545624999997 0.56796508125 0.294485640625 0.58391915625
1 0.1494964546875 0.47193868125 0.14597261875 0.47543262343750003 0.1435059328125 0.47982823437500005 0.141744015625 0.48174426718749996 0.1391598828125 0.47667241093749996 0.13528365625 0.47182597031249995 0.1124961828125 0.4891829921875 0.1122004234375 0.494931609375 0.17146169218750001 0.49526921718750005 0.1711093 0.4894084046875 0.1494964546875 0.47193868125
0 0.2552757796875 0.8173048906249999 0.25308121093749997 0.8250935671875 0.25253256562500004 0.83161921875 0.25237663593750004 0.836660709375 0.28808459062499997 0.8360398203124999 0.28819431406249996 0.8309877015625 0.2614205703125 0.8083584343749999 0.2552757796875 0.8173048906249999
5 0.303336840625 0.8370923421875001 0.303336840625 0.8266723562499999 0.2968628625 0.8266723562499999 0.2889458734375 0.8266964968750001 0.2888526828125 0.8369870890625 0.2946682921875 0.8369870890625 0.303336840625 0.8370923421875001
5 0.25381213125 0.8368729078125 0.2535777921875 0.826701590625 0.247484959375 0.8267577859375 0.23977935625 0.82670699375 0.23981033593749998 0.8368729078125 0.2467819421875 0.8368167124999999 0.25381213125 0.8368729078125
3 0.08500605312500001 0.45253848281250003 0.0860781875 0.452641321875 0.0862926140625 0.495044753125 0.195643740625 0.49514759374999995 0.195643740625 0.4964845140625 0.20389918125 0.496278834375 0.2035276546875 0.4887356609375 0.20365903593749998 0.46022911562499996 0.20260798281249998 0.46016610468749997 0.2025422890625 0.45613339531249997 0.1996518953125 0.45619640625 0.21824238437500001 0.437088725 0.21686287656249997 0.43576549218749994 0.2142352453125 0.43392795937499995 0.21029380312499998 0.43165956093749996 0.20503854062500002 0.43014729375 0.209045675 0.428635028125 0.21292143437500002 0.4271227625 0.2156804421875 0.4255474828125 0.21804531093750001 0.42315306250000007 0.1999803515625 0.40404538125 0.2024766015625 0.4039823703125 0.20241090781249998 0.40240709375000006 0.20346196249999998 0.4022180609375 0.20346196249999998 0.37422070937499996 0.20241090781249998 0.37422070937499996 0.20234522031250002 0.35871997968749997 0.17409748281249998 0.3589720234375 0.1742288640625 0.3573967453125 0.11451874375 0.3572707234375 0.1144530515625 0.358782990625 0.0864226625 0.35882483593750003 0.085970975 0.3936723140625 0.0853276921875 0.39387799375 0.08500605312500001 0.45253848281250003
5 0.1744843046875 0.36825792968750004 0.174685196875 0.3572739859375 0.14964664218749998 0.357402453125 0.11417330625 0.3570892546875 0.1139488765625 0.368000996875 0.135510534375 0.36793676406250003 0.1744843046875 0.36825792968750004
5 0.0962030890625 0.4527285265625 0.09613612187500001 0.4174382625 0.0962030890625 0.3942985578125 0.0852133171875 0.3942114765625 0.0850868578125 0.4279829796875 0.0848859625 0.45266429218750004 0.0962030890625 0.4527285265625
5 0.20394194375 0.40298549218749996 0.20394194375 0.3902371046875 0.20384048593749998 0.37379070937500003 0.19205806718750001 0.3736701671875 0.1920717703125 0.385468621875 0.19227467812500001 0.4028881734375 0.20394194375 0.40298549218749996
1 0.21844993281249997 0.43638275000000004 0.212058296875 0.4320092921875 0.20505794375000003 0.42986834218750003 0.2086088484375 0.42947907656249995 0.21459466093750001 0.42646228124999996 0.2187542921875 0.42295890937499997 0.2004924890625 0.40300914218750006 0.193397146875 0.40259428750000004 0.19369504375 0.457528928125 0.199477946875 0.45733429687499993 0.21844993281249997 0.43638275000000004
5 0.2040433953125 0.48946432343749996 0.204246303125 0.4768132515625 0.20444921875 0.459491015625 0.19216965625 0.45937126250000004 0.19217322812499998 0.47428303906249997 0.19197031874999998 0.48956164218750003 0.2040433953125 0.48946432343749996