5 0.20820138593749998 0.137427865625 0.1790578546875 0.137676378125 0.1790578546875 0.1568119046875 0.1944456390625 0.1570604171875 0.20866768281249998 0.1570604171875 0.20820138593749998 0.137427865625
5 0.23128306250000003 0.201792815625 0.23151621093750002 0.16103663125 0.212631203125 0.16103663125 0.2130975 0.1796751296875 0.2128643515625 0.20154430156249997 0.23128306250000003 0.201792815625
0 0.1205376453125 0.11680126093750001 0.11564153125000001 0.1289784125 0.11261060468749999 0.1389189453125 0.1121443078125 0.156314878125 0.16646785 0.156314878125 0.166001553125 0.1419011046875 0.1205376453125 0.11680126093750001
5 0.08999522343750001 0.2877784234375 0.08952892812499999 0.2462767 0.0713433640625 0.2465252125 0.0713433640625 0.3312682546875 0.0897620765625 0.33176528125 0.08999522343750001 0.2877784234375
0 0.2378112140625 0.423466696875 0.24550510625 0.41899345625000006 0.222656578125 0.370533359375 0.21379694374999997 0.36978781875 0.21426324062500002 0.427442909375 0.228485284375 0.42620034218749997 0.2378112140625 0.423466696875
0 0.19724341875 0.44881505468749994 0.19817601093749998 0.443596275 0.1986423078125 0.4326616890625 0.1445519140625 0.4324131765625 0.1445519140625 0.442353709375 0.19024897031250002 0.4667080140625 0.19397934375 0.45900410156250004 0.19724341875 0.44881505468749994
0 0.2497017734375 0.461489234375 0.23641232343750002 0.4552764015625 0.22708639375 0.45279126875 0.21426324062500002 0.45279126875 0.2147295375 0.51342851875 0.22382231875 0.512682978125 0.2497017734375 0.461489234375
0 0.20843453437499998 0.597923046875 0.204237865625 0.5882310281249999 0.15900710468749998 0.6145734390625 0.1587739578125 0.6267505921875001 0.2128643515625 0.6267505921875001 0.21146546093750002 0.60860911875 0.20843453437499998 0.597923046875
5 0.0897620765625 0.631969371875 0.0892957796875 0.6125853328125 0.0715765125 0.613082359375 0.0715765125 0.6506078703125 0.0897620765625 0.6513534109375 0.0897620765625 0.631969371875
3 0.1471165453125 0.4421051953125 0.19024897031250002 0.4669565265625 0.1986423078125 0.443596275 0.223356021875 0.44384478906249997 0.222656578125 0.4266973703125 0.23454713749999997 0.42446075 0.245038809375 0.41799940312499995 0.2231228734375 0.3715274125 0.2231228734375 0.2308688734375 0.23035047031250003 0.2306203609375 0.23035047031250003 0.21322442812500003 0.23035047031250003 0.13817340625000002 0.1578413640625 0.1386704328125 0.1205376453125 0.1170497734375 0.11540838281250002 0.1284813859375 0.1133100484375 0.13842191875 0.07227595625 0.13842191875 0.07180966093749999 0.215212534375 0.07180966093749999 0.334747440625 0.07227595625 0.442353709375 0.1471165453125 0.4421051953125
0 0.3120219375 0.0537755765625 0.306795059375 0.063949334375 0.3038407359375 0.07412309218749999 0.3027044578125 0.09253275 0.3570185453125 0.09301721406249999 0.356564034375 0.0767876484375 0.3120219375 0.0537755765625
5 0.3272480625 0.785801675 0.350200878125 0.7889506953125001 0.37088113749999996 0.7877395328125 0.389288840625 0.7828948875 0.4051967328125 0.775385684375 0.42065011406249997 0.7652119265625 0.43314917187499996 0.7531003109375 0.43405819375 0.749951290625 0.4215591359375 0.7455911078125 0.411105378125 0.7533425421875 0.393606696875 0.7637585328125 0.37542624999999996 0.7705410390625 0.361109146875 0.7729633609375 0.34065614375000003 0.7729633609375 0.321566671875 0.76908764375 0.3061132921875 0.7623051390625 0.2920234453125 0.75213138125 0.28361498749999997 0.74510664375 0.26997965156250003 0.7506779875 0.282705965625 0.7637585328125 0.30088641250000003 0.77611238125 0.3272480625 0.785801675
3 0.3076692453125 0.7791708984375 0.3347312515625 0.7870690609375 0.3585715921875 0.788786053125 0.3862779328125 0.783978475 0.4114069390625 0.771616134375 0.43428077812500004 0.7523858265625 0.4626314515625 0.7523858265625 0.46295361875 0.5724450796875 0.4626314515625 0.43439893593749995 0.4626314515625 0.21325038749999997 0.4197832734375 0.21325038749999997 0.4197832734375 0.07520424375 0.355672090625 0.0745174453125 0.35116175625 0.07383065 0.3108909125 0.05253995 0.3031589109375 0.0745174453125 0.2503235640625 0.07486084374999999 0.250001396875 0.21359378437499998 0.2145630546875 0.21359378437499998 0.2132743875 0.44401409062499997 0.213918721875 0.6970986875 0.2558003984375 0.6970986875 0.2554782328125 0.752042428125 0.27158656875 0.752042428125 0.288339240625 0.7692123453125 0.3076692453125 0.7791708984375
5 0.6435943765625 0.212964303125 0.5824680671875 0.2121566 0.582215478125 0.2318107015625 0.6122734578125 0.23234917031250002 0.6433417890625 0.2326184046875 0.6435943765625 0.212964303125
0 0.6650643625 0.3473122015625 0.6595074249999999 0.334927425 0.613283809375 0.3605046796875 0.613031221875 0.373427925 0.6673376546875 0.373158690625 0.6670850671874999 0.3578123375 0.6650643625 0.3473122015625
0 0.7024473953125 0.4294286515625 0.71305609375 0.42404396718750004 0.69057575625 0.3758510328125 0.6814825859375 0.3755817984375 0.6814825859375 0.43346716562500004 0.692091284375 0.432928696875 0.7024473953125 0.4294286515625
5 0.556956671875 0.4286209484375 0.5564514968750001 0.3930820265625 0.53826515625 0.3930820265625 0.53851774375 0.45608284374999997 0.5572092609375 0.4566213125 0.556956671875 0.4286209484375
0 0.6910809328124999 0.4972756859375 0.710277625 0.4533905015625 0.7037103359375 0.44881351875000003 0.692343871875 0.4455827078125 0.6814825859375 0.44504423906249996 0.6819877625 0.4455827078125 0.6819877625 0.496467984375 0.6910809328124999 0.4972756859375
0 0.674662709375 0.5120835718750001 0.6759256484375 0.495929515625 0.621366628125 0.495929515625 0.6211140390625001 0.5064296515625 0.666832478125 0.5311992046875 0.6711264765625 0.5233914109375 0.674662709375 0.5120835718750001
5 0.6155571015625 0.677931878125 0.5769111296875 0.67766264375 0.576405953125 0.6973167453125 0.6572341328125 0.6983936828124999 0.6577393093749999 0.67766264375 0.6155571015625 0.677931878125
3 0.6900705796875 0.6970475109375001 0.69082834375 0.5977122359375 0.69082834375 0.497006453125 0.5390229203125 0.496467984375 0.5397806843749999 0.5866614625000001 0.5392755078125 0.6954321046875 0.6900705796875 0.6970475109375001
5 0.8381447859375 0.21254793125 0.738441521875 0.2110921234375 0.7388967890625 0.23147343281250002 0.7826023281250001 0.23341450937500002 0.837234253125 0.23341450937500002 0.8381447859375 0.21254793125
3 0.7870615109375 0.4433016546875 0.929986825 0.442006209375 0.929986825 0.2995071375 0.8796712812499999 0.2987298703125 0.879185140625 0.2925117296875 0.8901233015625 0.2712664125 0.8896371609375 0.2611619328125 0.8794282109375 0.23913935 0.8794282109375 0.21348951718750003 0.6825412984375 0.21297133906250001 0.6815690171875 0.3391477890625 0.681325946875 0.3627249078125 0.6818120875 0.443042565625 0.7870615109375 0.4433016546875
3 0.6912316625 0.303266659375 0.690078840625 0.21356460937500002 0.5397509406250001 0.21307309062500002 0.5392898125000001 0.2924532609375 0.5395203765625001 0.372079190625 0.6910010984375 0.37257070937500003 0.6912316625 0.303266659375
3 0.7048917796875 0.6956207453125 0.7212846109375 0.7135661546875001 0.7412218390625 0.72442785 0.768690909375 0.7324560609375 0.7997043749999999 0.7324560609375 0.84046493125 0.7192331265624999 0.8666048515625 0.6984542312500001 0.9295178828124999 0.6970374875 0.9308470312500001 0.573780859375 0.9295178828124999 0.4339955640625 0.6814101546875 0.4344678109375 0.68008100625 0.50624945 0.682296253125 0.6205333734375 0.682296253125 0.6970374875 0.7048917796875 0.6956207453125
5 0.7494727 0.7270057015625 0.7708069640625 0.73200855625 0.7906478296875 0.73314556875 0.8111287234375 0.729961934375 0.8311829312500001 0.7233672624999999 0.8501704265625 0.7117697359374999 0.8604108734375 0.7033558453125 0.8674511796875001 0.6949419531250001 0.85401059375 0.6892568921875 0.8358764687500001 0.702901040625 0.8149688906250001 0.71245194375 0.7949146828125 0.7176821999999999 0.7725137046875 0.7163177859375 0.753739553125 0.7108601265625001 0.736885484375 0.7026736375 0.7245116109375 0.6944871484374999 0.7178979890625 0.68834728125 0.705310771875 0.696078965625 0.7159779046875 0.7074490890625 0.731978603125 0.7188192124999999 0.7494727 0.7270057015625