3 0.438495490625 0.485011971875 0.565309253125 0.4851907125 0.56556016875 0.4966300828125 0.6252780640625 0.4968088234375 0.8445684015625 0.4968088234375 0.8445684015625 0.4408631515625 0.8440665703124999 0.31628125625000003 0.8445684015625 0.222621409375 0.5533310984375001 0.22280015 0.4396663625 0.222621409375 0.4392482375 0.2508623546875 0.43874640625000005 0.4102985828125 0.438495490625 0.485011971875
5 0.6135690781250001 0.23942168125 0.6135690781250001 0.22090422968749998 0.5880323296875 0.22090422968749998 0.558945628125 0.22090422968749998 0.558945628125 0.23942168125 0.5817340265625 0.23942168125 0.6135690781250001 0.23942168125
5 0.634754984375 0.23942168125 0.6705980453125 0.23942168125 0.6702545015625 0.2207410796875 0.6504500078125 0.2207410796875 0.6154013125 0.2207410796875 0.615402021875 0.22090422968749998 0.6158600796875 0.23950325625 0.634754984375 0.23942168125
5 0.7278546218749999 0.23934010625000002 0.7278546218749999 0.2206595046875 0.70701296875 0.2206595046875 0.6727731125 0.2206595046875 0.6728876265625 0.23942168125 0.6946453953125 0.23950325625 0.7278546218749999 0.23934010625000002
0 0.505436790625 0.45739487656250005 0.49934552343750005 0.45078757031250005 0.48993174531249994 0.44408164687499996 0.48273297499999995 0.440235603125 0.4738729484375 0.4375729578125 0.46639730156250003 0.4362909421875 0.4590600921875 0.4355020109375 0.45130757031249996 0.435304778125 0.45116913125 0.483220903125 0.5119433718749999 0.48312228749999997 0.5113896203125 0.47395095156249994 0.509728365625 0.465075465625 0.505436790625 0.45739487656250005
3 0.10602858125 0.4829141265625 0.21620123750000003 0.48341326406249996 0.3232048609375 0.4832884796875 0.44950376875 0.48341326406249996 0.44967894062499997 0.35388745781250003 0.45002928437499995 0.26454210625 0.45055480000000003 0.22124205312499998 0.396758403125 0.2209924859375 0.22421997500000002 0.2207429171875 0.10615414375000001 0.2209924859375 0.10602858125 0.315828334375 0.10585340937500001 0.4045497671875 0.10602858125 0.4829141265625
5 0.25894765625 0.23946051875 0.259298 0.22049335 0.24248745624999998 0.22036856562499998 0.2030737890625 0.22049335 0.2028926609375 0.23946051875 0.22548983125 0.23946051875 0.25894765625 0.23946051875
5 0.2866438671875 0.2397100875 0.3158975671875 0.23946051875 0.3158975671875 0.22036856562499998 0.2943323703125 0.22049335 0.260524203125 0.22049335 0.2612439484375 0.22161640624999998 0.26036808906250003 0.23946051875 0.2866438671875 0.2397100875
5 0.37300688593750003 0.23946051875 0.37318205781249997 0.22049335 0.353212465625 0.22049335 0.3176492859375 0.220618134375 0.3174774078125 0.2397100875 0.3377973421875 0.2397100875 0.37300688593750003 0.23946051875
0 0.40662830000000005 0.43992400312499996 0.395434925 0.44652286406249997 0.385206496875 0.45669610625 0.3798027984375 0.46618196718749993 0.3780658953125 0.4751179234375 0.37767991562500003 0.48322902343749996 0.43924347968750005 0.48322902343749996 0.43962945781249996 0.43469990625 0.42245341718749996 0.43621214531249997 0.40662830000000005 0.43992400312499996
3 0.10600541249999999 0.6953012796875 0.1742734953125 0.69543788125 0.323463671875 0.6953012796875 0.3232719109375 0.5985874671875 0.3230801484375 0.5285109343750001 0.3240389546875 0.4767389921875 0.31809435937499997 0.476602390625 0.1867753625 0.476602390625 0.10604391718749999 0.47646578906250003 0.10600541249999999 0.51034294375 0.10600541249999999 0.594489425 0.10600541249999999 0.6953012796875
0 0.25730783437500004 0.492825553125 0.25862547343750003 0.4967560390625 0.26093134375 0.5012145015625 0.2645548546875 0.5064291062499999 0.26990776875 0.51141554375 0.277153784375 0.5171101499999999 0.28489576250000004 0.5211579656249999 0.291978078125 0.523680515625 0.2996808046875 0.525629215625 0.310633690625 0.5269198234375 0.323151271875 0.527095815625 0.3230689203125 0.48491641718749995 0.256896071875 0.4849528828125 0.25681371875000003 0.48948170625 0.25730783437500004 0.492825553125
5 0.229245515625 0.6952438109375 0.22942111562499998 0.67691829375 0.20597854531249998 0.67691829375 0.179550778125 0.67685575 0.179638578125 0.6953063546875 0.20246654999999997 0.6953063546875 0.229245515625 0.6952438109375
5 0.2790280546875 0.6953063546875 0.2787646546875 0.6769808390625001 0.2557610828125 0.67691829375 0.2324063125 0.67685575 0.23258191250000002 0.69543144375 0.2531270859375 0.69543144375 0.2790280546875 0.6953063546875
5 0.43790304375 0.6952424390624999 0.437716490625 0.6769920484374999 0.40537906875 0.6769477515625 0.379323871875 0.6769920484374999 0.379269496875 0.6952867359375 0.394374075 0.6952867359375 0.43790304375 0.6952424390624999
0 0.5369060343750001 0.60457708125 0.527547121875 0.60855379375 0.5178598265625001 0.6142849359375 0.510635403125 0.6208348140625 0.5050528937500001 0.62843735 0.5014406828125 0.634636340625 0.500619725 0.6408353328125 0.5002913421875 0.6490226796874999 0.49979876718750005 0.6573269875000001 0.5656395390625 0.65744395 0.5651469640625 0.6007173328125 0.5520116484375001 0.60130214375 0.5369060343750001 0.60457708125
0 0.42836553750000006 0.5970915078125001 0.43099260156249997 0.6034074609375 0.43591834374999994 0.6096064515624999 0.4454513984375 0.6177937984375 0.45398935468749996 0.6225892453124999 0.4661395203125 0.6269168421875 0.479931603125 0.6289051984375 0.4947088328125 0.6290221609375 0.495037215625 0.585629221875 0.4267236234375 0.585512259375 0.4267236234375 0.5915942890625 0.42836553750000006 0.5970915078125001