5 0.23172020624999998 0.20218501562500002 0.2312765234375 0.1617609203125 0.21297446875 0.161904434375 0.21242005625 0.17854519375 0.21242005625 0.20218501562500002 0.23172020624999998 0.20218501562500002
5 0.20842692343749997 0.1374119015625 0.1790398359375 0.13786135 0.1780347375 0.1575057515625 0.1909015046875 0.157269353125 0.20776140468749998 0.157269353125 0.20842692343749997 0.1374119015625
0 0.121021659375 0.11755077656249999 0.11614116562500001 0.1262975109375 0.1121480328125 0.1371718296875 0.11097095625 0.155521315625 0.166277171875 0.15608368749999998 0.1658335015625 0.1409542 0.121021659375 0.11755077656249999
0 0.31158288125 0.054428775 0.3073679109375 0.06128431875 0.3035966125 0.0738134296875 0.3039991296875 0.0921156578125 0.3583912828125 0.09296168593750001 0.35750391718749996 0.0759410140625 0.31158288125 0.054428775
0 0.2374880609375 0.423937590625 0.24569617500000002 0.41920961874999996 0.2237339390625 0.369329596875 0.213573315625 0.368717515625 0.2144166234375 0.42724716406249996 0.228836275 0.4258287703125 0.2374880609375 0.423937590625
0 0.198222253125 0.4475774078125 0.19866593593749998 0.43292072499999995 0.1437078953125 0.432761484375 0.1443149375 0.441903846875 0.1902359859375 0.46672566406250005 0.1951164734375 0.4572697328125 0.198222253125 0.4475774078125
0 0.2510203453125 0.4617649765625 0.2383754265625 0.45538222343749996 0.22817075625 0.4539638375 0.21417216093749997 0.4527619265625 0.2141947890625 0.5123542015625 0.2237339390625 0.5125905937499999 0.2510203453125 0.4617649765625
0 0.210423490625 0.5986481312499999 0.2042119546875 0.586828215625 0.1589564359375 0.6140140171875 0.1589564359375 0.6170871906250001 0.15947751875 0.6263827859375 0.21330742187500001 0.6270159203125 0.21286373906249997 0.6104680390625 0.210423490625 0.5986481312499999
5 0.0897726015625 0.629333871875 0.089550765625 0.612785990625 0.0712474734375 0.6131910046875 0.0715816640625 0.6501369140625 0.0899944484375 0.6503733140625 0.0897726015625 0.629333871875
5 0.089550765625 0.28275323750000003 0.089550765625 0.2461115109375 0.0712474734375 0.24658715781249999 0.07113798125000001 0.3323968671875 0.0899944484375 0.33310605781249997 0.089550765625 0.28275323750000003
3 0.0707343375 0.3307224921875 0.07224173125 0.3307224921875 0.0720533015625 0.347591834375 0.07224173125 0.44115918593750003 0.147611228125 0.44216313593749995 0.18925286562500002 0.46545457343749996 0.1928329125 0.4604348671875 0.1971666546875 0.45139939375000004 0.19810877031250002 0.44256471406250003 0.223545971875 0.443568653125 0.22298071406250003 0.42569848906249996 0.2265607609375 0.42549770468750003 0.2363587828125 0.4236906109375 0.2448378484375 0.4178677484375 0.2224154359375 0.371683315625 0.22279227499999998 0.2305218421875 0.22995238750000002 0.2305218421875 0.22995238750000002 0.1381550546875 0.15722083125 0.1385566328125 0.12047820312499999 0.1176746453125 0.1161444609375 0.12570618125 0.1131296828125 0.138757421875 0.072044240625 0.1389616703125 0.071488034375 0.2465880296875 0.0711111859375 0.2465880296875 0.0707343375 0.3307224921875
5 0.3062913109375 0.77778085 0.32164738125 0.783599071875 0.333590990625 0.7872354625 0.349800175 0.7883263828125 0.36345001875 0.7881445578124999 0.377952978125 0.7855990875 0.3963802625 0.779417225 0.40849450000000004 0.77305354375 0.420949975 0.7643262046875 0.42948112343749995 0.7563261484375 0.4344292 0.7501442859375 0.422144325 0.7437805984375 0.41003010624999997 0.7539624921875 0.3934796671875 0.7632352906250001 0.37505238125 0.7699626125 0.356625096875 0.7726899031250001 0.339221553125 0.7723262625 0.3223298671875 0.76759895625 0.30731504374999996 0.7615989140625 0.2940064546875 0.7523261171875 0.28294225 0.7440920109375 0.27028985 0.751417021875 0.2812097234375 0.7621443703125 0.2943476921875 0.7723262625 0.3062913109375 0.77778085
3 0.21322908749999997 0.696191334375 0.25585179999999996 0.6968900921875 0.25519608125 0.7520997203124999 0.2696222234375 0.7527984859375 0.2788025140625 0.761882421875 0.28962211718750003 0.772363884375 0.32142524375 0.7849416437500001 0.35257259687500003 0.789483615625 0.38699866875 0.7838935031250001 0.4155230953125 0.7699182125 0.43388367343749995 0.7520997203124999 0.4624081015625 0.7527984859375 0.46273596093749997 0.4446234953125 0.4617523828125 0.21366196406250001 0.41814604062500005 0.2133125703125 0.41847390000000007 0.0749572328125 0.35060540625000003 0.07530661562499999 0.3112613578125 0.051199245312499995 0.303392540625 0.0742584671875 0.25027806875 0.0742584671875 0.2498589859375 0.2128700703125 0.213556946875 0.2136673875 0.21454054218750002 0.43274630468749997 0.21322908749999997 0.696191334375
5 0.6444243640625 0.2128221421875 0.5823301703125 0.21232035 0.5824171953125 0.2319163921875 0.6071729125 0.2319163921875 0.6434812859375 0.23317259375 0.6444243640625 0.2128221421875
0 0.6644646937500001 0.34296844531250004 0.6576274125 0.335179996875 0.613302890625 0.36080649375 0.6135159328124999 0.3735504328125 0.668001240625 0.372363546875 0.6668224 0.3560329296875 0.6644646937500001 0.34296844531250004
0 0.7017161703125 0.42939765 0.713504603125 0.4241216125 0.690635028125 0.374124825 0.68140330625 0.37445495 0.6814400390625 0.4331662578125 0.6901635015625 0.4331662578125 0.7017161703125 0.42939765
5 0.558133015625 0.42412421718750004 0.5574257140625 0.3929704390625 0.538839821875 0.39322366875000003 0.5385642125000001 0.4572879140625 0.556954175 0.4572879140625 0.558133015625 0.42412421718750004
0 0.712561525 0.45301943749999996 0.7036023 0.4482458734375 0.6913423421875 0.444979753125 0.680554715625 0.44432885625 0.6812042765624999 0.49673522343750004 0.6903992640625 0.49673522343750004 0.712561525 0.45301943749999996
0 0.6753100734374999 0.5087947515625 0.6757816 0.49547901875000006 0.62242615 0.495660171875 0.622026340625 0.5060311078125 0.6672939265625 0.53090388125 0.672480840625 0.518844359375 0.6753100734374999 0.5087947515625
5 0.6156605859375001 0.6776385406250001 0.576390025 0.6770157484375 0.5755798999999999 0.6979889984375001 0.6571558859375 0.69773775 0.6569200984375 0.6781410234374999 0.6156605859375001 0.6776385406250001
5 0.7539088640625 0.7275451187499999 0.775277446875 0.7314285171875 0.7913452984375 0.7323111046874999 0.80890398125 0.7294868171875 0.8282847921875 0.7233086937500001 0.844849603125 0.7139532359375 0.8604204953125001 0.7017734921875001 0.8670464156250001 0.69488929375 0.85379459375 0.689240715625 0.8408740390625 0.6993022421874999 0.8238122984375 0.7093637687500001 0.8045971296875001 0.7158949359375 0.784388090625 0.7180131484375 0.7673263484375 0.7160714484375 0.7454608140625 0.70918725 0.7288960125 0.6980666171875 0.7181230828125 0.6893496171875 0.7055396515625 0.6966544734375 0.7189571406249999 0.7086576953125 0.7353562890625 0.720307884375 0.7539088640625 0.7275451187499999
3 0.704843628125 0.696170296875 0.7293798046875 0.7194899546875 0.761873665625 0.7307964453125 0.7986779203125 0.7339763968749999 0.8364769171875001 0.721256590625 0.8653234875000001 0.6979369515625 0.9303112109375 0.696170296875 0.9299796125 0.5438767984374999 0.9299796125 0.43469845625000003 0.787072965625 0.4339917984375 0.6811133484375 0.4340674203125 0.681633734375 0.5060761953124999 0.68097059375 0.6968769546875 0.704843628125 0.696170296875
3 0.6900881125 0.6967116812499999 0.6906934125 0.6041467140625 0.6906934125 0.4972284453125 0.6222948875000001 0.49674468593750004 0.5394700343750001 0.496214515625 0.5392178999999999 0.5912455375000001 0.5390665765625 0.6960666625 0.6900881125 0.6967116812499999
5 0.8376475484375 0.2125069375 0.739620565625 0.21275839218749998 0.7391023796875 0.23191670156250002 0.7839381015625 0.23241439062499997 0.837414034375 0.23340975937500003 0.8376475484375 0.2125069375
3 0.791584503125 0.44319109843750004 0.9297296171875 0.4437187359375 0.9299772109375001 0.3294773859375 0.9294820515625 0.213397521875 0.68120973125 0.212501865625 0.6816625828125 0.363254278125 0.6816625828125 0.44187199843749997 0.791584503125 0.44319109843750004