3 0.36789113281249997 0.68739614375 0.3558279078125 0.6899998187499999 0.341419075 0.695207171875 0.3276804203125 0.7032549015625 0.316287371875 0.7148530921875 0.310255759375 0.7283448671875 0.311261034375 0.737812784375 0.382616078125 0.738286178125 0.38228098906249997 0.7908906296875 0.434890015625 0.7911273265625 0.43421983906249995 0.8398870796875 0.4446076109375 0.8398870796875 0.4610269953125 0.8375201015625 0.48247271718749996 0.829235678125 0.49654644843750007 0.8190576703125 0.5076043984374999 0.80390900625 0.509950028125 0.7903980546875 0.8152180984375 0.7903980546875 0.862800778125 0.7899246609375 0.8624656999999999 0.6838265031249999 0.8624656999999999 0.5215734249999999 0.862800778125 0.4315707171875 0.5374616328124999 0.43133402031249996 0.3829782515625 0.43177946875 0.382635065625 0.5320073046875 0.382635065625 0.6864493546875 0.36789113281249997 0.68739614375
5 0.6175755328125 0.791848271875 0.778113709375 0.79168023125 0.778113709375 0.775884234375 0.7873916140625 0.775884234375 0.7871537265625 0.766305809375 0.715782271875 0.7661377671875 0.6083900203125 0.7660373109374999 0.6082976296875 0.775884234375 0.618051321875 0.775884234375 0.6175755328125 0.791848271875
0 0.42237817343749995 0.7838568015625 0.4345108265625 0.7840248437499999 0.43379713593749997 0.8393108281250001 0.44497821093749995 0.8396469109375 0.45663507656249996 0.8388066953125 0.4709087703125 0.8342695499999999 0.484230903125 0.8287241484375001 0.49327092187500005 0.82267461875 0.5008835578124999 0.8154487906250001 0.505879346875 0.8078868781249999 0.5094477875 0.7949476046874999 0.5103993640625 0.78368875625 0.5220562125 0.7838568015625 0.5220562125 0.7757907609375 0.5308583453125 0.77562271875 0.5308583453125 0.76688450625 0.41292903281250004 0.7664072765625 0.4128623671875 0.77562271875 0.4226160765625 0.775958803125 0.42237817343749995 0.7838568015625
3 0.13714811875 0.7043593609375 0.13714811875 0.79069603125 0.39586713281249997 0.79069603125 0.39586713281249997 0.6411979296875 0.39586713281249997 0.56913885625 0.39586713281249997 0.493148271875 0.25842277187499996 0.492527509375 0.1376135890625 0.49294783906250006 0.13744106250000002 0.544705325 0.13714811875 0.6370594921875 0.13714811875 0.7043593609375
5 0.1638052890625 0.6540103109375 0.16351234375 0.6204889890625 0.16351234375 0.5504991343750001 0.1359993625 0.5505765828125 0.1365622484375 0.5819512453125 0.1365622484375 0.65359646875 0.1638052890625 0.6540103109375
5 0.1687504953125 0.791582703125 0.2668686828125 0.7914545875 0.2668686828125 0.775686575 0.275755534375 0.7758146859374999 0.2759368921875 0.7658220421874999 0.2286007765625 0.7658220421874999 0.160405434375 0.766210390625 0.1604077234375 0.7758250671875 0.1687504953125 0.7759531765625 0.1687504953125 0.791582703125
0 0.355759746875 0.69037313125 0.3461785140625 0.6931599234375 0.3371608640625 0.6976718734375 0.327579625 0.7039089796875 0.3204406625 0.7106769046875 0.31480463593749997 0.718771871875 0.3112351515625 0.7284592937500001 0.3106715515625 0.7377486 0.395211928125 0.7376158968750001 0.39490281718750003 0.6868974734375 0.3779281203125 0.6871882265625 0.366092459375 0.6885152703124999 0.355759746875 0.69037313125
0 0.4207159171875 0.487629525 0.436095415625 0.48417871718749994 0.4480371390625 0.4793220296875 0.45943605 0.47152576562500004 0.4672162578125 0.463069753125 0.473368059375 0.45233391718749993 0.4760820859375 0.4419815015625 0.4759011453125 0.43175689375 0.4000329734375 0.43194173906250005 0.400451178125 0.4882685609375 0.40786952187500003 0.48839636718749996 0.4207159171875 0.487629525
5 0.16416419843750002 0.48762381718750003 0.16388318125 0.4246682578125 0.1636021828125 0.39507619374999997 0.1363375078125 0.395087953125 0.13634436875 0.43379909687499996 0.13634436875 0.48762381718750003 0.16416419843750002 0.48762381718750003
0 0.409823178125 0.3754132859375 0.4137599265625 0.3625520515625 0.41277574375 0.35090741875 0.407116665625 0.3396103890625 0.398997128125 0.33006330156249997 0.329111015625 0.3635344453125 0.373654334375 0.40443796406250004 0.3935841046875 0.3947051375 0.40342597031249994 0.38549371718750003 0.409823178125 0.3754132859375
3 0.22635099374999998 0.3440086515625 0.22591138906250002 0.2551760796875 0.3309738078125 0.2548655640625 0.3305342328125 0.2091946375 0.33141341406249997 0.08801815156250001 0.2764644484375 0.0877076375 0.13785056874999999 0.0865228203125 0.137553434375 0.208548446875 0.137553434375 0.3436981375 0.22635099374999998 0.3440086515625
0 0.24613260625 0.12993772812499998 0.25668280625 0.142979378125 0.27558526875 0.15446845625 0.30240035781249996 0.1616103109375 0.3309738078125 0.1625418546875 0.3302866921875 0.10908284531250001 0.2434950640625 0.1109962921875 0.24437424531250002 0.118759175 0.24613260625 0.12993772812499998
0 0.34188705937499997 0.0968094796875 0.34188705937499997 0.1096666640625 0.34526737500000004 0.119585065625 0.35124794531250003 0.1285850953125 0.362428990625 0.13721777500000001 0.378810525 0.1458504546875 0.3983123609375 0.1508096578125 0.41937433906250005 0.1528300734375 0.4191143234375 0.0964123703125 0.42743509843750005 0.09586134375000001 0.42743509843750005 0.0875960109375 0.3326497203125 0.087371478125 0.332526171875 0.08817679843750001 0.33304621874999996 0.096993153125 0.34188705937499997 0.0968094796875
3 0.4297990515625 0.345789721875 0.480178103125 0.345789721875 0.4799707765625 0.44031853437499996 0.547564565625 0.44017208906249994 0.7013839828124999 0.4404649796875 0.820975290625 0.44031853437499996 0.8624395390625 0.43958630468750004 0.8624395390625 0.156158175 0.8626468515625 0.086841790625 0.5393546265625 0.0865489 0.4298661234375 0.0872343125 0.43021370000000003 0.161576675 0.4297990515625 0.277498459375 0.4297990515625 0.345789721875
5 0.7235026296875 0.10425699375 0.7235026296875 0.0863787265625 0.7044736171875 0.08623228125 0.5687042328125 0.0860858296875 0.48131259687499994 0.0862670578125 0.4815049734375 0.10425699375 0.568005440625 0.1041105484375 0.7235026296875 0.10425699375
0 0.5571771937500001 0.3962027140625 0.5447379328124999 0.38551216250000003 0.531676690625 0.3780434203125 0.5173715390625 0.37365004062499996 0.50410298125 0.3714533515625 0.4935295984375 0.3705746765625 0.480052121875 0.3706400328125 0.48026105 0.421098521875 0.5652627296875 0.42139141249999995 0.563811478125 0.4080648328125 0.5571771937500001 0.3962027140625