3 0.353554196875 0.534873190625 0.3529608125 0.6497906515625 0.35266411875000003 0.71696666875 0.4809751875 0.7171779140625001 0.7823644265625 0.7171779140625001 0.7826611203125 0.54374549375 0.7826611203125 0.45882486875 0.656878053125 0.4586136234375 0.5165423171875 0.45882486875 0.5158452062500001 0.4938915953125 0.456803321875 0.5350844359375 0.353554196875 0.534873190625
0 0.504749503125 0.5420227203125 0.516120340625 0.5420227203125 0.5282620812500001 0.5406505109374999 0.538091109375 0.538180534375 0.546378328125 0.5347500109375 0.5544728234375 0.5283006265625 0.5109167375 0.49728869375 0.4673606515625 0.5281634046875 0.4787314875 0.53488723125 0.48990959843750004 0.5388666390625 0.504749503125 0.5420227203125
5 0.5189518234375 0.7174693296875 0.628843925 0.717160475 0.6286993296875 0.7085125453125001 0.6320250125 0.70840959375 0.6323142015625 0.698629196875 0.5767889328125 0.6985262453125001 0.515625303125 0.6987321484375 0.5156261421874999 0.7085125453125001 0.5189518234375 0.7087184484375 0.5189518234375 0.7174693296875
3 0.40958905156250003 0.717361359375 0.4101758484375 0.6655542484375 0.38259640156249997 0.6651364484375 0.38259640156249997 0.626698915625 0.40929565312499994 0.626698915625 0.40958905156250003 0.5466903546874999 0.26200474375 0.5464814546875 0.11589235625000001 0.5462725546875 0.115917059375 0.6348460015625 0.11562366093750001 0.716943559375 0.40958905156250003 0.717361359375
0 0.2969191484375 0.5713405109374999 0.31246926249999996 0.582829990625 0.3286061734375 0.58909698125 0.34943745625 0.5909770765625 0.34943745625 0.5462725546875 0.287237003125 0.5458547546875 0.2875304015625 0.554628540625 0.28899739375 0.5625667265625001 0.2969191484375 0.5713405109374999
5 0.2017575390625 0.7175040781249999 0.327041040625 0.717253159375 0.327041040625 0.7085964390624999 0.33127002031249997 0.7087218984375 0.33127002031249997 0.69881058125 0.2734739734375 0.69881058125 0.19840959687499998 0.69881058125 0.19805718125 0.70897281875 0.201933746875 0.70897281875 0.2017575390625 0.7175040781249999
0 0.1729669828125 0.5196972171875001 0.1822567703125 0.5118230171875 0.19021944531249999 0.502059009375 0.19287366875 0.4921375171875 0.1930948546875 0.4822160234375 0.11612233593750002 0.4822160234375 0.1156799640625 0.531351034375 0.140010359375 0.531036065625 0.1579263765625 0.52694148125 0.1729669828125 0.5196972171875001
3 0.11547638593750001 0.47600083125000003 0.283577496875 0.4765818515625 0.386602503125 0.4773081265625 0.3861944828125 0.361249334375 0.3861944828125 0.26145910781250004 0.3861944828125 0.2215139671875 0.3851744328125 0.2215139671875 0.19727758906249998 0.22122345625 0.11546961250000001 0.2213687109375 0.1156803953125 0.2957393015625 0.11588440468750001 0.3735960140625 0.11547638593750001 0.47600083125000003
5 0.20177109999999998 0.23021090156250001 0.20177109999999998 0.239729425 0.2839128859375 0.239729425 0.2834994203125 0.2300146421875 0.2792269453125 0.2300146421875 0.2792269453125 0.22088863593750002 0.2491817953125 0.22088863593750002 0.20604357499999998 0.22079050625000002 0.20576793124999998 0.230112771875 0.20177109999999998 0.2299165140625 0.20177109999999998 0.23021090156250001
0 0.37632391875 0.42067791562499995 0.35998290625 0.42181858125 0.3489286921875 0.4250124484375 0.3386755078125 0.429232915625 0.33098561875 0.4344799828125 0.324417171875 0.44086771718750006 0.31929057968749996 0.44793985156250005 0.3173681078125 0.45466978593749996 0.31672728437500003 0.46447952031249995 0.3045516265625 0.46447952031249995 0.303910803125 0.47657058750000003 0.3787270109375 0.476456521875 0.3787270109375 0.4642513859375 0.3756830953125 0.4642513859375 0.37632391875 0.42067791562499995
5 0.43661048750000003 0.2394 0.509082396875 0.2396666671875 0.5091760296875 0.23006666718750002 0.5054307109375 0.23006666718750002 0.5049625468750001 0.22126666718750002 0.47078651718750003 0.22113333281249997 0.4403558046875 0.22126666718750002 0.44054307187499997 0.2301333328125 0.4367041203125 0.2301333328125 0.43661048750000003 0.2394
0 0.48380149843750003 0.315 0.47462546874999995 0.31880000000000003 0.466573034375 0.3242 0.46198501875 0.3286666671875 0.45683520624999996 0.3343333328125 0.45393258437500006 0.3402 0.45196629218749995 0.3456 0.45196629218749995 0.34913333281250003 0.4514981265625 0.355 0.510767790625 0.355 0.5106741578125 0.31120000000000003 0.4971910109375 0.3121333328125 0.48380149843750003 0.315
3 0.5238022453125 0.441898821875 0.5242067046875001 0.4765999015625 0.6483690359375001 0.476743890625 0.74827074375 0.4763119265625 0.7828521046875 0.47616793749999997 0.7830543343749999 0.32512464531249996 0.7830543343749999 0.2211653921875 0.655830359375 0.2211653921875 0.567658003125 0.22145336875 0.567079503125 0.34873865937500004 0.5244089359374999 0.3490266359375 0.5238022453125 0.441898821875
5 0.614173046875 0.24017179375 0.691829434375 0.24017179375 0.69122274375 0.2292287140625 0.68778483125 0.229660678125 0.6879870609375 0.2208774171875 0.65360793125 0.2208774171875 0.617610959375 0.2210214046875 0.61821765 0.229660678125 0.6143752765625 0.229660678125 0.614173046875 0.24017179375
0 0.54614395 0.4060041703125 0.562923396875 0.40060876562500003 0.576725846875 0.39020334375 0.5837623890625 0.37883445625 0.585927478125 0.36361170781249996 0.5228692328125 0.3638044015625 0.522598596875 0.40773840781250004 0.532070865625 0.40773840781250004 0.54614395 0.4060041703125