5 0.25879360625 0.220896046875 0.2037911515625 0.22077046562499997 0.2036148609375 0.239356375 0.22582739062499999 0.239733115625 0.25879360625 0.239733115625 0.25879360625 0.220896046875
5 0.315382671875 0.220896046875 0.2607327953125 0.22064488437500002 0.260380215625 0.23948195625 0.287705153125 0.23948195625 0.31555896250000004 0.23948195625 0.315382671875 0.220896046875
5 0.372676896875 0.22077046562499997 0.318555890625 0.220896046875 0.3182033109375 0.22077046562499997 0.3182033109375 0.239356375 0.34129729062499997 0.239356375 0.3730294765625 0.239356375 0.372676896875 0.22077046562499997
5 0.6134951875 0.2208788046875 0.5581255859375001 0.22030509375000001 0.5581255859375001 0.2392375625 0.5822868671875 0.2395244171875 0.6134951875 0.2396678453125 0.6134951875 0.2208788046875
5 0.6702741984375 0.22073537656250003 0.6159113171875 0.2205919484375 0.6159113171875 0.2395244171875 0.6430927578125 0.2395244171875 0.6706768859375 0.2395244171875 0.6702741984375 0.22073537656250003
5 0.7272545515625 0.22073537656250003 0.6728916703125 0.2204485203125 0.6730930140625 0.239380990625 0.6996704234375 0.239380990625 0.7274558953125 0.2395244171875 0.7272545515625 0.22073537656250003
0 0.42124880625000005 0.43547818749999995 0.4074426328125 0.4393663859375 0.3952418296875 0.44531304218749995 0.38625176250000004 0.4535468734375 0.3801513609375 0.4629242921875 0.3769406234375 0.4739027328125 0.377261696875 0.48396630468749996 0.4398710859375 0.48396630468749996 0.43922893749999997 0.43456331718749996 0.42124880625000005 0.43547818749999995
0 0.5114705390625 0.4656689015625 0.5050490640625 0.454233025 0.4893164484375 0.4421109953125 0.4684466515625 0.4357069046875 0.4514297421875 0.4341058828125 0.4514297421875 0.48396630468749996 0.5140391296875 0.4837375875 0.5130759078125 0.47618990937500005 0.5114705390625 0.4656689015625
0 0.276444528125 0.5198749578124999 0.2934614390625 0.5262790484375001 0.31047835 0.5287949421875 0.324605596875 0.5292523765625 0.324605596875 0.484195021875 0.254932584375 0.484195021875 0.25718010156250004 0.49768935625 0.264885871875 0.510268821875 0.276444528125 0.5198749578124999
0 0.45046652031249995 0.6223404140625 0.464914840625 0.6280583531249999 0.4803263828125 0.630116809375 0.496058996875 0.6298880921875 0.4967011453125 0.5852881734375 0.4263859859375 0.5857456078125 0.427028134375 0.5999260953125 0.4360182 0.612734278125 0.45046652031249995 0.6223404140625
0 0.5477518765625 0.6010696828125 0.5320192609375 0.6058727515625 0.5172498671875 0.6147927359375001 0.5040858421875 0.6264573296875 0.50055403125 0.642696275 0.5008751046875 0.6582490671875 0.56637415625 0.6582490671875 0.5650898609375 0.599697378125 0.5477518765625 0.6010696828125
5 0.40615833749999997 0.6765464703124999 0.37822491875 0.6763177515625001 0.3779038453125 0.6959874609375001 0.4395500109375 0.6959874609375001 0.43858679062499994 0.6763177515625001 0.40615833749999997 0.6765464703124999
5 0.251524134375 0.676521346875 0.2318984828125 0.676199959375 0.2316729015625 0.695643921875 0.279496325 0.695804615625 0.279496325 0.676682040625 0.251524134375 0.676521346875
3 0.567138346875 0.49478909531250004 0.8452455140625 0.49511333437499994 0.84570068125 0.3894113390625 0.8461558484375 0.22048268906250001 0.4424225296875 0.22048268906250001 0.44014669375000004 0.3744963328125 0.43878119375 0.4837649609375 0.567138346875 0.4834407203125 0.567138346875 0.49478909531250004
3 0.45061554062500003 0.4837649609375 0.451525875 0.3621752421875 0.44925003906249994 0.22113116875 0.1069642953125 0.22048268906250001 0.10514362656250001 0.34174816875 0.1060539609375 0.48311648125 0.29403801875 0.4837649609375 0.45061554062500003 0.4837649609375
3 0.32421571562499996 0.5839723015625 0.32306055312500004 0.476448984375 0.10588993124999999 0.47699757343750004 0.1055048765625 0.5908296562500001 0.1055048765625 0.69561003125 0.3253708796875 0.69561003125 0.32421571562499996 0.5839723015625