3 0.8428106171874999 0.596036090625 0.8834762375 0.595159553125 0.8833511140624999 0.5566073593749999 0.8856033578125 0.5566073593749999 0.8853531125 0.47715774843750003 0.883601359375 0.47730383749999994 0.8837525453125 0.42922200468750005 0.7403667765625 0.4289258203125 0.621897934375 0.4289897296875 0.622159278125 0.524913609375 0.6220341453125 0.595743909375 0.8428106171874999 0.596036090625
0 0.6613233921874999 0.5018313875 0.6277550859375001 0.4569292421875 0.621909021875 0.45765089843749995 0.6217838984374999 0.5173169296875 0.6381752703125 0.5158560296875 0.65068776875 0.5105967890625001 0.6613233921874999 0.5018313875
5 0.8861049890625001 0.5578289375 0.8861049890625001 0.52008348125 0.8859673609375 0.4760539140625 0.8662516640625 0.47568600156249996 0.8662860734375 0.493095815625 0.8661484453125 0.5576682468749999 0.8861049890625001 0.5578289375
3 0.8590401609375 0.4415930390625 0.8842187265625 0.441251215625 0.8842187265625 0.3629905453125 0.8842187265625 0.231440965625 0.8842187265625 0.1361070609375 0.674405115625 0.13576523125 0.5471947609375001 0.1354774828125 0.54667509375 0.303206875 0.5469678625000001 0.441251215625 0.8590401609375 0.4415930390625
0 0.6085153484375 0.404308621875 0.6020913875 0.395510184375 0.5649065703125 0.43430985 0.5650609921874999 0.4408516140625 0.6158040687499999 0.4410889734375 0.6149393 0.4263768328125 0.6117273234375 0.4129628203125 0.6085153484375 0.404308621875
5 0.8860314812500001 0.339414203125 0.88585180625 0.2890776546875 0.8856721328124999 0.23015121718749998 0.8656381609375 0.22992810625 0.865907678125 0.2517587859375 0.865907678125 0.3392044234375 0.8860314812500001 0.339414203125
0 0.497926528125 0.4126606375 0.494820203125 0.42396773750000005 0.4933583953125 0.430794665625 0.49386089218749996 0.44148184375 0.544886946875 0.44146173906249997 0.5450696703125 0.43442146406250004 0.5065146265625 0.39495329687499997 0.497926528125 0.4126606375
0 0.4394492890625 0.613665771875 0.433464653125 0.631570903125 0.43215552187500006 0.637029784375 0.43215552187500006 0.647074121875 0.43159445781250005 0.6534768234375 0.484146959375 0.6534064265625 0.48395994375000007 0.6427070171875 0.446556025 0.6025296531250001 0.4394492890625 0.613665771875
3 0.1142559921875 0.2841375796875 0.11645658437499999 0.2841375796875 0.11645658437499999 0.323319378125 0.3578146984375 0.3226770625 0.4103536484375 0.3236405484375 0.4100785796875 0.3059766203125 0.4100785796875 0.13647139375 0.2000414546875 0.136150225 0.11669430781250001 0.13611475625 0.11618151562500001 0.176582440625 0.1142559921875 0.176582440625 0.1142559921875 0.2841375796875
5 0.134680725 0.28498754375 0.134680725 0.2277222203125 0.13451552656250002 0.1762227890625 0.1144435109375 0.176218759375 0.11436091718750001 0.23522404687499998 0.11469131562499998 0.285373309375 0.134680725 0.28498754375
3 0.1149075625 0.5834597140625 0.11530859062500001 0.6899444578125 0.1169127375 0.6899444578125 0.1171132515625 0.7707140156250001 0.4135652296875 0.7709481359375 0.41376575937500004 0.7033014703125 0.4135652296875 0.6366037437500001 0.41055746875 0.6366037437500001 0.41075799843749994 0.6052573406249999 0.4109585125 0.5479242015625 0.4109585125 0.48099235625 0.4111590265625 0.4168698984375 0.4109585125 0.3124921828125 0.3260494609375 0.3127262984375 0.2901568390625 0.27737498125000004 0.28534441718750003 0.2836960796875 0.2802231109375 0.2972747296875 0.277215334375 0.311555725 0.1833731875 0.311555725 0.11710217187500001 0.31100573125 0.1169127375 0.36044825625 0.11671222187500001 0.5834597140625 0.1149075625 0.5834597140625
5 0.1342125171875 0.4912777109375 0.1342125171875 0.4185615453125 0.134388509375 0.38394999687500003 0.11518386249999998 0.383842921875 0.1147658921875 0.4406446046875 0.1147658921875 0.4912777109375 0.1342125171875 0.4912777109375
0 0.28275636249999997 0.28564761562499996 0.279742490625 0.2965240890625 0.2772765875 0.30580107968750003 0.2753586546875 0.3118791078125 0.2750846703125 0.323437121875 0.32906046093749997 0.3240351640625 0.32960842968750004 0.3163576609375 0.29015405 0.276050728125 0.28275636249999997 0.28564761562499996
0 0.375940471875 0.5339772953125 0.3931661671875 0.5428361125000001 0.4110070546875 0.5452303859375001 0.41095578593750004 0.4831978515625 0.4050600875 0.4839369640625 0.3706087125 0.530385884375 0.375940471875 0.5339772953125
5 0.134276434375 0.69165838125 0.13441496875 0.6494419984375 0.134276434375 0.58218045 0.11432718593749999 0.5818849562499999 0.11446572031249999 0.620191365625 0.11460426562499999 0.69165838125 0.134276434375 0.69165838125