0 0.6909913421875 0.8195335015625 0.6937426171875 0.8090988093749999 0.6765471453125 0.7782916203125 0.639748834375 0.7572980125 0.589132684375 0.7540530703125 0.5891941468749999 0.7554346749999999 0.5891941468749999 0.8215210624999999 0.6909913421875 0.8195335015625
3 0.8319942125 0.6650006703125 0.8010423640625 0.66450378125 0.8010423640625 0.667485121875 0.6180825390625 0.6669882312500001 0.589881965625 0.667485121875 0.5891941468749999 0.8995328125000001 0.8326820328125001 0.8995328125000001 0.8326820328125001 0.6868638359375 0.8319942125 0.6650006703125
0 0.8169393953125 0.6011843046875 0.7928958484375 0.604582665625 0.7714657296875 0.6091138140625 0.750558296875 0.6208192796875001 0.7390592078125 0.6408318484375 0.7333096640625001 0.66197720625 0.8277415124999999 0.6614856765625 0.8294838546875001 0.6612220140625 0.8268704265625001 0.6011843046875 0.8169393953125 0.6011843046875
5 0.159547396875 0.79901014375 0.159547396875 0.78811598125 0.1334470203125 0.787696975 0.12052862499999999 0.789313403125 0.1201068296875 0.8170274140625 0.11952682031249999 0.8417487828124999 0.1589673875 0.8413297765625 0.159547396875 0.79901014375
1 0.1566473546875 0.6733082640625 0.053405868749999995 0.6737272703125 0.052825860937500004 0.6800123640625 0.05978596093750001 0.700124665625 0.081826278125 0.722331996875 0.1050266125 0.7298741109375 0.07428616875 0.7432823109375 0.0580459359375 0.7654896421874999 0.055145893749999994 0.7835069125 0.1085066625 0.7835069125 0.1398271125 0.78308790625 0.1537473125 0.7835069125 0.1566473546875 0.6733082640625
5 0.158955203125 0.643490271875 0.1593436046875 0.61739571875 0.13370912031249998 0.6168345453125 0.1211003453125 0.6169617374999999 0.1193382734375 0.6499437625 0.119726675 0.670426584375 0.15740159843749998 0.670426584375 0.158955203125 0.643490271875
0 0.4602016046875 0.6443172609375 0.47762483749999995 0.65139733125 0.5173715875 0.6537573546875 0.5168271109375 0.6085235734375 0.5164416968750001 0.5899873546875 0.41882142499999997 0.5904300625000001 0.41882142499999997 0.6081302375 0.4357001828125 0.6301571203125 0.4602016046875 0.6443172609375
5 0.1594849328125 0.4683624125 0.1602543359375 0.4333452578125 0.1410192546875 0.432233603125 0.118706559375 0.432233603125 0.11865103125000001 0.4319276703125 0.11793715625000001 0.4828139375 0.118706559375 0.5300593046875 0.1594849328125 0.5306151328125 0.1594849328125 0.4683624125
5 0.1615573203125 0.277763384375 0.1623042734375 0.24268877031249997 0.1623042734375 0.224881659375 0.1376548265625 0.2221836125 0.11996882499999999 0.2225664171875 0.1189810015625 0.2912536203125 0.11748709531249998 0.3160756546875 0.1600634140625 0.3166152640625 0.1615573203125 0.277763384375
0 0.45997606874999997 0.44993279218750004 0.5169930500000001 0.45450944531250004 0.5169930500000001 0.399589609375 0.51675501875 0.38920651875 0.418005234375 0.39100838437499996 0.42038094218750005 0.41389164999999994 0.4385947 0.437919078125 0.45997606874999997 0.44993279218750004
0 0.6024804328125 0.307526184375 0.5588710609375 0.31740058125 0.5321847281250001 0.32915581718750003 0.5178652328125 0.35548754374999997 0.515912575 0.38040864218750003 0.5380427046875 0.38040864218750003 0.60378220625 0.38040864218750003 0.6024804328125 0.307526184375
0 0.6185946109375 0.4643266828125 0.6318369234375 0.46113787031250003 0.634779659375 0.388858140625 0.6283648703125 0.3866497625 0.586960196875 0.41064835312500003 0.54796894375 0.43828472031250004 0.588431565625 0.45582318437499997 0.6185946109375 0.4643266828125
3 0.12427765625000001 0.5222569078125 0.12427765625000001 0.586168853125 0.22939046406250002 0.5855360625 0.3844318578125 0.586168853125 0.516698809375 0.5855360625 0.516698809375 0.5633883578125001 0.5175747484375 0.3691213515625 0.336255153125 0.3691213515625 0.1238696421875 0.3687777609375 0.12252577499999999 0.3925346390625 0.12427765625000001 0.42543980000000003 0.12427765625000001 0.5222569078125
0 0.6054089921875 0.26535003125 0.60123725 0.253295128125 0.5793356046875 0.235212775 0.5480475390625 0.22391130312500002 0.51884534375 0.22466473437499998 0.517802409375 0.2954872890625 0.553262215625 0.2947338578125 0.6106236703125 0.2939804265625 0.6054089921875 0.26535003125
3 0.12461571874999999 0.262938771875 0.12357278281249999 0.3819809375 0.48547140781250003 0.380474075 0.6147954109375 0.380474075 0.6147954109375 0.369926034375 0.6147954109375 0.2945828921875 0.5167594734375001 0.293829459375 0.517802409375 0.1740338625 0.5344893765625 0.14992405625 0.5334464421875 0.133348565625 0.124126228125 0.13363431406249998 0.12461571874999999 0.1551980765625 0.12357278281249999 0.20718484531249998 0.12461571874999999 0.262938771875