5 0.2542574921875 0.20805150156250002 0.2542574921875 0.1592069234375 0.2184150265625 0.1592069234375 0.21916174375000003 0.2632326734375 0.25463084999999996 0.2627046234375 0.2542574921875 0.20805150156250002
5 0.25463084999999996 0.34719254374999997 0.2542574921875 0.3268626375 0.2176683078125 0.3273906875 0.2184150265625 0.3738590421875 0.255004209375 0.37333099375 0.25463084999999996 0.34719254374999997
5 0.25537756875 0.50481531875 0.255004209375 0.46705977968749995 0.2176683078125 0.467851853125 0.2176683078125 0.54309890625 0.2542574921875 0.54309890625 0.25537756875 0.50481531875
5 0.141129709375 0.6402600140625 0.1586775828125 0.631283171875 0.1818258421875 0.62283438125 0.1642779671875 0.599336178125 0.1396362734375 0.6077849703125 0.11910152656249999 0.6175538859375 0.1000602171875 0.62890695 0.08624593281250001 0.6394679390625 0.0664579046875 0.6616460187500001 0.0978200625 0.67405518125 0.111634346875 0.6616460187500001 0.12432855312499999 0.6508210046875 0.141129709375 0.6402600140625
5 0.0369625421875 0.7215796359375 0.0373359015625 0.7477180859375 0.038082620312499996 0.77887300625 0.075418521875 0.77860898125 0.0761652390625 0.7537906546875 0.07579188125 0.730556478125 0.0769119578125 0.71339486875 0.0828857015625 0.6994015578125 0.0899795234375 0.683824096875 0.056750570312500005 0.6732631078125 0.0440563640625 0.6925369140625001 0.039576056250000005 0.7062662015625001 0.0369625421875 0.7215796359375
0 0.533156678125 0.2666649953125 0.5260628578125 0.27062536718749997 0.5200891125 0.27722598593750003 0.5163555234375 0.28435465312499997 0.51411536875 0.29306747031249997 0.5152354453125 0.3054766328125 0.5745995296874999 0.304684559375 0.573479453125 0.2959717421875 0.533156678125 0.2666649953125
0 0.46333854218750004 0.34085595 0.4756593890625 0.34719254374999997 0.49059375000000005 0.350360840625 0.5148620859374999 0.351152915625 0.5152354453125 0.30785285625 0.44691074531249997 0.30785285625 0.44691074531249997 0.32052604375 0.45251113125 0.331351059375 0.46333854218750004 0.34085595
0 0.6515114875 0.43880913125000004 0.6649524125 0.435904859375 0.6798867734375 0.42851216562500005 0.68698059375 0.42032739843750005 0.6951944937500001 0.40871030937499997 0.6933276968750001 0.3984133453125 0.6242562796875 0.3984133453125 0.6242562796875 0.44118535468750003 0.641057434375 0.44039327968749997 0.6515114875 0.43880913125000004
0 0.6918342609375 0.47841284375 0.6858605171875001 0.46837990312500005 0.6768999015625 0.4599311109375 0.657858590625 0.4533304921875 0.641804153125 0.45121829375000005 0.6242562796875 0.45148231875 0.6246296375 0.49346225312499997 0.6925809796875 0.4921421296875 0.6918342609375 0.47841284375
0 0.5794531968750001 0.566069059375 0.5719860171875 0.576894075 0.5697458625 0.591943484375 0.638443921875 0.591943484375 0.6395639984375 0.5496995250000001 0.6208960484375 0.5496995250000001 0.6037215328125 0.5528678218749999 0.588787171875 0.5578842921875 0.5794531968750001 0.566069059375
0 0.69370105625 0.6199301078125 0.6925809796875 0.60936911875 0.6250053703125 0.6091079875000001 0.62537635625 0.6508210046875 0.6455377437500001 0.6508210046875 0.661218821875 0.6468606328125001 0.6765265421875 0.6407880625 0.6873539531249999 0.631019146875 0.69370105625 0.6199301078125
0 0.569372503125 0.7202595125 0.5936408390625 0.7582790765625 0.6067084046875 0.7611833484375 0.629109946875 0.722899759375 0.6138022265624999 0.717883290625 0.5973744296875 0.7155070671875 0.5835601453125 0.716299140625 0.569372503125 0.7202595125
0 0.5488377578125 0.730028428125 0.5357701921875 0.732668675 0.5234493437500001 0.7371570968750001 0.5115018546875 0.7440217390625 0.5029145984375 0.75299858125 0.49768757187499996 0.7638235953125 0.49806093125000006 0.7807211796875 0.5619053234375 0.7817772796875 0.5607852453125 0.730292453125 0.5488377578125 0.730028428125
5 0.9599060375 0.4182152015625 0.9599060375 0.3421760734375 0.9345176234375 0.3419120484375 0.9356377 0.3741230671875 0.9345176234375 0.4182152015625 0.9599060375 0.4182152015625
5 0.9606527546875 0.5325379171875 0.9602793953125 0.4823732140625 0.9345176234375 0.4826372390625 0.9348909828125 0.50481531875 0.9345176234375 0.532801940625 0.9606527546875 0.5325379171875
5 0.9602793953125 0.6505569796875 0.9602793953125 0.5988081281250001 0.9348909828125 0.5988081281250001 0.9341442640625001 0.6196660828125 0.9345176234375 0.6502929546875 0.9602793953125 0.6505569796875
5 0.9599060375 0.783097403125 0.9602793953125 0.7128668203124999 0.9348909828125 0.7128668203124999 0.9341442640625001 0.7427016156249999 0.9341442640625001 0.782569353125 0.9599060375 0.783097403125
0 0.8602191781249999 0.796298640625 0.8464048953125 0.7846815515625 0.8284836625 0.7775528828125 0.8019751718749999 0.7733284874999999 0.8001083765624999 0.8263974609375 0.8676863593749999 0.8263974609375 0.8665662828125 0.8092358531249999 0.8602191781249999 0.796298640625
3 0.1302362125 0.6124834484375 0.10671459531250001 0.6246285874999999 0.08431305312500001 0.6409981218749999 0.0675118984375 0.658690578125 0.0570578453125 0.6734759640625 0.044736998437499995 0.6938058703125 0.0383898953125 0.713102065625 0.0365230984375 0.725511228125 0.0380165359375 0.778052153125 0.0402566890625 0.8258694125 0.21020112812499997 0.8261334359375001 0.4868601609375 0.8261334359375001 0.4868601609375 0.7289723296874999 0.4864868015625 0.6595338203125001 0.48611344218749997 0.6040886234375 0.56377211875 0.6040886234375 0.563398759375 0.52329705 0.563398759375 0.4234956953125 0.5156088046875 0.4234956953125 0.21878838437499998 0.4242877703125 0.21916174375000003 0.5541879468750001 0.21872229999999998 0.5881723671875 0.1623450890625 0.6000742859375 0.1302362125 0.6124834484375
3 0.6467256359375 0.6979423859375 0.64711359375 0.713580246875 0.6672874 0.7138545953125 0.6661235265625 0.8255144031249999 0.959419615625 0.8266117968750001 0.959807571875 0.682578875 0.9590316578125 0.5780521265624999 0.9582557421875 0.5303155 0.72742085625 0.5300411515625 0.7278088140625 0.595610425 0.6238361265625 0.5958847734375 0.625 0.65102880625 0.625 0.6685871062500001 0.6579764124999999 0.668861453125 0.65642458125 0.6984910828124999 0.6467256359375 0.6979423859375
3 0.959548440625 0.4487665234375 0.9591116859375 0.28785299375 0.7778587953125 0.288470703125 0.6249949109374999 0.2887795578125 0.6249949109374999 0.3761855640625 0.6254316640625001 0.449075378125 0.7582048671875 0.449075378125 0.959548440625 0.4487665234375
3 0.6481263625 0.3036225171875 0.6487113140625 0.1112731015625 0.4129758234375 0.1112731015625 0.21818694375 0.1108594484375 0.21877189531250002 0.30486348125 0.401276790625 0.3044498265625 0.6481263625 0.3036225171875
3 0.5144617375 0.43140871406250003 0.5147995328125 0.29668306875 0.36718313125 0.29572756718750004 0.21922893437500002 0.2959664421875 0.220917909375 0.4316475890625 0.366507540625 0.43140871406250003 0.5144617375 0.43140871406250003
0 0.42722925937499995 0.6728576687500001 0.43458598437499996 0.6832673234375 0.4472558703125 0.69165285625 0.45951705781249996 0.694544425 0.4521603328125 0.6971468421875 0.439081746875 0.7046649171875 0.42763796093749995 0.7133396249999999 0.425594428125 0.725195075 0.425594428125 0.7292432546875001 0.4869003625 0.72866495 0.4869003625 0.6604239125 0.42477702968750003 0.6598456078125 0.4251857296875 0.6653395828125 0.42722925937499995 0.6728576687500001