3 0.773457421875 0.22106718593750002 0.7737796390625 0.27521594843749997 0.816390896875 0.2750675546875 0.841363084375 0.293320275 0.843296409375 0.2909459390625 0.8450686265625 0.28738443125 0.8482908437500001 0.28070660625 0.8495797359375 0.2750675546875 0.896624109375 0.2749191546875 0.897107446875 0.20135423281249998 0.8969463375 0.14617460468750001 0.8970251140625001 0.097352284375 0.8686696015625 0.097352284375 0.8686696015625 0.09616511718750001 0.8245252171875 0.0960167203125 0.8243641078125 0.096907096875 0.79512248125 0.0971950921875 0.7948851609375 0.16514558125 0.7948851609375 0.22121558281249998 0.773457421875 0.22106718593750002
5 0.8689313546875 0.10558813125 0.8688606546875001 0.0960804359375 0.8485695062499999 0.0959501921875 0.8243898062499999 0.095947721875 0.8243898062499999 0.10565325156250001 0.8474382890625 0.10565325156250001 0.8689313546875 0.10558813125
0 0.844037971875 0.2895420234375 0.8470227953125 0.28365075 0.84872840625 0.2773667265625 0.8494746078125001 0.269806259375 0.8148560203124999 0.2698033703125 0.8150425703125 0.2734392109375 0.8411597546875 0.2936659109375 0.844037971875 0.2895420234375
5 0.8977380921875 0.3149205515625 0.8978446906249999 0.29617190312499997 0.8978446906249999 0.2796763390625 0.887611021875 0.2796179703125 0.8875044234375 0.29597029375 0.887717621875 0.314724175 0.8977380921875 0.3149205515625
0 0.799264925 0.2577148046875 0.7768556296875 0.23327448906249998 0.7736224468749999 0.233161771875 0.7740684046874999 0.2653138921875 0.78477135 0.2643896796875 0.7926870703125 0.2618224203125 0.799264925 0.2577148046875
3 0.695706709375 0.226025 0.8002265625 0.22614247031249998 0.8002265625 0.17658783281249998 0.8004816343750001 0.130322421875 0.8004816343750001 0.09709020625 0.7747919546875 0.09709020625 0.7747919546875 0.0962678984375 0.731174040625 0.0962678984375 0.731174040625 0.097442625 0.6959098453125 0.0971964578125 0.695706709375 0.1486418796875 0.695706709375 0.18081684375 0.695706709375 0.226025
5 0.7749072625 0.10560401562499999 0.7749072625 0.09631028124999999 0.7475095078125 0.09610676875 0.7304411453124999 0.095966059375 0.7307173312499999 0.10546834062499999 0.7527386484374999 0.10560401562499999 0.7749072625 0.10560401562499999
0 0.75240409375 0.21127163593749998 0.750846246875 0.2088801265625 0.7487691171875 0.2066936046875 0.7277752421875 0.22343416249999998 0.7278494234374999 0.22591821250000002 0.75581653125 0.2258939984375 0.755519796875 0.21988106406250002 0.753813578125 0.2148247328125 0.75240409375 0.21127163593749998
3 0.6433078812499999 0.22630253125 0.7011835265624999 0.22599704531249998 0.7011835265624999 0.15850801406249998 0.7015151875 0.09697605468750001 0.633232509375 0.097128796875 0.548740696875 0.09679927187500001 0.54862569375 0.158049778125 0.5489573546875001 0.22538606093750002 0.6433078812499999 0.22630253125
5 0.620887865625 0.1055312625 0.6206963328125 0.09626956406250001 0.59685101875 0.09635777031250001 0.57616593125 0.0964569234375 0.5763574640625 0.1056194671875 0.597138315625 0.1055312625 0.620887865625 0.1055312625
5 0.6847865953125 0.10568510625000001 0.6847865953125 0.09607058125 0.6620904515625 0.09607058125 0.6400886046875 0.09612628906250001 0.6402561953125 0.1057733109375 0.660175165625 0.10568510625000001 0.6847865953125 0.10568510625000001
0 0.6573022359375 0.20888992812499999 0.65538695 0.2136530890625 0.65414201875 0.2179752125 0.653567434375 0.2213270671875 0.653016784375 0.22617561562500002 0.68785105 0.226207175 0.68785105 0.223119940625 0.6616116296875 0.202803671875 0.6573022359375 0.20888992812499999
0 0.6254497812500001 0.2506321984375 0.6307959890625 0.2529371875 0.63830343125 0.255346946875 0.6470621234375 0.25618512187500003 0.6471189921875 0.2246666203125 0.6441046375 0.22454393125 0.620899815625 0.24853675625 0.6254497812500001 0.2506321984375
5 0.578301259375 0.30519056718750004 0.5781875125 0.3146200609375 0.5874011921875 0.3147248359375 0.6056574203125 0.31482960625 0.622833546875 0.3149343765625 0.6229472953124999 0.305044959375 0.6112885171875 0.30519056718750004 0.5908136671875 0.305085796875 0.578301259375 0.30519056718750004
3 0.32348931875 0.9057110140625 0.49855849843750005 0.9057110140625 0.49855849843750005 0.788831665625 0.49818837812499994 0.6893208093750001 0.32348931875 0.6884399578125 0.32274908125 0.736008003125 0.3231192 0.8109729734375 0.32348931875 0.9057110140625
0 0.34528153906250003 0.860478790625 0.3493245671875 0.8575528234375 0.3257883828125 0.8328151437500001 0.3232975921875 0.832912184375 0.3236224765625 0.8656657203125 0.3327192875 0.8647347312500001 0.34022775781250003 0.8624737640625 0.34528153906250003 0.860478790625
5 0.49861087968750006 0.8414990234375 0.4985213328125 0.817503259375 0.49861087968750006 0.8001010781250001 0.4880226125 0.8000970687500001 0.4883136265625 0.81469471875 0.48822407968750003 0.8413340734375 0.49861087968750006 0.8414990234375
0 0.1869950953125 0.887125759375 0.1845819140625 0.8924409890625 0.1827982625 0.897562934375 0.1827982625 0.8996890265624999 0.18258841718750002 0.9055219109375001 0.217631965625 0.9053908187499999 0.217631965625 0.9012352734375 0.19192636875 0.8803609234374999 0.1869950953125 0.887125759375
5 0.1660755984375 0.9064995703125 0.1658029796875 0.8974598500000001 0.15183129687500002 0.897397075 0.13820038750000002 0.8973273640625001 0.13820038750000002 0.9065623453124999 0.15060451875 0.90643679375 0.1660755984375 0.9064995703125
0 0.1876784078125 0.855800115625 0.1914269078125 0.8531635312500001 0.1694129921875 0.8292459375 0.166058559375 0.8294014984375 0.1662800640625 0.8609477343749999 0.17384521875 0.8601944234375001 0.180251746875 0.8587505796875 0.1876784078125 0.855800115625
3 0.10270237499999998 0.7285506859375 0.10270237499999998 0.788111971875 0.1029924609375 0.8317399734375 0.13142140156249998 0.8320071703125 0.13142140156249998 0.8301367890625 0.20732181249999998 0.8304930515625 0.3175569109375 0.83058211875 0.32896716718749996 0.8304930515625 0.32896716718749996 0.7920308687500001 0.32896716718749996 0.7581110375 0.32896716718749996 0.724013078125 0.32935395 0.68903748125 0.23591520625 0.688770284375 0.2358185109375 0.6917985203125 0.22365916874999997 0.6811996921875 0.21099185468749998 0.6714024515625 0.20673718124999999 0.677391403125 0.2041263625 0.6839822718749999 0.20277260312499998 0.6888808921875 0.16046879375 0.6888808921875 0.1045778828125 0.6887637578125 0.104636315625 0.692577596875 0.10279907031249999 0.6926666625 0.10270237499999998 0.7285506859375
5 0.1562687375 0.6976188890625 0.1561525921875 0.6882045421874999 0.14103211875 0.6884185031250001 0.118557571875 0.6884113421875 0.11843079999999999 0.6974584187499999 0.131355096875 0.6974049265625 0.1562687375 0.6976188890625
5 0.19626170468749998 0.6976637359375 0.1963328703125 0.6882899640625 0.17839870625 0.6884210640624999 0.16103387656249998 0.6883344375 0.1611050453125 0.6975981828125 0.17505384375 0.6974015312499999 0.19626170468749998 0.6976637359375
0 0.20759510468750003 0.6761119046874999 0.20524657968749999 0.681355971875 0.2031827265625 0.6874522015625 0.202613390625 0.6894187265625 0.20204404999999998 0.6963609921875 0.2367025390625 0.696418828125 0.23677370937500003 0.6922235734375 0.21122463749999998 0.6717855484374999 0.20759510468750003 0.6761119046874999
5 0.28648165312499996 0.6974271765625 0.28653954062500003 0.688309334375 0.2647133203125 0.6884159765625 0.24257066093750002 0.6884900109375 0.24275175624999998 0.6975871375 0.259968353125 0.6974271765625 0.28648165312499996 0.6974271765625
0 0.23617418437499998 0.8091312687500001 0.2333993359375 0.8067032031249999 0.20773199999999997 0.8272778609375001 0.2076279375 0.8303315937500001 0.24283381093749998 0.8303448890625 0.2414463875 0.820632628125 0.23908777187500002 0.8146263640625 0.23617418437499998 0.8091312687500001