5 0.3799745109375 0.30210905625 0.3799745109375 0.2752648375 0.3679021078125 0.2752660125 0.3679244421875 0.3362144125 0.3799745109375 0.3362144125 0.3799745109375 0.30210905625
0 0.476210015625 0.3443579734375 0.4707627296875 0.34655831406250004 0.46349966875000004 0.35337938593749996 0.45772225000000005 0.3626208421875 0.4554112609375 0.3753828421875 0.45553591562499995 0.38517960156250003 0.4819874515625 0.385944503125 0.4816573203125 0.34391790312500004 0.476210015625 0.3443579734375
3 0.421902159375 0.412127475 0.421902159375 0.383082909375 0.449963975 0.383082909375 0.449963975 0.3850632203125 0.48974572812500006 0.38462315 0.48991079375 0.23587637187500002 0.3686447671875 0.2348653421875 0.3687497875 0.3353354125 0.3687497875 0.4119074453125 0.421902159375 0.412127475
5 0.641983709375 0.3776864265625 0.6421606796875 0.322484628125 0.6302800171875 0.322298115625 0.6306572781249999 0.3484341890625 0.6304803078125001 0.37863004375 0.641983709375 0.3776864265625
5 0.708172559375 0.290159515625 0.7079955874999999 0.2618509 0.6963667421874999 0.261997296875 0.6966691578125 0.3236580390625 0.7079955874999999 0.3243657625 0.708172559375 0.290159515625
5 0.3797062875 0.429501909375 0.37958890625 0.4177672 0.3683892265625 0.4176766359375 0.368320609375 0.44186247968750003 0.3798236625 0.44170601249999997 0.3797062875 0.429501909375
0 0.43193954375 0.44201893906249995 0.44050814843749997 0.4484339125 0.4474334546875 0.4493726921875 0.4542413859375 0.4493726921875 0.45425706093749996 0.41471931875 0.42337094531249997 0.41495086875 0.42384045156249994 0.4238692515625 0.4270096609375 0.4341957984375 0.43193954375 0.44201893906249995
3 0.474715671875 0.34572668906250004 0.4681523171875 0.349410409375 0.46331615625 0.35447552187500003 0.459286028125 0.36061505625 0.45709823906249997 0.368442959375 0.45571648124999997 0.3771917953125 0.44984400156250004 0.3773452828125 0.44984400156250004 0.407275503125 0.44823195 0.40712201875 0.44846224375 0.415103409375 0.42382086562500004 0.414949925 0.4242814484375 0.4230848015625 0.42704496875000003 0.4326206109375 0.43119024687499996 0.43968107031250003 0.4357961140625 0.4450531640625 0.4424746203125 0.4478159546875 0.44834709375 0.44919734843750003 0.44846224375 0.47542877656250004 0.52169550625 0.47542877656250004 0.574440740625 0.4752752828125 0.6416949125 0.47512179843749996 0.6419252125 0.31717276875 0.6416949125 0.23489905625000002 0.5506139265625001 0.23505254843749998 0.48428129999999997 0.23551301093750002 0.4838207125 0.2504013765625 0.48385349218749996 0.33347880625 0.48392741250000004 0.37765226093750004 0.48139418437500003 0.3773452828125 0.48139418437500003 0.344959246875 0.474715671875 0.34572668906250004
0 0.8035505687500001 0.33738714375 0.794917865625 0.34159710312499997 0.787759046875 0.3508590140625 0.783758534375 0.363769553125 0.7832093078125 0.377638409375 0.8104988265624999 0.377802753125 0.8107093750000001 0.3368258171875 0.8035505687500001 0.33738714375
0 0.76228206875 0.41035976874999996 0.7704936625000001 0.4151310546875 0.7824952093750001 0.41569238437499995 0.782830390625 0.380669753125 0.750912178125 0.38060939375 0.75175439375 0.3904326296875 0.75512325 0.40137852656249995 0.76228206875 0.41035976874999996
0 0.8766126390625001 0.44993337968749997 0.8732437953125001 0.43814550468749996 0.8650321999999999 0.4274802734375 0.8549256234374999 0.4238316390625 0.8451624234375 0.42361380937500004 0.845240165625 0.46059861093750004 0.8774548546875 0.45891463750000006 0.8766126390625001 0.44993337968749997
5 0.8281853312499999 0.46059861093750004 0.81503843125 0.45998995000000004 0.8149204593749999 0.47547380625 0.84376628125 0.47575446406250005 0.8439768531249999 0.46059861093750004 0.8281853312499999 0.46059861093750004
5 0.708169815625 0.417376365625 0.7083803640624999 0.3904326296875 0.6962475953125 0.3900164015625 0.6963788171874999 0.44291678437500004 0.7083803640624999 0.44291678437500004 0.708169815625 0.417376365625
3 0.817447109375 0.3101569265625 0.8347124921875 0.310437590625 0.8342913718749999 0.23521965156250002 0.7616504109375 0.2349389875 0.6966265140625 0.23415474218750001 0.696799925 0.37779693281250004 0.8176576578124999 0.37835826250000004 0.817447109375 0.3101569265625
5 0.9703557890625 0.435902078125 0.9703557890625 0.2618831625 0.9582694859374999 0.261689459375 0.9583542421875 0.33149218281250004 0.9583542421875 0.4367440734375 0.9703557890625 0.435902078125
3 0.845565575 0.46027696406249996 0.8454019484374999 0.47510890625 0.9028363671875 0.475545140625 0.9702522765625 0.475545140625 0.9702522765625 0.23473735312500002 0.8918731 0.23495546875 0.828787821875 0.23478154999999998 0.828711596875 0.31107938281249997 0.8458928374999999 0.310861265625 0.845565575 0.46027696406249996
5 0.4373527359375 0.588371359375 0.4372170546875 0.5728170593749999 0.42559710468749995 0.5726736875 0.42595530156250005 0.6024787453125 0.4373527359375 0.6026596093750001 0.4373527359375 0.588371359375
0 0.5221551046874999 0.5885512859375 0.5278538171875 0.5941580703125 0.5359948546875 0.5966901640625 0.54372881875 0.59723275625 0.5439025078124999 0.5616041765625 0.5126572328125001 0.5614216921875 0.5131999703125001 0.5697414328125 0.5167277515625 0.5804124078124999 0.5221551046874999 0.5885512859375
5 0.4373527359375 0.71407743125 0.4373527359375 0.68604351875 0.425841284375 0.686298965625 0.42622667031250006 0.7466329421875 0.4374884234375 0.745909484375 0.4373527359375 0.71407743125
3 0.4019392703125 0.6675935187500001 0.42663371874999995 0.6675935187500001 0.42649803750000004 0.786063159375 0.5435931390625 0.786063159375 0.5435931390625 0.63032991875 0.5431860828125 0.54604731875 0.48104291874999994 0.54604731875 0.42608546562500005 0.5459766296875 0.42568393281250005 0.6022978859375 0.4018035859375 0.6024787453125 0.4019392703125 0.6675935187500001
0 0.641533734375 0.5893822281250001 0.647410425 0.593718640625 0.6554908625 0.595257359375 0.6670343421875 0.5955371281249999 0.66712098125 0.5617706078125 0.6315643625 0.5618250609375 0.63261376875 0.5723163703124999 0.6357619953125 0.5818284859375 0.641533734375 0.5893822281250001
5 0.6671392796875 0.6228145281249999 0.6672442296875001 0.595397246875 0.65635628125 0.595638496875 0.6562254421875 0.6054689015625 0.656330390625 0.6230942984375 0.6671392796875 0.6228145281249999
0 0.603964940625 0.5983377109375 0.5977734359375 0.6023943484375 0.59126710625 0.6098082078125 0.5871744140625 0.619180440625 0.5863348890625 0.6286925609375 0.58648015 0.63831959375 0.612150321875 0.63764514375 0.6123602046875 0.59749840625 0.603964940625 0.5983377109375
1 0.4032600984375 0.616654703125 0.40610946718749996 0.6238471765625 0.41210814687499997 0.6302801796875 0.419156596875 0.63467558125 0.4127080125 0.638671403125 0.40820900781249997 0.643666175 0.40505969531249997 0.6500594875 0.40236029375 0.6602488296875 0.40176042812499996 0.6682404656250001 0.43685269531250004 0.6682404656250001 0.4368021796875 0.6022011515625 0.40146049531249994 0.60107100625 0.40161046093749997 0.6090626453125 0.4032600984375 0.616654703125