3 0.6294633015625 0.6400770234375 0.6459403609375001 0.63962936875 0.64573045625 0.587277690625 0.6458354046875 0.5408514640625001 0.5757785906249999 0.5409633781250001 0.52162470625 0.5410390671875 0.521576771875 0.583360715625 0.52168171875 0.6401889374999999 0.6294633015625 0.6400770234375
0 0.56471760625 0.5562610640625001 0.5663764671875 0.55183871875 0.5676206125000001 0.5460012234375 0.5677864968749999 0.5407828546875 0.5385283421875 0.54075479375 0.538341721875 0.54396694375 0.5631416875 0.559091365625 0.56471760625 0.5562610640625001
0 0.5519443796875 0.628219128125 0.5500366875 0.6343219640625 0.550140365625 0.640325640625 0.580642671875 0.64024790625 0.580642671875 0.636798475 0.555179159375 0.621231821875 0.5519443796875 0.628219128125
3 0.4368477609375 0.5462064437499999 0.49220571875 0.5459299468750001 0.4923353625 0.54993915625 0.49363181875000006 0.5543631078125 0.4971322515625 0.560169546875 0.52020916875 0.5460681953125001 0.5399153078125 0.5464829421874999 0.5397856546875001 0.5108295546875 0.575308553125 0.510967803125 0.575308553125 0.49452359687499997 0.5754381984375 0.415751403125 0.5158274703125 0.4158896515625 0.4521714765625 0.41581247968749996 0.4521459359375 0.43966103125 0.4368477609375 0.4397992796875 0.4368477609375 0.5462064437499999
5 0.5074406312499999 0.426218653125 0.5074406312499999 0.41524132968750005 0.484404596875 0.4153180953125 0.46280831562499997 0.41552174218750004 0.4627363296875 0.426218653125 0.4815970796875 0.426218653125 0.5074406312499999 0.426218653125
5 0.5632193453125 0.4261227390625 0.563147359375 0.4150686515625 0.539439125 0.415375709375 0.518598709375 0.4153299125 0.5183710671874999 0.4263530359375 0.5382396484374999 0.4264297984375 0.5632193453125 0.4261227390625
0 0.5276560734375 0.5139821609374999 0.52369645 0.5170216 0.5361619234375 0.540088253125 0.5398282390625 0.54016644375 0.5398832312499999 0.5116658968750001 0.5348420484374999 0.5117927828125 0.5318356703125 0.5124965125000001 0.5276560734375 0.5139821609374999
0 0.49262672343749997 0.5503154484375 0.49400900468750003 0.5546704703125 0.49727622031249996 0.559762496875 0.5215918296875001 0.5453574234375 0.5215918296875001 0.5412034046875001 0.49143293281249995 0.540981146875 0.49143293281249995 0.543414415625 0.49143293281249995 0.5457594265625 0.49262672343749997 0.5503154484375
3 0.195682484375 0.7061579015625 0.22118431093750002 0.732776453125 0.2707015546875 0.732776453125 0.29536658125000004 0.7056062843750001 0.36892956093749996 0.7057557 0.36892956093749996 0.613455240625 0.36892956093749996 0.541310271875 0.22702934687499998 0.541310271875 0.1601220703125 0.5414463734375 0.159940721875 0.6070270828125001 0.159940721875 0.705560234375 0.195682484375 0.7061579015625
0 0.3342426265625 0.556051825 0.3358658734375 0.5514820874999999 0.3370346125 0.546012253125 0.3372943328125 0.5411655640624999 0.306647440625 0.5413173578125 0.3064526515625 0.5446274843750001 0.33229473125000003 0.5595829828125 0.3342426265625 0.556051825
5 0.3591275421875 0.7064025359375 0.35900157187500004 0.695320303125 0.346089546875 0.6952531390625001 0.330689590625 0.695214215625 0.33072108437500003 0.7064025359375 0.34338116875 0.7064025359375 0.3591275421875 0.7064025359375
5 0.22616359687499998 0.7216981078125 0.2177632046875 0.7133182125 0.203536734375 0.6986533953125 0.19622026718750002 0.7064553671875 0.22117769531249998 0.7326473765625 0.2704553609375 0.7331530609375 0.2835979046875 0.7190016265625 0.2943016328125 0.7064356359375 0.286832734375 0.698646634375 0.27964964062500003 0.7063831265625 0.2649474609375 0.7216981078125 0.22616359687499998 0.7216981078125
3 0.1603503609375 0.5455538234375 0.2529099921875 0.546028528125 0.2990799015625 0.5459607125 0.29901630625000003 0.45268355624999995 0.29901630625000003 0.39906365781250003 0.2279859203125 0.3988602125 0.2279859203125 0.394587875 0.1862059078125 0.39479131875 0.16035457343749998 0.3947008328125 0.1603503609375 0.42340197812499997 0.1603503609375 0.49315459375000004 0.1603503609375 0.5455538234375
5 0.21557360781249998 0.4048957390625 0.21531923281249998 0.3937740953125 0.20404006562500002 0.3938419109375 0.1860268078125 0.39393823906250003 0.185874784375 0.40509918437500003 0.20031082812499998 0.4050313703125 0.21557360781249998 0.4048957390625
0 0.28962885156249996 0.5038669890625 0.2857887203125 0.505713734375 0.2816474 0.5088451703125 0.2960290734375 0.5352552765625 0.2991162375 0.5351749828125001 0.2990409421875 0.5023409156249999 0.29648085156250004 0.5027428859375 0.2928666125 0.5030640578125001 0.28962885156249996 0.5038669890625
0 0.284093115625 0.36736406875 0.279305775 0.3711455609375 0.2934904828125 0.39782060937499997 0.29898705468750003 0.3977260734375 0.29889840156249997 0.3649001015625 0.294554334375 0.3647170265625 0.290032959375 0.3657569359375 0.284093115625 0.36736406875
5 0.2287171328125 0.3906161921875 0.2287171328125 0.3795512875 0.2287706359375 0.367342315625 0.2184984265625 0.36726777187500004 0.2184984265625 0.37789375937499997 0.21871243125 0.3905591421875 0.2287171328125 0.3906161921875
3 0.2409516828125 0.22784962812499998 0.240823459375 0.22388434531249998 0.24197748749999998 0.22374761250000003 0.266853175 0.2376944640625 0.26993057187499997 0.23099450625 0.2714692796875 0.2240210796875 0.297108571875 0.22374761250000003 0.29723679999999997 0.23919854062499998 0.324676990625 0.23974547343750002 0.32518989375 0.26885520937499996 0.369171125 0.26981234375 0.369171125 0.1357347390625 0.368914678125 0.0526297078125 0.3137029 0.052219506250000006 0.22009851875000003 0.052654256249999996 0.22030743125000002 0.18889505625 0.2200509796875 0.22784962812499998 0.2409516828125 0.22784962812499998
5 0.324754959375 0.0626848640625 0.324698146875 0.0522646421875 0.299246921875 0.051901146875000005 0.27427771875 0.0520183328125 0.274333309375 0.062745446875 0.29436014374999997 0.0628666125 0.324754959375 0.0626848640625
0 0.269031740625 0.2330328578125 0.2708583625 0.2263925375 0.2713565296875 0.218955378125 0.24090597812499998 0.21850612187500001 0.2408852234375 0.2222312703125 0.266623925 0.23754827500000003 0.269031740625 0.2330328578125
0 0.341613728125 0.2548390328125 0.33495149999999996 0.251185384375 0.33222316093750004 0.25727479999999997 0.3311445109375 0.2619433515625 0.33057346249999997 0.2646497578125 0.3305100125 0.2687668125 0.3591893265625 0.2688446875 0.35925277499999997 0.2654616796875 0.350116003125 0.2595752453125 0.341613728125 0.2548390328125
5 0.22873770000000002 0.3206657234375 0.2288840375 0.3036569390625 0.22881087187500002 0.2730067890625 0.21832972343749998 0.2729798734375 0.2183480171875 0.2960107875 0.2184211828125 0.3203536375 0.22873770000000002 0.3206657234375