5 0.599735759375 0.8778511765625 0.55570835625 0.8772410374999999 0.5272200328125 0.8772410374999999 0.5242762875 0.876062621875 0.5246302015625 0.8918843515624999 0.5246302015625 0.8979857546875 0.599735759375 0.898595878125 0.599735759375 0.8778511765625
5 0.6877905156249999 0.8772410374999999 0.6567123593749999 0.87602075625 0.63772014375 0.876630896875 0.6136075453125 0.8755136875 0.6135482671875 0.898595878125 0.6523959609375 0.8992060015625001 0.6877905156249999 0.8992060015625001 0.6877905156249999 0.8772410374999999
5 0.4657383828125 0.8695142609375001 0.46906012812500003 0.8669709156250001 0.4698905765625 0.8612973046875 0.42698461875 0.8607103828125 0.4023482890625 0.86012345625 0.4009996875 0.8605330500000001 0.401241034375 0.8781224953125 0.41757297656250003 0.87851378125 0.46601518750000004 0.8781224953125 0.4657383828125 0.8695142609375001
0 0.44225756718750003 0.7786750546875 0.43767755625 0.7825005953125 0.44891939531249997 0.8045710093749999 0.47723218906250003 0.8160476171875001 0.49600877499999996 0.819393365625 0.4968013171875 0.8189903390625 0.4968013171875 0.7792636 0.44225756718750003 0.7786750546875
0 0.547750840625 0.7099216796875 0.5517358671875 0.690206234375 0.49843594687500004 0.689150046875 0.49704694062500004 0.6892172125 0.49544715625 0.7285809359375001 0.507402290625 0.7296371140625 0.533803178125 0.7229479546875 0.547750840625 0.7099216796875
0 0.5153723718750001 0.6433820515625001 0.5288218875 0.6335243296875 0.5333050609375001 0.619441871875 0.53679196875 0.6102882734375 0.47701632343749995 0.6102882734375 0.47770125625000004 0.6212021796875 0.47801258593749996 0.6490150328125 0.5153723718750001 0.6433820515625001
0 0.604161709375 0.6234253 0.5952198125 0.6098828375 0.5769102515625 0.5981460359375 0.5478671453125 0.5953429453125 0.5496588171875 0.6372687125 0.606290721875 0.636365878125 0.604161709375 0.6234253
5 0.6495243984375 0.50151869375 0.6290066953125 0.50151869375 0.5757715328125 0.500342915625 0.5737849374999999 0.49997788125 0.572998875 0.5211149453125 0.6118161718749999 0.5211149453125 0.6506334671875 0.5215068609375 0.6495243984375 0.50151869375
5 0.572998875 0.443121875 0.5735533937499999 0.40353745625000004 0.546935828125 0.40118590468750004 0.546341225 0.40124704843750003 0.546381309375 0.43567530000000004 0.546935828125 0.462718115625 0.572998875 0.46232619062499997 0.572998875 0.443121875
0 0.5452722390625 0.36160148593749997 0.52253636875 0.3639530375 0.5053458734375 0.3710076859375 0.4920370765625 0.3843331296875 0.48995687187500003 0.398778778125 0.48981893750000005 0.4004020578125 0.5452722390625 0.40001013125 0.5452722390625 0.36160148593749997
0 0.43159299375 0.4454734203125 0.43492018593750004 0.46075849687500003 0.447674434375 0.4764354984375 0.4709648234375 0.4830982203125 0.4864640359375 0.48375781562500003 0.48815535 0.4823143671875 0.48593721093750003 0.4454734203125 0.43159299375 0.4454734203125
5 0.5411398296875001 0.238821028125 0.5197401421875 0.238821028125 0.47571795781250004 0.23838890781250002 0.472548621875 0.23790916874999998 0.47204946562499994 0.260427546875 0.49895189218749997 0.2612918109375 0.5417512343750001 0.2612918109375 0.5411398296875001 0.238821028125
0 0.4353643 0.21073256875 0.404793346875 0.212893215625 0.38706218593749997 0.2206715609375 0.3819016125 0.23365324843750002 0.3827822546875 0.2578347703125 0.43658714375 0.2578347703125 0.4353643 0.21073256875
3 0.4420581828125 0.24138589062500002 0.4420581828125 0.2089493140625 0.430584590625 0.2026422078125 0.3961638140625 0.20354321406250003 0.3693921234375 0.21886049531250001 0.368117240625 0.24318792656250002 0.351544259375 0.2440889453125 0.3349713484375 0.24318792656250002 0.333696465625 0.399964703125 0.573367084375 0.399964703125 0.570817390625 0.24318792656250002 0.4420581828125 0.24138589062500002
3 0.65390625 0.6 0.20625 0.19296875
3 0.49177705781250003 0.7269491546875 0.49050224531250003 0.7701979062500001 0.4344090984375 0.7710989484375 0.42930977812500004 0.7855151984375001 0.45480658749999997 0.8125456625 0.49177705781250003 0.8206548046875 0.48795255156249995 0.8602995296874999 0.4726544515625 0.8783198562500001 0.47647895937499996 0.8972411749999999 0.7582193687500001 0.89634018125 0.7582193687500001 0.6918095234375 0.474821034375 0.6897953671875 0.47647895937499996 0.6900075109375 0.47902865468750006 0.72514711875 0.49177705781250003 0.7269491546875