0 0.1623998375 0.36571834999999997 0.1560503234375 0.36778492812499997 0.1500349953125 0.3732957984375 0.145022225 0.38316945156250004 0.14234874687500002 0.393731953125 0.1417706046875 0.40402552031249994 0.1709215546875 0.40360559843750005 0.1714228296875 0.36479986875 0.1623998375 0.36571834999999997
0 0.174597590625 0.6734230546875 0.1864611484375 0.67457115 0.185959875 0.6353061796875 0.15665546875 0.6346688453125 0.15721996875 0.64931298125 0.16173146562500001 0.65987549375 0.1675797046875 0.6681418046875 0.174597590625 0.6734230546875
5 0.16824807656250002 0.8449608843749999 0.1386132078125 0.8450585421874999 0.1386727109375 0.8624119718750001 0.2020007421875 0.8624119718750001 0.2020007421875 0.8454201250000001 0.16824807656250002 0.8449608843749999
0 0.260650190625 0.8141918374999999 0.25379940156249997 0.8167176546875 0.24611315312499998 0.8231470078124999 0.24076619687499998 0.8318725578124999 0.23725725 0.8435831609375001 0.23739458125000001 0.8537386687499999 0.26649842968750004 0.8534568078125 0.266164253125 0.814651078125 0.260650190625 0.8141918374999999
3 0.139006896875 0.859426925 0.139006896875 0.8617231171874999 0.2020007421875 0.8614935031250001 0.20216785 0.859426925 0.22957100156250002 0.8587380578125 0.22957100156250002 0.8532271937499999 0.22957100156250002 0.726468771875 0.229738090625 0.63599860625 0.1156093265625 0.6359088625 0.11527976718749999 0.7473689265625 0.115613953125 0.8596565390625001 0.139006896875 0.859426925
0 0.29985426406250004 0.60257758125 0.2904195953125 0.6065064265625 0.28098494218750003 0.6163285359375 0.276124653125 0.63204391875 0.2758387453125 0.644616221875 0.30614404375 0.6442233359375 0.30614404375 0.602184696875 0.29985426406250004 0.60257758125
0 0.3353057265625 0.7506950296875 0.3293018546875 0.7365511890625001 0.31900949375 0.7259433093750001 0.3074011625 0.7259510984374999 0.3078594265625 0.76798194375 0.3367352171875 0.7671961734375 0.3353057265625 0.7506950296875
5 0.36646869843749996 0.8446005203125001 0.3274671234375 0.8444125859374999 0.32758645625 0.86228033125 0.409639446875 0.86267320625 0.4099253390625 0.8446005203125001 0.36646869843749996 0.8446005203125001
3 0.3273005640625 0.86267320625 0.40935355625 0.86228033125 0.40935355625 0.8587443718750001 0.43594213281250005 0.85953014375 0.43594213281250005 0.7510858781249999 0.4353703484375 0.6359707265625001 0.36646869843749996 0.635577840625 0.3081729296875 0.6354253062499999 0.3078594265625 0.8607087890624999 0.3273005640625 0.85992301875 0.3273005640625 0.86267320625
3 0.1601262171875 0.6541582109374999 0.1658094078125 0.6671746890625 0.175597128125 0.67411680625 0.1882264453125 0.678021746875 0.1885421703125 0.6446128046874999 0.22421997500000002 0.6450466875 0.3145195765625 0.6454805593749999 0.43639245156250006 0.6446128046874999 0.43639245156250006 0.39121419375 0.4035562421875 0.39208196093750003 0.40387196718749996 0.3569374828125 0.3385152734375 0.35650360000000003 0.3385152734375 0.39208196093750003 0.22453571718749998 0.391648078125 0.22579865312499997 0.3977224390625 0.17243979062499998 0.3972885546875 0.17370272656250002 0.365615134375 0.165177940625 0.36518125156250003 0.15475875156250002 0.371689484375 0.146233965625 0.38166878125000003 0.141497984375 0.396854671875 0.1156078828125 0.3972885546875 0.1159236171875 0.6463483265625001 0.157600346875 0.6450466875 0.1601262171875 0.6541582109374999
5 0.6529530828125 0.47598837656250004 0.58067310625 0.47418091875 0.5808739125 0.4929466515625 0.612005384375 0.493717484375 0.6526726109375 0.4941029 0.6529530828125 0.47598837656250004
5 0.739896828125 0.4748321375 0.6715245890625 0.4759153875 0.67146368125 0.492561234375 0.7028756171875 0.4929466515625 0.739896828125 0.4933320671875 0.739896828125 0.4748321375
5 0.8644227140625 0.4748321375 0.77827508125 0.47383402343750003 0.77803988125 0.492175828125 0.818426653125 0.492175828125 0.8644227140625 0.492175828125 0.8644227140625 0.4748321375
0 0.7429819156249999 0.5765817796875 0.735970340625 0.5819776109375 0.72895875 0.59045673125 0.7244713171875 0.6047171109375 0.7237641906250001 0.6167542640625 0.753920009375 0.6158941578125 0.7536395515625001 0.575810946875 0.7429819156249999 0.5765817796875
0 0.7819663703125 0.687201984375 0.7861733453124999 0.6706291281250001 0.7853319437499999 0.6609937375 0.756066940625 0.6615035625 0.7561637250000001 0.7037748421875001 0.77018690625 0.6995352718750001 0.7819663703125 0.687201984375
0 0.7786008265625 0.8055324765625 0.7850514875 0.7916575359375 0.786453803125 0.77508466875 0.755814575 0.7756316171875001 0.7561637250000001 0.8174803578125 0.77018690625 0.8147824515625001 0.7786008265625 0.8055324765625
0 0.7427014578125 0.8583343796875 0.7483107484375 0.8583343796875 0.7488716625 0.8159386921875 0.718464521875 0.815871296875 0.7191425140625001 0.8317407359375 0.723910403125 0.8436885953125 0.7317633796874999 0.8521677375 0.7427014578125 0.8583343796875
0 0.725593175 0.805147071875 0.730641521875 0.7924283578125 0.730641521875 0.77970965625 0.7053415296875001 0.7797943421875 0.705399790625 0.8163241187500001 0.718301128125 0.8113137140625 0.725593175 0.805147071875
5 0.6296745953125 0.9346526109375001 0.609190378125 0.9341620765625 0.60892028125 0.951610896875 0.6526726109375 0.951610896875 0.6526726109375 0.9346526109375001 0.6296745953125 0.9346526109375001
5 0.7031560890625 0.93426720625 0.6798526421875 0.9338151828125 0.6798776015625 0.951610896875 0.725873646875 0.95122546875 0.7261541046875 0.9338817781250001 0.7031560890625 0.93426720625
5 0.8206703687499999 0.93426720625 0.7790321765625 0.9338151828125 0.779161740625 0.9519963015625 0.8675077999999999 0.9519963015625 0.86722734375 0.9338817781250001 0.8206703687499999 0.93426720625
3 0.7792085796875 0.9523060828125001 0.8678350953124999 0.95153525 0.8675546390625 0.94883734375 0.8849433624999999 0.9480665109374999 0.88466290625 0.8482359484374999 0.88466290625 0.7314550953125 0.7570764015625 0.73157610625 0.757051934375 0.9511498218750001 0.778928090625 0.9499935828125 0.7792085796875 0.9523060828125001
3 0.8170097359374999 0.7389889640625 0.8848031531249999 0.7380260437499999 0.8846279812500001 0.5834690984375001 0.8846279812500001 0.478748121875 0.8646578140625 0.4782666625 0.8644826406250001 0.47537790781249994 0.77847083125 0.47585936718750005 0.778821184375 0.478748121875 0.7570684062499999 0.47817382343750003 0.75744961875 0.5998424390625 0.756748909375 0.7382667671875 0.8170097359374999 0.7389889640625
3 0.6651546625 0.7774793140625 0.6649507140625001 0.6154727578125 0.7622369250000001 0.6143516515624999 0.7608092562500001 0.4778487203125 0.7402098578125 0.47728816875 0.739801959375 0.47504596406250005 0.67106935 0.4756065171875 0.6712733 0.4784092734375 0.6531213609375001 0.47812899687500005 0.6531213609375001 0.47448541093749996 0.5809215234375 0.4756065171875 0.5811254828125 0.47812899687500005 0.563946046875 0.47776864531249996 0.5637893640625 0.6513509328125 0.56419726875 0.7766384859375 0.6651546625 0.7774793140625
1 0.3886765546875 0.35736372968749996 0.37785678749999996 0.366511634375 0.3695338578125 0.38137698593749997 0.36162706875 0.3636529109375 0.352888021875 0.35679199375000004 0.33832293125 0.3550767578125 0.33707448906250004 0.3979575265625 0.40324166874999995 0.40253148593750004 0.40282552968749996 0.3550767578125 0.3886765546875 0.35736372968749996
3 0.2347037453125 0.403187353125 0.2347037453125 0.3119209671875 0.234396228125 0.1534291125 0.17627329687499999 0.15385148906249999 0.176888353125 0.1209065375 0.1682775328125 0.1209065375 0.15843662187500002 0.12681973124999998 0.1513634515625 0.1365342671875 0.14644300625 0.1534291125 0.1150410640625 0.15349178125000001 0.1150750671875 0.2586337546875 0.1156901328125 0.4036097234375 0.2347037453125 0.403187353125
0 0.17557943125 0.1226968203125 0.165727790625 0.1243649734375 0.1572256953125 0.1293694453125 0.15182754062499998 0.13771022500000002 0.1477789203125 0.1490166125 0.147104153125 0.1538357265625 0.14251571406250002 0.1538357265625 0.142365840625 0.16060175625 0.17949309687499998 0.16087905625 0.17949309687499998 0.1538357265625 0.1750396171875 0.153465028125 0.17557943125 0.1226968203125
1 0.2387471234375 0.9542052953125 0.24814882656249998 0.9532829671874999 0.2549986421875 0.9492247078125 0.261042590625 0.9423994484374999 0.2648032703125 0.9352052640625 0.26695223437500004 0.9261664093749999 0.2684296453125 0.9340984625000001 0.27192170625 0.940554784375 0.27769704375000004 0.9484868375 0.28548702187499997 0.9530985015625 0.2943514875 0.9536518984375 0.29462010625 0.92321495 0.2979778609375 0.92321495 0.2979778609375 0.9147295 0.2354938296875 0.9148216234375001 0.23498643437500003 0.922661553125 0.238612809375 0.922661553125 0.2387471234375 0.9542052953125