3 0.625582621875 0.6682105093749999 0.658021365625 0.6683603203125 0.6584454015625 0.7134886390624999 0.6686222578125001 0.7136384453125 0.6681982234375 0.825779046875 0.9588645250000001 0.825779046875 0.95971259375 0.607801878125 0.9584405046875 0.53060271875 0.8902552531250001 0.53060271875 0.797808259375 0.5307525281250001 0.7278384140624999 0.5306980296875 0.7284113171875 0.5955055625 0.625582621875 0.595655375 0.625582621875 0.6682105093749999
0 0.6627354999999999 0.645064628125 0.6724968734375001 0.6404428171875 0.6826607828125 0.633119028125 0.6884974671874999 0.6251552953124999 0.6917688078124999 0.6171665359375 0.6925738671875 0.6092739078125 0.6254988484374999 0.6096769734375 0.6253001406250001 0.6491175984375 0.6387849218749999 0.6492598078125 0.651665903125 0.6481221328125 0.6627354999999999 0.645064628125
5 0.9597733359375 0.6495644109375001 0.9597733359375 0.6377657359375 0.9596201359375 0.5995290421874999 0.9345213796875 0.5996123296875 0.9348024015625 0.614142078125 0.9351087937499999 0.6495644109375001 0.9597733359375 0.6495644109375001
5 0.9597793265625001 0.7827040625 0.9602748421875 0.7563285890625 0.9602748421875 0.71265231875 0.9347177656250001 0.7125147968750001 0.9348385984375 0.736693678125 0.9350037625000001 0.7825873578125 0.9597793265625001 0.7827040625
0 0.8619192265625 0.8030258484375 0.8537538093749999 0.79195465 0.8394091578125 0.7824427734375 0.827933421875 0.778232596875 0.8142508218750001 0.7757376796875 0.8027751015625 0.7758936109375 0.80343716875 0.8173716328125 0.7992441046875001 0.817527565625 0.7992441046875001 0.8253241828125001 0.8694225921875001 0.8254801140625 0.869863965625 0.8165919687500001 0.8656709015624999 0.8164360359374999 0.8619192265625 0.8030258484375
0 0.559404628125 0.7310567375 0.54110888125 0.7316951265625 0.52597536875 0.736642634375 0.515585184375 0.7419093359375 0.5085831062499999 0.7474952296875 0.502936271875 0.7540387078124999 0.499096428125 0.7621781515625 0.498644675 0.76616808125 0.49322371406250004 0.7663276781249999 0.49392215312500004 0.7811219078125 0.5625668625 0.7805318109375 0.5625668625 0.771753975 0.5596305078125 0.771594378125 0.559404628125 0.7310567375
0 0.6039718203125 0.716442540625 0.594757334375 0.7159511640625 0.586412140625 0.7165653859375001 0.5789362375 0.7176709828125001 0.5705910453125 0.7204963984375 0.5942357546875 0.7572268265625001 0.6064058390625 0.7600522390625 0.6280095640625001 0.7225410578125 0.6178804812500001 0.7191451140625 0.6112738656250001 0.7176709828125001 0.6039718203125 0.716442540625
0 0.603806384375 0.5528601328125 0.5944927140625 0.55688175 0.5839717125 0.563096978125 0.5772451671875001 0.57126208125 0.5718984265625 0.580933846875 0.5706910953125 0.5909269593750001 0.6376103750000001 0.59117069375 0.6374325109375001 0.5501768874999999 0.6238135375 0.5504227875 0.6138099671874999 0.551275859375 0.603806384375 0.5528601328125
3 0.1766718078125 0.5966534328125 0.151918975 0.603799790625 0.1332878171875 0.6115103421875 0.1138581921875 0.6214811890624999 0.09895325625 0.6308842968749999 0.08404832031250001 0.6421680234375 0.0728696390625 0.6536398140624999 0.063021725 0.665520746875 0.054238464062500005 0.6775567265625 0.0489152921875 0.6865837078125 0.0427936171875 0.6988077484375 0.038801228125 0.7140713890625 0.03800274375 0.7204655046874999 0.0385350609375 0.7556646234375 0.0393335453125 0.8260455828125 0.4970716234375 0.8260455828125 0.497603940625 0.76525579375 0.48642524375 0.7648796703125 0.4861590921875 0.74002499375 0.4861590921875 0.603964634375 0.5636114937500001 0.6043407578125 0.5638776453125 0.5514495859374999 0.5638776453125 0.4234759 0.347856540625 0.423099778125 0.21959274843749998 0.4227622203125 0.22170295156250003 0.5886024078125 0.1988132375 0.5919875265625001 0.1766718078125 0.5966534328125
5 0.2539572328125 0.542931128125 0.25466902187499996 0.512734621875 0.2543131265625 0.4676913265625 0.21903711406249998 0.467840240625 0.21836765625000001 0.4980135671875 0.218545609375 0.542931128125 0.2539572328125 0.542931128125
5 0.11752195937500001 0.6192260828125 0.103464078125 0.6276502546875 0.0906518328125 0.6367030953125 0.07997495624999999 0.6465103390625 0.0657391203125 0.6622083562500001 0.09811770625 0.6739016109375 0.10861663437499999 0.6633399625 0.119471453125 0.6539099203125 0.1340289796875 0.6433380859375 0.1477309671875 0.6360455203125001 0.1635597125 0.628606846875 0.1813545 0.622058496875 0.16227679687500002 0.600436209375 0.14670540781250002 0.6055267375 0.1331813734375 0.6110590265625 0.11752195937500001 0.6192260828125
5 0.0385131 0.7146783390625 0.038691046875 0.72890233125 0.038691046875 0.746630809375 0.038691046875 0.7789647937499999 0.074814465625 0.7789647937499999 0.074814465625 0.7387095734375 0.074636525 0.720080584375 0.07570420781250001 0.7130394875 0.080152909375 0.70195453125 0.08994003125 0.683587196875 0.056624237499999994 0.6740698796875 0.050791507812500004 0.6830712625 0.042072059375 0.700973346875 0.0385131 0.7146783390625
0 0.684984053125 0.470457690625 0.677281459375 0.4631029890625 0.6679134421875 0.457513415625 0.6564636359375 0.4538360640625 0.6456383546875 0.4516296546875 0.6375194046875 0.4516296546875 0.625585771875 0.45129850468750005 0.62565324375 0.4926688859375 0.692478478125 0.4926688859375 0.6914375828125 0.481489740625 0.684984053125 0.470457690625
5 0.9600830874999999 0.5329307125 0.9602474781250001 0.50886703125 0.9599186859375 0.4827313125 0.9352197906249999 0.48259255312500005 0.9349304281249999 0.493524665625 0.9349304281249999 0.5325822328125 0.9600830874999999 0.5329307125
3 0.8961179734375 0.44865500156250004 0.9587098062500001 0.44865500156250004 0.9587098062500001 0.2889676171875 0.777765178125 0.287962484375 0.625512515625 0.287991621875 0.6247563390625 0.44865500156250004 0.674900934375 0.448906284375 0.8961179734375 0.44865500156250004
0 0.6636244921875 0.43505737968749997 0.6745682765625001 0.42969609531249997 0.6817182171875 0.42402550312500004 0.6875549015625 0.41763319687499995 0.690765078125 0.41144709687500003 0.6928079109375 0.40452069375 0.69309974375 0.3988501015625 0.6253034765625001 0.3987234421875 0.6253942109375 0.43959385468749995 0.6405695921875 0.43928455 0.653264375 0.43804732968750004 0.6636244921875 0.43505737968749997
5 0.959685859375 0.41770168593749996 0.960220596875 0.3717119125 0.960220596875 0.342598565625 0.934009765625 0.34259639218750004 0.9347316359375 0.3717017109375 0.9352663625 0.41770168593749996 0.959685859375 0.41770168593749996
3 0.5151141859374999 0.392746384375 0.515911121875 0.29639132031250004 0.37605305312500004 0.2958282421875 0.22005387031249998 0.2953943625 0.2190614015625 0.4313401625 0.51471574375 0.43218477968749996 0.5151141859374999 0.392746384375
5 0.25386748593749997 0.372837959375 0.2545182953125 0.349137134375 0.254192890625 0.3274092921875 0.21888351093749997 0.3275310640625 0.2182355515625 0.33740168125 0.2182355515625 0.3730678859375 0.25386748593749997 0.372837959375
0 0.449072125 0.32146799531250003 0.45314952656249996 0.32855044218749996 0.4614742109375 0.337313471875 0.4781235796875 0.3454762921875 0.49494284374999997 0.3491975796875 0.5141405953125 0.34967774375 0.5137089734375 0.30870230468750004 0.44737321406249997 0.3083834734375 0.4475431046875 0.3151057953125 0.449072125 0.32146799531250003
3 0.648199575 0.30437723125 0.648199575 0.1754263140625 0.64845286875 0.110771878125 0.3866297109375 0.1111298390625 0.21957223125 0.111144146875 0.219896690625 0.30384029375 0.5709423375 0.3036613171875 0.648199575 0.30437723125
5 0.25485243125 0.2635558234375 0.25535903437499996 0.2056880359375 0.25535903437499996 0.1596617796875 0.21811789843749999 0.159611171875 0.21787027656250002 0.197290590625 0.21837688125 0.2635558234375 0.25485243125 0.2635558234375
0 0.521314640625 0.2750795640625 0.5162978390624999 0.283793759375 0.514834603125 0.29147406875000004 0.5146255765625 0.296495809375 0.5145768625 0.3037342 0.5721097609375 0.3043238171875 0.5727368671875 0.295757315625 0.5326024406250001 0.26725155625 0.521314640625 0.2750795640625
1 0.42424652343749997 0.6610574140625001 0.4255216984375 0.6691769296875 0.42849706718749997 0.67849935625 0.44124870156249996 0.6878217703125 0.45655065625 0.6944376937500001 0.44932474375 0.695941309375 0.43699815781250007 0.7034593890624999 0.42934716406250006 0.7106767265625 0.423821475 0.7230063953125 0.423821475 0.730223734375 0.48800469218750003 0.730223734375 0.488429740625 0.6589523484375001 0.48800469218750003 0.6580501812499999 0.42424652343749997 0.656546565625 0.42424652343749997 0.6610574140625001