5 0.225494628125 0.8692242046875001 0.22515932656249998 0.846856121875 0.225494628125 0.8294090078125 0.2174472359375 0.8298563624999999 0.21090873124999998 0.83030371875 0.21040576875 0.8692242046875001 0.21107638906249998 0.8911449515625 0.2248240234375 0.8902502218749999 0.225494628125 0.8692242046875001
5 0.2935621734375 0.950196725 0.283502934375 0.9354337812500001 0.2741142984375 0.924697096875 0.269419996875 0.9291707078125 0.263971221875 0.9369995359375001 0.270761209375 0.9461704671875 0.2778026765625 0.9551176921875 0.2845088578125 0.9627228515624999 0.2935621734375 0.950196725
5 0.29222093125000004 0.9515388109374999 0.2918856125 0.9671964640624999 0.40052540625 0.967643840625 0.400860725 0.9600386796875 0.3988488765625 0.9497493499999999 0.34218181406250003 0.950196725 0.3160277890625 0.950196725 0.3032860953125 0.947959909375 0.295238703125 0.9484072640625 0.29222093125000004 0.9515388109374999
5 0.41662019062500005 0.95556506875 0.42869127812499996 0.938117953125 0.42433229375000003 0.9318548796874999 0.4179614328125 0.924697096875 0.409578721875 0.9358811375 0.40002244375 0.9497493499999999 0.3998548 0.950196725 0.40823751093749994 0.9645122921875 0.41662019062500005 0.95556506875
5 0.5778905796875 0.9515724000000001 0.5684520296875 0.93903124375 0.563571615625 0.9318997484375 0.5586912015625 0.9260085234375 0.55171918125 0.932209809375 0.54863986875 0.9370933296875 0.5565995953125 0.9486432484374999 0.5649660203125 0.9591854468750001 0.5693736859375 0.9634519890625001 0.5778905796875 0.9515724000000001
5 0.5762130046875 0.9675840203125 0.5981504656250001 0.967928359375 0.6253787078124999 0.9677561859375 0.6695117015625 0.9670675171875001 0.6695117015625 0.9529497453125 0.641509196875 0.95346625 0.607957790625 0.9529497453125 0.603828390625 0.9532940765625 0.577955096875 0.953423203125 0.5764710953125001 0.953638415625 0.5760839640625 0.9617303125 0.5762130046875 0.9675840203125
5 0.681023346875 0.958377753125 0.68562525625 0.952342040625 0.6911631390624999 0.9449534921874999 0.6964670265625 0.9378771359375 0.69319109375 0.9324658078124999 0.688511190625 0.9271585421875 0.6824273171875 0.9352755359374999 0.6696745828124999 0.9527062609374999 0.6732235140625 0.9585858828125 0.6769674359375 0.96368501875 0.681023346875 0.958377753125
5 0.747771821875 0.6939620796875 0.747452246875 0.6739213859375 0.7436171109374999 0.6722158031250001 0.733390059375 0.672109190625 0.733390059375 0.737028221875 0.746173859375 0.7374546328125 0.7471326421875 0.7114443671874999 0.747771821875 0.6939620796875
0 0.4486904515625 0.6722405078125 0.45021500000000003 0.62749228125 0.426203534375 0.6280007765625 0.41438835625000003 0.6280007765625 0.4151506484375 0.6513919140625 0.424678984375 0.6656299812500001 0.43916211406250005 0.6732575203125 0.4486904515625 0.6722405078125
0 0.540162703125 0.6763085359375001 0.54587971875 0.6758000421875 0.5454986078124999 0.6285092828125001 0.5260607546875 0.6280007765625 0.510434221875 0.6285092828125001 0.510434221875 0.6427473609375001 0.5165323828124999 0.6585109359375 0.5237739484375 0.6671554890625 0.540162703125 0.6763085359375001
3 0.4011116515625 0.9650161374999999 0.425719771875 0.9368747187500001 0.5016532671875 0.9368747187500001 0.5009501578125 0.763336 0.5009501578125 0.628257171875 0.3884560703125 0.6273191171875 0.32517815625 0.628257171875 0.2499477703125 0.628257171875 0.2267458703125 0.6291952249999999 0.213387178125 0.6291952249999999 0.21268410000000001 0.934998653125 0.266118771875 0.9359366859374999 0.2865083640625 0.9622019953125 0.4011116515625 0.9650161374999999
3 0.675315940625 0.9668922468750001 0.6971116875 0.9340605765625 0.7449216437499999 0.9359366859374999 0.7449216437499999 0.6291952249999999 0.661254203125 0.628257171875 0.549463225 0.6273191171875 0.5213396859375 0.628257171875 0.4944465734375 0.6280226515625 0.49462236718749997 0.9359366859374999 0.550869378125 0.934998653125 0.571962015625 0.9650161374999999 0.675315940625 0.9668922468750001
5 0.22706837968750002 0.44900340937500005 0.22622386093750002 0.4073142625 0.2169342265625 0.4061875265625 0.20891134218750002 0.40590584218750003 0.20848909375 0.46815788593749996 0.2093336125 0.50365 0.2249570921875 0.5042133718749999 0.22706837968750002 0.44900340937500005
5 0.22409468281249997 0.58341959375 0.2246432671875 0.5625603078125 0.2175117296875 0.56146245 0.2112030640625 0.562834771875 0.2112030640625 0.5837855484375 0.21147736093749997 0.607938415625 0.22382039687500002 0.6075724515625 0.22409468281249997 0.58341959375
0 0.3310155703125 0.6056862984375 0.3474856125 0.6091332031250001 0.3474856125 0.5733715390625 0.3474856125 0.5634616734375 0.3122849515625 0.5634616734375 0.31422260468749996 0.5841431203125 0.320681434375 0.59793075625 0.3310155703125 0.6056862984375
0 0.387853346875 0.50697029375 0.378191503125 0.50586538125 0.3665973109375 0.51212655 0.3605241796875 0.5209658421875 0.3552791796875 0.5327515640625 0.352932728125 0.5509826062500001 0.366045215625 0.55190336875 0.38674912968749997 0.5504301500000001 0.387853346875 0.50697029375
5 0.668981046875 0.5002240640625 0.668671753125 0.487844834375 0.668671753125 0.478354084375 0.6600118234375 0.478354084375 0.6598571625 0.47866356562499995 0.6593932375 0.5031125453125 0.6593932375 0.5200308328125 0.669290340625 0.5204434671875 0.668981046875 0.5002240640625
0 0.64578475625 0.55551795625 0.65568183125 0.5608822921875001 0.66712534375 0.5612949265625 0.669290340625 0.5196181890625 0.6695996046875 0.5192055437499999 0.6327948328125 0.5183802656250001 0.633722684375 0.5311721406250001 0.637434090625 0.546027215625 0.64578475625 0.55551795625
5 0.6683624890625001 0.5806890609375001 0.668981046875 0.5670719078124999 0.668981046875 0.559231725 0.6640324953125 0.55881908125 0.6589293109375001 0.5591285609375001 0.659083971875 0.5740868109374999 0.65970253125 0.5914177328125 0.6680531953125 0.5918303671875 0.6683624890625001 0.5806890609375001
0 0.510625234375 0.4386117546875 0.5079514921875 0.4217483140625 0.5009025031250001 0.40553345781249994 0.487776828125 0.39548024531250003 0.47556265781249996 0.3941830546875 0.4753803578125 0.3941830546875 0.4753803578125 0.4386117546875 0.510625234375 0.4386117546875
0 0.453625771875 0.3210540703125 0.44548298593749996 0.32251341093749997 0.4357602671875 0.326729271875 0.4238499359375 0.339052559375 0.4204469796875 0.353645928125 0.4203254421875 0.3679149953125 0.42069004374999996 0.36823929375 0.45350423125 0.36726640312500003 0.453625771875 0.3210540703125
5 0.7465727953125 0.41935188281249997 0.747316146875 0.39654125625000003 0.747316146875 0.3753835703125 0.7411215546875 0.37472239531249996 0.7341835984375 0.3750529796875 0.7339358171875 0.40579773750000003 0.7336880375 0.44282369062500004 0.7460772234374999 0.44282369062500004 0.7465727953125 0.41935188281249997
5 0.58551820625 0.050476757812499995 0.5772031546874999 0.050846550000000004 0.5672250921875001 0.050846550000000004 0.5611273921875 0.050476757812499995 0.5555840203125 0.05038430625 0.55530685625 0.06748723749999999 0.5716597953125 0.0685966171875 0.5857953828125 0.06748723749999999 0.58551820625 0.050476757812499995
5 0.6701851999999999 0.066462096875 0.6700120921875 0.051217967187500005 0.6592787312499999 0.050756025 0.6481991546875 0.051217967187500005 0.6450830203125 0.051217967187500005 0.6424862421875 0.051448940624999995 0.6393701078125 0.051448940624999995 0.6386776281250001 0.0655382109375 0.6464679624999999 0.066462096875 0.6563357203125 0.066924040625 0.6701851999999999 0.066462096875
0 0.641896590625 0.0168284546875 0.6384408890625 0.016521082812499997 0.6276130203125 0.01867266875 0.6170155390625001 0.028815846875000002 0.6124079328125 0.0441842953125 0.6006585484375 0.023590575 0.593056003125 0.0180579328125 0.583610415625 0.0199021484375 0.5839559859375 0.0635485421875 0.58430155625 0.06447064999999999 0.6409750640625 0.06477802031249999 0.641896590625 0.0168284546875
5 0.39080095 0.0478105703125 0.3614062546875 0.048251223437500004 0.3263968203125 0.048691878125 0.3118646171875 0.048251223437500004 0.3018737109375 0.049132521875 0.301956290625 0.06852114687500001 0.3508373828125 0.06852114687500001 0.39080095 0.06808049375 0.39080095 0.0478105703125
0 0.216744665625 0.1381439109375 0.20221245468750002 0.14343171562499998 0.1903224609375 0.15444797500000002 0.186689403125 0.17119269374999999 0.18602885 0.1839715515625 0.2216162578125 0.1843020390625 0.22235938125 0.18441220625000002 0.22268966875 0.1381439109375 0.216744665625 0.1381439109375
3 0.1811286046875 0.17968869062499998 0.1811286046875 0.19021640312500002 0.2141263140625 0.191173453125 0.2134089515625 0.36823022031249997 0.23636387499999997 0.36823022031249997 0.48169454062500006 0.36823022031249997 0.48241183750000005 0.24285488281249998 0.48241183750000005 0.054313353125 0.40565637031249996 0.0533563046875 0.290164453125 0.0533563046875 0.212512296875 0.053595556249999995 0.211974290625 0.0648410671875 0.2134089515625 0.13470669062500001 0.1961927671875 0.1404490703125 0.1811286046875 0.1528909265625 0.1811286046875 0.17968869062499998
3 0.74553798125 0.051216756249999995 0.64488395 0.0521969890625 0.6441492265625001 0.0100473046875 0.624312296875 0.012987979687500002 0.6110876765625 0.0286715875 0.600067159375 0.0090670828125 0.578026125 0.00808685625 0.57876085 0.0521969890625 0.50161723125 0.054157432812499996 0.475902646875 0.054157432812499996 0.4766373703125 0.46781241875 0.7440686015625 0.46781241875 0.7448032578125 0.1570810625 0.74553798125 0.051216756249999995