3 0.6933838812500001 0.793764540625 0.8053679875 0.7943172671875 0.8054969312500001 0.689891065625 0.8053679875 0.601852621875 0.7403430921874999 0.6012998953124999 0.7400852046875 0.6304102046875 0.693600190625 0.63057724375 0.6936417796875001 0.6528779671875 0.6936417796875001 0.7226764046875 0.6933838812500001 0.793764540625
0 0.702631740625 0.6446225250000001 0.7035154203125 0.6482110546875 0.7049572109375 0.65326158125 0.70765475625 0.6581127421875 0.73532785625 0.6369138296875 0.7353743640625 0.630600671875 0.7017223640625 0.6303987875 0.701794571875 0.637644825 0.70202711875 0.6405688140625 0.702631740625 0.6446225250000001
5 0.7703540249999999 0.7944247468750001 0.770430115625 0.77693215625 0.749097790625 0.7767147125 0.7219332671875 0.776511921875 0.7219600875000001 0.7944247468750001 0.7454722406250001 0.7943160265625 0.7703540249999999 0.7944247468750001
3 0.5694334421875 0.7933694390625 0.5694334421875 0.8055214984375001 0.573358771875 0.8055214984375001 0.5769569921875 0.810195371875 0.58570576875 0.820945284375 0.594864871875 0.8270213140625 0.6054959703125 0.8321625765625 0.615963509375 0.8344995109375001 0.6247955000000001 0.8344995109375001 0.63559015 0.8326299640625001 0.645730590625 0.8281897828125 0.6542354625 0.8223474421875 0.662249678125 0.8153366328124999 0.669446115625 0.80600134375 0.673044328125 0.8062350437499999 0.67320788125 0.7929145046875 0.699540290625 0.7931481953125 0.6993767375 0.7389437296875 0.6997038546875001 0.649242753125 0.699540290625 0.5583733 0.6685980734375 0.5581396109375001 0.5903939265625 0.5581396109375001 0.5295513296875 0.5574720125 0.529613365625 0.7050706109375 0.52912269375 0.7929020484375 0.5694334421875 0.7933694390625
0 0.6890619390625 0.5704777375 0.684036875 0.57304201875 0.678563146875 0.5779141531249999 0.6952535375 0.6209940828125 0.6994709984374999 0.6211222984375 0.699493434375 0.5682587875 0.696330334375 0.5680416703125 0.693458871875 0.5686827421875 0.6890619390625 0.5704777375
5 0.6457022546875 0.8149915265625 0.6373570546875 0.8196072359375 0.62626974375 0.8226843703125001 0.6169374875 0.8225561578124999 0.6093101562500001 0.8210175890625001 0.601413625 0.8179404484375 0.5958501625 0.814478671875 0.59010723125 0.8103758187500001 0.5854410953125 0.8057601140624999 0.5804160328125 0.7998622656250001 0.5723400359374999 0.8051190437500001 0.578441903125 0.8128118859375 0.588662075 0.8231296312499999 0.5977251359375 0.8288992640625 0.607057403125 0.832617471875 0.6164793984375 0.8345406828125 0.6258116546875 0.834668896875 0.6329903171875 0.833130328125 0.639304828125 0.8314557171875 0.64567589375 0.828122146875 0.652764825 0.823891084375 0.6617381546875001 0.8158204328125 0.669455215625 0.805178665625 0.6618054515625 0.79990690625 0.6591891234375 0.8037086890625 0.6522527796875 0.8102476062499999 0.6457022546875 0.8149915265625
5 0.8062029374999999 0.49604874375 0.806098465625 0.4757550640625 0.8059939921874999 0.44813887656249995 0.793248109375 0.44823601718750006 0.7931436359374999 0.47201519062499997 0.7931436359374999 0.4961980171875 0.8062029374999999 0.49604874375
3 0.6068217484375 0.565852596875 0.689936375 0.5654606578125 0.6991256124999999 0.5654606578125 0.6993999234375 0.44967443593749995 0.6993999234375 0.3760215078125 0.6988513109375 0.30178066875 0.5856426390625 0.3013887328125 0.5294442640625 0.301712228125 0.5292595875 0.4704471296875 0.5292595875 0.5646767875 0.6068217484375 0.565852596875
5 0.6579186296875 0.3190259234375 0.657781478125 0.30040888906249996 0.6204662296875 0.30040888906249996 0.5829206375 0.30024308906249997 0.582621715625 0.3186339859375 0.620338746875 0.3190259234375 0.6579186296875 0.3190259234375
0 0.680997471875 0.5486242671875 0.685682775 0.5514000421875 0.6920822125 0.5540125437500001 0.699624415625 0.5549922281249999 0.699538703125 0.50171216875 0.695396209375 0.5020891421875 0.6772263703125 0.545685203125 0.680997471875 0.5486242671875
0 0.7054833234375 0.41738975156249997 0.7033120921875 0.42490068125 0.70262643125 0.43257489531250004 0.7015385281250001 0.4405078546875 0.7388518328125 0.44041238906249996 0.738737559375 0.43420770624999994 0.7082259421875 0.4103686609375 0.7054833234375 0.41738975156249997
5 0.7795622109375 0.3184761984375 0.7795622109375 0.30067855468750004 0.7555360921875 0.3005152734375 0.7302240140625 0.300758003125 0.729623725 0.3188027625 0.7515646640625 0.3184761984375 0.7795622109375 0.3184761984375
3 0.359265825 0.3168719796875 0.3593760578125 0.3507110234375 0.35948630000000004 0.42361207187499994 0.35948630000000004 0.4873776515625 0.40522154375 0.4873776515625 0.449205425 0.487220140625 0.47092178437500004 0.48753515781249995 0.47103201875 0.3412773328125 0.4708115515625 0.26302940625 0.47092178437500004 0.18133928593749998 0.43289283906250003 0.1903469890625 0.3615717796875 0.20625530312499998 0.34630419218749997 0.2112069671875 0.3458171171875 0.28286702343750003 0.3458171171875 0.3168719796875 0.359265825 0.3168719796875
0 0.396525359375 0.2220941 0.3974072359375 0.209965978125 0.3976277125 0.19815287343750002 0.36091935468749997 0.20648374062500002 0.36102958749999997 0.21075351874999998 0.3948718296875 0.22949698125 0.396525359375 0.2220941
5 0.357722528125 0.2838204703125 0.3578327703125 0.2603517671875 0.3578327703125 0.23641054062500003 0.34493523593750003 0.23639751250000002 0.3448250015625 0.26050927343749997 0.3450454734375 0.2838204703125 0.357722528125 0.2838204703125
0 0.40236782499999996 0.463278915625 0.39994265156250003 0.45839616562499996 0.36962794374999997 0.482652409375 0.3691870015625 0.48751574687500004 0.4062260609375 0.48769266875 0.4061158265625 0.478399690625 0.40446229687499996 0.46989425625000003 0.40236782499999996 0.463278915625
5 0.47140038124999994 0.39038545625 0.47134081562499996 0.3578863625 0.4712812484375 0.3363621546875 0.471162115625 0.313381971875 0.46032087187500004 0.3134181203125 0.46038043906250004 0.3535456625 0.4601421734375 0.39038545625 0.47140038124999994 0.39038545625
0 0.44477381875 0.2483928578125 0.447692615625 0.25000998281250003 0.45144535 0.25205266718749997 0.45722337656249995 0.2546060203125 0.4625844296875 0.2569040359375 0.470804709375 0.2569040359375 0.47074514218749997 0.20420245625 0.4619887578125 0.2045537703125 0.45418544843750003 0.22456155937500002 0.44477381875 0.2483928578125
3 0.3652044203125 0.566061109375 0.3654665125 0.30998658749999997 0.35655518124999996 0.30961209843750004 0.35629308593750003 0.301747709375 0.3468865734375 0.301747709375 0.2965637828125 0.301747709375 0.2669467296875 0.28040150937499997 0.2638015421875 0.28864039375 0.26065637656249996 0.30137321250000004 0.194345596875 0.3009653421875 0.19431656875 0.4133271625 0.1951028609375 0.566061109375 0.3652044203125 0.566061109375
5 0.25548787812499996 0.31861253437500003 0.25548787812499996 0.30120060625 0.24254540468750002 0.30120060625 0.23071648125 0.3010078609375 0.23077951562500001 0.3184924484375 0.24204114843750002 0.31861253437500003 0.25548787812499996 0.31861253437500003
0 0.2772127578125 0.2880509609375 0.27057343437500003 0.2830075046875 0.266959621875 0.2812062703125 0.26233730781250003 0.29261408437499997 0.261244765625 0.299939103125 0.2606564671875 0.3058231328125 0.2605724265625 0.3103862578125 0.2606564671875 0.316611896875 0.29713072500000004 0.31699078125 0.29746689375 0.30510264062500003 0.2867935484375 0.29489564687500003 0.2772127578125 0.2880509609375
5 0.323540946875 0.3188811171875 0.323372859375 0.3011089453125 0.31362398125 0.30122902812499996 0.299000659375 0.30130793906250003 0.299000659375 0.3185208703125 0.31110271875 0.3187610375 0.323540946875 0.3188811171875
0 0.344115240625 0.5475125890625 0.34880230624999997 0.5500377046875 0.35410407187500004 0.5530019703125 0.360788903125 0.5548683609375 0.36516861875 0.5556368765624999 0.3650917828125 0.5026403921875 0.361403603125 0.5028409046875 0.3524904875 0.5253354875 0.344115240625 0.5475125890625
5 0.4589688328125 0.661001871875 0.47140888593749997 0.6607385406249999 0.47140888593749997 0.6405937875000001 0.47150103281250005 0.6137341140625 0.46053535625 0.61365949375 0.460627503125 0.62940225625 0.4589688328125 0.6296655875 0.4589688328125 0.661001871875
0 0.4091790234375 0.6993680296875 0.4051879359375 0.709844903125 0.403517246875 0.7172715484375 0.4028675375 0.721382725 0.4028675375 0.7274831828125 0.403076371875 0.7294561203125001 0.439251378125 0.7297377015625 0.4395298296875 0.7236372421875 0.4210594578125 0.708386096875 0.4091790234375 0.6993680296875
3 0.23514837812499997 0.7929713656249999 0.23501381875 0.8060455796875001 0.23878157187500001 0.8060455796875001 0.243894953125 0.8127749546875 0.2521032796875 0.821042471875 0.259504221875 0.8271950453124999 0.2760535515625 0.8335398828124999 0.29085544531249996 0.8348857593749999 0.304446275 0.8314249390624999 0.3158841015625 0.82623370625 0.326245434375 0.8174098828125 0.3348574375 0.8066428765625 0.33916345 0.8068351484375 0.33889431875 0.7937609359375 0.379801375 0.7935686625 0.3796668140625 0.7626237859375 0.379801375 0.666915378125 0.3796668140625 0.557940484375 0.3137360125 0.5581327484374999 0.246720675 0.5581327484374999 0.195317725 0.5577482109375 0.1949967953125 0.6257700500000001 0.19472766875 0.7935481671875 0.23514837812499997 0.7929713656249999
0 0.3682891734375 0.5702569734375 0.36271841875 0.5727628046875 0.3578697875 0.577865434375 0.37582001875 0.6226755875000001 0.3795338578125 0.6225281875 0.37979176406250004 0.568765240625 0.3755105296875 0.5689303578125 0.3723125015625 0.5689303578125 0.3682891734375 0.5702569734375
5 0.3096665890625 0.8159844359375 0.297136090625 0.8212908984375 0.28320918906250003 0.8223227124999999 0.270313909375 0.818932471875 0.260616665625 0.813773409375 0.246380275 0.79947543125 0.23802413437499997 0.8046344953125001 0.2406018453125 0.8089091500000001 0.24441885000000002 0.8131837984375 0.25205285625 0.8215857046874999 0.26267857031249997 0.828660990625 0.2770204390625 0.8342622578125001 0.2871303375 0.8348518671875 0.29569280625 0.8342622578125001 0.306421671875 0.8316090265625 0.31492850781250004 0.8265973687500001 0.32534789218750004 0.8181954640625 0.335354634375 0.8055189046875 0.327952740625 0.79971906875 0.3246251140625 0.8041922906250001 0.31977649218750004 0.80905655 0.3096665890625 0.8159844359375
0 0.3985332875 0.1474582765625 0.40343939687499997 0.15711516718750002 0.43355275468750004 0.13369719375 0.43338357343749995 0.1262131015625 0.39636400156249996 0.1262693453125 0.3954881140625 0.13369719375 0.3970107 0.1411812875 0.3985332875 0.1474582765625
5 0.41264094375000004 0.0785943734375 0.42984402499999996 0.0785943734375 0.4295934984375 0.060718440625 0.41664942812500005 0.060718440625 0.40159070625000004 0.060624671875 0.401617609375 0.0609567859375 0.40145058906250003 0.078356028125 0.41264094375000004 0.0785943734375