3 0.65248650625 0.6687471703125001 0.7316537828125 0.6693656531250001 0.9592258250000001 0.6687471703125001 0.9596632062499999 0.56144086875 0.810480184375 0.5620593515625 0.6928227734375 0.5611086828125 0.693163615625 0.594529553125 0.65248650625 0.594529553125 0.65248650625 0.6687471703125001
0 0.7086070265625 0.6375607515625 0.6982434796875 0.628249128125 0.6857208796875 0.6232116921874999 0.6721187265624999 0.6207692953125 0.66348244375 0.6204640015625 0.6529029937499999 0.6204848953125001 0.65333481875 0.658168446875 0.71573195 0.6583211 0.7144365109375 0.647482975 0.7086070265625 0.6375607515625
5 0.865382184375 0.6688492734375 0.865382184375 0.6598043984374999 0.8320529296875 0.6596853828125 0.7993969953125 0.65966741875 0.7995653218750001 0.6688492734375 0.8298646406250001 0.6688492734375 0.865382184375 0.6688492734375
3 0.4014494421875 0.5219353609375 0.428429584375 0.5219353609375 0.428429584375 0.5689879453125 0.5219469546875 0.569199890625 0.644556703125 0.56941184375 0.6448564765625 0.55182010625 0.7141055265625 0.55182010625 0.714705075 0.44185268750000006 0.7141055265625 0.3513845390625 0.5767005171874999 0.35117258906250004 0.42830975000000004 0.3513845390625 0.428129809375 0.40624532812499997 0.4014494421875 0.40624532812499997 0.4014494421875 0.5219353609375
5 0.4239935109375 0.49475066874999996 0.4239935109375 0.47425685 0.42363343750000004 0.4262885625 0.4006333625 0.42627423281250004 0.40076839218750004 0.4556723890625 0.40076839218750004 0.49475066874999996 0.4239935109375 0.49475066874999996
0 0.54843606875 0.52993225625 0.53845816875 0.5351821328125 0.5291764078125001 0.5428928890625 0.523607346875 0.5507677078125 0.521518946875 0.558970640625 0.5203587265625 0.5693063359375 0.5748890734375001 0.5697985109375 0.5753531734374999 0.5259948484375 0.5625907515625 0.526487025 0.54843606875 0.52993225625
5 0.35001007500000003 0.7084009234375 0.35001007500000003 0.69254715 0.3324023375 0.6926535546875 0.3134401703125 0.6925356265625 0.3137411625 0.70829451875 0.3313488890625 0.70829451875 0.35001007500000003 0.7084009234375
0 0.2884958890625 0.60614034375 0.297375003125 0.6000754765625 0.304448190625 0.593053003125 0.3085115078125 0.5858177234374999 0.3100164421875 0.5796464578125 0.3101669453125 0.5752840109374999 0.24797553125 0.575145440625 0.24801315625 0.6123116078125 0.263664475 0.6123116078125 0.2772088828125 0.6099707859375 0.2884958890625 0.60614034375
0 0.23068910312500002 0.6640173765624999 0.21674609375 0.6649757859375 0.20454595000000003 0.6678510125 0.19641253125 0.67181426875 0.187891796875 0.677838553125 0.1818885578125 0.6844105015624999 0.1782091484375 0.692891971875 0.177821840625 0.6982316828124999 0.177821840625 0.700011584375 0.17356148124999998 0.700011584375 0.17336782343749998 0.707586084375 0.23359389687499998 0.7075346453125 0.23359389687499998 0.6998673703125 0.230301803125 0.6997304546875001 0.23068910312500002 0.6640173765624999
3 0.1098330359375 0.5766513921875001 0.1098330359375 0.5699456890625 0.258417759375 0.5699523078125 0.346939959375 0.5693314093749999 0.37504224375 0.5690830484375 0.3745153203125 0.4649360390625 0.3746909703125 0.4170225484375 0.37504224375 0.351233809375 0.13875502343749999 0.3517305296875 0.1378768265625 0.3429137765625 0.1343640421875 0.3358355328125 0.1273384703125 0.3286331140625 0.11873215625 0.3226724921875 0.107491240625 0.3179536640625 0.0957234 0.315966790625 0.0855363296875 0.3154700703125 0.0857119671875 0.35148216875 0.0397822921875 0.35146474843750003 0.0394016875 0.41180700625 0.039577325000000003 0.5767755703125 0.1098330359375 0.5766513921875001
5 0.061180960937499994 0.49510507343750004 0.061180960937499994 0.4737461734375 0.06082967500000001 0.4264535859375 0.0388747640625 0.4265614015625 0.0388747640625 0.45325653125 0.039050401562499996 0.49510507343750004 0.061180960937499994 0.49510507343750004
0 0.20834307968750002 0.529388 0.1973837796875 0.5340040593750001 0.188989434375 0.54010385 0.18222731718750002 0.5483468125 0.17966238125 0.5562600546875001 0.1789628453125 0.561865271875 0.1790211421875 0.5693870000000001 0.2332929421875 0.5694487968749999 0.2339924796875 0.5255962375000001 0.2202350703125 0.5264205328125 0.20834307968750002 0.529388
3 0.13659645468749998 0.3595892984375 0.3450585015625 0.35925958593749996 0.375371428125 0.3594244421875 0.375371428125 0.3122922734375 0.3751382546875 0.2439020484375 0.2035890796875 0.24373718906250003 0.1210185234375 0.24373718906250003 0.0394067984375 0.24372284843749997 0.0394976859375 0.29449626093750003 0.039730859375 0.3594244421875 0.13659645468749998 0.3595892984375
0 0.12437388437500001 0.3259720765625 0.11154918437500001 0.31904798749999996 0.1001235390625 0.3164102390625 0.0919623671875 0.3152562234375 0.085433421875 0.3152562234375 0.0845590109375 0.3588691234375 0.13929715625 0.358943925 0.1388308109375 0.34641461875 0.1337009375 0.3350393359375 0.12437388437500001 0.3259720765625
5 0.3756901546875 0.33024780468750004 0.37605961875 0.30609277343749997 0.37605961875 0.280494121875 0.3528762734375 0.280388078125 0.35315336875000003 0.305693996875 0.35333809375 0.33024780468750004 0.3756901546875 0.33024780468750004