3 0.638482 0.69462266875 0.6382270953125 0.7443747296875001 0.6978475890625 0.7443652734375 0.6977626171875 0.7788107125 0.7750550656249999 0.7785773125000001 0.7751400312500001 0.617301021875 0.775309975 0.512204753125 0.7480092593750001 0.5119713531250001 0.7480092593750001 0.5103375531250001 0.6922743703124999 0.5101041515625 0.6922743703124999 0.511854653125 0.661786171875 0.5118192359375 0.6615087140625 0.5416320859375 0.661848590625 0.6947393703125 0.638482 0.69462266875
5 0.7479269078125 0.5210951453125 0.748028971875 0.510436234375 0.71684673125 0.5100857999999999 0.6921261140625 0.5099107921875 0.692135153125 0.520884884375 0.7109298468749999 0.5210951453125 0.7479269078125 0.5210951453125
0 0.6474596499999999 0.7319882765625 0.652479296875 0.72627596875 0.6550608312499999 0.72145005 0.6564950171875 0.7164271578125 0.65642330625 0.71209368125 0.65642330625 0.7088435750000001 0.64208145625 0.709139040625 0.64215316875 0.70559346875 0.638328634375 0.705480959375 0.638352578125 0.7383900031249999 0.64215316875 0.7384884921875 0.6422248749999999 0.7342535031249999 0.6474596499999999 0.7319882765625
5 0.5765277156249999 0.7720123328125 0.5807855281250001 0.7725100203124999 0.5816914484375 0.767035446875 0.583050325 0.7671598687500001 0.5881234656250001 0.7421510234375 0.580241971875 0.738791628125 0.575350015625 0.7628050953125001 0.5451829390625 0.7630539375 0.54176476875 0.7451074578125 0.5333154125 0.748247709375 0.53875091875 0.7741275078125 0.5766183046875 0.7740030859375 0.5765277156249999 0.7720123328125
3 0.5932696046875 0.6991886796875 0.6651055828125 0.699338134375 0.66532321875 0.5671352453125 0.6654320328125001 0.511800609375 0.63220884375 0.5116511546875 0.6321000296875 0.5103060593750001 0.58791983125 0.5103060593750001 0.58791983125 0.5119500625 0.55752566875 0.5118468625 0.5572265125 0.632483359375 0.5571176984374999 0.6987403125 0.5932696046875 0.6991886796875
5 0.6324679375 0.5214577828125 0.6323189499999999 0.51013504375 0.6122921625 0.5102714625 0.5878764000000001 0.5099897734375001 0.5878232125 0.5213213609375 0.6017760734375 0.5213213609375 0.6324679375 0.5214577828125
0 0.5838848609375 0.6887512859375 0.5816573921875 0.6840412515625001 0.579202625 0.6805449203125 0.5765660265625 0.6775480640625 0.573383925 0.6756125953125001 0.57070186875 0.674551209375 0.56692880625 0.6743014703125 0.5671560999999999 0.6941556390625 0.5640649140625 0.6941556390625 0.56410525625 0.6987027484375 0.5879306765625001 0.698990540625 0.5878852171875 0.6945576921875001 0.5850213265625 0.6945576921875001 0.5838848609375 0.6887512859375
3 0.5605468546875 0.69927684375 0.5607266046875 0.680500715625 0.5607266046875 0.5490678203125 0.5606067703125001 0.5120916171875 0.5274749 0.512009325 0.5274149796875001 0.510363465625 0.48272315312499997 0.510363465625 0.48272315312499997 0.5118447374999999 0.4540816296875 0.5121104937500001 0.4540412015625 0.6299395078125001 0.4542209546875 0.6991945515625 0.5605468546875 0.69927684375
5 0.527420378125 0.520819234375 0.527420378125 0.51001806875 0.50632720625 0.510080503125 0.48270525624999994 0.510111684375 0.482965378125 0.52088166875 0.5009634765625 0.5207568015625 0.527420378125 0.520819234375
0 0.5419535125 0.6890169875 0.5395154609375 0.6830927015625 0.5367648390624999 0.67940075625 0.5327639328125 0.676223965625 0.529200628125 0.674936078125 0.5243870390625001 0.6746785 0.5244495546875 0.6945978328125 0.522136528125 0.6945978328125 0.522441390625 0.6991369234375 0.5460794453125 0.699148371875 0.5461419609375 0.6945119734375 0.5430787671874999 0.6945119734375 0.5419535125 0.6890169875
5 0.49793277031249994 0.8349439109375 0.4978345875 0.8244257703125 0.4977854984375 0.8072891546875001 0.49023335156250003 0.8074595546875001 0.490225415625 0.8130147296875 0.4902745046875 0.835011334375 0.49793277031249994 0.8349439109375
5 0.47860845625000004 0.8592635968750001 0.47850955781250004 0.8484655421875 0.46881795156250006 0.8484655421875 0.45663767499999997 0.8484441390624999 0.456456203125 0.8591277734375 0.4656038984375 0.8589919484375 0.47860845625000004 0.8592635968750001
0 0.470515315625 0.7471307421875 0.4712881109375 0.7503149 0.47292461875 0.7540609703125 0.47642493124999996 0.7593054687499999 0.47937974062500005 0.761802846875 0.48338009687500005 0.763863184375 0.48838054375000006 0.7643002265625001 0.48838054375000006 0.7445608109374999 0.49128989375 0.7446232453125 0.49124443281249996 0.7396284859375 0.46745525624999995 0.7393900343750001 0.467515046875 0.7445084937499999 0.47033347968749994 0.7446333625 0.470515315625 0.7471307421875
0 0.41457425 0.8505731546874999 0.41474488750000005 0.8304771593750001 0.4088294 0.8311021234375 0.40388086406249996 0.8344613125 0.40058184375000006 0.8380548624999999 0.3982497734375 0.8427421031250001 0.39682778281250003 0.8468824968750001 0.39637274375 0.850397925 0.39308425625 0.8505113359375001 0.392846203125 0.860963203125 0.417361353125 0.86111944375 0.417361353125 0.850495034375 0.41457425 0.8505731546874999
0 0.41508616875 0.78991355 0.40996699531249997 0.7900697921875001 0.4054166171875 0.79217905 0.40223135625 0.795303875 0.3997286484375 0.7992099078125 0.3977947375 0.8040533890624999 0.39682778281250003 0.8085062671875001 0.3967709015625 0.8094437140625 0.3939269171875 0.80936559375 0.39381315781250004 0.8142871968750001 0.417475115625 0.8144434374999999 0.41741823437500003 0.8092874734375 0.4150292859375 0.80936559375 0.41508616875 0.78991355
5 0.361967540625 0.858955025 0.3618766265625 0.8484035953125 0.351739359375 0.8484035953125 0.33605525625 0.8483934703125 0.3361016 0.859017459375 0.3466025359375 0.8588301546875 0.361967540625 0.858955025
0 0.3775025359375 0.762524903125 0.3754114421875 0.763274115625 0.37309305312499996 0.76502228125 0.370911040625 0.767665734375 0.36868356874999997 0.7710371968749999 0.3668197671875 0.77422135625 0.3655923859375 0.777780121875 0.3646832140625 0.782337840625 0.36441046093749996 0.7876447718749999 0.37932088125 0.7876447718749999 0.3792754203125 0.791016234375 0.38282119375 0.79107866875 0.38295525625 0.75787800625 0.3793663375 0.7581544874999999 0.37932088125 0.7622751640625001 0.3775025359375 0.762524903125
5 0.32529452812500004 0.734532703125 0.32529452812500004 0.7242086265625 0.32514111875 0.7007341312500001 0.320205290625 0.700687340625 0.320078671875 0.7109177421874999 0.320129809375 0.734532703125 0.32529452812500004 0.734532703125
3 0.32137529374999996 0.6328234359375 0.3193674515625 0.6330532390625 0.3162720234375 0.6348916671875 0.3138458859375 0.6369599 0.3111687609375 0.6402920515625 0.3089099375 0.6450030265625 0.30757137968750003 0.6507481171875 0.30698575781250004 0.658451834375 0.32129163125 0.6585667359375 0.32129033906250004 0.6677588796875 0.3212066796875 0.677065928125 0.371979853125 0.677180828125 0.37181253281250004 0.6974035468750001 0.3759955359375 0.6974035468750001 0.3804295203125 0.6959098203125 0.38561644687499996 0.6910839484375 0.389046509375 0.6845345421875 0.39097069375000004 0.6769510265625 0.43029093124999995 0.6769510265625 0.43012360625 0.5447115499999999 0.4302072734375 0.5161972828125 0.354692184375 0.5157376765625 0.31829956406250004 0.5156954640625 0.3186981671875 0.5854258859375 0.32129163125 0.5853109843750001 0.32137529374999996 0.6328234359375
3 0.3169396875 0.208886503125 0.31855854375 0.208886503125 0.3184563671875 0.2785320890625 0.317456278125 0.2786569578125 0.3173199 0.31939965312499996 0.318592740625 0.319274784375 0.3184321203125 0.4216458109375 0.317393990625 0.4216458109375 0.3172555734375 0.46178163593750005 0.3185705375 0.4618766890625 0.3184321203125 0.5204683640625001 0.3437627890625 0.5204683640625001 0.34390120625 0.5218941703125 0.408116825 0.5218941703125 0.408116825 0.5204683640625001 0.4607363484375 0.520522359375 0.460642540625 0.481780096875 0.45942303593749995 0.481780096875 0.45937613437499997 0.47920331406249994 0.47363493281249996 0.47965425 0.47363493281249996 0.475982334375 0.4734473171875 0.47211715937500004 0.47250923437500003 0.46831640625000004 0.4709614078125 0.46503100625 0.4686162078125 0.46153669218750004 0.46561435624999997 0.45773593593750006 0.46139300156249996 0.454772634375 0.46425414375 0.45322656562499997 0.46725599375 0.45077862343749997 0.46964809531249996 0.447031846875 0.4717587734375 0.4434243515625 0.4729782765625 0.43852324375 0.4734473171875 0.43440039218750004 0.4734473171875 0.43008428125 0.4594246125 0.43027753906250005 0.4595184234375 0.42834495156249996 0.4605972125 0.42834495156249996 0.4606682828125 0.31777980625 0.4615854171875 0.31758601875000003 0.46172650937500004 0.1973512765625 0.46052719062499997 0.1973512765625 0.460386090625 0.1390866640625 0.3864477734375 0.1387959828125 0.35117791875000004 0.138892878125 0.3185414765625 0.1387802703125 0.318423640625 0.16791642812500002 0.3170745921875 0.1681943515625 0.3169396875 0.208886503125
5 0.325252446875 0.2085782515625 0.325206990625 0.18934843125 0.325206990625 0.1680430953125 0.31680525625 0.168049828125 0.317024440625 0.180649803125 0.317024440625 0.208453384375 0.325252446875 0.2085782515625
0 0.42698780000000003 0.14751366562499998 0.42816972187499996 0.1512597359375 0.42966985625 0.1544438953125 0.431942784375 0.15781535625 0.435670390625 0.1613116875 0.43976166406250006 0.163309590625 0.4450803203125 0.163746634375 0.445125778125 0.1437574796875 0.447398709375 0.1438823484375 0.447398709375 0.13895002343750001 0.42350525625 0.138771478125 0.42357840468749997 0.1439549 0.42657867187500004 0.1439549 0.42698780000000003 0.14751366562499998
5 0.46195694062500003 0.31805426406250004 0.46195694062500003 0.22142832499999998 0.461903796875 0.1974784546875 0.45361128749999996 0.197403359375 0.453720528125 0.2817586328125 0.453720528125 0.31768935468750004 0.46195694062500003 0.31805426406250004
5 0.40825781875 0.522063725 0.40814016249999996 0.5157617921875 0.3778286140625 0.5156002015625 0.34390337656250003 0.5153229031250001 0.34390492031250003 0.5221445171875 0.3643123078125 0.5221445171875 0.40825781875 0.522063725
0 0.45099772812500005 0.49561448593749996 0.44608470312500004 0.496090796875 0.440478071875 0.49926619843750003 0.43672105468750005 0.5037911453125 0.434524640625 0.5087924046875 0.43307963593750004 0.5128410437500001 0.43279063281249996 0.51601644375 0.4299584171875 0.51601644375 0.429898640625 0.5204930796875 0.4534253453125 0.52055425625 0.4534253453125 0.5159499203125 0.45099772812500005 0.5159499203125 0.45099772812500005 0.49561448593749996
5 0.32528147343749997 0.4619421453125 0.32528147343749997 0.4411089546875 0.325391390625 0.42162222343750005 0.3171239828125 0.42153599374999995 0.3170376359375 0.433995246875 0.317147553125 0.4617911796875 0.32528147343749997 0.4619421453125
5 0.325226515625 0.31955965937499997 0.32528147343749997 0.3125397796875 0.32528147343749997 0.27854816250000003 0.316882184375 0.27845160625 0.3170925953125 0.29236758749999997 0.317147553125 0.31940869375 0.325226515625 0.31955965937499997
0 0.31844040156250003 0.6335803140625 0.315153425 0.6357647281250001 0.3126616828125 0.6384588359375 0.31016994531250003 0.6423303437500001 0.3084734390625 0.6470632390625 0.3074661421875 0.6521602015625 0.30709503125 0.658349371875 0.32119722031250003 0.65820374375 0.3213032515625 0.6620628749999999 0.3249613390625 0.6621356875 0.3248629953125 0.6288191515625 0.3214623 0.628920234375 0.32135626875 0.6330706171875 0.31844040156250003 0.6335803140625
0 0.3719384375 0.697856953125 0.3736195328125 0.6981233640625 0.3769170703125 0.6975017421875 0.3814431 0.695548075 0.3848699515625 0.6922623625 0.387650225 0.6877334046875 0.38971926875 0.6832044500000001 0.3907537875 0.6774322515625 0.39379269375 0.6773434484374999 0.39385735 0.6726368859375 0.369673590625 0.6720799937499999 0.3698047375 0.6772546453125 0.3719384375 0.6772546453125 0.3719384375 0.697856953125
0 0.30696329375000003 0.5580301109375 0.29987355937500004 0.5592175875 0.2936484203125 0.5637299953125 0.2903629359375 0.5684799015625 0.28880665156249996 0.57334855 0.2880285078125 0.578217203125 0.28482948124999996 0.57809845625 0.284447403125 0.585374109375 0.30929772031249997 0.5853420625 0.309384178125 0.5779797078125 0.30704975624999997 0.5778609609375 0.30696329375000003 0.5580301109375
3 0.28496910937500003 0.8575512828124999 0.28520238125 0.8612357078124999 0.3092294484375 0.8612357078124999 0.3092294484375 0.8572308921875 0.325091965625 0.857711475 0.32497533437500004 0.7632932343750001 0.325091965625 0.6624673015625 0.22438992343750003 0.6621842375 0.22424140625 0.7862137312499999 0.22412477343749998 0.8575512828124999 0.28496910937500003 0.8575512828124999
5 0.263188425 0.6686056390624999 0.263188425 0.662168703125 0.24985625156250002 0.662168703125 0.2365824671875 0.6622941328125 0.23661508593749997 0.6687306265624999 0.24717161718749997 0.6686681328125 0.263188425 0.6686056390624999
0 0.2873452875 0.671101675 0.2882447515625 0.6745332203125 0.291242965625 0.6796805375 0.29484081875 0.6839356546875 0.2999877515625 0.6870926765625 0.3049847734375 0.687641725 0.30503474218750004 0.66766456875 0.3076831640625 0.6675959375 0.3075832234375 0.66272314375 0.2837763140625 0.6625794468749999 0.2838973453125 0.6675328671874999 0.2869954953125 0.6675328671874999 0.2873452875 0.671101675
0 0.3058940328125 0.85056615625 0.30484848593749997 0.8448846171875 0.302666471875 0.8399537546875001 0.2990297859375 0.8352711656249999 0.29543855625000004 0.8322743109375 0.29252920625 0.8309007515625 0.2894834796875 0.8304012765625 0.2873469265625 0.8303388406250001 0.2873469265625 0.8505051828125 0.28500525625 0.8505240546874999 0.28498307968750003 0.86105515 0.30893975937499996 0.860992715625 0.3088943 0.85056615625 0.3058940328125 0.85056615625
1 0.46778538125 0.46043158125000005 0.4658938984375 0.4569633234375 0.46410750468749995 0.4553737015625 0.4650532375 0.45219446718749995 0.46925652500000004 0.44915973749999993 0.47167341875 0.4436683265625 0.47366998125000004 0.43730985 0.47377506093750005 0.4326855078125 0.4730394890625 0.4270495796875 0.45412359843749994 0.4279071671875 0.453914528125 0.48109663437499994 0.4738801421875 0.4808076109375 0.47377506093750005 0.4753162015625 0.4730394890625 0.470258321875 0.47135816875 0.464333375 0.46778538125 0.46043158125000005
3 0.4259782625 0.143977196875 0.42682037343749996 0.1493746046875 0.42878530625 0.1540009625 0.4313116453125 0.1578562515625 0.43692572187499995 0.16325366562500002 0.44548720625 0.1647957859375 0.44548720625 0.143977196875 0.46078558281250004 0.1441699609375 0.4606452265625 0.12004314218750001 0.47383833124999997 0.1202359078125 0.47369798437500005 0.113103609375 0.4722944578125 0.106919521875 0.4686453046875 0.100365521875 0.46261015937499994 0.0949681140625 0.467382125 0.0916911125 0.47089093125000003 0.08590816875 0.47369798437500005 0.07761929375 0.47383833124999997 0.0697159390625 0.46022417656250003 0.069908703125 0.4605048796875 0.051210526562500004 0.3263360796875 0.049668412499999995 0.326195728125 0.051788825000000004 0.3178713890625 0.051590478125000006 0.3185018046875 0.07800482187499999 0.3185018046875 0.14359166875 0.4259782625 0.143977196875
5 0.3564204296875 0.0614108453125 0.3567048765625 0.0499510546875 0.34143936875 0.050081278124999996 0.3263320140625 0.049904734374999996 0.3265531203125 0.0614108453125 0.33954303124999996 0.06167129375 0.3564204296875 0.0614108453125
4 0.41594295625 0.061068251562499995 0.41594295625 0.0513436171875 0.38652510625000003 0.0513436171875 0.3577882859375 0.0512468984375 0.3576973015625 0.0611840203125 0.38534501875 0.06095248125 0.41594295625 0.061068251562499995
5 0.4522813640625 0.0610877453125 0.4524261640625 0.050448014062500005 0.43981878906249994 0.050448014062500005 0.41751959375 0.050348576562500004 0.4172397734375 0.0611871828125 0.43295056875000004 0.0611871828125 0.4522813640625 0.0610877453125
1 0.4593146265625 0.11963780625 0.47408371718750003 0.1195299125 0.47408371718750003 0.11413512343750001 0.4731410109375 0.1090640203125 0.4709413609375 0.104182484375 0.467327646875 0.0990034875 0.46245698749999997 0.0945797578125 0.46591358281249995 0.0925297375 0.46882026562499995 0.0891849703125 0.47125559531250005 0.0851928234375 0.47282677656249994 0.0803375125 0.473690925 0.0745111390625 0.473690925 0.07008741093750001 0.45947174375 0.069979515625 0.45947174375 0.0662031640625 0.45399255 0.0661712921875 0.45405117500000003 0.1228746828125 0.45947174375 0.1228746828125 0.4593146265625 0.11963780625