5 0.3551273234375 0.4365904859375 0.3549404609375 0.41149892968749996 0.33717747187499997 0.41181922968749995 0.336627815625 0.4664613859375 0.3549404609375 0.4664613859375 0.3551273234375 0.4365904859375
0 0.5348754 0.44519227656249993 0.54418559375 0.4450151015625 0.5444791265625 0.3879565984375 0.5344597671875 0.3876899734375 0.5233207875 0.39070195 0.5125143140625 0.3969916671875 0.5348754 0.44519227656249993
3 0.6238295890625001 0.3686510953125 0.62362305625 0.357212696875 0.6289930765625 0.3563328234375 0.6411788921875 0.35369319374999997 0.6512993078125 0.3484139359375 0.636841559375 0.32022224062500004 0.6261015203125 0.2995451453125 0.6234165109375 0.29910519999999996 0.62362305625 0.26961151562499996 0.6232099796874999 0.16285519531249998 0.4367866859375 0.16285519531249998 0.3378301125 0.16275121875 0.3373822796875 0.369311 0.5292346015625 0.369311 0.6238295890625001 0.3686510953125
5 0.35503156874999997 0.3065146640625 0.35503156874999997 0.246494925 0.35490753124999996 0.2133144703125 0.3372797046875 0.2130666453125 0.336797375 0.25681003593749996 0.336549290625 0.306646771875 0.35503156874999997 0.3065146640625
0 0.55723619375 0.33754551093749996 0.5555432265625 0.34331527031250003 0.5536245234375 0.3504072734375 0.552608740625 0.35605683125 0.552157284375 0.36038415156250003 0.5525600046875 0.36945705625 0.6076866546875 0.36939940625 0.6076866546875 0.35737906875 0.5614121812499999 0.3308141203125 0.55723619375 0.33754551093749996
3 0.823021 0.5016864109375 0.8732305625000001 0.5006211875 0.87303051875 0.47418632499999996 0.9164387796875 0.4735471828125 0.916838853125 0.43067331875 0.9522456015625 0.3927512734375 0.9526456640625 0.281472634375 0.9172389421875 0.2422205375 0.9170388984375 0.1989378359375 0.8734351218749999 0.198511746875 0.8734351218749999 0.16291626875 0.8028462187500001 0.16291626875 0.788643525 0.13138558125 0.7306265453125 0.13138558125 0.708849321875 0.16314796874999998 0.614765415625 0.16278781250000002 0.614627846875 0.274850975 0.614827890625 0.5010472781249999 0.823021 0.5016864109375
0 0.6522762484375 0.348528503125 0.6248957749999999 0.297453253125 0.6137792640625 0.2972646203125 0.61450131875 0.3590588125 0.6340225937499999 0.3566287390625 0.646191696875 0.3523086125 0.6522762484375 0.348528503125
5 0.9101308890625001 0.4180098109375 0.9165628203124999 0.43126577343749994 0.9522957406250001 0.393057153125 0.9527245390625 0.2815540359375 0.91687025 0.240485990625 0.9095591640625 0.2548898953125 0.9385742921875 0.28731394374999997 0.9385742921875 0.3866513453125 0.9101308890625001 0.4180098109375
3 0.7487567312500001 0.7701276015625 0.8733167796875 0.76992599375 0.8735060984375 0.49313745937500003 0.78575021875 0.492331021875 0.683139996875 0.49253263125 0.6150817578125001 0.4927218703125 0.614756484375 0.6313219515624999 0.614567178125 0.76992599375 0.7487567312500001 0.7701276015625
0 0.63766190625 0.510290640625 0.62706104375 0.507266490625 0.6204355109375 0.505452003125 0.614827696875 0.504706321875 0.614945778125 0.564523721875 0.6210034171875 0.5651285500000001 0.6469376453125 0.5157341109375 0.63766190625 0.510290640625
5 0.873907678125 0.6931066734375 0.873907678125 0.6416694109375001 0.873816446875 0.605890734375 0.8553295000000001 0.605701034375 0.855479515625 0.6543160203125 0.855570740625 0.6930095125 0.873907678125 0.6931066734375
0 0.5977564906249999 0.7273371656250001 0.5497608281249999 0.7553145046874999 0.5498697546875 0.7697408015625 0.6068420734375 0.7698290625 0.6060520234375 0.753000590625 0.6028918265625001 0.7399585203125 0.5977564906249999 0.7273371656250001
3 0.297582384375 0.5453416359375 0.2648750296875 0.5806595453125001 0.2642693296875 0.6855249265625 0.2972754078125 0.7220422265625001 0.29742683593749997 0.727041565625 0.3373960828125 0.727202834375 0.33785035625000004 0.7696427078125 0.40260433124999995 0.7699652453125 0.5432492890625 0.7698039765625 0.5437035515625 0.728963728125 0.5435521343749999 0.5848460046875 0.5166255015625 0.5846847359375 0.51677691875 0.5062557484375 0.40320035 0.50609448125 0.337282134375 0.5061503421875 0.33739620000000003 0.5408261046875 0.29773381250000003 0.5401810296875 0.297582384375 0.5453416359375
5 0.298783340625 0.72347405 0.305445953125 0.7102499953125 0.2774327015625 0.6800535 0.277735546875 0.5874197718749999 0.3040831453125 0.55871389375 0.297536671875 0.5444960734375 0.2647131734375 0.580672609375 0.2642589015625 0.686865990625 0.298783340625 0.72347405
0 0.5200115515625 0.6310801625 0.511802275 0.6363260046875 0.5380719609375 0.6854847984375 0.543893090625 0.685325834375 0.5432587828125001 0.625086834375 0.5358330687499999 0.62615225 0.528519346875 0.6277418984375001 0.5200115515625 0.6310801625