5 0.20628132500000002 0.312683015625 0.20628132500000002 0.295545928125 0.18621405156249998 0.295770446875 0.186016334375 0.33521511406250004 0.2060745390625 0.3344217296875 0.20628132500000002 0.312683015625
5 0.205867753125 0.42074902031250005 0.205867753125 0.40218384062499996 0.1858832359375 0.40202786562500004 0.1862231203125 0.44026625937499997 0.205867753125 0.4401075828125 0.205867753125 0.42074902031250005
0 0.32104734218750003 0.398216921875 0.3117419890625 0.398534275 0.30160949375 0.40139045624999997 0.291063428125 0.4059920828125 0.28237843281249997 0.41154576875000004 0.2753477203125 0.41805151562500004 0.2691441515625 0.42662005937499997 0.26521522656249996 0.43518860468750004 0.26397451250000004 0.44391582500000004 0.263955615625 0.45293494531249995 0.3274576953125 0.45327775312499996 0.3274576953125 0.3980582453125 0.32104734218750003 0.398216921875
3 0.809892646875 0.7813713390625 0.8096145625 0.7489576609374999 0.809892646875 0.5752529625 0.7125884921875001 0.57482646875 0.576895459375 0.5746132203125 0.4759459921875 0.5744513812500001 0.47650190625000005 0.7805183421875 0.6433246390625 0.7815845859375 0.809892646875 0.7813713390625
0 0.5487227640625 0.6408746953125 0.542237703125 0.6310106375 0.534826196875 0.6241429171874999 0.5269514921875 0.61857769375 0.5172238953125 0.614078153125 0.5065698765625 0.61064429375 0.4968422796875 0.6095786125 0.4760559921875 0.608600821875 0.47676948750000003 0.65768876875 0.5518108765624999 0.657807178125 0.551347665625 0.649636959375 0.5487227640625 0.6408746953125
5 0.8106475718749999 0.7079749843750001 0.8106475718749999 0.6867497609375001 0.8104330093750001 0.648550609375 0.790124725 0.648626115625 0.791122884375 0.6699403687500001 0.791122884375 0.7078104484375001 0.8106475718749999 0.7079749843750001
3 0.661638025 0.582153921875 0.770350559375 0.582153921875 0.8099160234375 0.582153921875 0.8099160234375 0.4678083984375 0.8095462671875 0.373312415625 0.7855362015625 0.37246171875 0.5954891625000001 0.3721781546875 0.4767084796875 0.37274728281249997 0.47603364531250003 0.5824374859375 0.5714140234375 0.58272105 0.661638025 0.582153921875
0 0.5397607 0.5179198125 0.5484473359375001 0.5061108046875 0.5520009609375001 0.49646094375 0.5523958062500001 0.48722569375 0.47579086249999997 0.487334546875 0.4763877515625 0.5371709390625 0.5046193156250001 0.53550556875 0.5261384859375 0.5271550656249999 0.5397607 0.5179198125
5 0.8118074296875 0.5184627421875 0.8118074296875 0.4925027234375 0.81118629375 0.4372483734375 0.7898054078125 0.436815953125 0.7903781609375 0.462970228125 0.7906887171875 0.5179864125 0.8118074296875 0.5184627421875
3 0.9144068984375 0.3867694765625 0.91381630625 0.1166446890625 0.8003838375000001 0.11619176718749999 0.4762373078125 0.11623164687500001 0.4761244234375 0.38631655625 0.7744315734375 0.38722239687500004 0.9144068984375 0.3867694765625
0 0.8346698625 0.3391090484375 0.8229748453125 0.34981340781250003 0.8176932406249999 0.3631215296875 0.8161842125 0.37180074531249996 0.8137555187500001 0.3866649953125 0.8822044453125001 0.386266103125 0.8822044453125001 0.32724745781250003 0.8595689265625 0.3284046859375 0.8346698625 0.3391090484375
5 0.8941104328125 0.3130037 0.9139106609375001 0.3130037 0.9145993625 0.254326246875 0.9139106609375001 0.193821684375 0.89330926875 0.1940557859375 0.8935939125000001 0.1947459359375 0.8941104328125 0.24231097343750002 0.8941104328125 0.3130037
3 0.494540371875 0.81720979375 0.494964059375 0.7573710734375 0.4001463625 0.7570461515625 0.3995721578125 0.6838740703124999 0.3997785 0.57494056875 0.33464076875000004 0.5747823484375 0.20590850624999998 0.5747823484375 0.205702190625 0.568453478125 0.091932290625 0.5679971593750001 0.0912996640625 0.8178596406249999 0.17761003749999998 0.8178596406249999 0.494540371875 0.81720979375
5 0.11204050937500001 0.7428028296875 0.11165376406250001 0.69829144375 0.1114603859375 0.6436842390625 0.09147955625000001 0.64367754375 0.09154298749999999 0.6806327750000001 0.0913496078125 0.7428028296875 0.11204050937500001 0.7428028296875
0 0.36812354687500004 0.600064634375 0.3556352421875 0.6051587109375001 0.3442097875 0.6108640734375 0.334378578125 0.6208484609375 0.32933010625 0.6318516640625 0.326938728125 0.6471338828125 0.400008553125 0.6471338828125 0.399833171875 0.5955561406250001 0.3893802109375 0.5963969015624999 0.3814089640625 0.5974157171875001 0.36812354687500004 0.600064634375
3 0.4954113578125 0.29075354999999997 0.495094746875 0.2130160546875 0.4944615265625 0.118019609375 0.3352320421875 0.11680557656249999 0.1863519234375 0.11683656875 0.186348734375 0.29002512812500003 0.3795278015625 0.29051074374999997 0.4954113578125 0.29075354999999997
0 0.42978043125000004 0.2447598546875 0.4180808984375 0.257037303125 0.41099959531249997 0.26837032656250004 0.407612890625 0.2825366046875 0.40606537343750004 0.290867821875 0.47349970625 0.29009195625 0.47349970625 0.2346073515625 0.4513321875 0.23578787656250003 0.42978043125000004 0.2447598546875
5 0.20649480312500001 0.252505346875 0.20671888125 0.2311981796875 0.20671888125 0.1727335421875 0.185606703125 0.17272160625 0.18565628750000002 0.19232238906250002 0.1863284890625 0.252505346875 0.20649480312500001 0.252505346875
0 0.247794140625 0.4897066984375 0.258305378125 0.47908120624999995 0.2626054328125 0.470287696875 0.263560996875 0.46131098281250005 0.263560996875 0.45618143906249997 0.18711097968749998 0.45518626875 0.1868767421875 0.5052785390625 0.21052702656250002 0.505095346875 0.23059393749999998 0.499782596875 0.247794140625 0.4897066984375