5 0.393959325 0.2024143484375 0.3942775125 0.1594054046875 0.3820219859375 0.1594664421875 0.381974365625 0.178941159375 0.381974365625 0.202262909375 0.393959325 0.2024143484375
0 0.3796410078125 0.2769251546875 0.393853265625 0.2769251546875 0.39376058281250004 0.2208031484375 0.3821864953125 0.22119525625 0.3653226921875 0.2690502703125 0.3742318703125 0.274502115625 0.3796410078125 0.2769251546875
0 0.3432618828125 0.326145484375 0.3760349203125 0.29964349375 0.3762470390625 0.2881340609375 0.33649913593749997 0.2881372203125 0.33668606093750003 0.2988862953125 0.337428490625 0.30797269531250004 0.339231540625 0.3169076484375 0.3432618828125 0.326145484375
3 0.33608133125 0.29779030156249997 0.337436315625 0.309591953125 0.342856196875 0.326423821875 0.37645955 0.299531528125 0.37645955 0.2979837703125 0.39407420625 0.2979837703125 0.393803203125 0.220784340625 0.39353221562499996 0.06310049375 0.32822249062500003 0.06252008437499999 0.2682200609375 0.0626763125 0.2683326625 0.18808795312499998 0.268468159375 0.2972098953125 0.33608133125 0.29779030156249997
5 0.44302547968750006 0.28012784218750003 0.41043945624999995 0.280054159375 0.41038019375 0.299528728125 0.42343831249999997 0.30003264218750003 0.44355485000000006 0.29978068125 0.44302547968750006 0.28012784218750003
0 0.42467352812500003 0.49052578281250003 0.42237955312500003 0.4960688953125 0.42008555937500003 0.5031237625 0.4186738671875 0.51748545625 0.41869612187499994 0.528374553125 0.459259875 0.528823634375 0.45890696093749994 0.5154697734375 0.42467352812500003 0.49052578281250003
0 0.322679121875 0.5812312109375 0.32920818125 0.5812312109375 0.3293018296875 0.5297352125 0.3217968203125 0.5298314671875 0.3142090015625 0.532099103125 0.30767995312499996 0.536886334375 0.322679121875 0.5812312109375
0 0.3207380609375 0.5913095937499999 0.321443896875 0.58173513125 0.28071452343750003 0.5812135046875 0.2813872703125 0.594333103125 0.283328340625 0.6044114859375 0.28756340625 0.6147418234375001 0.3207380609375 0.5913095937499999
0 0.29868044375 0.7830677484375 0.294445378125 0.7939020125 0.29250431093749996 0.8062480234375 0.29214683125 0.8249983671875001 0.332384478125 0.8251449890625 0.33273739999999996 0.8082636984375 0.29868044375 0.7830677484375
5 0.41585048437500005 0.8057441031250001 0.389797790625 0.8061759078125 0.38973426875 0.8253969484375 0.4407314859375 0.8253969484375 0.4407314859375 0.8062480234375 0.41585048437500005 0.8057441031250001
3 0.2812945875 0.5910105875 0.283337571875 0.60413745 0.288240746875 0.6149306421875 0.3199070921875 0.590135459375 0.32889625312500004 0.5913022953125 0.32889625312500004 0.5274182234375 0.3579067078125 0.5279955921874999 0.47108834843749997 0.5279955921874999 0.470679759375 0.40634576562499997 0.470884053125 0.2817864046875 0.393863328125 0.2812029859375 0.393454740625 0.27624395 0.3824225953125 0.2756605359375 0.3822183015625 0.2887874 0.268563265625 0.289052865625 0.2684237453125 0.42531132187500004 0.2686280453125 0.5913022953125 0.2812945875 0.5910105875
3 0.4709088765625 0.8242073703124999 0.4704896625 0.6922522843750001 0.471118471875 0.5814797484375 0.3604492125 0.582377578125 0.2683660234375 0.5820822234375 0.268224834375 0.6769546578125001 0.2684344296875 0.8242073703124999 0.4709088765625 0.8242073703124999
5 0.613788559375 0.061275971875 0.5835197171875001 0.0608589515625 0.5831868328125001 0.08102835 0.5984877015625 0.08102835 0.6135789640625 0.0804297921875 0.613788559375 0.061275971875
0 0.5817196265625 0.305795696875 0.5833964390624999 0.2887368359375 0.5418387078125 0.287395784375 0.5416858609374999 0.2980144609375 0.575012403125 0.32255529374999997 0.5789948140625001 0.316569725 0.5817196265625 0.305795696875
5 0.675201609375 0.2800577625 0.6624159703125 0.279459203125 0.6617894859375 0.279314803125 0.66136796875 0.300707965625 0.6917600890625 0.30010941562500004 0.691969684375 0.27975848281250004 0.675201609375 0.2800577625
0 0.602679709375 0.50362645625 0.6083389328125001 0.4982394453125 0.5901036640624999 0.44855923593749997 0.5821995046875 0.44874603750000003 0.5827676296875001 0.5084149078125 0.5942956828125 0.507217790625 0.602679709375 0.50362645625
0 0.58633085 0.5922237 0.5867500515625 0.5820482390625 0.5424045125 0.58073539375 0.5433626734375 0.5946179265625 0.5452490812499999 0.6086840109375 0.5494410875 0.6224508156249999 0.58633085 0.5922237
5 0.650887928125 0.8068140406250001 0.6357624296875 0.8059253953125 0.635587046875 0.8262671359375 0.6682847890625 0.8259678484374999 0.668494384375 0.8065147546875 0.650887928125 0.8068140406250001
3 0.731799421875 0.8244745640625 0.731799421875 0.699967009375 0.731799421875 0.5820513359375 0.63349104375 0.5814527796875 0.5290137828125 0.5818128578125 0.529115384375 0.66824660625 0.5297441890625 0.823576734375 0.731799421875 0.8244745640625
3 0.73203516875 0.52719101875 0.7318777921875 0.38448690625 0.73203516875 0.281118290625 0.6432730249999999 0.281118290625 0.6432730249999999 0.28943271875 0.58414063125 0.288806209375 0.58315399375 0.39370718125000004 0.583468753125 0.5280898796875 0.73203516875 0.52719101875