3 0.282847040625 0.6298442890625 0.2830299078125 0.4635644296875 0.2592631890625 0.4635644296875 0.2592631890625 0.35055781874999997 0.19605008906250002 0.35004100781249997 0.1054061921875 0.349914675 0.1054944421875 0.6295858859375 0.144429996875 0.6298442890625 0.282847040625 0.6298442890625
5 0.11457664062499999 0.4747644875 0.1146742671875 0.42589155625 0.11457664062499999 0.37370748125 0.1052414796875 0.3737774984375 0.10559515625 0.3864002046875 0.10559515625 0.4747644875 0.11457664062499999 0.4747644875
5 0.11554752812499999 0.60929683125 0.11554752812499999 0.559496471875 0.1152371625 0.5068629 0.10499006250000001 0.50651860625 0.10515024531249999 0.5274421828125 0.10530543437499999 0.60929683125 0.11554752812499999 0.60929683125
3 0.2274432171875 0.420935059375 0.22838051718750002 0.42791932499999996 0.23025511875000002 0.43719154375 0.23443036718750002 0.44600080468750003 0.23988375 0.45358716406250005 0.247211734375 0.45924682812500006 0.2549657609375 0.46225728593750004 0.25488055468750004 0.468157790625 0.2790302203125 0.468157790625 0.2789450109375 0.535530203125 0.2789450109375 0.6296452546875 0.3020366796875 0.6293849046875 0.38203252656250003 0.6296550109375 0.44585051875000004 0.6297754296875 0.4460209421875 0.48769483437499994 0.44593573593749997 0.3497182234375 0.2973521625 0.349838640625 0.25512024843750003 0.3502342375 0.255050971875 0.41563665156249996 0.22761363750000002 0.414914140625 0.2274432171875 0.420935059375
0 0.41145113593750005 0.3858038078125 0.413633546875 0.3974243703125 0.41919868749999994 0.409761190625 0.42803744843749997 0.41963064531249994 0.43818565937500004 0.42518221250000005 0.4459332171875 0.42657010624999997 0.44553382812500003 0.37535215625 0.4113420125 0.3750090921875 0.4113420125 0.3768596140625 0.41145113593750005 0.3858038078125
0 0.23146579374999998 0.4411919203125 0.23914502343750002 0.4529486546875 0.2509838453125 0.4617662 0.25946298749999996 0.4626705609375 0.2592174671875 0.41491954062499997 0.22682626093749997 0.4149653625 0.2277861625 0.43033954999999996 0.23146579374999998 0.4411919203125
5 0.44606763281250006 0.5819788703125 0.446220846875 0.5528474015625 0.4461442421875 0.5115729531250001 0.44069384375 0.511521778125 0.4408583078125 0.5410292125 0.4410881328125 0.5819788703125 0.44606763281250006 0.5819788703125
3 0.5172360890625 0.4063840640625 0.519503765625 0.4165323234375 0.5268737296875 0.429618228125 0.5349996 0.435226475 0.534621653125 0.6289959484375001 0.6684028984375 0.6281947640625 0.6684028984375 0.4678726203125 0.653486759375 0.4678726203125 0.6542426515625 0.3500129078125 0.6230620296875 0.3489446734375 0.53461816875 0.3489929484375 0.5349996 0.3994405234375 0.517047109375 0.399173465625 0.5172360890625 0.4063840640625
0 0.5185442046875 0.40819435625 0.5193319359374999 0.41307543437499994 0.5209073953125001 0.41804214687499996 0.52352259375 0.423727234375 0.5256434062500001 0.42706692031250004 0.5298850296875 0.43151983281249995 0.5352779515625 0.43520205 0.543215846875 0.43700034218750006 0.54312285625 0.3999808375 0.5180594453125 0.400144859375 0.5181200421875001 0.40357017656250005 0.5185442046875 0.40819435625
5 0.5437057359375 0.473789884375 0.5434059375 0.45811392968750003 0.543505871875 0.4360828546875 0.5344199046875 0.4356231859375 0.5344120640625001 0.452464934375 0.534611928125 0.47393110937499994 0.5437057359375 0.473789884375
5 0.5436058015625 0.579670253125 0.543505871875 0.541646446875 0.543505871875 0.505611234375 0.5346397359374999 0.5055809625000001 0.534611928125 0.5347264328125 0.534611928125 0.5798114765625 0.5436058015625 0.579670253125
0 0.634105196875 0.42653587187499997 0.6280417921875 0.43524074218750003 0.623903284375 0.4442430671875 0.6212084421874999 0.4549881421875 0.6211121937499999 0.46586923125 0.6532438796875 0.46586923125 0.6533756734375 0.417751971875 0.6463282390625 0.4187830953125 0.6395911296875 0.422047421875 0.634105196875 0.42653587187499997
0 0.685139746875 0.43101336874999996 0.6773499203125 0.440099878125 0.671662115625 0.45180749374999996 0.669560103125 0.462641403125 0.6688653390625 0.47187368906250005 0.7035632875 0.4717279125 0.7036869390625 0.42437322968749996 0.6937951015625 0.425771153125 0.685139746875 0.43101336874999996
3 0.8524982124999999 0.62858435625 0.9126773078125 0.6286758781249999 0.9127420671875001 0.49770336718749997 0.8304235046875 0.4977948890625 0.83074731875 0.455298346875 0.8265378125 0.4551153046875 0.8212921218749999 0.456671175 0.8164921328125001 0.45923378281250005 0.812606440625 0.4617963921875 0.8084616921875 0.4661894359375 0.80477028125 0.4714976984375 0.80177223125 0.47757006406249997 0.7993112921875001 0.4846172390625 0.7977570109375 0.49148137031249994 0.7971093921875 0.49797941718749994 0.794842740625 0.49797941718749994 0.7947779765625 0.467853928125 0.7827414515625 0.4676708828125 0.7489346328125001 0.4676852046875 0.7487745015625 0.5663965937500001 0.748580215625 0.62858435625 0.8524982124999999 0.62858435625
0 0.8173694656249999 0.4578945 0.810980096875 0.4621716453125 0.8068606328125 0.467299703125 0.803245596875 0.4728837515625 0.8004712640625 0.4787054171875 0.7982013546875 0.486071609375 0.796940296875 0.49308136874999997 0.796519940625 0.49783375156250004 0.7966344046875 0.501845028125 0.83048449375 0.50212051875 0.83090484375 0.45492426249999995 0.8245995484374999 0.45528068906249997 0.8173694656249999 0.4578945
5 0.9128798140625 0.5844514359375 0.9130201328125 0.542974315625 0.912949971875 0.5098338828125 0.9041975125 0.5099441765625 0.904179984375 0.542089990625 0.9042501453125 0.5845505859375 0.9128798140625 0.5844514359375
0 0.8514629140625001 0.416626859375 0.84716121875 0.411350575 0.8427783578125 0.4077948171875 0.8379896812500001 0.4056154828125 0.8336879859374999 0.404927271875 0.83198354375 0.404927271875 0.832296759375 0.4419431203125 0.8573878890625 0.44163186249999997 0.8571443953125 0.43245571250000003 0.8547094703125 0.423738375 0.8514629140625001 0.416626859375
5 0.9128123859375 0.47837953593749993 0.9128674390624999 0.4548586890625 0.91291159375 0.3986560265625 0.91291159375 0.374272571875 0.9040935234375 0.37409375625 0.9042793203124999 0.441632671875 0.9041692171875001 0.4784573359375 0.9128123859375 0.47837953593749993