3 0.9123063609375001 0.9591599703125 0.9128648984375 0.8411087281249999 0.9123063609375001 0.6150802875 0.664810540625 0.61475588125 0.4531212453125 0.61475588125 0.453408178125 0.789237459375 0.453408178125 0.9578623328125 0.9123063609375001 0.9591599703125
0 0.5465907390625 0.65894665625 0.5328050234374999 0.6458635515625 0.5208750671875 0.6386265109375 0.5012569171875 0.6324673296875 0.484554971875 0.6295417203125 0.46758792343750005 0.6287718234375 0.45307315 0.6281994078124999 0.45327199374999994 0.6848152125 0.5556044875 0.684353275 0.5556044875 0.6714189968750001 0.5465907390625 0.65894665625
5 0.75916676875 0.9588362578125 0.75916676875 0.9369679015625 0.6787906921875 0.9368128062500001 0.5898696375 0.9364114140625001 0.5906707265625 0.9591464484375001 0.6576953046875 0.9591464484375001 0.75916676875 0.9588362578125
3 0.07039396249999999 0.766748390625 0.070665975 0.8060682984374999 0.070665975 0.9583094265625001 0.17076195624999999 0.957677509375 0.47170891875 0.9578354921875001 0.47334089218750003 0.7343879828125 0.45049323125 0.7340720234375 0.4494052625 0.6854397484375 0.427101584375 0.68589014375 0.4064299 0.690155575 0.38983815312500003 0.6955268578125 0.3743343734375 0.7046896328125001 0.36372654843749996 0.7140103875 0.35583866249999996 0.7252268921875 0.3539346796875 0.73391573125 0.3125233046875 0.7339333124999999 0.3132760578125 0.767380309375 0.17048846875 0.7672223296875 0.07039396249999999 0.766748390625
0 0.41589543906250004 0.6875004671875 0.3972263015625 0.6928042484375 0.383224465625 0.6988151953124999 0.3688167625 0.7083620015625 0.36069975 0.7169470609374999 0.3542061390625 0.7267295859375 0.3535973640625 0.7341548765625 0.353394434375 0.7443036046875 0.4503927421875 0.7447624359375 0.45059566562500003 0.7180078171875001 0.4491751921875 0.6852610953125 0.41589543906250004 0.6875004671875
5 0.10596838281250001 0.8982630703125001 0.10596838281250001 0.8640438343750001 0.10596838281250001 0.828356040625 0.0694759484375 0.8280293406249999 0.06854024843749999 0.8546237031249999 0.0682283515625 0.8982630703125001 0.10596838281250001 0.8982630703125001
5 0.367040534375 0.9591122796875 0.367040534375 0.936648896875 0.285311478125 0.9364677390624999 0.198135125 0.9364504359374999 0.1995496765625 0.9587499656249999 0.26286558437499996 0.959293440625 0.367040534375 0.9591122796875
0 0.29088790000000003 0.6775725421875001 0.26594525625 0.6854514390625 0.24756649375 0.6961260874999999 0.23268842968749998 0.7139171546874999 0.22962529687500002 0.73221653125 0.332458940625 0.73221653125 0.332130728125 0.674883125 0.32939579218750004 0.6763017515625 0.3175808765625 0.675539275 0.29088790000000003 0.6775725421875001
5 0.104842671875 0.740951665625 0.10460219062500001 0.7173482421874999 0.10508313124999999 0.6864822328125 0.06829200625000001 0.686545721875 0.06877294687499999 0.7138566125 0.06925386875 0.7408120031250001 0.104842671875 0.740951665625
5 0.1058153046875 0.5939491593749999 0.1055148875 0.5806890265625 0.1058153046875 0.5674289 0.0691666984375 0.567282771875 0.0688663046875 0.5792932234375 0.06826550625 0.59307678125 0.1058153046875 0.5939491593749999
3 0.5144997796874999 0.5551587453125 0.5129931734375 0.3974361140625 0.51198879375 0.28751835468750003 0.35304445625 0.288101721875 0.0708097625 0.2872266765625 0.0713119515625 0.37147634375 0.2085372734375 0.37035203125 0.20514644531249998 0.5548670671875 0.362836275 0.5554504359375 0.5144997796874999 0.5551587453125
0 0.45072074375 0.50296308125 0.42309991093750005 0.49654605781249994 0.3924659046875 0.4942125984375 0.3924659046875 0.554398259375 0.49240310625 0.5548826140625 0.48938993281250004 0.535631546875 0.4743240234375 0.5155054359375 0.45072074375 0.50296308125
3 0.8508193078125 0.62648914375 0.9118991781249999 0.626139625 0.9128018453125 0.3780847140625 0.9118991781249999 0.2875969609375 0.6238288453124999 0.2868979234375 0.4926425 0.2871808171875 0.49266860156250003 0.5000104078125001 0.49266860156250003 0.626139625 0.8508193078125 0.62648914375
5 0.7825683156250001 0.309607240625 0.7837718671875 0.287412884375 0.7093066125 0.28706336875 0.6055008984375 0.2869624625 0.606249053125 0.309781996875 0.6847803265625 0.309607240625 0.7825683156250001 0.309607240625
0 0.5397627359375 0.6106402453124999 0.5595987640625 0.6040851703125 0.5784088078125 0.5937559578125 0.5920888390625 0.578063509375 0.596876853125 0.5568091671875 0.49384911875000004 0.5564971062499999 0.49325063281250003 0.6134211875 0.5147966671875001 0.6138184671875 0.5397627359375 0.6106402453124999