5 0.49408674531249996 0.0119319140625 0.329382975 0.011705295312499999 0.3295987609375 0.0298435171875 0.4080962640625 0.029517851562500003 0.493729946875 0.029517851562500003 0.49408674531249996 0.0119319140625
5 0.5165655796874999 0.1203785328125 0.5165655796874999 0.032448840625 0.49665520937499996 0.032516520312500005 0.49801164375000007 0.07218003281249999 0.49801164375000007 0.1203785328125 0.5165655796874999 0.1203785328125
5 0.326744296875 0.1014899296875 0.32638749843750003 0.025609867187500003 0.306908778125 0.026067971875000002 0.3067631078125 0.203748915625 0.32638749843750003 0.20440023125 0.326744296875 0.1014899296875
5 0.1679472125 0.217433609375 0.2236271109375 0.217433609375 0.223433190625 0.20105812968749998 0.1237031578125 0.2014759953125 0.123346359375 0.2177592765625 0.1679472125 0.217433609375
0 0.355984465625 0.4271757015625 0.3438530125 0.43303768125 0.33279203281249997 0.44150498281250006 0.3252990765625 0.45681126406250006 0.32516931875 0.46808666250000003 0.3713271796875 0.46755823124999996 0.37061354375 0.42587304374999996 0.355984465625 0.4271757015625
0 0.2314588578125 0.5896878609375 0.230745240625 0.6023888093750001 0.27713014375 0.6030401421875 0.2757260875 0.5615906171875 0.2632146609375 0.5613549546875001 0.248228784375 0.5665656015625 0.23716776562500003 0.57763824375 0.2314588578125 0.5896878609375
5 0.06196501250000001 0.5424663609375 0.062678628125 0.505666153125 0.06254228125 0.505605490625 0.04305425625 0.50501481875 0.042697439062499995 0.5815462234375001 0.06196501250000001 0.5815462234375001 0.06196501250000001 0.5424663609375
5 0.062678628125 0.6587356984375 0.0616082140625 0.638870103125 0.042933159375 0.638680084375 0.04305425625 0.6864172703125 0.062678628125 0.6854402796875 0.062678628125 0.6587356984375
0 0.1608005421875 0.6772986359375001 0.14688505937500002 0.6838119375 0.1354672421875 0.6942332484375 0.129758334375 0.7072598546875 0.1309035859375 0.7181144781250001 0.1761432359375 0.718006821875 0.1754296203125 0.67697296875 0.1608005421875 0.6772986359375001
0 0.254640759375 0.7691396890625 0.274978765625 0.7714193453125 0.2766648015625 0.7298391109375 0.230021096875 0.7310368234375 0.231805125 0.745691771875 0.240368478125 0.7596953875 0.254640759375 0.7691396890625
0 0.38273444687499997 0.9202603 0.37738235625 0.9088620078125 0.3663213375 0.8994177062500001 0.3534762890625 0.8942070609374999 0.33830831250000004 0.8936908671875001 0.338847171875 0.9342639140625 0.3838048796875 0.933612590625 0.38273444687499997 0.9202603
5 0.1722183578125 0.93556658125 0.12095072656250001 0.936778896875 0.12048134531250002 0.954455184375 0.23465955 0.9528268609375001 0.23501638906250003 0.9358922484375001 0.1722183578125 0.93556658125
0 0.1129884078125 0.9310072593750001 0.12262219375000001 0.92253995625 0.13047195 0.9082106765625 0.13225598125 0.8938813937500001 0.08531307187500001 0.8939839828125 0.0851574625 0.9371949046875001 0.096932096875 0.9371949046875001 0.1129884078125 0.9310072593750001
3 0.1194109328125 0.9511968312500001 0.1194109328125 0.9547791531250001 0.234302753125 0.95315083125 0.2339459546875 0.9498941828125 0.30780498437500003 0.9505454984374999 0.3074481859375 0.8798760906249999 0.348124159375 0.8798760906249999 0.348124159375 0.7867290031249999 0.2742651296875 0.7867290031249999 0.27533556406250004 0.708569275 0.0458226984375 0.7081485390625 0.0459087015625 0.8460068734374999 0.04626551875 0.9518481640625 0.1194109328125 0.9511968312500001
5 0.453379371875 0.9369318171875 0.40681566562500004 0.9368795359375 0.40607412031249995 0.953673746875 0.5006846234375 0.9539674578125 0.5003628265625 0.9366380984375 0.453379371875 0.9369318171875
0 0.367779384375 0.76627098125 0.38000795625 0.751585084375 0.3848350296875 0.7319059734375 0.3378993703125 0.7319994125 0.33913877812500004 0.77273278125 0.3523327765625 0.77214534375 0.367779384375 0.76627098125
3 0.405752321875 0.9510287625 0.405752321875 0.9542596624999999 0.5019718453124999 0.9542596624999999 0.5010064546875 0.9516161999999999 0.5618275015624999 0.9516161999999999 0.5608620765625 0.812678425 0.5615057046875 0.7183949421875 0.43535833593750006 0.7175137859375 0.3384784984375 0.71772389375 0.33978238906249997 0.8705500125000001 0.33881698125000004 0.9516161999999999 0.405752321875 0.9510287625
5 0.5647237406250001 0.6734500015625 0.5647237406250001 0.585922021875 0.54464825625 0.5860718921875 0.5454154499999999 0.6258676734375 0.546059078125 0.6734500015625 0.5647237406250001 0.6734500015625
0 0.518062065625 0.57564036875 0.5309342484374999 0.5768152375 0.5312560796875 0.5348135609375 0.4861562734375 0.5339926859374999 0.48749064375 0.5500868999999999 0.496501196875 0.5627167765625 0.50937334375 0.5712346015625 0.518062065625 0.57564036875
0 0.6155688453125 0.5063213921874999 0.60205306875 0.5101397249999999 0.590789903125 0.519832421875 0.5833884046875 0.5306999890624999 0.582291609375 0.54773948125 0.628762825 0.5465607625 0.6277974000000001 0.5063213921874999 0.6155688453125 0.5063213921874999
3 0.561183871875 0.7248521828125 0.5615057046875 0.6737406671875 0.5644019453125 0.6737406671875 0.5640801125 0.585037828125 0.5598966515625 0.5847441078125 0.5605402796875001 0.5362806328125 0.33963675625 0.5355788546875 0.33913877812500004 0.6029591890625 0.33946059375000004 0.7248521828125 0.561183871875 0.7248521828125
5 0.698545440625 0.5826957921875 0.67675599375 0.582136590625 0.6764002234375 0.5992108203125001 0.72366134375 0.59970379375 0.72366134375 0.582449290625 0.698545440625 0.5826957921875
0 0.7179900156250001 0.5030785703125 0.7074575421875 0.5050505125 0.6950346109375001 0.511952315625 0.6850422671875 0.5205795671875 0.680721253125 0.5329042171875 0.6796720781250001 0.5437554312499999 0.7250116734375001 0.5439963984375 0.7247416015625 0.5033250640625 0.7179900156250001 0.5030785703125
0 0.5868143515625001 0.42784422656250004 0.5773621203125 0.4290766875 0.568179978125 0.43499252187500004 0.555486975 0.4446057484375 0.5511659453125 0.45619091093749997 0.5511659453125 0.4667901125 0.5973468390625001 0.4677760859375 0.598157009375 0.4268582515625 0.5868143515625001 0.42784422656250004
5 0.673234678125 0.20081401406250002 0.5900024859374999 0.2009872734375 0.5897850359375 0.21757553437500002 0.6286741859375 0.21806852187499998 0.673234678125 0.21782202812499998 0.673234678125 0.20081401406250002
0 0.790632778125 0.24706265312500003 0.7910919015625 0.2043183171875 0.7448522234375 0.20289669375 0.7456375875 0.21982361718750001 0.75436113125 0.2349098609375 0.77043085 0.2453864109375 0.790632778125 0.24706265312500003
5 0.938933228125 0.20054675781250003 0.8278925125000001 0.199502096875 0.8287409171875 0.218985490625 0.878786565625 0.219404553125 0.93801493125 0.21814736875000001 0.938933228125 0.20054675781250003
0 0.7167121140625 0.2923213765625 0.7373731671875 0.2931594921875 0.7390683218749999 0.2507982578125 0.6914597031249999 0.2504151609375 0.691918853125 0.26340608125 0.702478940625 0.28226387656249996 0.7167121140625 0.2923213765625
0 0.8044067781249999 0.3291988421875 0.806702496875 0.3136935421875 0.7597251109375 0.3137869265625 0.7598707625000001 0.3555997578125 0.7814500859375 0.3535044515625 0.8002745687499999 0.3388372671875 0.8044067781249999 0.3291988421875
5 0.960053403125 0.4255874765625 0.9595942796875001 0.3597947265625 0.9386128984375001 0.3598026 0.938933228125 0.388290946875 0.938933228125 0.4247493484375 0.960053403125 0.4255874765625
3 0.7369556015625001 0.467845646875 0.7369556015625001 0.3141468578125 0.7369556015625001 0.20344210624999998 0.6746973109375001 0.2037365359375 0.6740521625 0.2002034015625 0.5901808859375001 0.199908978125 0.5898582953125 0.20344210624999998 0.5124386578125 0.20344210624999998 0.5124386578125 0.2099195109375 0.4995216671875 0.20933253125 0.4982450671875 0.3677402890625 0.4982450671875 0.46725679062500003 0.7369556015625001 0.467845646875
1 0.2672869640625 0.7976618234374999 0.26797970000000004 0.805244884375 0.270288825 0.8119853859375 0.27352160625 0.8180939625000001 0.28137262343749997 0.8260983078124999 0.2949964578125 0.8328576171875 0.281834446875 0.839387478125 0.27375251718750004 0.8476024625 0.269365178125 0.8583451343749999 0.26821061875 0.869298446875 0.299614709375 0.8699303687500001 0.299614709375 0.8743538234375 0.3083893890625 0.87393254375 0.3081058015625 0.7916514546875 0.299614709375 0.791974525 0.299614709375 0.7976618234374999 0.2672869640625 0.7976618234374999
1 0.31116469687500004 0.5476456875 0.30816689375 0.531983753125 0.2999910765625 0.5202994421875 0.29181524062499997 0.5125927765625 0.2809141578125 0.5088637453125 0.298628434375 0.4986710515625 0.3076218421875 0.48524653124999995 0.31116469687500004 0.474308034375 0.31061964375 0.4695845921875 0.276008659375 0.470081796875 0.277098765625 0.4641153421875 0.26591288125 0.46389444687500003 0.265652609375 0.5528663359375 0.276008659375 0.552617734375 0.2762811765625 0.548142890625 0.31116469687500004 0.5476456875
3 0.3864763453125 0.46720932187499997 0.38613697187499996 0.42753409375 0.50695043125 0.4269149546875 0.5076291562499999 0.20913616875000002 0.325078165625 0.20944573906250002 0.325078165625 0.2060404609375 0.22425588125 0.20480217500000003 0.2239165078125 0.2010873265625 0.1258404234375 0.200158615625 0.12550105 0.203873465625 0.046324321875000005 0.203146721875 0.0458173421875 0.3590938578125 0.0451386171875 0.46659018124999996 0.3864763453125 0.46720932187499997
4 0.46239860625 0.21807301250000002 0.46217657343749996 0.20936345625000002 0.41688026562499997 0.2091609078125 0.3524395375 0.2091705421875 0.351600278125 0.2178704578125 0.4000051625 0.21847810625 0.46239860625 0.21807301250000002
1 0.545247209375 0.2067325234375 0.545247209375 0.196900003125 0.5407779406250001 0.18418966718750002 0.5310507390625 0.17483678281249998 0.516854284375 0.1678820703125 0.534731309375 0.158715240625 0.5420924328125001 0.14720399687500002 0.546298796875 0.1388103828125 0.5473503828124999 0.128738040625 0.511596334375 0.1284982234375 0.511596334375 0.1241815078125 0.511596334375 0.12298241875 0.49883385625 0.12305405 0.5010804328125 0.2112890609375 0.5147511109375 0.21152887812499999 0.5147511109375 0.20649270625 0.545247209375 0.2067325234375