3 0.612692065625 0.9032917406250001 0.6600316937499999 0.902411740625 0.6600316937499999 0.9054917328125001 0.7190281734374999 0.9054917328125001 0.7190281734374999 0.902411740625 0.7850797515625 0.9035117375 0.7850797515625 0.8076272828125 0.784919821875 0.6985428703125 0.721089646875 0.6985428703125 0.6491206203125001 0.6989828703125001 0.6125763515625 0.6985293625 0.61285199375 0.7207627875 0.61253213125 0.8166472453125 0.612692065625 0.9032917406250001
0 0.7443072734375 0.7108183078125 0.74773558125 0.7183923921875001 0.75292999375 0.7266810125000001 0.7609293921875 0.7316827671875 0.7686171234375 0.7325402125 0.768513228125 0.7052449265625 0.7717337703125 0.7052449265625 0.7717337703125 0.6982424671875 0.739060915625 0.6985542437500001 0.7393206359375 0.70538783125 0.743476165625 0.7051020171875 0.7443072734375 0.7108183078125
5 0.7192981781250001 0.9054561765625 0.7194020640625001 0.8901650984374999 0.6946486937499999 0.8901650984374999 0.6595864140625001 0.8901468781249999 0.6597702187500001 0.9054561765625 0.6896900296874999 0.9055990812499999 0.7192981781250001 0.9054561765625
3 0.716170596875 0.6456046390625 0.73821884375 0.6454050984374999 0.7383638968749999 0.52393099375 0.7383638968749999 0.4208140796875 0.6875935906249999 0.4208140796875 0.6875935906249999 0.41323176093749997 0.6398707265625 0.4128326890625 0.639725675 0.4154266390625 0.6125279953125 0.415154440625 0.6128978109375 0.5432752296875 0.6128978109375 0.6454050984374999 0.716170596875 0.6456046390625
5 0.6797072734375 0.4276194140625 0.6795112890625 0.41238718125 0.6591286421875 0.41238718125 0.6394319546875 0.41250967968749996 0.6393339625000001 0.4276194140625 0.6583446984375 0.4276194140625 0.6797072734375 0.4276194140625
0 0.728426075 0.4629795171875 0.7244609453125 0.46540367812500005 0.719614690625 0.4708580484375 0.7157597109375 0.47828205312499994 0.7136670046875 0.4867666265625 0.713226434375 0.4969178140625 0.7330520484374999 0.4969178140625 0.7330520484374999 0.5013116140625 0.73833888125 0.5013116140625 0.738118590625 0.4555106734375 0.7330520484374999 0.45601004375 0.7330520484374999 0.4620704546875 0.728426075 0.4629795171875
3 0.6769781109374999 0.34718708593750003 0.6789415187500001 0.34718708593750003 0.6788188078124999 0.35714642812499997 0.6784506734375 0.4271724578125 0.7329322359375 0.42734126406249995 0.784962584375 0.4276788625 0.784839871875 0.3951089875 0.7845944499999999 0.32305732656249997 0.7845944499999999 0.255056928125 0.7109995765625 0.2553945328125 0.67878739375 0.2552470390625 0.6789415187500001 0.29166906875 0.67722354375 0.29183786875 0.6769781109374999 0.34718708593750003
5 0.6882677203124999 0.34787128906250003 0.6885131421875 0.32390133906249996 0.68839043125 0.29099385624999996 0.6765179375 0.2911022671875 0.6769781109374999 0.315967628125 0.6769781109374999 0.3475336828125 0.6882677203124999 0.34787128906250003
0 0.7707478265625001 0.41051045156250004 0.7664449171875 0.402517125 0.7606771796875 0.3963462203125 0.75490945 0.39420529375 0.7480430984375 0.3931978015625 0.7480430984375 0.42002233593750005 0.7448388031250001 0.4198964015625 0.744678584375 0.42724720937500005 0.7771564203125 0.42688223281250004 0.777247978125 0.42033351874999997 0.7731281671875 0.42008164687500005 0.7707478265625001 0.41051045156250004
5 0.6877794265625 0.2514726875 0.6877794265625 0.22352143125 0.6878709828125 0.19041348125 0.6771594734375 0.190272290625 0.677067921875 0.2158325734375 0.677067921875 0.25197643125 0.6877794265625 0.2514726875
0 0.74101653125 0.269185465625 0.745044790625 0.2771194875 0.750354771875 0.28379413593749997 0.758045078125 0.288075984375 0.7650029859374999 0.2889575421875 0.7652776359375 0.2615100359375 0.7683903828124999 0.2615100359375 0.7682072828125001 0.25559100625000003 0.7354090125 0.254630021875 0.7354319015625 0.26137738593750004 0.7397348109374999 0.26137738593750004 0.74101653125 0.269185465625
3 0.279723171875 0.2850385765625 0.2815431421875 0.2848597578125 0.281283140625 0.361725065625 0.27738321093749996 0.3615462453125 0.277253215625 0.4062234078125 0.281283140625 0.406402228125 0.281283140625 0.426768990625 0.3297032375 0.42712663749999996 0.3302232296875 0.43267014843749996 0.33321318125 0.4410748328125 0.3385430828125 0.448406578125 0.3463429421875 0.4535924484375 0.35492278593750004 0.45555949843750004 0.35505278125 0.4269478140625 0.3871622078125 0.42712663749999996 0.3871622078125 0.35831789375 0.3874222 0.2871749234375 0.3871622078125 0.180455703125 0.3556410921875 0.18027687812499998 0.3117018796875 0.18027687812499998 0.2816724234375 0.18027687812499998 0.28141314687499996 0.22980132812499998 0.279723171875 0.23015897500000002 0.279723171875 0.2850385765625
5 0.29012298593749997 0.28611151874999996 0.2903829765625 0.255005840625 0.29025298125 0.22943414843749999 0.27920317968749997 0.22906399687499998 0.27946318125 0.260897471875 0.2795931765625 0.28611151874999996 0.29012298593749997 0.28611151874999996
0 0.2884330109375 0.4005201328125 0.29051298281250004 0.40034130625 0.29415291093749996 0.39908955 0.2987028296875 0.3953342625 0.303902734375 0.38800252031250004 0.307282671875 0.3788825421875 0.3079326609375 0.36636493125 0.288303015625 0.36636493125 0.288303015625 0.3610002390625 0.2769282203125 0.360889746875 0.277253215625 0.4067789390625 0.288303015625 0.4067789390625 0.2884330109375 0.4005201328125
3 0.21338471874999998 0.5749038515625 0.21311323437500002 0.63014545625 0.2151493984375 0.63014545625 0.2151493984375 0.6463907875 0.34159472968750004 0.6460173296875 0.3869333015625 0.6467642437500001 0.3869333015625 0.5222664796875 0.3869333015625 0.420726296875 0.3630484296875 0.420726296875 0.28981390625 0.42091302812500003 0.28981390625 0.41568464374999997 0.2670088828125 0.41568464374999997 0.2670088828125 0.41325717968750003 0.2266928484375 0.41325717968750003 0.2266928484375 0.41531118749999996 0.2158333109375 0.41531118749999996 0.21528514062499998 0.49426724375 0.2154208828125 0.5741569359375001 0.21338471874999998 0.5749038515625
5 0.2670945765625 0.4273231375 0.267024890625 0.412943971875 0.2476517765625 0.41303983125 0.22650163750000002 0.4130092125 0.226466796875 0.4273231375 0.24305240625 0.4271314171875 0.2670945765625 0.4273231375
5 0.22409741875 0.6306535765625 0.22395804687499998 0.6041051562499999 0.22395804687499998 0.574781871875 0.2129996921875 0.574705878125 0.2134352390625 0.5914617078125 0.21350492812500002 0.6307494390625 0.22409741875 0.6306535765625
0 0.2516936515625 0.6122161359375 0.24514302968749999 0.6127913046875 0.2404042875 0.614900246875 0.2356655375 0.61863883125 0.2323205375 0.6234165734375 0.22953303906250003 0.62878479375 0.22765148124999998 0.6343447421875 0.2270242921875 0.6395212406249999 0.222912734375 0.6395212406249999 0.2226688265625 0.6464512859375 0.255317396875 0.6464655515625 0.2552477109375 0.639467690625 0.25148458749999997 0.63937183125 0.2516936515625 0.6122161359375
0 0.3298614796875 0.4295291484375 0.32995752968750003 0.4325680421875 0.3314943390625 0.4375888234375 0.3343758515625 0.443005978125 0.337929725 0.4482910140625 0.34302039687499997 0.4523869109375 0.3490715828125 0.4547651734375 0.35454645937499996 0.455425803125 0.3549306625 0.4280828078125 0.35800428281249996 0.42795068125 0.3581003328125 0.4210801421875 0.325155003125 0.420839328125 0.325155003125 0.4272830109375 0.329669378125 0.4272830109375 0.3298614796875 0.4295291484375
0 0.3705869 0.632389865625 0.368473784375 0.6267084546875 0.3650159671875 0.6219519265625 0.36155814999999997 0.617591775 0.3556030203125 0.6138710796875 0.3515688953125 0.612285571875 0.346958475 0.6118891921875 0.346958475 0.6395034859375001 0.343212503125 0.6393713578125 0.3432845375 0.6458526671875 0.375677571875 0.6459988234375 0.375677571875 0.6397889078125 0.37193160937499997 0.6395246578125 0.3705869 0.632389865625
3 0.2348355421875 0.9028070140625 0.23496428749999998 0.9339769328124999 0.30871979375 0.9339769328124999 0.3088485390625 0.9026393546874999 0.323783125 0.902816453125 0.323783125 0.9083066078125 0.3562272171875 0.9081295078125 0.3563559609375 0.9029935531250001 0.3871263546875 0.9031706578125 0.386868865625 0.8181995375 0.386868865625 0.7486268390624999 0.3869976109375 0.699234303125 0.2531798125 0.698703 0.215199621875 0.6984130656249999 0.2152660875 0.83695345 0.21513734218749997 0.9033383171875 0.2348355421875 0.9028070140625
5 0.3093797109375 0.9010492109375001 0.2981787765625 0.9010492109375001 0.29805003281250003 0.9192906984375 0.2457789921875 0.9191135984375001 0.2457789921875 0.901403415625 0.23409525000000003 0.901329478125 0.23496428749999998 0.9343349140624999 0.309122221875 0.9341578140625 0.3093797109375 0.9010492109375001
0 0.352419309375 0.893247728125 0.350377646875 0.88546055625 0.3477791609375 0.8793329468750001 0.3439742390625 0.8735883125000001 0.339612503125 0.8696308984375 0.33469394218750004 0.8669500687499999 0.330610609375 0.8658011421875 0.3276409171875 0.8658011421875 0.3276409171875 0.8929924109374999 0.323557584375 0.8931010687500001 0.323557584375 0.908183771875 0.3563170390625 0.9080561156250001 0.3562242375 0.8933753859375001 0.352419309375 0.893247728125
0 0.34652162343750004 0.7079259671875 0.34721745312499996 0.7124725234375 0.3498268015625 0.718095896875 0.3533929125 0.7241978515625 0.3593944171875 0.7298212234375 0.365656853125 0.7319748546875 0.371136490625 0.732692734375 0.3712234671875 0.7050608359375 0.3744416625 0.705180484375 0.3743546859375 0.699078525 0.3419117765625 0.69895888125 0.3419117765625 0.7051741046875 0.34634766875 0.7050544578125 0.34652162343750004 0.7079259671875