5 0.28897438750000004 0.8029825531249999 0.2567200875 0.8037194187500001 0.23040057812499998 0.8029825531249999 0.23003835156250002 0.8028674828125 0.22962647500000002 0.8298781640625 0.27607266875 0.8295097312499999 0.288716353125 0.8287728640625 0.28897438750000004 0.8029825531249999
0 0.37931355 0.825544290625 0.379656934375 0.8015196984375 0.378626784375 0.78877195625 0.3683252890625 0.76670855625 0.32466561718750003 0.804961975 0.32437224531250003 0.8049517843749999 0.32437224531250003 0.8265248859375 0.37931355 0.825544290625
0 0.3889282796875 0.7483962734375 0.396139325 0.747415678125 0.395452559375 0.672890415625 0.3953870546875 0.6722483484375 0.3824039984375 0.669948628125 0.36798190625 0.6777933921875 0.36145762656249997 0.6861284546875 0.3889282796875 0.7483962734375
0 0.3872113625 0.5163188578125 0.36798190625 0.503571115625 0.3387943375 0.4805271203125 0.330896525 0.5143576671875 0.33153177500000003 0.52744013125 0.331926675 0.52759570625 0.3882415125 0.5280860046875 0.3872113625 0.5163188578125
1 0.3002577484375 0.6554622015625 0.2914937890625 0.66416729375 0.3109269171875 0.7202063328125 0.32045295937499996 0.7207504015625 0.3212150421875 0.5907180703125 0.3203977953125 0.5899995390624999 0.3071164984375 0.6097604609375 0.29530420625 0.636963878125 0.28958858125 0.6532859281250001 0.3002577484375 0.6554622015625
3 0.2453125 0.67109375 0.14609375 0.3109375
5 0.7209391953125001 0.7972072140625001 0.6696478015625 0.79610591875 0.669224565625 0.7964783046874999 0.668490853125 0.830246071875 0.739064725 0.8313473671875 0.739450375 0.7972072140625001 0.7209391953125001 0.7972072140625001
0 0.7463920671875 0.5556441265625 0.6985715203125 0.5558206375 0.6771929109375 0.5556501890625001 0.6846881359375 0.5892336328125001 0.6908585281249999 0.6068543578125001 0.747549015625 0.568309021875 0.7463920671875 0.5556441265625
0 0.6580783140625 0.54866221875 0.6669482546875 0.5481115703125 0.6677195546875 0.4677170125 0.6353249890625 0.46991960468749994 0.6268406984375 0.4809325578125 0.6387958359375 0.5062623484375 0.6522935703125 0.542054446875 0.6580783140625 0.54866221875
0 0.73405128125 0.374657559375 0.719396596875 0.35813812968750003 0.6985715203125 0.3421693484375 0.6819885890624999 0.329504453125 0.675046896875 0.3619926640625 0.6717949984375 0.3856754671875 0.6723473484375 0.3856705125 0.7344369296875 0.3867718078125 0.73405128125 0.374657559375
5 0.6642487078125 0.0910529046875 0.6384101859375 0.088299665625 0.5952174343750001 0.0888503140625 0.5944249328125 0.0886785984375 0.5936748359374999 0.120787878125 0.6326254421875 0.1224398203125 0.6646343578125 0.121889171875 0.6642487078125 0.0910529046875
5 0.7591185031250001 0.09050225625 0.736750828125 0.0888503140625 0.718625296875 0.0888503140625 0.701838053125 0.0895799296875 0.6910732546875 0.0897799453125 0.691629828125 0.121889171875 0.7232530921875 0.12299046875 0.759889803125 0.1224398203125 0.7591185031250001 0.09050225625
3 0.8272278203125 0.38555334218750004 0.82791078125 0.1875955640625 0.82791078125 0.09300490312500001 0.743223678125 0.09398006406250001 0.670146903125 0.0969055484375 0.6161930234375 0.09300490312500001 0.5660302671874999 0.09262853125 0.5332966796874999 0.0939806109375 0.5320650375 0.3869175734375 0.579996115625 0.386528503125 0.74663848125 0.3875036640625 0.8272278203125 0.38555334218750004
3 0.8279711187500001 0.7334957484375 0.8279711187500001 0.5599409140625 0.80349791875 0.5564465203125 0.6607375828125 0.55761131875 0.6607375828125 0.568094496875 0.5661078749999999 0.568094496875 0.5331525453125 0.5688792 0.53266116875 0.8266795515625001 0.7104997578125001 0.8266795515625001 0.8271553453125 0.8255147546874999 0.8279711187500001 0.7334957484375
2 0.31193170625 0.10267246562500001 0.28909183125000004 0.0619584328125 0.2667042234375 0.094594284375 0.26919173125 0.1068731171875 0.2886395453125 0.077468540625 0.306956690625 0.11010439062499999 0.31193170625 0.10267246562500001