0 0.392656475 0.5018873203124999 0.4022080703125 0.50152841875 0.40212179687500005 0.422500509375 0.3906456375 0.4222114375 0.375815540625 0.4265182453125 0.36475580937499996 0.434772953125 0.392656475 0.5018873203124999
0 0.3406255109375 0.48501900156250005 0.334341578125 0.5008106156250001 0.33182799687500003 0.5140899296875 0.33178138437500004 0.5291000515625 0.386121203125 0.52916375 0.385869825 0.51696113125 0.3406255109375 0.48501900156250005
0 0.38762933906249997 0.750975321875 0.39718090781250004 0.7502575203124999 0.396693596875 0.6722018609375 0.38662390625 0.673093946875 0.375312825 0.6774007453124999 0.36475580937499996 0.6845787546875 0.38762933906249997 0.750975321875
5 0.4203058015625 0.8023018015625001 0.40099092187499996 0.8020594859375001 0.40069993437500007 0.8285015171874999 0.4444361 0.8285015171874999 0.4444361 0.8023018015625001 0.4203058015625 0.8023018015625001
0 0.3748101078125 0.785792375 0.3692802421875 0.7732308640625 0.32453863125 0.80517299375 0.324317609375 0.827255740625 0.37807775781249997 0.827783715625 0.37757504062499997 0.7997894828125001 0.3748101078125 0.785792375
5 0.2596884296875 0.8044551906249999 0.2311335265625 0.8043206875 0.23078232656250003 0.8274248234374999 0.2873377359375 0.827783715625 0.2873377359375 0.8048141031249999 0.2596884296875 0.8044551906249999
3 0.3204450734375 0.827404871875 0.3206599296875 0.6019002640625 0.3200153609375 0.5169195625 0.17224698125 0.5157860296875 0.17262046874999998 0.683819425 0.1724056125 0.8258709281250001 0.3204450734375 0.827404871875
3 0.4020928546875 0.528536875 0.402961340625 0.4225143453125 0.468095834375 0.4212743125 0.468095834375 0.3090387578125 0.46853010156249997 0.09327356406250001 0.39644790625000004 0.09327356406250001 0.349116815625 0.0628928359375 0.34173489375 0.09327356406250001 0.3091676484375 0.09327356406250001 0.2883245890625 0.0597927609375 0.2687842359375 0.09389358125 0.1718897640625 0.093714834375 0.171950934375 0.318351834375 0.1723851546875 0.5279168750000001 0.4020928546875 0.528536875
5 0.6632824359375 0.093034559375 0.5961604281249999 0.0922894359375 0.5959798937499999 0.119424121875 0.628759371875 0.119922040625 0.6636311453125 0.11892621249999999 0.6632824359375 0.093034559375
5 0.759179828125 0.0925366453125 0.6931188390624999 0.09139313593750001 0.6932721625 0.119424121875 0.724656765625 0.119922040625 0.759179828125 0.12041995937500001 0.759179828125 0.0925366453125
0 0.68246190625 0.3340363875 0.6782773171875001 0.347480128125 0.6754875671875 0.364907196875 0.6742919640625 0.3871724671875 0.7316311421874999 0.38830926718750003 0.7305849765625 0.371380115625 0.68246190625 0.3340363875
3 0.66886191875 0.3878061859375 0.8282259546875 0.3853166109375 0.8282259546875 0.2897089421875 0.8278772453125001 0.09502364218750001 0.6807183218749999 0.0940278140625 0.53120770625 0.0945301890625 0.5332106890625 0.2234937984375 0.5325132499999999 0.386312446875 0.66886191875 0.3878061859375
3 0.6577554078125 0.5466176968750001 0.6687670625 0.546959503125 0.6685885203125 0.46636405625000005 0.6546434140625 0.46800275312500006 0.6409985203125 0.473129815625 0.6316625515625 0.48064950624999997 0.6577554078125 0.5466176968750001
0 0.73818839375 0.568493159375 0.7384277984375001 0.5558464078124999 0.6828049921875 0.5543494953125 0.6843270078125 0.5715693953125001 0.6874390015625 0.5866087734375001 0.691987290625 0.6002809421874999 0.73818839375 0.568493159375
5 0.7013232734375 0.802301328125 0.6709579328124999 0.8016931765624999 0.670682140625 0.828620246875 0.7377096375 0.828620246875 0.737949015625 0.801959521875 0.7013232734375 0.802301328125
3 0.8278858203125001 0.82636613125 0.8282314765625 0.6847054046875 0.8282314765625 0.5558873765625 0.6588562046875001 0.5544067046875 0.658164875 0.5672391640625001 0.53153203125 0.567691128125 0.53234324375 0.6585571859375 0.5316519140625 0.8278467890625001 0.8278858203125001 0.82636613125
1 0.29688455 0.6534818484375 0.30607636718750003 0.65764616875 0.2982296921875 0.65988848125 0.2924007359375 0.66789676875 0.31145694687500003 0.715946503125 0.320424575 0.7156261765624999 0.3200882859375 0.5992448718750001 0.312129525 0.5983848265625 0.292176540625 0.651559865625 0.29688455 0.6534818484375