3 0.9128174781249999 0.6285423296875 0.9128988765624999 0.5991839999999999 0.912980275 0.4972936875 0.8857139500000001 0.4976392234375 0.830569721875 0.4976392234375 0.8303255265624999 0.45525340468750003 0.8256569734375001 0.45513822499999995 0.8190636 0.45721144375 0.8128772312500001 0.4613578828125 0.8068736421875 0.46815343593750003 0.8028036625 0.474488271875 0.8003616734375001 0.480477571875 0.7980824875 0.48877044999999997 0.7967800953124999 0.49786958124999997 0.7949079015625 0.49786958124999997 0.794826503125 0.46780790000000005 0.748693271875 0.467743359375 0.7487374921875001 0.5943464875 0.74849329375 0.6285423296875 0.9128174781249999 0.6285423296875
0 0.8153220078125001 0.45940807499999997 0.8083938640625 0.46554572343749995 0.804236975 0.47202435 0.7999596 0.48123082500000003 0.797971525 0.48821183437500004 0.7971280968750001 0.49460521718750006 0.7969021796875 0.501900890625 0.8307446562499999 0.5020169984375 0.8305639203125 0.4549753296875 0.8227321062499999 0.45591302499999997 0.8153220078125001 0.45940807499999997
5 0.9129474484375001 0.58428879375 0.9130090093750001 0.538047915625 0.9130090093750001 0.50939838125 0.9042056578125001 0.5095002015625 0.9042672187499999 0.54510373125 0.9042056578125001 0.5842016859375 0.9129474484375001 0.58428879375
5 0.9128243218750001 0.47849330468750007 0.9129474484375001 0.4117957703125 0.9130090093750001 0.373656015625 0.904051753125 0.37377715 0.9043287843750001 0.4394824609375 0.9042056578125001 0.47849330468750007 0.9128243218750001 0.47849330468750007
0 0.8560210109374999 0.427532159375 0.8526222765625 0.4191539171875 0.8486474812499999 0.4131221046875 0.8444998671875 0.409291090625 0.8397185953124999 0.40676425 0.83568619375 0.4052155421875 0.832201046875 0.405160821875 0.8322874562499999 0.44179657812500006 0.85757636875 0.44179657812500006 0.8571155203125 0.43429756875000003 0.8560210109374999 0.427532159375
3 0.5177426421875 0.4054966390625 0.51847625 0.41110205000000005 0.5206770703125 0.4177455 0.525225434375 0.42688024843749994 0.5346156046874999 0.43518456250000004 0.5347623234375 0.5493246125 0.5347623234375 0.629012825 0.6679231031249999 0.629012825 0.668069821875 0.46818314218749996 0.6531042484375 0.46818314218749996 0.6536911359375 0.34926810937499997 0.6028780390625 0.34926810937499997 0.5346526093749999 0.3492031296875 0.5349090421875 0.40012100000000006 0.5180360859375 0.3998912265625 0.5177426421875 0.4054966390625
5 0.5440057734375 0.5800572140625 0.5438590421875 0.5514183906250001 0.5438590421875 0.5055370609375001 0.5343588375 0.5056208140625 0.5343221546875 0.5381204281249999 0.5344688843750001 0.58026481875 0.5440057734375 0.5800572140625
0 0.6384063609374999 0.4232269515625 0.6327343015625 0.42824311093749995 0.6280751109375 0.434692459375 0.6235172046875 0.4451547359375 0.6209850343750001 0.45518705312499996 0.62078245625 0.46593596562500006 0.6529959921875 0.46593596562500006 0.6531985625 0.4179902234375 0.6500543421875 0.41849743124999994 0.6445848546875 0.41978730000000003 0.6384063609374999 0.4232269515625
3 0.2267832640625 0.422468359375 0.2287122234375 0.43170646718750005 0.23108633125 0.440734615625 0.23776349375 0.45123246406249995 0.247259915625 0.45963074375 0.2549757625 0.4627801015625 0.254827371875 0.46823897968750006 0.27915801406249996 0.46823897968750006 0.27900963437500004 0.547149225 0.27886125 0.6296287484375 0.40306142031250003 0.6296287484375 0.446092065625 0.6296287484375 0.44594368749999996 0.46529957812499995 0.44594368749999996 0.3496580546875 0.32313789375 0.3496580546875 0.2550678625 0.349219428125 0.2549757625 0.41553977968750005 0.227080028125 0.41553977968750005 0.2267832640625 0.422468359375
0 0.41292452500000004 0.3941969609375 0.41579588906250003 0.4027645296875 0.42032381875 0.41057785156250004 0.42904834843749995 0.42042263437500005 0.4383250703125 0.425579428125 0.44605567187500006 0.42636075937499995 0.44577957812499996 0.3751137703125 0.41104709218749996 0.375288725 0.41115753125000004 0.3851335109375 0.41292452500000004 0.3941969609375
5 0.4457770484375 0.5811543609375 0.44580617812499995 0.5570941687500001 0.44583530624999995 0.5312616140624999 0.44574791874999997 0.5120896390625 0.4412037046875 0.5121308578125 0.44129109531250005 0.5534257874999999 0.441349353125 0.5811543609375 0.4457770484375 0.5811543609375
3 0.24355224375 0.6295574421875 0.282705259375 0.629392559375 0.2828217921875 0.463590375 0.259225428125 0.46375525937499995 0.25934195312499997 0.41892460624999994 0.2595750046875 0.349864915625 0.17144010468749998 0.349864915625 0.1057772328125 0.34985654843749997 0.1056768765625 0.43408507343749997 0.10556035156250002 0.6295574421875 0.24355224375 0.6295574421875
5 0.11455268593750001 0.47371256875 0.1144904734375 0.4311236171875 0.11442825937500001 0.3742734015625 0.10554712031249999 0.3742205078125 0.10559378281250001 0.430502696875 0.10559378281250001 0.47380060312500005 0.11455268593750001 0.47371256875
0 0.2293891140625 0.43622232343749995 0.232624746875 0.444174196875 0.23943659843749998 0.45357187187500003 0.25033555 0.4612827828125 0.259361259375 0.46248761250000003 0.25868007187500003 0.4143448765625 0.2270049625 0.41501731875000003 0.2270049625 0.4256198234375 0.2293891140625 0.43622232343749995
5 0.115428175 0.6085579828125 0.1152862875 0.5670194296875 0.1155700640625 0.5061959984375 0.10538940000000001 0.5060325531250001 0.1056377078125 0.537115 0.1056377078125 0.6085579828125 0.115428175 0.6085579828125
0 0.691518853125 0.42536091249999997 0.6764083734375 0.4391932203125 0.671964153125 0.45616925156250004 0.6678513781250001 0.4719826546875 0.7039626375 0.47188778750000004 0.7021849640625 0.42473220625 0.691518853125 0.42536091249999997
0 0.5206649734375 0.418644528125 0.525538990625 0.42668054531250005 0.5339331406250001 0.43509923281249996 0.5433201453125001 0.43701256875 0.5432528750000001 0.400059240625 0.5181377046875 0.3998010609375 0.5184987421875 0.40984317499999995 0.5206649734375 0.418644528125
5 0.5435006625 0.473618571875 0.5435006625 0.4589393171875 0.5435909203125 0.43559659531249995 0.5341194140625001 0.43530334843749996 0.5344746953125 0.4512963015625 0.5345649578125 0.47349101562499996 0.5435006625 0.473618571875