3 0.6142610296875 0.76984729375 0.72675895 0.7702348906250001 0.8732812187500001 0.7696534984375 0.8732812187500001 0.7268344578125 0.873462953125 0.58038510625 0.8732812187500001 0.493206971875 0.6812009140625 0.492431778125 0.6148663953125 0.492431778125 0.6144427640625 0.5635350046875 0.6146245 0.7192866640625 0.6142610296875 0.76984729375
5 0.87404918125 0.6942012 0.874374646875 0.6484068390625 0.8742119140625 0.60537976875 0.854805771875 0.604983565625 0.8548464578124999 0.62672439375 0.8548464578124999 0.69385413125 0.87404918125 0.6942012
0 0.632919009375 0.5079545671875 0.6213004859375 0.5047332953125 0.6149683953125 0.504718609375 0.6145617578125 0.5654418265625 0.6224623390625 0.5659374078125 0.646164134375 0.5146448921875 0.632919009375 0.5079545671875
0 0.5971883015625 0.726937321875 0.5501599734375 0.7542143140625 0.5501599734375 0.7697383828125 0.60656219375 0.7694623218750001 0.6046556453124999 0.7516729796875 0.6011602890625001 0.7354084375000001 0.5971883015625 0.726937321875
3 0.2970520484375 0.546506325 0.2644123046875 0.5810965343750001 0.2642431765625 0.6860064015625 0.2978798375 0.722795778125 0.2978798375 0.7273042796875 0.33779165624999996 0.7271239421875 0.337960784375 0.7694846390625 0.5429600703124999 0.7696649765625 0.54363653125 0.697738121875 0.5436376734375 0.5845133828125 0.516409696875 0.5845133828125 0.5172552859375 0.5070055953125 0.40858880937500003 0.5059235546874999 0.337855246875 0.5056833078125 0.33780945625 0.540555103125 0.2973902921875 0.540555103125 0.2970520484375 0.546506325
0 0.5200669453125 0.6304439390625001 0.5114439296875 0.635719884375 0.5373129875 0.6847729874999999 0.5439569484375 0.6846222484375 0.543568203125 0.625347240625 0.534627128125 0.6265246656250001 0.52840724375 0.6275798546875 0.5200669453125 0.6304439390625001
5 0.2986707 0.7229922875 0.3045742765625 0.709633915625 0.27750421406250003 0.6798544640624999 0.27764820156250003 0.6262919890624999 0.27750421406250003 0.5876151421875 0.303854328125 0.5578356953125 0.29791475156249997 0.5446970640625 0.26425715156249996 0.5811662734375 0.26440114531250003 0.6862951500000001 0.2986707 0.7229922875
5 0.3550797109375 0.4674574140625 0.355221640625 0.4396250015625 0.3550797109375 0.4113224046875 0.3367704125 0.41134731875 0.33662848125 0.4393142375 0.336486546875 0.467306065625 0.3550797109375 0.4674574140625
0 0.5208872390625 0.39166272812499997 0.511966853125 0.39679636406249996 0.537453690625 0.44630475937499997 0.5436838078124999 0.44600278437499996 0.54357760625 0.3854622515625 0.5351881953125 0.386982059375 0.5296660453125 0.3884919515625 0.5208872390625 0.39166272812499997
3 0.5434452828125 0.3693377140625 0.623553228125 0.37016546250000004 0.623087490625 0.35759249843749996 0.6308498890625 0.356599203125 0.6406305031249999 0.3534537546875 0.6513426140624999 0.3483217125 0.62619245 0.2999811734375 0.6247952156250001 0.2998156234375 0.6233979828125 0.3003122734375 0.6232427359375 0.2265123625 0.623087490625 0.1628021640625 0.4182768125 0.1624710625 0.33770311875000003 0.16303838125 0.337622509375 0.18034161875000002 0.3374672640625 0.3690066125 0.5434452828125 0.3693377140625
5 0.3556312703125 0.3069519125 0.35532077968750003 0.258960121875 0.35532077968750003 0.21260618125000003 0.3368074546875 0.21268214218749998 0.3366910234375 0.2427450671875 0.3363805203125 0.306786365625 0.3556312703125 0.3069519125
0 0.5555333515624999 0.342507540625 0.5529308828125 0.35321172343749996 0.55237320625 0.3609425140625 0.5514437546875001 0.36908717812499997 0.6075826531249999 0.3698626640625 0.607954428125 0.35737445624999997 0.5611100625 0.3304157828125 0.5555333515624999 0.342507540625
3 0.6150891328125 0.5014550609375 0.8480877046874999 0.50088259375 0.87358765625 0.50059635625 0.873319240625 0.474549228125 0.9165349468749999 0.474263 0.9170717796875 0.4310724421875 0.9522348890625001 0.39301881562499996 0.9522348890625001 0.3604035953125 0.9522348890625001 0.2814340203125 0.9171575484375 0.241933971875 0.9171575484375 0.198457190625 0.87286815625 0.1981709625 0.873136571875 0.1626781640625 0.80337843125 0.1626781640625 0.7880784671875001 0.1309063875 0.7299026015625001 0.1309063875 0.7073552703125 0.162964396875 0.615085703125 0.16208140937499999 0.6148207046875 0.25710428125 0.6148207046875 0.3784209765625 0.6150891328125 0.5014550609375
0 0.6513394265625 0.34833090312500004 0.6248903015625 0.298701253125 0.61432245 0.2989442953125 0.6147357203125 0.3579001921875 0.629022978125 0.35727063281250004 0.64059446875 0.35374510625 0.6513394265625 0.34833090312500004
5 0.9385915640625001 0.3865795953125 0.9098135031249999 0.4179857875 0.9161474390625 0.43076009062500004 0.9522232781250001 0.3925840140625 0.9522232781250001 0.2807378734375 0.917248984375 0.24110387968749997 0.9095381203124999 0.2550580890625 0.9385915640625001 0.28736092343749997 0.93872925625 0.34049029062499997 0.9385915640625001 0.3865795953125