3 0.5627100046875 0.9114720328124999 0.9959625859375001 0.9117123218750001 0.9959625859375001 0.7313598109375 0.996383525 0.5654440796875 0.860890275 0.5659246546875 0.860890275 0.6070723609375 0.74598040625 0.6070723609375 0.562604265625 0.607087678125 0.5627100046875 0.66115669375 0.5631309718749999 0.83115733125 0.5627100046875 0.9114720328124999
0 0.605647378125 0.63736815 0.629220815625 0.6520257421875 0.6923639984375 0.6143004750000001 0.692784965625 0.606851534375 0.5939299515625 0.607087678125 0.5947025640625 0.6171839343750001 0.5972282843750001 0.627035753125 0.605647378125 0.63736815
5 0.8796074109375001 0.9134138 0.8800283484375001 0.896593621875 0.7841320578125 0.896593621875 0.662455240625 0.8964636015625 0.6632367968749999 0.9134138 0.7470067296875 0.9131735140625 0.8796074109375001 0.9134138
3 0.19828420468750002 0.8427828546875 0.3235484921875 0.9119510203125 0.5783056984375 0.91105336875 0.5793540796875 0.6262788968749999 0.5783056984375 0.51579474375 0.3911579453125 0.5160939609375 0.326682359375 0.4789909296875 0.3120049984375 0.4888651234375 0.30099695 0.50203071875 0.296279221875 0.51579474375 0.0957695078125 0.5158536796875001 0.0955426296875 0.7308029375 0.0950184375 0.8430820734375001 0.19828420468750002 0.8427828546875
0 0.5100607625 0.58066828125 0.5302280781250001 0.58745733125 0.555049396875 0.5933608546875 0.5783194046875 0.5936560296875 0.5796377921875 0.5368296781249999 0.5674600562500001 0.5372773984375 0.49351319374999997 0.5747647671875 0.5100607625 0.58066828125
3 0.0950339140625 0.523796575 0.42198179375 0.5241374875 0.421683165625 0.48216367812499994 0.4222804 0.3416105734375 0.42138455781250006 0.2810569671875 0.15618046875 0.2820797046875 0.15618046875 0.2796933109375 0.09627075625 0.279795621875 0.095929759375 0.33599930625 0.0950339140625 0.42128296875000004 0.0950339140625 0.523796575
0 0.277800425 0.3233302671875 0.284967253125 0.3177051859375 0.29482166875 0.308159603125 0.2993009453125 0.2946935140625 0.2998982015625 0.28156833593749997 0.203413203125 0.28148438750000004 0.20374297968750002 0.28770478125 0.2724252671875 0.32673939375 0.277800425 0.3233302671875
0 0.31425110625 0.4877678703125 0.3040491375 0.4991374890625 0.2989481609375 0.5070407625 0.2970049171875 0.5132801890625001 0.2967620234375 0.517439803125 0.2968545890625 0.52369818125 0.39343780625 0.523956540625 0.39343780625 0.516746534375 0.32566759843750004 0.4800032515625 0.31425110625 0.4877678703125
5 0.3909406953125 0.29214205625 0.3909406953125 0.2811212453125 0.3479757078125 0.28143169375 0.302119115625 0.2816162328125 0.3020194859375 0.2918316125 0.34389675625 0.29214205625 0.3909406953125 0.29214205625
5 0.6212483859375 0.2926104859375 0.6212483859375 0.2800672 0.55567445625 0.28026629999999997 0.47614147031250004 0.2801281 0.4751022171875 0.2922122875 0.5207946890625 0.2922122875 0.6212483859375 0.2926104859375
0 0.638785746875 0.4108392328125 0.6280436921875 0.4044222859375 0.5608434671875 0.44249617812500003 0.5608385921875 0.44896598593750003 0.65852113125 0.4496261171875 0.6572720515625 0.43180126406249997 0.64977760625 0.42096375156250004 0.638785746875 0.4108392328125
3 0.709375153125 0.5337695140625 0.850322109375 0.5333449765625 0.99609493125 0.5335572453124999 0.9953512203124999 0.530373203125 0.9964667875 0.43308488437500003 0.9957230765625 0.2795107 0.9596517078125 0.27972296874999997 0.9600236140625 0.287152415625 0.9343646078125 0.287152415625 0.9343646078125 0.281421128125 0.8469995656249999 0.281421128125 0.684333459375 0.281366265625 0.6818568203125001 0.4498713875 0.710118890625 0.4492345796875 0.709375153125 0.5337695140625
5 0.921108971875 0.291822696875 0.921108971875 0.28116621249999996 0.8221657812500001 0.28087558281249997 0.742225065625 0.281125128125 0.7424093375 0.291822696875 0.812829925 0.291822696875 0.921108971875 0.291822696875
0 0.7744607375 0.4643842625 0.755700240625 0.45965978749999997 0.7336290984375 0.45619517031249995 0.7228693984375 0.455880203125 0.710411440625 0.4552608796875 0.7110061609375 0.511314071875 0.7225935171875 0.5116290359375 0.788255184375 0.47320328749999996 0.7744607375 0.4643842625
5 0.5193038078125001 0.9124825875000001 0.518986946875 0.896746321875 0.46765356718750006 0.896565446875 0.36982587968749997 0.8964216625000001 0.37005675937500004 0.9128443390625 0.4308963125 0.913206090625 0.5193038078125001 0.9124825875000001
0 0.26006801875 0.835050865625 0.2341789796875 0.8419721734375001 0.22238145468749998 0.84646166875 0.2123418875 0.8525350218750001 0.286612475 0.8962202484375 0.29906543750000003 0.88948600625 0.29906543750000003 0.83280611875 0.26006801875 0.835050865625
0 0.2763552734375 0.9039840937499999 0.2511958328125 0.900760090625 0.2270632734375 0.901346271875 0.23681897031250002 0.955568146875 0.2491420046875 0.96084378125 0.31180357187499996 0.9156863296875001 0.301514746875 0.91101828125 0.291245575 0.9075011875 0.2763552734375 0.9039840937499999
1 0.5636977484375 0.0163990140625 0.5502382109374999 0.030112450000000002 0.546141853125 0.0371363859375 0.534437921875 0.02542980625 0.5203931953125001 0.0150611328125 0.5116152484375001 0.0103784890625 0.4308581046875 0.055866909374999996 0.4302729171875 0.068576921875 0.66142555625 0.067573490625 0.657329196875 0.0525221734375 0.616950671875 0.0307813875 0.5794980375 0.0107129640625 0.5636977484375 0.0163990140625