3 0.7275992859375 0.9038995 0.7282313546875 0.5689176046875 0.66852931875 0.568415628125 0.6678972703125 0.5533562984375 0.5301566234374999 0.5538582734374999 0.4508843515625 0.5543091171875 0.45078488125 0.7305951312500001 0.4504688359375 0.9033975234374999 0.7275992859375 0.9038995
0 0.4982781015625 0.628683525 0.49152793125 0.610814025 0.4855277734375 0.6003305859375 0.4789276015625 0.5931827875 0.47232743125 0.5896088875000001 0.4642272140625 0.5867497687500001 0.45897707812500005 0.5860349874999999 0.4515938484375 0.586226353125 0.45177689374999996 0.656065728125 0.501128171875 0.6551126921875 0.5005281593750001 0.6408347796875 0.4982781015625 0.628683525
5 0.7288472046875001 0.7819334328124999 0.7288472046875001 0.7176608703125 0.7290380812499999 0.64454718125 0.7108789375 0.64448465 0.7110961578125 0.6690795875 0.710714403125 0.7819334328124999 0.7288472046875001 0.7819334328124999
5 0.441491378125 0.8921418328125 0.4409361609375 0.8630395906249999 0.42400199218749995 0.8630395906249999 0.40552779843750003 0.8630927046875 0.4048469359375 0.8921418328125 0.42067067031249994 0.8925827890625 0.441491378125 0.8921418328125
0 0.42899896406250004 0.7354998015625 0.44065854375 0.7165392390624999 0.4473211859375 0.6896417078125 0.4487092203125 0.658775675 0.40277971093750004 0.6587414765624999 0.40290366562499996 0.7443186703125 0.41511848125000006 0.7429958453125 0.42899896406250004 0.7354998015625
0 0.36119575312499996 0.7159048953125 0.370753234375 0.704734184375 0.379048403125 0.6886941984375 0.3840976328125 0.664634221875 0.38463862656250003 0.6405742421875 0.34038101875 0.640104978125 0.339736509375 0.7202013171874999 0.35127761562500004 0.7202013171874999 0.36119575312499996 0.7159048953125
5 0.3556538421875 0.8904982218749999 0.3556538421875 0.86436419375 0.321288978125 0.864033384375 0.2869331 0.8643553859375 0.2871323859375 0.8901674125 0.312853965625 0.8906636265625 0.3556538421875 0.8904982218749999
0 0.0647676953125 0.6215793578125 0.0711169375 0.6040988953124999 0.0738682765625 0.588971575 0.0738682765625 0.5735080953125 0.020742335937500002 0.5739957984374999 0.021169540625 0.6454469031250001 0.039793996875 0.6434299328125 0.053127409375000004 0.634353534375 0.0647676953125 0.6215793578125
5 0.21251965468749998 0.5253860968749999 0.21251965468749998 0.4980904875 0.1870861640625 0.497653759375 0.160301334375 0.498334175 0.16055285156250002 0.52516773125 0.18626129687499998 0.5256044609375 0.21251965468749998 0.5253860968749999
5 0.32742930000000003 0.5250268015625 0.32742930000000003 0.49794956093750004 0.3007585140625 0.49794956093750004 0.27567660625 0.49785341875 0.2753250234375 0.5250268015625 0.2981464203125 0.5252451671875 0.32742930000000003 0.5250268015625
0 0.41481355625000005 0.536150425 0.42409721093749997 0.52720626875 0.43170677187499995 0.51270223125 0.43642469687499996 0.49843991875000004 0.43840318125 0.48272721562500004 0.43885974687499996 0.4619380875 0.39557265468749997 0.46225463125 0.39578967187499997 0.5417103140624999 0.4053777078125 0.54098510625 0.41481355625000005 0.536150425
3 0.451235971875 0.5835041328125 0.6958378859375001 0.5824349140625 0.7290471875 0.580652871875 0.7288339625 0.5193066640625 0.7277041343749999 0.44206710937500004 0.7621640078125 0.4289068703125 0.733164990625 0.25024943125 0.7973771000000001 0.2245271546875 0.793046071875 0.1957412 0.8340966171875 0.178393615625 0.8325901796874999 0.16553248125 0.828259165625 0.1529462015625 0.8197854328125 0.14038415312500002 0.8077338796875001 0.1299157828125 0.792505046875 0.1257284375 0.7817716578125 0.127523009375 0.7744277421875 0.085051328125 0.7307395546875 0.10264580625 0.619651153125 0.14842958281250002 0.56011881875 0.1730864515625 0.459253353125 0.214467928125 0.36761764218750004 0.2520330546875 0.3677722875 0.36886036093749996 0.4516847453125 0.36814754375000003 0.451235971875 0.5835041328125
5 0.3845569109375 0.3533418171875 0.3845569109375 0.3169281640625 0.3845569109375 0.27240059843750003 0.36742246875 0.2721226875 0.367362903125 0.3054499421875 0.3674875015625 0.3535397109375 0.3845569109375 0.3533418171875
0 0.49438370625 0.5221495046875 0.5009945921875001 0.504236978125 0.502355659375 0.4915746796875 0.5021612156249999 0.47953004374999997 0.4508443578125 0.48076091875 0.45199629531249996 0.5515946609375 0.469495696875 0.5494328 0.4834952046875 0.5386235171875 0.49438370625 0.5221495046875
5 0.7294667515625 0.56572029375 0.72909131875 0.5299419734375 0.72909131875 0.4542111796875 0.7108771015625 0.45395484531249997 0.7110710453125 0.5084749734375 0.7110710453125 0.5660184546875 0.7294667515625 0.56572029375
5 0.8155124562499999 0.407685728125 0.810565025 0.3803388859375 0.7895879328125 0.3891401734375 0.7601173828125 0.40211769375 0.7644550078125001 0.4284316078125 0.788796346875 0.419001659375 0.8155124562499999 0.407685728125
3 0.8169432421874999 0.405297425 0.8986484062500001 0.37432838749999997 0.9126991015625 0.3350114875 0.9687039687500001 0.18437030625 0.961777571875 0.1374585109375 0.9417436171875 0.0159378265625 0.8414369671875 0.057027848437499994 0.764688396875 0.0900082734375 0.7840923281250001 0.20860184375 0.7993303968750001 0.303266553125 0.8169432421874999 0.405297425
0 0.8214948671875 0.141938096875 0.8102147359374999 0.1309364953125 0.7965598453125 0.125907190625 0.78290494375 0.1271645171875 0.7771659265624999 0.1287361765625 0.7714848875 0.130492534375 0.7823112531249999 0.1994607609375 0.8339623921875001 0.17777188906250002 0.8311918281249999 0.159540659375 0.8214948671875 0.141938096875
5 0.9655257359375 0.160082096875 0.9591126781250001 0.12293233750000002 0.9487386250000001 0.0537259234375 0.9306990015625001 0.05973449374999999 0.937044234375 0.0989647421875 0.9485500124999999 0.1678715609375 0.9655257359375 0.160082096875