3 0.712190578125 0.6903392640625 0.9542562 0.6907268625 0.95443795 0.6211636875 0.95443795 0.5219804046875 0.95443795 0.43577126093749996 0.8589127875000001 0.43518986406250004 0.7738874906250001 0.43538366249999993 0.712687084375 0.4351816828125 0.71309926875 0.5299364546875001 0.712735790625 0.6149828078125 0.712190578125 0.6903392640625
0 0.7365875468749999 0.462055165625 0.73023080625 0.4593921609375 0.724782165625 0.4579396125 0.7201281234375 0.457334384375 0.7127497625 0.4561779203125 0.7128632734375 0.5132445921875 0.719106503125 0.5133656359375001 0.7430578078125001 0.4658075828125 0.7365875468749999 0.462055165625
5 0.8776101515624999 0.6916225875 0.8778371828125 0.6724973656250001 0.8352305718749999 0.6724973656250001 0.78539825 0.6724548343750001 0.785598515625 0.6917436312499999 0.8231237859375 0.6915015437500001 0.8776101515624999 0.6916225875
3 0.7211081781249999 0.690599625 0.7214664703125 0.6283342796875 0.7214664703125 0.5208255453125 0.653643884375 0.520252459375 0.565461303125 0.5196643812499999 0.56517431875 0.610588925 0.5653534578125 0.690599625 0.7211081781249999 0.690599625
0 0.660893846875 0.5533107015625001 0.7056793125 0.52790380625 0.7060376046875 0.5210267578125001 0.651699840625 0.5201417515625 0.6515784734375 0.53057821875 0.65462388125 0.5403207078125 0.660893846875 0.5533107015625001
5 0.6909896859375 0.6919266484375 0.6915271171875 0.672441665625 0.647637359375 0.6722506359375 0.6114506937499999 0.6719452359375 0.6116298390625 0.6917356234375001 0.6469207890625001 0.6917356234375001 0.6909896859375 0.6919266484375
5 0.582221165625 0.45626387656249995 0.58235960625 0.4212756875 0.58235960625 0.37951228124999997 0.5640159359375 0.3790984171875 0.56436204375 0.406528478125 0.5642236031250001 0.45596861562499996 0.582221165625 0.45626387656249995
3 0.7130029343750001 0.4435831875 0.7546345343749999 0.44391879218749997 0.8874607546875 0.44375099375 0.9360850890625001 0.4432475875 0.95449625625 0.4435831875 0.954653615625 0.31090519843750003 0.9543388984375 0.21428682187499998 0.953552096875 0.21311220468749997 0.78259231875 0.21277660156249997 0.713275084375 0.21243105 0.71268820625 0.28472803125 0.7131602921875 0.3657407890625 0.7130029343750001 0.4435831875
5 0.8701873484375 0.23141160312500003 0.87034470625 0.212114334375 0.837745340625 0.212114334375 0.7815726984375 0.2122213875 0.780964028125 0.2310760046875 0.8239234062499999 0.2310760046875 0.8701873484375 0.23141160312500003
0 0.737753659375 0.4214282546875 0.74457225625 0.41741004375 0.7176567640625 0.367852065625 0.7133054203125 0.36798800468750004 0.7128119671875 0.42678587968750004 0.7210660625 0.42659453125 0.731473378125 0.423724378125 0.737753659375 0.4214282546875
5 0.6674866984375 0.231031546875 0.66761898125 0.21213069375 0.648439278125 0.21227174375 0.62105859375 0.21205045312499998 0.62132314375 0.230890496875 0.642354675 0.23117259531249998 0.6674866984375 0.231031546875
3 0.29846012499999997 0.6909021578125001 0.32547677343750003 0.7206783234375 0.4197610390625 0.7206783234375 0.447321659375 0.690342715625 0.4970032921875 0.6905360640625 0.4973659265625 0.5275921046875001 0.497184609375 0.4158760390625 0.3508538421875 0.41548933750000006 0.2777819640625 0.41548933750000006 0.2400674359375 0.41581881718749997 0.23957665 0.6143657984375 0.239032690625 0.690515453125 0.29846012499999997 0.6909021578125001
0 0.2609723859375 0.442934971875 0.252631678125 0.44061475312500004 0.247917365625 0.43984134687500004 0.23989395781249997 0.4390111296875 0.2397579671875 0.49668674843750005 0.24519756718750002 0.49707345312499995 0.2694944265625 0.44873552187500004 0.2609723859375 0.442934971875
5 0.44690684531249997 0.6914925171874999 0.434033140625 0.678731303125 0.412637396875 0.70309361875 0.33249403593750004 0.702513565625 0.3106086875 0.6779402546875 0.2983242671875 0.6909124624999999 0.3258848875 0.720301925 0.4198901890625 0.720881978125 0.44690684531249997 0.6914925171874999
0 0.19758718125000002 0.600863978125 0.19407841718750002 0.5960310843750001 0.1502188921875 0.6225340453125 0.1504381859375 0.6280471125 0.20299653125 0.628458234375 0.20241173437499999 0.616142153125 0.200803553125 0.608658965625 0.19758718125000002 0.600863978125
5 0.1464177296875 0.6295495343749999 0.1464177296875 0.6191042484375 0.1366224328125 0.6192601515625 0.1277774296875 0.6192814906249999 0.12726573593749999 0.6295495343749999 0.136330040625 0.6295495343749999 0.1464177296875 0.6295495343749999
5 0.22649732500000003 0.629127325 0.2263905 0.61921676875 0.2133577609375 0.61933068125 0.20206093125 0.6193164015625 0.2021410546875 0.629696896875 0.212289503125 0.6292412374999999 0.22649732500000003 0.629127325
3 0.23947666406249998 0.42503033749999997 0.4778733625 0.42434660312499994 0.49710899375000006 0.42468846875 0.49726929999999997 0.28920175625 0.4969486984375 0.21316354999999998 0.29883353125 0.21316354999999998 0.239683965625 0.2129781125 0.2393163640625 0.27706545312499997 0.23947666406249998 0.3401126875 0.23947666406249998 0.42503033749999997
0 0.260475559375 0.3624867921875 0.254544571875 0.36129025625 0.24813269531249998 0.3599227859375 0.24508705625 0.359409984375 0.23951673593749997 0.3579963 0.23963695937499999 0.4158181359375 0.24701061562499999 0.4156472046875 0.27009337968749997 0.367956675 0.260475559375 0.3624867921875
3 0.1078932765625 0.33871679375 0.10807811875 0.35547126093750003 0.172013090625 0.3566539328125 0.24816945937499998 0.3566539328125 0.247799759375 0.303849090625 0.247614915625 0.22956962343749998 0.25500873749999997 0.2291754 0.2544541953125 0.12256966093749999 0.20587170625 0.1223725484375 0.1151125515625 0.12220620156249999 0.1152870984375 0.258710584375 0.1152870984375 0.338519684375 0.1078932765625 0.33871679375
5 0.1951370859375 0.1393542 0.19535911875 0.121833959375 0.168213109375 0.12207072031249999 0.132133740625 0.121761065625 0.1321924671875 0.1392358171875 0.1589467078125 0.13911743906250001 0.1951370859375 0.1393542
0 0.1908827578125 0.332175503125 0.188640371875 0.3389505140625 0.18689629531250002 0.3471868 0.1861488375 0.3560873046875 0.2387202296875 0.3560873046875 0.2387202296875 0.3494451375 0.1947446359375 0.32380637343749996 0.1908827578125 0.332175503125
0 0.138364315625 0.33037710625 0.145493971875 0.326203040625 0.1206100609375 0.2772957484375 0.1151929171875 0.2777550734375 0.1148783765625 0.335296546875 0.1225672234375 0.3348493203125 0.1312346484375 0.33291136250000003 0.138364315625 0.33037710625
0 0.069225859375 0.2546384671875 0.067092709375 0.2609209796875 0.0657721828125 0.265578703125 0.065569028125 0.2685033203125 0.0652896859375 0.27639380468749997 0.11392047187500001 0.2763023 0.11392047187500001 0.2701281078125 0.0740000609375 0.246189575 0.069225859375 0.2546384671875
5 0.0641469265625 0.1958558125 0.0643500875 0.1849155765625 0.0644516640625 0.1544894421875 0.0467515796875 0.15418069843749999 0.04667539375 0.1679094703125 0.04667539375 0.19574749062500002 0.0641469265625 0.1958558125
0 0.0842595046875 0.290680815625 0.075015846875 0.2847225953125 0.067905340625 0.28255621249999996 0.063740609375 0.2817979796875 0.060388514062499996 0.281364703125 0.054395375 0.28060646875 0.051855909374999995 0.2807147875 0.0479959203125 0.28060646875 0.04751341875 0.28086006406249997 0.0474880265625 0.3372513390625 0.060693253125 0.3372513390625 0.07816478437499999 0.303462475 0.0842595046875 0.290680815625
4 0.30653745312499997 0.2115420671875 0.30653745312499997 0.23102028749999998 0.42268817812500004 0.2288825265625 0.42694758125 0.22872873125 0.4264100359375 0.2115420671875 0.30653745312499997 0.2115420671875