3 0.8819704140625 0.7874801296875 0.9351913734374999 0.7871533656249999 0.9351913734374999 0.5578479234375 0.8807824468750001 0.5578479234375 0.8805448578125 0.45200928749999997 0.8455954296874999 0.45200928749999997 0.8460706265625 0.3677374703125 0.8206481078125 0.3677374703125 0.819697728125 0.36185560625 0.8185097609374999 0.35597375000000003 0.8154210562499999 0.34943835 0.8104315953125001 0.34061555781249997 0.8042541484375001 0.3353872375 0.7978391296875 0.3314660015625 0.7880977984374999 0.33081245937500003 0.7876226 0.3677374703125 0.7835835171875 0.368064234375 0.7838211078125 0.36185560625 0.7655264109375 0.36120207031249996 0.765288821875 0.3576076 0.7104047062500001 0.35695405625 0.7104047062500001 0.35989498593749997 0.6953175109374999 0.35978365 0.6959185031249999 0.6248009359375 0.69615609375 0.7861730578125 0.8819704140625 0.7874801296875
5 0.7652049375 0.3761831140625 0.7653633984375 0.35765814218749997 0.74236511875 0.35765814218749997 0.7108307421875 0.3571616640625 0.7110894156249999 0.3761831140625 0.733829028125 0.3758562046875 0.7652049375 0.3761831140625
0 0.8179946843750001 0.3560101015625 0.8132823281249999 0.34671650625 0.808925615625 0.3410914359375 0.8030573953125 0.3354865078125 0.79878959375 0.332796253125 0.7945217984374999 0.3314511296875 0.7882979265625 0.330961990625 0.7882090078124999 0.36744953593749996 0.7830520859375001 0.36744953593749996 0.7827853499999999 0.3754356046875 0.8252855109375 0.37594241875 0.8254633328125 0.36762709843749997 0.8204842359375 0.36762709843749997 0.8179946843750001 0.3560101015625
5 0.8247496999999999 0.2556857703125 0.8249669140625 0.2376862703125 0.8074265609375001 0.2376115828125 0.7881077296875 0.2377011125 0.788148459375 0.2556857703125 0.8036252453125 0.2556857703125 0.8247496999999999 0.2556857703125
0 0.8126949859374999 0.38383134375 0.8126949859374999 0.3881888109375 0.813921425 0.3960603640625 0.8160676921875 0.40511193125 0.820258025 0.413405175 0.8293541234375 0.42380686875 0.8392678390625001 0.428867153125 0.8392678390625001 0.43617645312500003 0.8450934234374999 0.4363170140625 0.8449912218750001 0.37658450625 0.8391656375000001 0.37694373593749997 0.8390634359375 0.3842530359375 0.8126949859374999 0.38383134375
3 0.4083973140625 0.9002704703125 0.4083973140625 0.9417099625 0.420216771875 0.9417099625 0.420216771875 0.94441924375 0.5326439109375001 0.9446276515625 0.533250040625 0.9421267765625 0.5446148984375 0.9423351828125 0.5446148984375 0.899645253125 0.5479485984375 0.8992284390625 0.5485547265624999 0.90235453125 0.6006815578125 0.9025629421874999 0.6008330984375 0.899645253125 0.6188653390625001 0.9000620671874999 0.6191684093750001 0.7334038203125 0.6188653390625001 0.6169492296875 0.6035842984374999 0.6167408234375 0.5110781734375001 0.6169492296875 0.425008015625 0.6169492296875 0.38057139218749997 0.616410753125 0.379980046875 0.795683925 0.379909390625 0.9002704703125 0.4083973140625 0.9002704703125
5 0.53312250625 0.9446257156250001 0.53312250625 0.9258211296875001 0.51970253125 0.9258211296875001 0.46149615 0.9259324 0.4204171859375 0.9258142984375001 0.420390934375 0.9446257156250001 0.4908097609375 0.9444031765625001 0.53312250625 0.9446257156250001
5 0.6004567093750001 0.9021134171874999 0.6004567093750001 0.883942278125 0.5785387046875 0.8837568578124999 0.547968671875 0.8838668046875 0.548194121875 0.9022988375000001 0.5651343359375 0.9021134171874999 0.6004567093750001 0.9021134171874999
0 0.56246719375 0.6302112828124999 0.5643546515625 0.63697910625 0.5671858328125 0.6429125421874999 0.5735222906249999 0.6517199828125 0.5792520640625 0.6568190265625 0.5870715203125 0.6600638734375 0.5938798390625 0.6611763890625 0.5940146609375 0.6254929609375 0.598598478125 0.62567838125 0.5987332984375 0.6170563609374999 0.556536 0.61686030625 0.5564003750000001 0.6252976593749999 0.5620627375 0.6251122390625 0.56246719375 0.6302112828124999
3 0.5301992828125 0.625154153125 0.5299834328124999 0.6076467703125 0.5299834328124999 0.4463615359375 0.5300913578124999 0.39012851875 0.524155403125 0.3746913078125 0.471157709375 0.3746913078125 0.4713735578125 0.3674180078125 0.43294701562500004 0.36771487812500003 0.43294701562500004 0.3648946171875 0.3954965359375 0.364746184375 0.395172753125 0.3674180078125 0.3800630484375 0.3674418078125 0.380042896875 0.5623900078124999 0.380042896875 0.6248572890624999 0.5301992828125 0.625154153125
5 0.4329496640625 0.3834133671875 0.4328549421875 0.3644616421875 0.4132787171875 0.36465705625 0.3951273203125 0.36447153125 0.395297065625 0.38334823125 0.41211049062500005 0.3834785046875 0.4329496640625 0.3834133671875
0 0.5191835484375 0.55606023125 0.5142782640625 0.55898366875 0.5094547328125001 0.5632563859374999 0.5062662953125 0.5677539828125 0.5027508453125 0.5742754984375 0.5002982 0.5800099328125 0.498417840625 0.5877682859375 0.4980090671875 0.599225171875 0.5238435671875 0.599450053125 0.5237618140625 0.6061964468750001 0.5299751734375 0.6063088875 0.5298934203125001 0.5472365031249999 0.5237618140625 0.5473019046875 0.5236800609375 0.555385590625 0.5191835484375 0.55606023125
0 0.547994809375 0.3777859734375 0.558069978125 0.3787963609375 0.5692996 0.37403311875 0.577485671875 0.3656613625 0.5805292140625 0.360032075 0.5594343281249999 0.33852531875 0.5620580703125 0.3340507578125 0.5570467203125 0.32827103750000003 0.531832559375 0.374610484375 0.5367651921875 0.38081713125 0.54043843125 0.374610484375 0.547994809375 0.3777859734375
3 0.5570641171874999 0.2626390625 0.5568542171875001 0.3023173546875 0.6189844359375 0.3028947203125 0.6190893843749999 0.200459015625 0.6188794875 0.097438253125 0.5889125421875 0.09772693593750001 0.5890174906250001 0.09469578125 0.5255861375 0.0949844640625 0.5255861375 0.09772693593750001 0.5098455984375 0.097438253125 0.4603618171875 0.09724411875 0.4604455140625 0.1870353328125 0.4602356171875 0.2623503828125 0.5570641171874999 0.2626390625
5 0.589161325 0.11382784531250001 0.589161325 0.09463053437499999 0.5596704625 0.0944861953125 0.5250370640625001 0.0941781875 0.5251420125 0.1131061421875 0.5526388375 0.11339481874999999 0.589161325 0.11382784531250001
0 0.60283505 0.2582119875 0.5943665515625 0.2590524890625 0.58581074375 0.26373530624999997 0.5804851921874999 0.2686454640625 0.576469203125 0.27452899999999997 0.5736754734375 0.280772753125 0.5717547781250001 0.28665628593750003 0.57070713125 0.29109895625000004 0.5706198296875 0.29446097656250003 0.56494505625 0.2945810515625 0.5653160984375 0.3023327984375 0.607287565625 0.3023793421875 0.60720025625 0.29433450625 0.6030969640625 0.29433450625 0.60283505 0.2582119875
3 0.06431958125000001 0.8344781093750001 0.0641977703125 0.8997836375 0.0924559390625 0.9001186765625 0.0924559390625 0.9423334062500001 0.10785480781250001 0.9421658828125 0.107976609375 0.945013703125 0.213645790625 0.9451812203125 0.213645790625 0.942500921875 0.22899289375 0.9426684390625001 0.22887109374999998 0.9001365359375001 0.25030831875000004 0.9003040515625 0.2499429078125 0.8016622906249999 0.24555802187500003 0.8015126296874999 0.245436221875 0.7157787390625 0.2453144203125 0.6508082500000001 0.2453144203125 0.589188134375 0.2453144203125 0.5245526843749999 0.245436221875 0.45991722656249995 0.24555802187500003 0.37451837499999996 0.2355702265625 0.374350859375 0.2355702265625 0.3385018421875 0.2303951765625 0.3385018421875 0.22454865625 0.3401770296875 0.21845853593750003 0.3440299640625 0.2117594015625 0.35123326875 0.2061564921875 0.36195446875 0.2026242203125 0.37451837499999996 0.155425353125 0.37451837499999996 0.155303553125 0.367817625 0.132526503125 0.367817625 0.13240469375 0.3649698046875 0.08685059375000001 0.36446725 0.08685059375000001 0.3674825859375 0.06407353437499999 0.367379434375 0.06431958125000001 0.41854009375 0.06431958125000001 0.6286868453125 0.06431958125000001 0.8344781093750001
5 0.13251170625 0.3834535453125 0.132332046875 0.3645925359375 0.11215062499999999 0.36467489999999997 0.08669927499999999 0.36442205156249996 0.086819046875 0.38353590625 0.1052637890625 0.38353590625 0.13251170625 0.3834535453125
0 0.213761246875 0.4079128359375 0.2164867171875 0.41661537031250007 0.222595528125 0.4266973328125 0.230020071875 0.43380641249999996 0.2377265703125 0.437684090625 0.245151121875 0.4398814390625 0.24496315468750002 0.3911878296875 0.2127274515625 0.3926606328125 0.2126334703125 0.400157478125 0.213761246875 0.4079128359375
0 0.2130093953125 0.649969375 0.21282143125 0.6537177984375 0.2130093953125 0.66099345625 0.2149830125 0.6693950937500001 0.21733255312500002 0.6757286359375 0.2213737625 0.6820621765625 0.2287983140625 0.6902053 0.23904231562499997 0.6955047984375 0.23904231562499997 0.7027431296875 0.244869175 0.702613875 0.2448456765625 0.6439369625 0.23913629531249997 0.6442821140625 0.23913629531249997 0.65035714375 0.2130093953125 0.649969375
5 0.21415138281249999 0.9452456687499999 0.21404751093750002 0.9258167281249999 0.1527971703125 0.9258167281249999 0.10714498593749999 0.9257296734375 0.1074869125 0.9451028046875001 0.159825809375 0.9452456687499999 0.21415138281249999 0.9452456687499999
0 0.287544621875 0.804604065625 0.28587224375 0.7955187671874999 0.2820257734375 0.7861156609375 0.27667416093749997 0.7787554171875 0.2707372171875 0.7733502390625 0.26471665624999996 0.7702451359375 0.2588633265625 0.7689800953125 0.2551840953125 0.7689800953125 0.2551840953125 0.8042862609375 0.2503551 0.8044246218750001 0.250417815625 0.82242965625 0.29289623593749997 0.82242965625 0.29281261875000003 0.804604065625 0.287544621875 0.804604065625
3 0.1422162203125 0.2737573546875 0.144576834375 0.27419024062499997 0.143632590625 0.38280941875 0.24514589999999997 0.38302585625 0.3030596234375 0.38302585625 0.3029022515625 0.2811163796875 0.3029022515625 0.195440034375 0.30274486718750004 0.097426503125 0.260808459375 0.0978593890625 0.260651075 0.09114969218749999 0.1879441828125 0.09050036875 0.1879441828125 0.097642946875 0.14423348593750002 0.0974113671875 0.14441946249999998 0.2017168453125 0.1423736046875 0.20214973125000002 0.1422162203125 0.2737573546875
5 0.155810084375 0.2748206 0.1558931046875 0.23304834218749998 0.1556440453125 0.2019909078125 0.14240215625 0.20175869999999999 0.142194603125 0.2450191671875 0.1425266890625 0.2747064203125 0.155810084375 0.2748206
0 0.235214675 0.338640678125 0.2282441515625 0.339086578125 0.22159783281249998 0.341873434375 0.2160862609375 0.34643793437500003 0.21162836718750003 0.351342803125 0.20830520468749997 0.356033321875 0.2055494171875 0.36227588125 0.20384731406249998 0.3686299125 0.2030367875 0.37453804687500003 0.1976873140625 0.3746495234375 0.1973833671875 0.3826393015625 0.23983467187500002 0.38298960000000004 0.23983467187500002 0.37462903125 0.23537677656249997 0.37440608750000004 0.235214675 0.338640678125
1 0.20548943125000002 0.1449101796875 0.21744512187499998 0.13491495625 0.22213363125000002 0.1242748578125 0.2233057578125 0.11847117031250001 0.231276225 0.1355598 0.241356525 0.1445877640625 0.2528433734375 0.1474895921875 0.25706301875 0.14684474218750002 0.2565941765625 0.11234507187500001 0.2619859484375 0.11137778125 0.260813821875 0.0888079 0.18743868125000002 0.0897751609375 0.1865009765625 0.0897751609375 0.1869698203125 0.11137778125 0.19212718906249998 0.1171814765625 0.19212718906249998 0.1484568765625 0.20548943125000002 0.1449101796875