5 0.1604543953125 0.32428935000000003 0.1604543953125 0.243163940625 0.13425484375000002 0.243170990625 0.1362089921875 0.4273735140625 0.16099319843749998 0.42859344843749997 0.1604543953125 0.32428935000000003
0 0.3894389171875 0.48349665937499997 0.4056025484375 0.48349665937499997 0.406232284375 0.3892051171875 0.39105526875 0.3895619703125 0.34202563124999996 0.4639777578125 0.3668098515625 0.4773969875 0.3894389171875 0.48349665937499997
0 0.404524940625 0.3499142171875 0.40021463125 0.3633334625 0.396443125 0.38346231406250003 0.4833167984375 0.3831661125 0.48264904687500004 0.3694331015625 0.419072190625 0.31209636406249996 0.40883525 0.33222521718750003 0.404524940625 0.3499142171875
0 0.536527796875 0.48105678906250005 0.5602343796875 0.48288667500000004 0.5608861218750001 0.3875581171875 0.5478422859375 0.3895619703125 0.498812678125 0.45848806875000003 0.5138987015625001 0.4719072984375 0.536527796875 0.48105678906250005
0 0.7046293312499999 0.391391871875 0.7046293312499999 0.36821318281250004 0.6224567734375 0.36724509843750003 0.6232724625 0.3816324125 0.6863106046875 0.44140903593749997 0.6981638671875 0.4164004453125 0.7046293312499999 0.391391871875
3 0.135131415625 0.42981651249999997 0.13836413281249998 0.4292065625 0.13782534375 0.51582480625 0.40775764375 0.5164347890625 0.4066800953125 0.5048454296875 0.404524940625 0.504235478125 0.40506371406249997 0.3913824015625 0.402908559375 0.15715566406249998 0.2725221140625 0.15776563125 0.1376485015625 0.1580759171875 0.1372865703125 0.2449970046875 0.135131415625 0.2443870375 0.135131415625 0.42981651249999997
5 0.8662463828125 0.32349616718749996 0.8667851578124999 0.2332212984375 0.8406204953125 0.23273998125 0.8403845859375 0.2753089046875 0.8425397406249999 0.324106134375 0.8662463828125 0.32349616718749996
3 0.684675146875 0.4381696578125 0.6916793546875 0.42719028124999997 0.6997611703125 0.40889133125 0.704610253125 0.3863226265625 0.863013621875 0.38388275781250003 0.8635524546875001 0.3222762484375 0.8662463828125 0.3210563140625 0.8651687765625 0.2320013640625 0.863013621875 0.2320013640625 0.863013621875 0.15575568281250002 0.68790785 0.156975609375 0.5468266828125 0.1547819140625 0.546745659375 0.3820528390625 0.6270249203125 0.3851026921875 0.684675146875 0.4381696578125
3 0.5181899343749999 0.4747802421875 0.54620685625 0.482709784375 0.546745659375 0.7523239765625 0.861936075 0.7547638453125 0.8640912296875 0.6309282281249999 0.8662463828125 0.6309282281249999 0.8651687765625 0.472947178125 0.861936075 0.473557146875 0.8624748484375001 0.3710829578125 0.545857065625 0.373284103125 0.5478232078125 0.39060500625 0.49879360000000006 0.45709124218749997 0.5181899343749999 0.4747802421875
0 0.5186418703125 0.7151416359375 0.5101256203125 0.695376996875 0.4994803421875 0.680432990625 0.4407184015625 0.736352459375 0.44097754375 0.75406011875 0.5233257734375 0.75370678125 0.520770921875 0.7296035625 0.5186418703125 0.7151416359375
5 0.866612534375 0.6321160015625 0.8669907968749999 0.5592648 0.866612534375 0.47184335156249996 0.840322875 0.4723670984375 0.8397554671874999 0.54812285 0.8397554671874999 0.63254453125 0.866612534375 0.6321160015625