0 0.617346609375 0.8106385125 0.5853636375 0.7899244078125001 0.559330903125 0.7729282109375 0.5392485437500001 0.79842249375 0.5325544234375 0.8232528531250001 0.562306090625 0.823385653125 0.6188342375 0.8223233828125001 0.617346609375 0.8106385125
0 0.6453581546875 0.8064721953125 0.6585826859374999 0.8017504687500001 0.6830481265625 0.783807871875 0.7075135078125 0.76256006875 0.6850318109375 0.7502835515624999 0.6480030250000001 0.7449716015625001 0.6460193421875 0.7498113859375 0.6453581546875 0.759727028125 0.6453581546875 0.8064721953125
0 0.42805341874999997 0.6795690796875 0.44363571874999996 0.697241475 0.4592179359375 0.70640495 0.4711337984375 0.70836855 0.47571678281249996 0.6560058859375 0.47205034531249995 0.6478242109375 0.45371832031250003 0.6481514875000001 0.434469665625 0.652733209375 0.411554571875 0.6638602828125 0.42805341874999997 0.6795690796875
5 0.7550733468749999 0.6887144953125001 0.7568219734375 0.626905784375 0.7568219734375 0.5966257625 0.755947640625 0.57789585 0.7410844484375 0.5766471875 0.727423375 0.57656914375 0.7284069703125 0.6343977484375001 0.727532678125 0.6734184046875 0.72796984375 0.6890266703125 0.7550733468749999 0.6887144953125001
5 0.158842640625 0.6522070281250001 0.15943093749999998 0.6379235859375 0.126485790625 0.6366632812499999 0.1270741140625 0.6572482515625 0.1288390328125 0.7005186625000001 0.12942732968749998 0.726144825 0.157077721875 0.726985034375 0.158254315625 0.676572896875 0.158842640625 0.6522070281250001
0 0.5453612609375 0.555425203125 0.5465127046875 0.596126234375 0.5649361078124999 0.59571511875 0.5862381484375 0.5891371624999999 0.607540215625 0.580503609375 0.5931469203125 0.5685810984375 0.572420603125 0.550902859375 0.55558046875 0.536719165625 0.5545729484375 0.5365136078125 0.5459369828125 0.5381580984375 0.5453612609375 0.555425203125
0 0.6841124640625 0.547202765625 0.68583965625 0.5344580046875 0.621933509375 0.5324023906249999 0.6207820125 0.5369247328125 0.6207820125 0.53795253125 0.6357510546875 0.547613890625 0.667416228125 0.5665254843749999 0.6777793875 0.55789193125 0.6841124640625 0.547202765625
0 0.43012788437499994 0.5605023578125 0.44686857343749997 0.5635873265625 0.47224963750000004 0.56474419375 0.47332969062499997 0.5099858 0.47157460156250003 0.5034302109375 0.44956869375 0.5180838734375001 0.4225675625 0.539678740625 0.4106870765625 0.5512474171874999 0.43012788437499994 0.5605023578125
0 0.5498686734375 0.4921391578125 0.5498686734375 0.4814501625 0.5461264796874999 0.4700931046875 0.5380184015625 0.45829067500000004 0.528974746875 0.45116467968749996 0.47401126875 0.4856255515625 0.4712825953125 0.48746272343749997 0.4725299875 0.491693790625 0.5498686734375 0.4921391578125
0 0.5213044203125 0.5193379859375 0.5472003453125 0.5392523453125 0.5571602828125 0.5361229421875 0.5571602828125 0.5096652953125 0.5539731078125001 0.49373381250000004 0.5505867078125 0.48406112187500006 0.532061178125 0.48918195625000005 0.513734871875 0.49373381250000004 0.4997909015625 0.5014150640625 0.5213044203125 0.5193379859375
5 0.651995984375 0.13946988437500002 0.6718518046875 0.1280178125 0.692471296875 0.1149297234375 0.6756702406249999 0.10075096562500001 0.6630694390625 0.10756767812500001 0.6359586015625001 0.1240641125 0.635194928125 0.124473115625 0.6416862390625 0.1326531671875 0.651995984375 0.13946988437500002
5 0.8054966515625 0.18064280625 0.778767703125 0.1558299875 0.7295100265625 0.11302104375 0.703162896875 0.0920255796875 0.681779696875 0.1029323171875 0.686743659375 0.10756767812500001 0.7077450062499999 0.1252911203125 0.7149999890625 0.1312898328125 0.7497476640625 0.16182868749999998 0.7864045390625 0.19264021874999998 0.8054966515625 0.18064280625
5 0.7377935078125 0.21472903125 0.7494336890625 0.2216557703125 0.7591338171875 0.21556024062499998 0.77620610625 0.20558573125000001 0.78978630625 0.1967194953125 0.773102034375 0.18342015 0.75370174375 0.19422586875 0.7377935078125 0.20226089531250002 0.72964538125 0.20780229375 0.7331374359375 0.21140419531250002 0.7377935078125 0.21472903125
3 0.75277183125 0.6351530750000001 0.7512184765625001 0.5708197296875 0.7512184765625001 0.5358800718750001 0.6160806984375 0.5342162781249999 0.57336478125 0.5347708671875 0.548511809375 0.5342162781249999 0.5461818468749999 0.7394174328124999 0.6828729796874999 0.7399720484375 0.75277183125 0.7394174328124999 0.75277183125 0.6351530750000001
3 0.471030515625 0.7128995687499999 0.47226604375000003 0.567889375 0.40122535625 0.567889375 0.2925022359375 0.56921274375 0.2832360625 0.567448253125 0.134977275 0.56700713125 0.134205084375 0.5672842640625 0.13435952499999998 0.8072998984374999 0.14794991875000002 0.8081821515625001 0.4716482796875 0.8087425703125 0.471030515625 0.7128995687499999
3 0.7513750359375 0.49104586875 0.752197134375 0.22903902031249998 0.7431543515625 0.2214075984375 0.804809853125 0.1809024484375 0.7004065125000001 0.09519590781250001 0.6371068906249999 0.12924371875000001 0.6255978125 0.12219934531250001 0.3576019265625 0.1227863671875 0.28361532500000003 0.12337340156250001 0.28361532500000003 0.42559757343750004 0.46036107031249995 0.4273586671875 0.46118316718749996 0.4904588203125 0.7513750359375 0.49104586875