3 0.487208553125 0.6864851375 0.518729140625 0.6858559484375 0.5189480468750001 0.6934062562500001 0.48830301875000004 0.692147871875 0.48830301875000004 0.7000127765624999 0.48939748437499997 0.7103944484375 0.49202419375 0.7173155671875 0.49683983437499996 0.72864103125 0.5093167484375 0.740595690625 0.518729140625 0.7446854390625 0.5182913609375001 0.8195257937499999 0.5126001453125 0.8198403859375001 0.5123812546875001 0.8619962796875 0.550352346875 0.8619962796875 0.550352346875 0.8648276515625 0.650824271875 0.8651422421875001 0.6506053656249999 0.862625475 0.6823448578125 0.8635692593750001 0.6823448578125 0.8163966 0.6873794046875 0.8163966 0.687817184375 0.7509773625 0.68212596875 0.7503481671875 0.6823448578125 0.7239220890625 0.681907078125 0.601279878125 0.607209328125 0.601279878125 0.525343321875 0.60159446875 0.5251244328125 0.5820895078125 0.4922904734375 0.5818334046875 0.49202419375 0.5883814328125 0.487208553125 0.5899544140625 0.487208553125 0.6864851375
0 0.4890070609375 0.692312859375 0.4890070609375 0.6966526187500001 0.4894511140625 0.704311015625 0.49069445937499995 0.71235233125 0.49449784531249996 0.7211192609375 0.49902718906250004 0.728777659375 0.50790825625 0.738095375 0.518299109375 0.7429456953125 0.518299109375 0.75175285 0.5249599093749999 0.751497571875 0.524782284375 0.6853256937500001 0.51840339375 0.685930859375 0.51840339375 0.6924405 0.4890070609375 0.692312859375
0 0.6433639859375 0.7682706625 0.645404671875 0.777278884375 0.649923340625 0.7885915265625 0.6572115203125 0.798437721875 0.6722251734375 0.807864928125 0.6722251734375 0.8166636546875001 0.687676109375 0.8166636546875001 0.687821871875 0.7506732125 0.6719336499999999 0.75088270625 0.6722251734375 0.7586339625 0.64263516875 0.7586339625 0.6433639859375 0.7682706625
5 0.6501557375 0.8654382593750001 0.6500260515625 0.8436306140625 0.604510353125 0.8436306140625 0.549587290625 0.8435679031250001 0.5495659890625 0.8648790843749999 0.595038140625 0.8652518656250001 0.6501557375 0.8654382593750001
5 0.685211490625 0.5655173078125 0.685211490625 0.5276546718749999 0.685211490625 0.451901159375 0.6685787999999999 0.45181204375000006 0.6689934625 0.500358696875 0.6689934625 0.5649875718749999 0.685211490625 0.5655173078125
0 0.6309461171875 0.4475476609375 0.6317332890625 0.4536286140625 0.6350787875 0.46183083125 0.639801846875 0.46960879687499996 0.647181621875 0.47752818281250003 0.65751330625 0.48233637656250006 0.66587705 0.4836091359375 0.6656802515625 0.44331267187499995 0.6706001015624999 0.4434540875 0.6704033109374999 0.43383769531249994 0.624107521875 0.4340020921875 0.6239599296875 0.44288088124999997 0.6308477140625001 0.443163715625 0.6309461171875 0.4475476609375
3 0.6534545656249999 0.3540283515625 0.6822248375 0.35373086875 0.68201784375 0.22614576875 0.68201784375 0.1030386515625 0.6369820234375 0.10363359999999999 0.6371890171875 0.10006390000000001 0.5361825984374999 0.10006390000000001 0.5363895765625 0.10333612656249999 0.4836095875 0.10303116718750001 0.48342744687500006 0.258868028125 0.483841409375 0.3525409765625 0.6534545656249999 0.3540283515625
5 0.637526378125 0.12125004531250001 0.6376413046875 0.10010734218749999 0.589125246875 0.10010734218749999 0.5360281171875 0.09951819843750001 0.5359307734375001 0.121745578125 0.5599494046875 0.12125004531250001 0.637526378125 0.12125004531250001
0 0.5305776343749999 0.34591723750000003 0.5308215203125 0.30586744375 0.5225293343749999 0.3062179640625 0.513383546875 0.3105994484375 0.50618886875 0.3169087875 0.5008233328125 0.32444494062499996 0.4961894671875 0.33548628125 0.49423836874999993 0.346527628125 0.48923866718750003 0.3468781421875 0.48948255625000003 0.35544970625 0.4961360390625 0.358128515625 0.5355773296875 0.3555565015625 0.5356992734375 0.34591723750000003 0.5305776343749999 0.34591723750000003
0 0.6639472718749999 0.367776671875 0.6588234265625 0.37091031874999997 0.6519552843749999 0.3782743875 0.645087146875 0.38736196093749997 0.64138053125 0.39808665468750004 0.6388731171875001 0.40983782812499997 0.6385460625 0.42205905 0.6722326421875 0.42221572968750004 0.6722326421875 0.429109753125 0.68738615625 0.429109753125 0.6872771390625 0.3575309921875 0.6721236265625 0.3577097921875 0.6722326421875 0.3658964859375 0.6681989765624999 0.3665232140625 0.6639472718749999 0.367776671875
3 0.315084571875 0.423519878125 0.490751040625 0.42403009999999997 0.49057354062499997 0.36359633750000003 0.49057354062499997 0.2401641265625 0.4898635265625 0.1039900375 0.4536083671875 0.10373492656250001 0.4536083671875 0.099908284375 0.352076778125 0.099908284375 0.351721765625 0.1032247109375 0.31466805781249996 0.10333904687499999 0.3152620734375 0.2187485265625 0.315084571875 0.31922088125000003 0.315084571875 0.423519878125
5 0.4546941890625 0.12194033281250001 0.45451711250000004 0.0990353140625 0.4052891890625 0.09928981406250001 0.3511030671875 0.0986403796875 0.3511030671875 0.1216858359375 0.39820603593750004 0.12194033281250001 0.4546941890625 0.12194033281250001
0 0.4532006453125 0.35763401875 0.45332515781250005 0.3613920453125 0.454196759375 0.370160771875 0.4578076734375 0.3821506671875 0.4629127546875 0.39127729843750003 0.4707571546875 0.40129869687499997 0.4837066359375 0.4086357984375 0.48395566093750003 0.41561498593749996 0.4908039421875 0.41561498593749996 0.4909284546875 0.350644221875 0.4834576015625 0.3510127375 0.48333308906249994 0.3579919265625 0.4532006453125 0.35763401875
3 0.3368994984375 0.8434874125 0.3465593546875 0.8500902296874999 0.3594391609375 0.858343746875 0.3743889375 0.8646164234375 0.390028703125 0.8689082515625 0.40635846249999996 0.8702288203125 0.42268820625 0.8689082515625 0.43763799062500003 0.86560684375 0.45281776406249996 0.8599944562499999 0.4679975359375 0.850750509375 0.4836373 0.8368846062499999 0.5250366765625001 0.8372147468750001 0.525266665625 0.5828191359375 0.49881707343750004 0.5831492765624999 0.49904706093750006 0.4922535703125 0.490537190625 0.4912631625 0.490537190625 0.41434035625 0.41464321093749995 0.4136800765625 0.3147258375 0.413983428125 0.3143682734375 0.8368846062499999 0.3299996 0.8362243156250001 0.3368994984375 0.8434874125
0 0.4752692109375 0.4303085828125 0.4677535921875 0.43570260312500003 0.46169934687499997 0.4449922875 0.4560626484375 0.45997566875 0.45397497031249995 0.47945405937499996 0.4827848140625 0.47945405937499996 0.48299358750000004 0.48694575625000003 0.4907179640625 0.48634640312500005 0.4907290234375 0.41997473125000007 0.4827848140625 0.41982022187499995 0.48299358750000004 0.427911240625 0.4752692109375 0.4303085828125