5 0.6135044828125 0.7277588953125 0.5662684625 0.7273748703125 0.5396643421875 0.72699085625 0.52563949375 0.7272579234375 0.5260907593749999 0.7392796109375 0.570069084375 0.7396636359375 0.6135044828125 0.7388955859374999 0.6135044828125 0.7277588953125
0 0.515404125 0.6053057468749999 0.5171287765625 0.5809088578125 0.51755995 0.5623062375 0.4783242453125 0.5623062375 0.45932118906249997 0.5621655062500001 0.462802434375 0.58182374375 0.471425665625 0.594632103125 0.4856540015625 0.6022561359374999 0.515404125 0.6053057468749999
0 0.4515486359375 0.46138667343749995 0.43063521875 0.46355136718749995 0.40972177343749994 0.47184937343750005 0.394419278125 0.4859198921875 0.3937701265625 0.5069910078125 0.3949293484375 0.5068452921875 0.4515486359375 0.507206075 0.4515486359375 0.46138667343749995
0 0.5121498171875001 0.46265599062499996 0.48494206562500003 0.466184071875 0.46816397031249996 0.4751646375 0.45909471875 0.48478666718749996 0.45682741250000003 0.5065966171875 0.4799540015625 0.5056344109375 0.5121498171875001 0.5069173515625 0.5121498171875001 0.46265599062499996
0 0.44054040624999996 0.5461587609375 0.43681326406250004 0.53640480625 0.427495440625 0.5282325796875 0.40438724531250003 0.5216420640625 0.385006171875 0.52006034375 0.3849819984375 0.5654120875 0.40066010468749996 0.5661939125 0.4435220984375 0.565930284375 0.44054040624999996 0.5461587609375
0 0.42115095 0.3682673359375 0.44048843125000003 0.3710832859375 0.458119675 0.37188783124999997 0.459257178125 0.33085554687499996 0.4585059046875 0.330412728125 0.3978322234375 0.32964872343749996 0.3949884828125 0.342521590625 0.4069322140625 0.35740585 0.42115095 0.3682673359375
5 0.421030825 0.22822611875 0.3978662171875 0.22822611875 0.37624590156250004 0.22849919062500001 0.3469040421875 0.22713382656249997 0.3348647703125 0.2274837125 0.33416349218749997 0.23860288281250003 0.361574971875 0.23860288281250003 0.4206447578125 0.23860288281250003 0.421030825 0.22822611875
5 0.6250061 0.2280822625 0.5518999859375 0.227596740625 0.5199804515625 0.22711121875 0.50899734375 0.2263829375 0.49874529531249995 0.2264755765625 0.49870073593750003 0.2331802359375 0.49870073593750003 0.2368216484375 0.6246628875 0.236336125 0.6250061 0.2280822625
3 0.45964617187499995 0.2663998765625 0.45847918125 0.22884263124999998 0.39370960781250003 0.22884263124999998 0.3575320046875 0.22884263124999998 0.3184368625 0.23008077500000002 0.305599678125 0.22966805625000003 0.305599678125 0.41208897968749997 0.45847918125 0.41167625 0.4590626765625 0.3258311203125 0.45964617187499995 0.2663998765625
3 0.6894128890625 0.5036176140624999 0.653761803125 0.5044871296875 0.611349334375 0.5044871296875 0.570166184375 0.5044871296875 0.571395503125 0.560571103125 0.45276349062500004 0.5592668328125 0.451834096875 0.5593156593749999 0.45091948125 0.7370834875 0.6906422734375 0.736648715625 0.6900275484375 0.62752406875 0.6894128890625 0.5036176140624999
5 0.69299715 0.439326271875 0.6941637843749999 0.42392344218750005 0.6937749203125 0.4096208265625 0.6801643484375 0.40852062031249997 0.6784558781250001 0.40903441249999994 0.67860885 0.4324500109375 0.6778311234375 0.4591299078125 0.6926082859375 0.46023011406250003 0.69299715 0.439326271875
3 0.39368955156249996 0.3478202765625 0.4038443921875 0.36353205312500003 0.42415407031249996 0.3752036796875 0.452714565625 0.37430586093749996 0.45207990468750003 0.5055824859375 0.6291549796875 0.5069292265625001 0.6881800296875 0.507378125 0.689449353125 0.378990346875 0.6888146921875 0.22994399531249998 0.643752559375 0.2294950859375 0.5790154109375 0.22994399531249998 0.52697185625 0.2294950859375 0.4692162015625 0.22994399531249998 0.45156300156249995 0.2289718296875 0.4533492640625 0.32761940312500004 0.3974976296875 0.3249259453125 0.385438734375 0.3321084875 0.39368955156249996 0.3478202765625
0 0.6265492484374999 0.5559402796875 0.6347618859375 0.5655248171875 0.649134009375 0.5597160078125001 0.682395184375 0.5405469421875 0.6265492484374999 0.537932978125 0.5748096421875 0.539966059375 0.5737933921875 0.5403629296875 0.5928774515625 0.5539072 0.615872834375 0.5658152515625 0.62326420625 0.56407261875 0.6265492484374999 0.5559402796875
0 0.49168174843749995 0.5372764125 0.5022682046875 0.5514774375 0.5161401140625 0.562321859375 0.5212508125 0.56309645625 0.5216158531249999 0.5300468 0.5230760578125 0.5065505609375001 0.5157750515624999 0.5070669624999999 0.5106643546875 0.5117145703125 0.49423709687499995 0.52720659375 0.49168174843749995 0.5318542015625 0.50190314375 0.53443620625 0.49168174843749995 0.5372764125