5 0.20607836562499998 0.14001563749999998 0.20607836562499998 0.1213010828125 0.20594456718749998 0.10513851249999999 0.196478409375 0.10526702031249999 0.19657843749999998 0.10570561875 0.19644463125 0.13987385937500002 0.20607836562499998 0.14001563749999998
0 0.24728933749999998 0.149516896875 0.24407809687499998 0.1526359890625 0.2727116859375 0.19204997968749998 0.2788665828125 0.1917664265625 0.279191025 0.13984840625 0.2689652375 0.14058495 0.2597329140625 0.1428533796875 0.2526414125 0.14611425 0.24728933749999998 0.149516896875
0 0.44610928281250006 0.117490840625 0.47619139062500004 0.157811496875 0.48364762812500006 0.1583563734375 0.48351026093750005 0.10468733593749999 0.470277803125 0.10577605781249999 0.46050755781249997 0.1090452984375 0.45150863125 0.1134042859375 0.44610928281250006 0.117490840625
0 0.43968146875 0.2648805984375 0.48261917656250003 0.22728430312499998 0.427522815625 0.22483891093750002 0.4275972171875 0.23491254375 0.43042543593750004 0.245537575 0.43428212187500004 0.255890178125 0.43968146875 0.2648805984375
5 0.484933184375 0.31310614999999997 0.484676078125 0.2332779171875 0.47448749062499995 0.23342116562499998 0.4743916078125 0.2722406234375 0.4746487140625 0.3133785953125 0.484933184375 0.31310614999999997
3 0.43187544375 0.24795750156250002 0.44028955468750003 0.2635598484375 0.47631249374999995 0.2323551546875 0.4836748375 0.2304048640625 0.48262306875 0.09413208906250001 0.3558854734375 0.09415990937499999 0.272007275 0.0944385234375 0.2714813921875 0.13873803906249998 0.26595963437500003 0.140131109375 0.2530755203125 0.14431030625000002 0.2428208234375 0.151832865625 0.271744340625 0.19083873125 0.2718331515625 0.2326946890625 0.3435272421875 0.2331910046875 0.4279313375 0.2331910046875 0.43187544375 0.24795750156250002
0 0.781323503125 0.16231041875000002 0.7828848359375 0.1474209234375 0.731000884375 0.1473981171875 0.731361015625 0.154865671875 0.7696135468749999 0.18712624375 0.7768997359375 0.17692418125 0.781323503125 0.16231041875000002
0 0.902326371875 0.1463179953125 0.9109136921875001 0.146593728125 0.9115311453125001 0.10347157656249999 0.9044081484375001 0.10357962968750001 0.8796871328125 0.13556446875 0.8898357718750001 0.1419062953125 0.902326371875 0.1463179953125
0 0.6327371625 0.1369431296875 0.6392426999999999 0.1432849484375 0.6532946468749999 0.1493510421875 0.6682484718749999 0.1521133953125 0.6712499171874999 0.0944804921875 0.667086371875 0.0944804921875 0.6327371625 0.1369431296875
3 0.7879008171875 0.3199101640625 0.84788723125 0.31928083749999997 0.8484811734375001 0.33186734375000004 0.9114372203125001 0.33249667031249996 0.9114372203125001 0.23148345781250002 0.9114372203125001 0.1480978765625 0.811954796875 0.1480978765625 0.7209151390625 0.1486679390625 0.7216781812499999 0.3315526890625 0.788197771875 0.3315526890625 0.7879008171875 0.3199101640625
3 0.455907640625 0.1120468625 0.44690709375 0.1178750328125 0.4761588671875 0.1568178375 0.4761588671875 0.343858825 0.5361625015625 0.34412375 0.536412525 0.320281215625 0.6104170171875001 0.32001630468750003 0.6104170171875001 0.343858825 0.669170571875 0.3435939140625 0.6689205625 0.329818234375 0.6664204171875 0.32955330781250003 0.6671704453125 0.1528454515625 0.6681705078125 0.0950935453125 0.56315829375 0.094033878125 0.4766883234375 0.09369079999999999 0.4761588671875 0.10595376875 0.46765835312500004 0.10595376875 0.455907640625 0.1120468625
0 0.2192956078125 0.6316465203125 0.23267746093750002 0.6334511828125 0.2320495765625 0.583567259375 0.22489165 0.5836941890625 0.19812795625 0.6205607671875 0.20883343906250001 0.6282950171875 0.2192956078125 0.6316465203125
5 0.23438060468750002 0.75307955625 0.23438060468750002 0.72008009375 0.22329235781249998 0.7204713203125 0.2234318203125 0.789430509375 0.23413729062500002 0.78917270625 0.23438060468750002 0.75307955625
0 0.4119942046875 0.802578734375 0.41807687343750005 0.80232093125 0.41814048281250005 0.7483162140624999 0.40834461875 0.7494702296875 0.39179976875 0.7559154484375 0.3815809125 0.763391875 0.4119942046875 0.802578734375
3 0.2049405390625 0.6257182703125 0.2149160953125 0.6290697734374999 0.22489165 0.631905665625 0.22489165 0.7211113296875 0.22318850625 0.7208535203124999 0.22318850625 0.7891793828125 0.22489165 0.7891793828125 0.2251349640625 0.8198585656249999 0.2852316203125 0.8208898015624999 0.28498830625 0.79614020625 0.3591967453125 0.7966558234375001 0.3594400453125 0.821663221875 0.418320175 0.8211476109375001 0.418320175 0.749987184375 0.41807687343750005 0.5713193921874999 0.306399259375 0.5715772015625 0.2252627328125 0.5715011390625 0.2251349640625 0.5852423734375 0.1983712703125 0.62133553125 0.2049405390625 0.6257182703125
5 0.6613111390624999 0.6730885437499999 0.66172678125 0.605706871875 0.6514759890625 0.6056641421875 0.6515438437500001 0.6389573093750001 0.6519594750000001 0.6735289484375 0.6613111390624999 0.6730885437499999
5 0.66172678125 0.7706412546875 0.66172678125 0.7023787796875001 0.6514759890625 0.7025804250000001 0.6519594750000001 0.7288029609375 0.6517516546875 0.7708614625 0.66172678125 0.7706412546875
0 0.502813653125 0.7641735296875 0.49042211093750004 0.75659845625 0.47969866093749997 0.75255841875 0.466786328125 0.7508693984375 0.46730711875 0.805331421875 0.472787990625 0.805331421875 0.502813653125 0.7641735296875
0 0.49185190937499995 0.6194804921875 0.5016221609375 0.6139254359375 0.47493268125 0.577565090625 0.466571903125 0.5776932765625 0.467068825 0.6257930515625 0.47922206093749997 0.6245305421875 0.49185190937499995 0.6194804921875
3 0.5359372046875001 0.8204789515625001 0.5356989125 0.7964912281250001 0.5971800218750001 0.7967437234375 0.5974183421875 0.8217414609375 0.65985265 0.8207314484375001 0.6608058484375 0.76922096875 0.6622356328125 0.76922096875 0.6622356328125 0.7012938890625 0.6603292359374999 0.7017988953125001 0.6608058484375 0.6737711265625 0.6622356328125 0.6732661203125 0.6610441421875 0.6045854640625 0.65985265 0.6053429718750001 0.66009094375 0.5710000265625 0.5433244734375 0.5712525296875001 0.4451453234375 0.5712525296875001 0.44470057812499997 0.62973701875 0.4677837171875 0.630594521875 0.4680220109375 0.8207314484375001 0.5359372046875001 0.8204789515625001