3 0.43721484843749997 0.845333321875 0.563269196875 0.845333321875 0.563269196875 0.798371221875 0.56336314375 0.6641230484375 0.524662846875 0.6642571015625001 0.47244156249999997 0.6643911546875 0.43747648437500003 0.664661290625 0.437402721875 0.6906721171875 0.4373087875 0.7684773375 0.43721484843749997 0.845333321875
5 0.5048855234375 0.8457285109375 0.50503953125 0.8325417421875001 0.49226335 0.8325417421875001 0.47103925 0.83251008125 0.4708493296875 0.8455819921875 0.484761559375 0.8456552515625001 0.5048855234375 0.8457285109375
0 0.5322633171875 0.6792521296875 0.5350897906250001 0.6855264859375 0.5552519890625 0.6694820578125 0.5553147984375 0.664462571875 0.53086008125 0.6642565078125 0.5306930515625 0.6687649906249999 0.531321159375 0.6734259390624999 0.5322633171875 0.6792521296875
3 0.4373237609375 0.6279946562500001 0.48968943437499995 0.62860215625 0.48968943437499995 0.58677678125 0.5299608921875001 0.586169284375 0.5300460296875 0.57923396875 0.5302163156249999 0.48281592812499996 0.5302163156249999 0.4406260546875 0.4907903578125 0.440869053125 0.49096063125 0.4354015734375 0.4373376359375 0.4356337296875 0.4371534796875 0.46932947968749994 0.4372386171875 0.5518867265625 0.4373237609375 0.6279946562500001
5 0.48055178906249996 0.44809793437499995 0.4804895796875 0.43522504843750004 0.4678606828125 0.43522504843750004 0.4521686265625 0.4350986203125 0.4518101578125 0.44836427187499994 0.4642524234375 0.4481867125 0.48055178906249996 0.44809793437499995
0 0.52125490625 0.5366138265625 0.51730321875 0.5388912125 0.5138834906249999 0.5420361796875001 0.5271064453125 0.5752385546875 0.530070215625 0.5752385546875 0.5301110078125 0.5353132234375 0.5277144 0.5356378015625001 0.5250546109374999 0.5356378015625001 0.52125490625 0.5366138265625
5 0.4915494984375 0.42527273593750003 0.4915494984375 0.41607636406250004 0.491616625 0.3992163453125 0.48244415781249994 0.3990462953125 0.4822857671875 0.4101370390625 0.48255427968750003 0.4254643296875 0.4915494984375 0.42527273593750003
0 0.54130164375 0.42991265624999997 0.5437854015625 0.42732617812499996 0.530695340625 0.3946598921875 0.5256374984375001 0.3953554515625 0.525794959375 0.434031865625 0.531299496875 0.43393607031250003 0.5364012625 0.432690728125 0.54130164375 0.42991265624999997
3 0.482687475 0.39214255625 0.5241022875 0.39214255625 0.5629916109375 0.3933053484375 0.563287909375 0.2946108890625 0.563287909375 0.2511390390625 0.5346243937499999 0.2505047890625 0.4829117 0.251129984375 0.482687475 0.2524075390625 0.482465253125 0.319363784375 0.482687475 0.39214255625
5 0.5447623421875 0.26371833906250003 0.54498456875 0.2500819546875 0.532465909375 0.2501876640625 0.5119054249999999 0.2500827 0.511724934375 0.26371833906250003 0.5259473171875 0.2639297546875 0.5447623421875 0.26371833906250003
0 0.5316022484375 0.3778980203125 0.530626853125 0.3830994671875 0.5303188343749999 0.386396159375 0.5301583921875 0.392026209375 0.55573046875 0.3918173875 0.55573046875 0.3869822375 0.5342204171875 0.3707918171875 0.5316022484375 0.3778980203125
3 0.303819515625 0.4469355484375 0.346450109375 0.44648224687500004 0.34660894062500003 0.45214852812500006 0.3478795390625 0.45883473906249994 0.350897221875 0.46631423125 0.3738474765625 0.4469355484375 0.384329953125 0.44727552499999995 0.3842505328125 0.3639169109375 0.3840917140625 0.2738720859375 0.3841711234375 0.225794471875 0.3556720890625 0.22590779843750003 0.3329600734375 0.20947558125 0.33065710625 0.2175216984375 0.329624740625 0.2254544921875 0.3037990671875 0.22556362187499998 0.303581278125 0.2567599140625 0.303581278125 0.3795742125 0.303819515625 0.4469355484375
0 0.3308839328125 0.2155951640625 0.32945450468750004 0.22137477031250002 0.328898615625 0.22568114687500002 0.328695984375 0.23105262187500003 0.35597833125 0.23157407812500003 0.35597833125 0.2269277296875 0.3336633765625 0.20958890624999998 0.3308839328125 0.2155951640625
5 0.3119325109375 0.3522268125 0.311777453125 0.3264301265625 0.3118549796875 0.3011956015625 0.3033320453125 0.3010848453125 0.30348178125 0.32134076093749997 0.30355931406250003 0.35189489375 0.3119325109375 0.3522268125
0 0.3468965890625 0.45452041718749997 0.34822482187500003 0.4598771234375 0.35122777968749996 0.46646999375 0.373518971875 0.4478451375 0.3734034734375 0.4409226234375 0.3459917703125 0.440813571875 0.3459726015625 0.4453728109375 0.34649234375 0.44998781875000005 0.3468965890625 0.45452041718749997
5 0.302601878125 0.447958221875 0.3024992015625 0.43499123281249996 0.2884843015625 0.43491797187500003 0.2703616671875 0.435252015625 0.270105784375 0.447958221875 0.28329930000000003 0.44803148281249994 0.302601878125 0.447958221875
0 0.35899582343750003 0.821032575 0.3576106515625 0.8168994656249999 0.334503490625 0.8363071062499999 0.3344961578125 0.8450823281250001 0.361955053125 0.845112425 0.361703203125 0.833881153125 0.36006618125 0.8250758328125001 0.35899582343750003 0.821032575
5 0.3162049609375 0.8457920828125 0.3161419984375 0.83258410625 0.296812575 0.8324942562500001 0.28075632968750003 0.8328177359375 0.2810090375 0.8459717828125 0.293916309375 0.8461514828125001 0.3162049609375 0.8457920828125
0 0.3244535625 0.21781935625 0.31020216562499997 0.183923653125 0.30307311875 0.184939909375 0.30351632031250003 0.22434742343749997 0.3117856546875 0.22384526718750003 0.31759178125 0.222087709375 0.3244535625 0.21781935625
0 0.3487449984375 0.164362721875 0.3472418140625 0.1706788859375 0.346907775 0.1766375296875 0.346754503125 0.1803981640625 0.3742155796875 0.1802127171875 0.3740485609375 0.1762800125 0.3513338125 0.1578082125 0.3487449984375 0.164362721875
5 0.3125301828125 0.1390568484375 0.3125301828125 0.121933675 0.3124649734375 0.104903565625 0.30355570625 0.104913603125 0.3034004953125 0.1168153359375 0.3034657046875 0.1390568484375 0.3125301828125 0.1390568484375