3 0.71850375625 0.362471421875 0.8408781078124999 0.36121941562500004 0.8407431078125001 0.355376728125 0.8415283484374999 0.35506372656249996 0.9209122750000001 0.35506372656249996 0.9493977484375 0.3546463890625 0.9491277484375 0.35412472031250003 0.9489927484375 0.23252163750000002 0.9489927484375 0.1730736546875 0.79010071875 0.1729693203125 0.718077015625 0.172755134375 0.7178287437499999 0.2313739671875 0.7180987546875001 0.314911921875 0.71850375625 0.362471421875
5 0.779307071875 0.19239654374999998 0.8185111656249999 0.1921464375 0.91147684375 0.1923465234375 0.91115321875 0.184045646875 0.9065577499999999 0.184045646875 0.906428303125 0.1728408703125 0.8813303906250001 0.17269080625 0.78359223125 0.1728875 0.7840967171875 0.18409300312500002 0.7794365187500001 0.18409300312500002 0.779307071875 0.19239654374999998
0 0.7598698453125 0.331430940625 0.7469270531250001 0.32587395468749997 0.73062871875 0.32389813749999996 0.7302691921875 0.36185236249999997 0.7763279703125 0.36242656875 0.7753692359375 0.3476079421875 0.7684983765625 0.3383463 0.7598698453125 0.331430940625
0 0.8491998625000001 0.39972921562499997 0.857130659375 0.396612696875 0.863717253125 0.392976759375 0.8693628999999999 0.387367025 0.8742020359374999 0.3777058203125 0.874605290625 0.36887568593750003 0.8305826625 0.369046065625 0.8303810296874999 0.4012874734375 0.8424788515625 0.40107970625 0.8491998625000001 0.39972921562499997
3 0.6584204140625001 0.36262077656249997 0.6583874671875 0.3550677453125 0.7286915671875 0.354702278125 0.7288491968749999 0.304896125 0.7290068390625 0.21003491875 0.72916446875 0.17349742343750002 0.6811694984375001 0.1728883078125 0.5917524578125 0.172793215625 0.5912689578125 0.24340145 0.5917418609375 0.36262077656249997 0.6584204140625001 0.36262077656249997
5 0.605706678125 0.192562409375 0.68204200625 0.1927206765625 0.68203243125 0.1840201625 0.677527046875 0.183941025 0.677527046875 0.172941409375 0.6554052828125 0.17302054375 0.6097882734375 0.17285370312499998 0.61031445625 0.18401594375000002 0.605706678125 0.184174209375 0.605706678125 0.192562409375
0 0.629224271875 0.33068344375000003 0.616995103125 0.3254470421875 0.6014607328125 0.3245530203125 0.6013781046875 0.3622748453125 0.6474027796875 0.36248502031249996 0.6459154578125 0.346520371875 0.6386440515625 0.336941584375 0.629224271875 0.33068344375000003
0 0.6909078984375 0.417580903125 0.6812638578125 0.41351552187499996 0.6677622046875 0.4097211640625 0.6540851953125 0.40904360000000006 0.6545235609375 0.4563477171875 0.71124805625 0.4564730578125 0.70984529375 0.4381788390625 0.699850553125 0.42489859062499996 0.6909078984375 0.417580903125
0 0.605964215625 0.41414920000000005 0.611558865625 0.4197082640625 0.6180669421875 0.424055375 0.62822866875 0.4273202234375 0.6381620359375 0.42820261562499995 0.637476978125 0.3979554125 0.6024532765624999 0.39770051562500003 0.60242473125 0.402678115625 0.60242473125 0.407443028125 0.605964215625 0.41414920000000005
3 0.4182434 0.4096956921875 0.5178571515625 0.4092946390625 0.51803013125 0.4055514578125 0.6020990484375 0.405818828125 0.6022720265625 0.314540434375 0.6022720265625 0.23048815937499997 0.6019260703125 0.173024959375 0.5203710046875 0.1727575875 0.41779308593750003 0.1727476703125 0.41789744375 0.23476608125 0.418070421875 0.3451471859375 0.4182434 0.4096956921875
5 0.46964067343749993 0.192286540625 0.49071718750000004 0.19208065000000002 0.5462196734375 0.19242380312500001 0.545775653125 0.1838450109375 0.5413354546875 0.18391364062499999 0.5412466453125 0.1727955265625 0.5118216984374999 0.1730014171875 0.4742354140625 0.1728060921875 0.47452489218749994 0.1841195328125 0.469729475 0.1841881625 0.46964067343749993 0.192286540625
0 0.5777589562500001 0.36493618906249997 0.5704259890625 0.3688254 0.561798965625 0.37549261875 0.5557600484375 0.38359562187499996 0.553459509375 0.3902628390625 0.5530281609375 0.39748565937499997 0.6022021953125 0.3978190203125 0.6017708390625 0.3619866765625 0.5932875984375 0.3623804234375 0.5862422031250001 0.3628249046875 0.5777589562500001 0.36493618906249997
3 0.22422199843750001 0.41094111250000004 0.2121411578125 0.41170639375 0.20342710468749997 0.41369612499999997 0.19451500625 0.4182878125 0.18778141875 0.4245631203125 0.1812458734375 0.43344038749999997 0.1788693203125 0.4413993140625 0.14203264375 0.44109319999999996 0.1418346 0.53273311875 0.14163655625 0.6474763796875 0.1418346 0.7065316328125 0.3775146921875 0.7066846875 0.3775146921875 0.5004545625000001 0.3775146921875 0.41952041875 0.3156863109375 0.419367365625 0.230773821875 0.41942486875 0.23115363125 0.440940140625 0.22382589687499999 0.4412462546875 0.22422199843750001 0.41094111250000004
0 0.1994866296875 0.41548928749999997 0.18925268281250002 0.42142110781250003 0.18338322499999998 0.4285160296875 0.1794702375 0.4350293984375 0.17856724531249998 0.44107753125000004 0.178190996875 0.44908562500000004 0.2249209890625 0.44898662500000003 0.22507148593749998 0.41083687968750005 0.21197806406250003 0.4117673609375 0.1994866296875 0.41548928749999997
0 0.3174606296875 0.43813315468749997 0.32133801875 0.4430441765625 0.3285542546875 0.44895404843750003 0.3380323015625 0.45378183437499997 0.34815657031249997 0.45644543593750003 0.360219540625 0.45711134062500003 0.36032724374999997 0.4418832859375 0.359681015625 0.419575596875 0.3146603015625 0.41946364375 0.314552596875 0.424815134375 0.314552596875 0.43072500468749997 0.3174606296875 0.43813315468749997
0 0.277069378125 0.387219453125 0.2697737140625 0.39170446718749996 0.2636387171875 0.39836791875 0.2591618375 0.4061846578125 0.296966640625 0.41733312343750006 0.3064178359375 0.4175894109375 0.3024383796875 0.382056346875 0.2906658359375 0.3827344390625 0.2835359796875 0.384272159375 0.277069378125 0.387219453125
3 0.1418937515625 0.2863895875 0.1780785640625 0.2866354296875 0.30147730625 0.28626666875 0.3596904828125 0.2865125109375 0.37686814687500003 0.28626666875 0.377345296875 0.18883010625000002 0.377345296875 0.12346266406249999 0.37702719687499997 0.07173283281250001 0.2140845375 0.071486990625 0.1417952125 0.071601315625 0.1417347 0.143369215625 0.1420528015625 0.236872325 0.1418937515625 0.2863895875
5 0.20255951875 0.090875475 0.27049381562499997 0.0911278890625 0.3354114953125 0.090875475 0.33508488125 0.08267195000000001 0.3303489953125 0.08267195000000001 0.33043064843750003 0.07143942812500001 0.3076256125 0.07143942812500001 0.2615557671875 0.07162874062499999 0.2294660375 0.0715656375 0.2071134625 0.0715294703125 0.20762201875000003 0.0828612609375 0.20239620937499997 0.0827350515625 0.20255951875 0.090875475
0 0.3310768234375 0.254947053125 0.3232242828125 0.2612739484375 0.3179122734375 0.2675211125 0.315602703125 0.2727865765625 0.31444791875 0.27831977812500003 0.3142747 0.286154175 0.36006192187499997 0.28616859687499996 0.36029287499999996 0.24816442031250002 0.34608902656249996 0.24950309843750001 0.3310768234375 0.254947053125