5 0.196821990625 0.5681128 0.15643875000000002 0.566794253125 0.154365846875 0.56724635625 0.1555795328125 0.6155805062499999 0.153861096875 0.6590925703125 0.19424433593749998 0.65975184375 0.196821990625 0.5681128
0 0.3361881671875 0.5173578390625 0.30083220312500003 0.5177346218750001 0.26449412968749997 0.5169810546875 0.2655594203125 0.579320453125 0.319690146875 0.57140916875 0.3385929390625 0.5470160421875 0.3361881671875 0.5173578390625
5 0.8472401796875 0.718132559375 0.8480810328124999 0.666518015625 0.806879275 0.666518015625 0.8073478218749999 0.6678186968750001 0.8060384218750001 0.7491012859375 0.8077201265625 0.77942483125 0.846399328125 0.7800700125 0.8472401796875 0.718132559375
5 0.843764365625 0.3290749984375 0.8221665281250001 0.3277313296875 0.8075733953125 0.3295228890625 0.8064059453124999 0.393571103125 0.80582221875 0.43791217343750005 0.8414294640625 0.43791217343750005 0.843764365625 0.3290749984375
5 0.8455155421875 0.21366305156249998 0.8460992671875 0.163499415625 0.8233339796875001 0.16170785625 0.8075226390625 0.16201083593750001 0.8075733953125 0.2315786359375 0.8075733953125 0.27323236875 0.844348090625 0.2741281484375 0.8455155421875 0.21366305156249998
0 0.5211300125 0.2903777109375 0.5460103796875 0.2788345671875 0.55642541875 0.2588560484375 0.5593184828125 0.237545628125 0.4710988921875 0.23784595468749997 0.47079066562499994 0.2371016609375 0.47079066562499994 0.2988130859375 0.5211300125 0.2903777109375
0 0.189948115625 0.5176650140625 0.22188148124999998 0.5105865671875 0.24246075937499997 0.495885178125 0.2516859546875 0.4773723171875 0.2523955859375 0.461037440625 0.162019253125 0.461956009375 0.161562903125 0.4773723171875 0.162272534375 0.5192985015625 0.189948115625 0.5176650140625
0 0.46902465 0.5693411609375 0.4742489109375 0.5306872890625 0.40334822968750006 0.5306872890625 0.403310878125 0.530596078125 0.4040945515625 0.5939651109375 0.4261110796875 0.5925334859375 0.455217675 0.5848027109375 0.46902465 0.5693411609375
0 0.550471665625 0.3689561359375 0.5498775640625 0.3650813984375 0.5460159015625 0.3473031953125 0.5353220703125 0.3313483953125 0.5011612203125 0.31448189531250004 0.47073180625 0.314180946875 0.4708620296875 0.31448189531250004 0.4708620296875 0.3698678390625 0.550471665625 0.3689561359375
0 0.34244149375 0.33369081562499997 0.31664431875 0.3343191984375 0.29780828593750003 0.34343074375 0.2802006890625 0.3566267765625 0.2711921515625 0.3764208234375 0.270346196875 0.39894870937500004 0.2711921515625 0.3990425921875 0.3403940984375 0.39810001875 0.34244149375 0.33369081562499997
0 0.36976834687500004 0.2664872828125 0.34518070624999997 0.275735309375 0.33264583124999997 0.2909020765625 0.3278247234375 0.30717860625000004 0.32927105624999997 0.31790631875 0.40763063906249997 0.3168044578125 0.4083371953125 0.3171664765625 0.40785508437500007 0.2620482296875 0.36976834687500004 0.2664872828125
5 0.1743991265625 0.27067410937499997 0.156326396875 0.27030918593750003 0.1558184 0.2709216671875 0.1558507984375 0.31592470625 0.1905694640625 0.31628963125 0.191996259375 0.2717688828125 0.1743991265625 0.27067410937499997
5 0.1958010453125 0.33782365625 0.1801063046875 0.3367288828125 0.1558507984375 0.33636395937499997 0.1558507984375 0.3805197828125 0.1934230546875 0.3805197828125 0.195325446875 0.3615437265625 0.1958010453125 0.33782365625
3 0.4716607875 0.220807928125 0.4699748875 0.30877159375 0.8408730171875 0.3100651765625 0.8391871156249999 0.0422934296875 0.45570798593750006 0.041875029687499996 0.45648768281249996 0.0448805953125 0.4581735828125 0.21951434375 0.4716607875 0.220807928125
3 0.65625 0.4203125 0.365625 0.24453125
3 0.7085979796874999 0.531168275 0.5021059703125 0.5293779890625 0.45294423124999994 0.5294924890625 0.3884363359375 0.52670035625 0.3877770625 0.804186896875 0.839259590625 0.804186896875 0.839259590625 0.53206341875 0.7085979796874999 0.531168275
3 0.40350337031250005 0.5185426421875 0.32806048906249996 0.5168887296875 0.22567372031250002 0.5185426421875 0.189030034375 0.5177156859375 0.1857967671875 0.512753946875 0.164241659375 0.5119269906249999 0.1627391046875 0.5135947640625 0.1599306375 0.8038426421875 0.4002701046875 0.8046695984375001 0.4045811265625 0.7335513375 0.40350337031250005 0.5185426421875