3 0.9003731671875 0.7137530546875 0.9001453937499999 0.6587020906250001 0.9003731671875 0.5027809875 0.7769574078125 0.5031029218749999 0.7774129859375 0.44966163281249993 0.7669349999999999 0.45094937343749997 0.7564570296875 0.45674421406250004 0.745979059375 0.46769001718750003 0.73982895625 0.483142921875 0.7368677921875 0.5027809875 0.671467828125 0.5029235062499999 0.6712760546875 0.6019631999999999 0.6717316171875 0.7134311203125 0.9003731671875 0.7137530546875
0 0.750088621875 0.4628088265625 0.7418884796875 0.47407656718749996 0.7368772765625 0.48920753125000005 0.7361174218750001 0.5114288625000001 0.7774224703125 0.5117430125 0.7776502437499999 0.4492875328125 0.7642111093749999 0.45315075781249997 0.750088621875 0.4628088265625
5 0.7165635875 0.7133232265625 0.7165635875 0.6945335046875 0.703968834375 0.694392228125 0.684476946875 0.6945335046875 0.684476946875 0.713605778125 0.6961720765625 0.7133232265625 0.7165635875 0.7133232265625
5 0.8533947749999999 0.7135214671875 0.853094896875 0.69459046875 0.8328033484375 0.6943079187500001 0.8060142156250001 0.6945636203125 0.8058145812499999 0.7135214671875 0.8274055921875 0.7135214671875 0.8533947749999999 0.7135214671875
3 0.6790582 0.7131733437500001 0.6787916968750001 0.635527159375 0.6790582 0.50323953125 0.5895214421875 0.5024862671875 0.4959562359375 0.5029553953125 0.495987528125 0.5880416328125 0.49572105000000005 0.71354996875 0.6790582 0.7131733437500001
0 0.6630694734375 0.5507555562500001 0.6715967921875 0.526274803125 0.6729291703125 0.5033005546875 0.6325408984374999 0.5021262046875 0.63269095625 0.5658206421875 0.6473472499999999 0.562807621875 0.6630694734375 0.5507555562500001
5 0.5868783296875 0.7138488453125 0.5867822171875 0.6945588109374999 0.5635221703125 0.694422965625 0.535367378125 0.694482003125 0.5354563328124999 0.7138488453125 0.555063971875 0.7138488453125 0.5868783296875 0.7138488453125
3 0.8178802656249999 0.413393853125 0.9001308265624999 0.41291936875 0.9002427421875 0.36006777031250004 0.9002427421875 0.2453237390625 0.7819131593749999 0.24579822187499997 0.715014384375 0.245162846875 0.7149270999999999 0.32444297187500004 0.7149270999999999 0.4130775296875 0.8178802656249999 0.413393853125
5 0.8262808015625 0.2637564625 0.8261689000000001 0.2449352375 0.81039021875 0.24509339843750003 0.779880240625 0.245162846875 0.780287628125 0.2642309515625 0.79953538125 0.2639146234375 0.8262808015625 0.2637564625
5 0.8635595281249999 0.413566971875 0.8635045031249999 0.40423554375000004 0.8552515656249999 0.40423554375000004 0.8411812609375 0.404219153125 0.8410565046875 0.41364473437499993 0.8501347406249999 0.413566971875 0.8635595281249999 0.413566971875
0 0.7590522875 0.3582685015625 0.751530196875 0.36403656875 0.746408775 0.371501121875 0.742007559375 0.37953117187499996 0.7400070015625 0.386900953125 0.7380864703125 0.39436550625 0.7376863578124999 0.4008121671875 0.7376863578124999 0.4061278328125 0.737852209375 0.4132339390625 0.7768172140625 0.4131491546875 0.7768172140625 0.35193494062499997 0.7684148796875 0.35374452968750003 0.7590522875 0.3582685015625
3 0.612817675 0.4576497875 0.64533129375 0.457556753125 0.7215490796874999 0.45746371718749995 0.721614903125 0.4157464234375 0.721614903125 0.2821509859375 0.721614903125 0.2455656828125 0.64519149375 0.24519354375 0.6128899234375 0.24529359843749998 0.612686025 0.30393621249999997 0.612686025 0.3956433625 0.612817675 0.4576497875
5 0.7092758828125 0.2637713578125 0.7093318390625 0.24525313125 0.6973623812499999 0.2454112984375 0.6687461765625 0.2452457171875 0.6685442218750001 0.26353410781250003 0.676430715625 0.263613190625 0.7092758828125 0.2637713578125
0 0.7050961499999999 0.41960203125 0.701003228125 0.42459793437500004 0.697189371875 0.431565896875 0.69551499375 0.4395856328125 0.6951429124999999 0.44813125156250005 0.7212817921875 0.44826272187500005 0.72156085625 0.41342289218749995 0.7153284515625 0.4135543640625 0.7099332421875 0.41578937343750005 0.7050961499999999 0.41960203125
0 0.523713475 0.406603153125 0.517180984375 0.41427446874999996 0.5127948828125 0.42311147499999996 0.5100885640625 0.4327398515625 0.508502103125 0.44302770625 0.5078488531249999 0.451469025 0.5075868140625001 0.45780854531250004 0.5473237656250001 0.45782138281250007 0.5471371234375 0.3964471921875 0.5350053531250001 0.399480790625 0.523713475 0.406603153125
5 0.6137887078125 0.26388894375 0.613895971875 0.2450895046875 0.5959820703125 0.24493789531250001 0.572004915625 0.24468459999999997 0.5718465765625 0.26419216093750003 0.586756953125 0.26419216093750003 0.6137887078125 0.26388894375
3 0.3138715875 0.74647899375 0.36042554843749997 0.7467999546875 0.3808638703125 0.7072697421874999 0.42514689843750003 0.707911671875 0.4253739828125 0.500492878125 0.329540959375 0.501134803125 0.24156300625 0.5003411625 0.2407478109375 0.7073217578125 0.29434163281250003 0.7073217578125 0.3138715875 0.74647899375
0 0.26858250156249996 0.6201444140625 0.2747479515625 0.6130148234374999 0.2788956296875 0.604300878125 0.28169810625 0.595903803125 0.2834916953125 0.5881404703124999 0.284948984375 0.5795849625 0.28506108750000003 0.5732475484374999 0.24130748125 0.5738216546875 0.24156658125 0.628858359375 0.251879709375 0.6285414890625 0.26174444218750004 0.6250559109375 0.26858250156249996 0.6201444140625
5 0.3808484484375 0.7074130140625 0.3698293625 0.69563853125 0.353407378125 0.726685678125 0.321524428125 0.7265852015625 0.3058209625 0.695941934375 0.294881178125 0.707203878125 0.314075709375 0.7459034953125 0.3601874109375 0.74580301875 0.3808484484375 0.7074130140625
3 0.2413134296875 0.45675421250000003 0.24947260781249997 0.45619168906249996 0.2504676265625 0.4677234515625 0.252258665625 0.478973953125 0.2608158453125 0.49416213593749997 0.2765371828125 0.50569389375 0.28947246875 0.5082252578124999 0.28927345781249997 0.4567086359375 0.3410165328125 0.4567086359375 0.424996340625 0.45614611250000003 0.424996340625 0.24253112031250001 0.3533785828125 0.242249859375 0.2421100578125 0.24277816875 0.23972139375 0.37680729375 0.241512434375 0.3770885546875 0.2413134296875 0.45675421250000003
5 0.297111771875 0.2612430515625 0.2974703171875 0.24232412499999997 0.2782281078125 0.24215520625 0.2585893203125 0.24231315625 0.258507840625 0.261074134375 0.2747621265625 0.2614119703125 0.297111771875 0.2612430515625
5 0.39918450625 0.26119744375 0.399423546875 0.24177175625 0.384364425 0.24177175625 0.3670411703125 0.2417553140625 0.366914975 0.2617042 0.3803008578125 0.2613663625 0.39918450625 0.26119744375
0 0.2546349015625 0.4835706109375 0.26261657031249996 0.49590087812499994 0.27653808125 0.5058700328125 0.28934587968750003 0.5082311500000001 0.288974640625 0.4473243328125 0.24869325781249998 0.44737695000000005 0.2488872265625 0.4581139203125 0.2501865703125 0.46965715625 0.2546349015625 0.4835706109375
3 0.15302229218750002 0.4565400859375 0.20704733281249998 0.4560687484375 0.20754756875 0.302279915625 0.20721408125 0.24285353125000003 0.0801563171875 0.24379620625 0.0789891078125 0.2357835125 0.0768214375 0.22659248281250002 0.0699849375 0.21457343906249998 0.06281494062500001 0.2075034171875 0.051976587500000004 0.2011403953125 0.041471721875 0.1999620578125 0.041638459375 0.25157323125 0.024044946875 0.2514153796875 0.0235229109375 0.344302125 0.0230226734375 0.4565752984375 0.15302229218750002 0.4565400859375
0 0.0722121484375 0.21625832812499998 0.063374715625 0.20730296250000002 0.054870771875 0.2016469453125 0.045699853125 0.19929026875 0.04036405 0.19929026875 0.0413431328125 0.25997640781250003 0.0815498046875 0.26056380625000003 0.08054934375 0.2421817453125 0.0772144625 0.227334696875 0.0722121484375 0.21625832812499998
5 0.1335591515625 0.26099622031249997 0.1334210046875 0.24254457187499998 0.11490877656250001 0.2424469453125 0.093534759375 0.24246494375 0.0935644515625 0.2610938484375 0.11007349375 0.2610938484375 0.1335591515625 0.26099622031249997
5 0.186058996875 0.2609265375 0.1862662203125 0.24257251562499998 0.1732732203125 0.24257251562499998 0.1464902109375 0.2425724125 0.146340596875 0.2611217921875 0.1649909734375 0.26102416562499997 0.186058996875 0.2609265375
0 0.191172671875 0.3955937078125 0.18530956406250002 0.39859874687499997 0.18086390624999998 0.40260546562500005 0.17712698124999998 0.406703246875 0.1735189109375 0.41207589218749996 0.169073253125 0.42101327499999996 0.1668182109375 0.4289356515625 0.165271896875 0.43758652031249995 0.16456316875000002 0.44833181250000004 0.20708682656250002 0.44851393437500003 0.20706281718750003 0.4473301328125 0.20686663125 0.393762096875 0.2002572765625 0.39368141093750003 0.196262625 0.39431884375 0.191172671875 0.3955937078125
3 0.07879846874999999 0.707631959375 0.07900364062500001 0.717780903125 0.0933651921875 0.7470678562499999 0.144861621875 0.747357815625 0.16209547500000002 0.7163310484375 0.16189031874999998 0.708211896875 0.2072317890625 0.707921928125 0.207436959375 0.5593633875 0.2072317890625 0.44649463906250003 0.11245374374999999 0.44707457812499996 0.0230411921875 0.44724157499999995 0.023420282812500002 0.540491853125 0.02321511875 0.707631959375 0.07879846874999999 0.707631959375
0 0.1857053375 0.489635515625 0.17728926250000002 0.49673068750000005 0.1712355984375 0.5050779546874999 0.1678396328125 0.515094671875 0.1648866328125 0.5278242546875 0.163853078125 0.542223284375 0.2072623046875 0.5420146031249999 0.20740317187500001 0.485194940625 0.1992891859375 0.48420979218750004 0.19279256718749999 0.48587924375 0.1857053375 0.489635515625
5 0.0930091796875 0.7091120671875 0.080606540625 0.720380875 0.0935997796875 0.7464660765625 0.1453967703125 0.7470921203125 0.16045711406250002 0.7191287828124999 0.1482892015625 0.7064142 0.13730430625 0.72664131875 0.101572909375 0.72685 0.0930091796875 0.7091120671875
0 0.21674809062499997 0.6613150984375 0.2087336640625 0.6767084609375 0.20482918749999998 0.6944253421875 0.20480505624999998 0.7069411875 0.24222986406250002 0.7072047359375 0.2430518671875 0.6494070296875 0.22743399375 0.6531827578125 0.21674809062499997 0.6613150984375