3 0.894751375 0.6857101640625001 0.9854409828125 0.6859565828124999 0.985250453125 0.607821553125 0.985250453125 0.37849146875 0.9345699656249999 0.37849146875 0.8422362 0.37871478281250004 0.8419845796875001 0.5971855765625 0.8431277343750001 0.6854637359375 0.894751375 0.6857101640625001
0 0.8660765421875001 0.4928618796875 0.8710648593749999 0.48868720468750004 0.8746838312499999 0.48362699375 0.8485685281249999 0.4520816515625 0.8421596296875 0.451910690625 0.842015253125 0.497542578125 0.8509159703125 0.49792209375 0.8595232609375 0.4961510203125 0.8660765421875001 0.4928618796875
5 0.9854521703125 0.5781371296875 0.9856687265625 0.5436863640625 0.9855604515625 0.4853941234375 0.970039640625 0.48547414218749996 0.9699684671875 0.51774423125 0.9701850234375 0.5781371296875 0.9854521703125 0.5781371296875
5 0.8068713828125 0.686309121875 0.8068713828125 0.6662064156249999 0.7931326484375 0.6662064156249999 0.7778644078125 0.6660760125 0.7782837078125 0.686309121875 0.79146734375 0.686488609375 0.8068713828125 0.686309121875
0 0.7652388515624999 0.61138973125 0.772455153125 0.6081589359375 0.779810234375 0.6006204187499999 0.78522246875 0.5907485609375 0.7881367421875 0.5771074375 0.788414290625 0.5618509171875 0.7549685578124999 0.561554759375 0.75483071875 0.61210768125 0.759132746875 0.61210768125 0.7652388515624999 0.61138973125
3 0.7520730640625 0.5161668515625 0.751922596875 0.5149992265625001 0.751922596875 0.5142208140625 0.7522235203125 0.45700734218749994 0.76546415 0.45681273906250003 0.76546415 0.4452995921875 0.76561460625 0.37830864218750004 0.6834677765625 0.3779194375 0.6060532546874999 0.37834224375000003 0.6061432453125 0.5153884375 0.7222816453124999 0.516361453125 0.7520730640625 0.5161668515625
5 0.6213398781249999 0.45733348281249997 0.62149034375 0.4339810453125 0.62149034375 0.4063473328125 0.6055688234375001 0.4061910609375 0.6058423234375 0.428532146875 0.6059927796875 0.45694427656250003 0.6213398781249999 0.45733348281249997
0 0.7273791578125001 0.4639954125 0.7206065359375 0.47163671875 0.7148426031249999 0.481141753125 0.71124014375 0.49400151562500005 0.710663753125 0.5051839109375 0.751443565625 0.5059294015625 0.751436515625 0.458767034375 0.7425094718749999 0.45821784218749995 0.7340076765625 0.460081571875 0.7273791578125001 0.4639954125
3 0.630282959375 0.6852523265625 0.7518628875 0.685445071875 0.75201191875 0.6206508375 0.7518628875 0.506466525 0.6661728703125 0.5060810328125 0.6061721015625 0.5062829453125001 0.606140709375 0.5612691437499999 0.605991684375 0.6852523265625 0.630282959375 0.6852523265625
5 0.621468790625 0.641856134375 0.6213197609375001 0.6189192390625 0.621468790625 0.5751344359375 0.6055197875 0.575028578125 0.605672009375 0.59402364375 0.605672009375 0.64127789375 0.621468790625 0.641856134375
0 0.7121009828125 0.53679104375 0.71916661875 0.550752671875 0.7268210484375001 0.5576065640625 0.738008296875 0.561414278125 0.75194329375 0.56242966875 0.7516995625 0.515039603125 0.7095495078125 0.5152139796874999 0.7095495078125 0.524860196875 0.7121009828125 0.53679104375
3 0.5713864296875 0.6860768 0.5712163640625 0.6222509828125 0.59145483125 0.6072932859375 0.59162491875 0.5245503765625 0.5712163640625 0.509152746875 0.5710462875 0.378165971875 0.4866633703125 0.37860590312500003 0.39397156718750004 0.3782544390625 0.3938197859375 0.54806893125 0.3936497140625 0.6854169031249999 0.5713864296875 0.6860768
0 0.42834424843749996 0.6011164109375 0.42137132031249996 0.5916578671875 0.412697696875 0.5872585421875 0.40453427968750005 0.5848389140625 0.3985817828125 0.5848389140625 0.3939875421875 0.5848006734375 0.3938197859375 0.63257156875 0.43565730468749997 0.6319116640625 0.43395659843749995 0.6160741062499999 0.42834424843749996 0.6011164109375
5 0.5757753796875 0.5355760171874999 0.5832972875 0.5179717687500001 0.5791184484375 0.515037725 0.5716640234375 0.5093133390625 0.5640746296875 0.5267738921875 0.56873105 0.5301712046875 0.5757753796875 0.5355760171874999
5 0.591416178125 0.5939855374999999 0.5912967859375 0.570358778125 0.5915355765625 0.5386644828125 0.5754723984375001 0.5387217265625 0.5758947703125 0.5664981984375 0.5761335671875 0.5939855374999999 0.591416178125 0.5939855374999999
5 0.57219351875 0.62193614375 0.57720811875 0.6188476781250001 0.583177896875 0.6135972921875 0.5746844578125 0.596178578125 0.5702831890625 0.5998536234375 0.563716440625 0.604949590625 0.57219351875 0.62193614375
0 0.379320940625 0.62938583125 0.3694491171875 0.62200876875 0.3597966578125 0.6191714359375 0.352996059375 0.618603965625 0.3527913109375 0.6846805812500001 0.392264009375 0.6847138171875 0.3918252625 0.6577591625 0.3878765265625 0.6418700984375 0.379320940625 0.62938583125
0 0.3611128984375 0.5861894171875 0.36725536718749996 0.593566478125 0.3771272078125 0.5992411453125001 0.3876571609375 0.601794746875 0.38743777968750004 0.5506997640625 0.3530326015625 0.5500635625 0.35365417187500003 0.565760615625 0.35672541562500004 0.577677415625 0.3611128984375 0.5861894171875
3 0.16069874687500002 0.41714061718749995 0.16296812656249998 0.4274555875 0.1671291125 0.43754632187500003 0.1747575921875 0.446964340625 0.1834263203125 0.4527945390625 0.177011465625 0.45458845 0.1705966046875 0.4608671328125 0.1653953734375 0.46938819218749994 0.16192788125 0.48194555 0.16106100625 0.49405443125000004 0.1926151640625 0.49427866875 0.1926151640625 0.6852328203125 0.3512156859375 0.685681296875 0.3515624328125 0.62197939375 0.3515624328125 0.566780378125 0.3515624328125 0.4599701734375 0.35190918125000004 0.378741325 0.2834216328125 0.3778443734375 0.1920498859375 0.37794909374999996 0.1919061578125 0.4101892234375 0.1608721265625 0.4101892234375 0.16069874687500002 0.41714061718749995
0 0.32474890625 0.5716716468749999 0.3183237390625 0.5788842359374999 0.31323210156250003 0.5884487484375 0.3104438234375 0.5989540359375 0.3099589078125 0.6116544625 0.35129815625 0.6111840734375 0.3512329796875 0.5633942125 0.3407511875 0.5638318796874999 0.33287127656250004 0.566027015625 0.32474890625 0.5716716468749999
5 0.20747882812500001 0.6304392421875 0.20747882812500001 0.6021448406250001 0.2073394859375 0.5617734140625 0.1916027125 0.561691140625 0.1914538015625 0.5911491953125 0.19159314375 0.6306194781250001 0.20747882812500001 0.6304392421875
1 0.163380428125 0.4340495578125 0.168348640625 0.44048366406249995 0.174755028125 0.4472564109375 0.18129215625 0.4528439234375 0.1765854265625 0.4555530265625 0.169002353125 0.46283372656250005 0.1632496875 0.4748553484375 0.1603733453125 0.4821360484375 0.1595888921875 0.4944963140625 0.20658591093749998 0.4970398171875 0.207716859375 0.4086741671875 0.16102705781249999 0.4101070765625 0.16128855 0.42338248125 0.163380428125 0.4340495578125