3 0.5497728390625001 0.6646620453125001 0.551076759375 0.6641044984375 0.8326886312499999 0.6637328 0.8326886312499999 0.5968667203125 0.8321670515624999 0.502866665625 0.8321670515624999 0.430972753125 0.7331174765624999 0.4315302984375 0.7331174765624999 0.3938128234375 0.6758866953125 0.3939986703125 0.621904434375 0.3941845234375 0.621643634375 0.428351053125 0.54901531875 0.4280139078125 0.5487297 0.47145815312500006 0.5487297 0.59072379375 0.5497728390625001 0.6646620453125001
5 0.6533521453125 0.6639283703125 0.6533521453125 0.6465913171875 0.6235566328125 0.646483559375 0.5812201015625 0.64655000625 0.581678203125 0.6639283703125 0.613279409375 0.6641438796875 0.6533521453125 0.6639283703125
5 0.6807896703125 0.6640108875 0.792546496875 0.663804821875 0.792257340625 0.64804084375 0.7955825796875 0.64804084375 0.7955825796875 0.6389739796875 0.73267223125 0.63887095 0.67628780625 0.639070028125 0.6770540234375 0.647834778125 0.68093424375 0.6479378109375 0.6807896703125 0.6640108875
0 0.5688430546875 0.3536765046875 0.56298046875 0.34568914375 0.5552211671875 0.3397907828125 0.5436684328125 0.33401530468749996 0.531943259375 0.3315576546875 0.5203905265625 0.330574596875 0.508492928125 0.33029010625 0.508492928125 0.36989699374999996 0.5726365 0.370388521875 0.5729813515625 0.362278278125 0.5688430546875 0.3536765046875
5 0.5724640609375 0.23354327968750002 0.5726365 0.21646261562500002 0.5522898796875 0.21646261562500002 0.5298310078124999 0.2165187375 0.5302189703125 0.23366616406250001 0.5498758718750001 0.23354327968750002 0.5724640609375 0.23354327968750002
0 0.4624544015625 0.2697870671875 0.47297256875000004 0.267452296875 0.4840080171875 0.2627827640625 0.49469861249999997 0.25479540156249997 0.50142334375 0.244356940625 0.5038373515625 0.2357551671875 0.504009778125 0.2168312625 0.44900494531249996 0.2168258125 0.44934980468749997 0.270770125 0.4546950984375 0.270647240625 0.4624544015625 0.2697870671875
3 0.26172340625 0.3734866109375 0.20501036250000002 0.37335870625 0.2051898390625 0.44662582031250003 0.41899575625 0.4473932328125 0.41809839843749996 0.4027692375 0.4444807234375 0.40302504062500005 0.44466019375 0.3241370765625 0.44466019375 0.2732527265625 0.4439423171875 0.2169965140625 0.3988757203125 0.216740709375 0.2676819515625 0.21673258281250002 0.2678254453125 0.2861639625 0.26746649375 0.3699053671875 0.26172340625 0.3734866109375
5 0.3526653 0.2334078578125 0.35240974999999997 0.21653117656249998 0.33324315625 0.21640976093750003 0.3147793359375 0.21642091875 0.31501359687499997 0.2334078578125 0.33298759843750003 0.2334685640625 0.3526653 0.2334078578125
5 0.3930642203125 0.23354415624999997 0.392893853125 0.21660676875 0.375942065625 0.2166674765625 0.3551356625 0.21649677031249998 0.3553273265625 0.23348344999999998 0.37023467656250003 0.23354415624999997 0.3930642203125 0.23354415624999997
0 0.4145724984375 0.3483236234375 0.40465899531250005 0.3518560828125 0.3966256359375 0.355997584375 0.38944689062500004 0.3618444140625 0.38431921562500004 0.3689093296875 0.380388 0.3770705265625 0.37970430781250003 0.3857189578125 0.44465485468750005 0.3857189578125 0.44465485468750005 0.34627681875 0.4321775203125 0.34564382656250003 0.4249987671875 0.34637468125000004 0.4145724984375 0.3483236234375
3 0.20478771093749998 0.6635415296875 0.357104728125 0.6635415296875 0.35826688125 0.6721549718750001 0.3640776484375 0.6827561296875 0.3782559171875 0.69352293125 0.395455784375 0.6994860796875 0.41242323281250004 0.701142509375 0.4133529578125 0.663559190625 0.5617589703125 0.6637248312499999 0.5615265421875 0.584085821875 0.5617589703125 0.5186832875 0.61382345 0.5183519984375 0.6133585781249999 0.51272013125 0.611266715625 0.5044379765625 0.6045262218749999 0.4949963234375 0.5931371140625 0.48737674062499997 0.57930238125 0.48193700625 0.5627997875 0.4792867125 0.5623349328125 0.428599928125 0.5255655515625001 0.42893121250000005 0.397458003125 0.428599928125 0.268283134375 0.428268640625 0.20459711875000003 0.42825317343749997 0.205020146875 0.4729657890625 0.20478771093749998 0.5959856359375 0.20478771093749998 0.6635415296875
0 0.44883842500000004 0.4844592828125 0.45933143281250005 0.4841388015625 0.4668264390625 0.4829637 0.47402164999999996 0.48039984999999996 0.4831655546875 0.47655406874999995 0.4924593578125 0.4699421703125 0.49905496562499996 0.4627847515625 0.5025026718750001 0.455627328125 0.5032521734375 0.4463333625 0.5031022640625 0.4393895953125 0.5102974734375 0.4391759390625 0.5102974734375 0.4286000484375 0.44299231875 0.4282210734375 0.4428424203125 0.43949642187500004 0.449438028125 0.4396032484375 0.44883842500000004 0.4844592828125
5 0.44989813125 0.6643408015625 0.5326190000000001 0.6643408015625 0.5322054031250001 0.647981759375 0.5365482453125 0.6478343796875 0.5365482453125 0.6388442734375 0.445710384375 0.63865139375 0.44555527968749997 0.647981759375 0.44989813125 0.647981759375 0.44989813125 0.6643408015625
0 0.3568888484375 0.6641472328125 0.359370475 0.6743163671875 0.3641269234375 0.6824222 0.3740534265625 0.6912649265625 0.390184003125 0.6980443484375 0.41272544375000003 0.7014340640625 0.4135526546875 0.671376646875 0.41313904062500006 0.648238178125 0.41934310625000004 0.648238178125 0.41934310625000004 0.6392480734375 0.350064378125 0.6388355390625 0.350064378125 0.648672459375 0.3568888484375 0.648672459375 0.3568888484375 0.6641472328125
5 0.2372328 0.6639810921875 0.32048767968749997 0.6638775421875 0.32048767968749997 0.6479369234375 0.3232483140625 0.647833375 0.323538903125 0.6392390265625 0.283582375 0.6391354796875001 0.233782009375 0.6390227046875 0.2340362765625 0.6478278546875 0.2372328 0.6478278546875 0.2372328 0.6639810921875
0 0.6100594625 0.5025358578125 0.6041512953125 0.4950265328125 0.5951483765625001 0.4886982171875 0.5875521671875 0.484292746875 0.5788305874999999 0.4812890171875 0.57137504375 0.48018764843749995 0.5632161546875001 0.479687028125 0.5564639578125 0.479687028125 0.5486671578125 0.47935124843750004 0.5491490890625 0.518655871875 0.6139982359375 0.5187559953124999 0.613294890625 0.5101453046875 0.6100594625 0.5025358578125