3 0.5453494953125 0.7488595046875 0.7977153078125 0.7488595046875 0.7975908953124999 0.660732659375 0.7973420703125 0.6130591765625 0.730687971875 0.6131471703125 0.6291643390625 0.6132351640625 0.5825088859374999 0.6131471703125 0.5452778296874999 0.6129622171875 0.5453494953125 0.670754490625 0.5454739078124999 0.7159641671875 0.5453494953125 0.7488595046875
5 0.6346953656250001 0.7488780390625001 0.634828215625 0.742817590625 0.6119157687500001 0.74291155 0.58647463125 0.7428631875 0.5864454359375 0.7489719984375001 0.599821746875 0.74892501875 0.6346953656250001 0.7488780390625001
5 0.7637344328125 0.7489400484375001 0.7637344328125 0.7430314109375 0.7435688765624999 0.742980475 0.7149049765625 0.74292369375 0.714976996875 0.749041921875 0.73269388125 0.7489909859375 0.7637344328125 0.7489400484375001
0 0.7299696359375 0.6243375375 0.735736728125 0.633332653125 0.74216291875 0.6384603078125 0.7499073 0.6419564359375001 0.7588050953125001 0.6439958453125 0.7668790265625 0.6445202640625001 0.7669614124999999 0.6131840671875 0.72924875 0.6131778812500001 0.7292281515625 0.6174618171875 0.72931054375 0.6208414078125 0.7299696359375 0.6243375375
3 0.7070580375 0.6191505625 0.707306078125 0.5703117484375 0.707678146875 0.52384125625 0.7075541265624999 0.48271672812500005 0.6310240984375 0.48289215937499996 0.545572915625 0.4826896484375 0.5453509171875 0.5796049140624999 0.5454749359375 0.6188874156249999 0.7070580375 0.6191505625
5 0.62704050625 0.48921234687500004 0.62728855625 0.482458259375 0.6107105234375 0.482458259375 0.5875184078125 0.48236085468749995 0.5874774859375 0.48903691875 0.6055847015625 0.48912463281249996 0.62704050625 0.48921234687500004
0 0.6635565484375 0.583608709375 0.6664966203125 0.589962378125 0.6792369109374999 0.598857515625 0.693447225 0.602554196875 0.7076575390625 0.6031318031249999 0.7074942046875 0.57551241875 0.6625765296874999 0.5750601375 0.6620865265625 0.578641296875 0.6635565484375 0.583608709375
0 0.70169443125 0.41555691093749997 0.6995050578125 0.42190555625000004 0.7005997453125 0.430422034375 0.70497849375 0.43661583593750003 0.7132981218750001 0.443274178125 0.738694859375 0.4268418484375 0.7119845015624999 0.4059565171875 0.705416378125 0.41044702343750006 0.70169443125 0.41555691093749997
5 0.639866815625 0.4425167375 0.63999324375 0.4275885078125 0.6397403859375 0.41372853593750003 0.63060575 0.41374478124999997 0.630384496875 0.4269578046875 0.630637359375 0.4425167375 0.639866815625 0.4425167375
3 0.6308844296875 0.3859796734375 0.7378213921875 0.3858525046875 0.7974269890625 0.3856617515625 0.797516896875 0.3352562359375 0.7974269890625 0.276527934375 0.7974269890625 0.25046848125 0.671282234375 0.2504048953125 0.6306910890624999 0.2503523203125 0.6307945203124999 0.2960415796875 0.6307945203124999 0.35260800937500003 0.6308844296875 0.3859796734375
0 0.7691884015625 0.35697235781250003 0.7631430375 0.359419971875 0.758105234375 0.36314135 0.7542988937499999 0.3665460140625 0.7512762109375 0.3706632828125 0.7494849953125 0.37501808593749997 0.7487013359375 0.37850193125 0.7487013359375 0.3817482375 0.7487013359375 0.386047028125 0.786876678125 0.385979634375 0.7869886359375 0.35463770625 0.77713693125 0.35499020937500003 0.7691884015625 0.35697235781250003
5 0.7514335015625 0.256529621875 0.751373440625 0.25037025625 0.7312095328125 0.250412734375 0.7075305828125 0.2503139390625 0.7075889625 0.256529621875 0.723625378125 0.256529621875 0.7514335015625 0.256529621875
3 0.2354845375 0.7489592218750001 0.2661354453125 0.7680629609375 0.332578628125 0.768481290625 0.3633357046875 0.748819778125 0.397444525 0.7489592218750001 0.3976416828125 0.6958536 0.3976416828125 0.6117989828125 0.3343353828125 0.6119384265625001 0.262766015625 0.6117989828125 0.2009068234375 0.6119301625 0.2005870796875 0.6952958265625 0.20098140312499999 0.7492381078125 0.2354845375 0.7489592218750001
0 0.377799884375 0.6311020671875001 0.372208290625 0.6327969359375001 0.3673156546875 0.6349155203125 0.36262270937499996 0.6381640156249999 0.3581294671875 0.6426130437500001 0.354834428125 0.6470966359375 0.3532368265625 0.6520400000000001 0.3527375765625 0.657124603125 0.3973023953125 0.6574777 0.39742720781249996 0.6303807765625 0.38838396406250003 0.630325253125 0.3835911703125 0.63060773125 0.377799884375 0.6311020671875001
5 0.336162509375 0.765795503125 0.3485438875 0.7582467453125 0.3612248109375 0.7497055515625 0.3545099125 0.744823803125 0.344556459375 0.7510252093750001 0.329778684375 0.7604284203125 0.336162509375 0.765795503125
5 0.32758226874999996 0.767849190625 0.3276821171875 0.761352196875 0.30022341875 0.761352196875 0.2707427609375 0.76132406875 0.270867571875 0.767849190625 0.2971280765625 0.767849190625 0.32758226874999996 0.767849190625
5 0.268496140625 0.760559721875 0.2544173171875 0.7513085671875 0.24403293593750003 0.744735565625 0.23744285 0.7496843203125 0.250423325 0.758088040625 0.26190605312500004 0.7655030859374999 0.268496140625 0.760559721875
0 0.4179558296875 0.7067552953125 0.409523521875 0.7124940515625 0.4047505203125 0.718007759375 0.40188672031249995 0.7253218609375 0.4015685203125 0.7340789171875 0.4402298359375 0.73432383125 0.4402298359375 0.702366834375 0.42750183281250004 0.703717128125 0.4179558296875 0.7067552953125
3 0.3632353828125 0.6175545703124999 0.3625456078125 0.5197127328125 0.3625456078125 0.471921446875 0.2871157765625 0.4722466734375 0.2871157765625 0.48281660625 0.20066489999999998 0.482596159375 0.2009247234375 0.5463641515625 0.2009247234375 0.6175545703124999 0.3632353828125 0.6175545703124999
0 0.31933164375 0.5838434125 0.322590478125 0.5891253187500001 0.32897235468749997 0.593927053125 0.338884640625 0.59901689375 0.34988319843750004 0.6014177609375 0.3629185265625 0.601705865625 0.36278274375 0.574528046875 0.31743065625 0.5744320125 0.3178380140625 0.57932978125 0.31933164375 0.5838434125
0 0.38513305937500003 0.45805151093749996 0.3795910078125 0.45368389374999996 0.3723071578125 0.45099613125 0.36502331875 0.44998822031249996 0.3623314703125 0.44998822031249996 0.3541371453125 0.4500365015625 0.3539392140625 0.4696984875 0.38861663125 0.47037043125 0.388299946875 0.46432296093750003 0.38513305937500003 0.45805151093749996
5 0.2954719984375 0.469046934375 0.295387459375 0.460556403125 0.295387459375 0.45158753437500004 0.28661629375 0.4515544125 0.28676424375 0.4597791015625 0.286848784375 0.469106728125 0.2954719984375 0.469046934375
5 0.29555654531250003 0.441854109375 0.2954719984375 0.4281648234375 0.29555654531250003 0.41196743593749996 0.2865106171875 0.41188408593750003 0.28676424375 0.42553076718750005 0.286848784375 0.441854109375 0.29555654531250003 0.441854109375
0 0.3632976796875 0.41286053906250003 0.3597306359375 0.419070571875 0.3584335328125 0.42457489531250003 0.3588658953125 0.429849871875 0.36189247812500003 0.43581288906250004 0.36956701875000003 0.44315198593750005 0.3955091328125 0.42909682499999996 0.371404590625 0.40674462343749995 0.36697280625 0.40926743906249996 0.3632976796875 0.41286053906250003
3 0.28680130625 0.3764179890625 0.3972864828125 0.37651257656250003 0.4608138765625 0.37660716875 0.46094761718750005 0.297659896875 0.46094761718750005 0.2503144203125 0.41219863749999996 0.2505036 0.41206489687500003 0.22477515 0.40347134375 0.2251535078125 0.3955805703125 0.226950715625 0.3863523796875 0.231112671875 0.380467734375 0.2362333359375 0.375653028125 0.24342216875 0.3741818703125 0.250232640625 0.3421786109375 0.250232640625 0.286909771875 0.2502254203125 0.28680130625 0.2829038703125 0.28666756718749997 0.3327325796875 0.28680130625 0.3764179890625
0 0.39109470156250004 0.2281969734375 0.3822677390625 0.2335885984375 0.378389221875 0.23851317500000002 0.3754469046875 0.24276972031250002 0.37424322656250003 0.2473100359375 0.37424322656250003 0.2504315015625 0.3738419953125 0.25613476875 0.41262714218749996 0.25647920625 0.4132958515625 0.2246971453125 0.4039339203125 0.22507550781250002 0.39109470156250004 0.2281969734375
0 0.42787371875 0.34833459843750003 0.42078539531250003 0.3524019671875 0.41423205156250004 0.3582665375 0.4112897234375 0.3640730984375 0.41062101406249996 0.369464725 0.4097851265625 0.37644908906249996 0.44820248124999995 0.37655392499999996 0.4484699703125 0.34474018281249996 0.4392417796875 0.345307725 0.42787371875 0.34833459843750003