3 0.6825031328125 0.7489782640625 0.797475109375 0.7486786375000001 0.7976164984375 0.653324178125 0.797192315625 0.6129500296875 0.722637321875 0.6129500296875 0.6034339328125 0.6128501546875 0.545574115625 0.613063915625 0.5452065234375 0.692507909375 0.5453479203125 0.7487785140625001 0.6825031328125 0.7489782640625
5 0.635235465625 0.7488988265625001 0.63515243125 0.742798765625 0.6135630453124999 0.7426814578125 0.5862671015625 0.74279115625 0.585995053125 0.74913344375 0.607252296875 0.74895748125 0.635235465625 0.7488988265625001
5 0.763547821875 0.7488895875 0.76363085625 0.7429068375 0.7417093203125 0.7427895265625 0.7150446484375 0.74279115625 0.71472258125 0.7490068953125 0.7317449875 0.74906555 0.763547821875 0.7488895875
0 0.7314649140625 0.6288174015625 0.7355136703125 0.6341163625 0.7418222046875 0.63863904375 0.7532152234375 0.6432947453125 0.7670563296874999 0.6446249453124999 0.7671504828125 0.6130830265625 0.72920275 0.612964425 0.7291109812500001 0.619040428125 0.729487609375 0.6238956609375 0.7314649140625 0.6288174015625
3 0.6532110171875 0.619033496875 0.7072585140625 0.619033496875 0.707490875 0.5769846015625 0.7074134203125 0.512272153125 0.7072585140625 0.472197278125 0.6309479953125 0.4723067 0.6308705406249999 0.48270617812500005 0.608270421875 0.48265146718749996 0.5454861859375 0.48266002812500003 0.5453108390625 0.579779284375 0.54546574375 0.6189787875 0.6532110171875 0.619033496875
5 0.6263607109375 0.488794440625 0.6264195671875 0.4825996640625 0.618189078125 0.48268281562500004 0.5880874359375 0.4826180703125 0.58804413125 0.48887759375 0.6029940703125 0.48887759375 0.6263607109375 0.488794440625
0 0.664814740625 0.58572411875 0.6675607343750001 0.5902054796875 0.673715546875 0.5952888140625 0.682711040625 0.599703290625 0.695399421875 0.602512496875 0.7074249734375 0.6027800437499999 0.7073914078125 0.5757860953125 0.6623528171874999 0.5757581109375 0.6628262625 0.5805070140625 0.664814740625 0.58572411875
0 0.7028310140625 0.41462577500000003 0.7004941828125 0.420582559375 0.7004941828125 0.42740056875 0.7042534375 0.43493625937499997 0.7129911703125 0.44290255937499995 0.737908325 0.42757678125 0.7119751515625 0.40658770312500003 0.7068950765625 0.410032590625 0.7028310140625 0.41462577500000003
5 0.6396097921874999 0.4422225390625 0.6398130015625 0.42987835781249994 0.6396097921874999 0.41379058437499994 0.6305149265625001 0.413672165625 0.6305672609374999 0.42197219375 0.6306688609375 0.4422943078125 0.6396097921874999 0.4422225390625
3 0.7229759296875 0.3860523734375 0.79761488125 0.3860523734375 0.7978033578125 0.305316446875 0.7978033578125 0.250297846875 0.7606626265624999 0.250297846875 0.6304574374999999 0.25019680312500003 0.6305847875 0.3268956890625 0.6305847875 0.3861855125 0.7229759296875 0.3860523734375
5 0.751632215625 0.25661783125 0.75184153125 0.2503340234375 0.728921546875 0.25018616875 0.707035946875 0.2501715203125 0.707152790625 0.2568396125 0.728293603125 0.2566917578125 0.751632215625 0.25661783125
0 0.7696318828125001 0.357152696875 0.7620965453124999 0.36047941875 0.7551891515625 0.36572824531250003 0.7513168265625 0.3706813625 0.7490143625 0.3770586609375 0.7490143625 0.38156821875 0.748821953125 0.3860757 0.7867957046875 0.3862340109375 0.7866910515625001 0.3547131015625 0.7772718796875 0.3551566640625 0.7696318828125001 0.357152696875
0 0.4242956359375 0.7047825640625 0.4160452125 0.7075389875 0.40980165625 0.7123430421875 0.404561521875 0.718564684375 0.40266615781250004 0.7233027421875 0.40222019062500003 0.7276342640625 0.40188571093750003 0.7342496828125 0.44012751874999995 0.7343284375 0.44001603125 0.7027349359375 0.43109665625 0.7031287109375 0.4242956359375 0.7047825640625
3 0.2360298609375 0.748970775 0.265726303125 0.767809115625 0.3328315515625 0.7680127718749999 0.36310463125000003 0.748860696875 0.39741411718749997 0.748860696875 0.397702421875 0.6838526328125 0.39741411718749997 0.6114028140625 0.34625130312499997 0.6115046421875 0.2703815609375 0.6117082984375 0.200752515625 0.6117123171875 0.201032421875 0.7081126515625 0.20088827031249998 0.7488689468749999 0.2360298609375 0.748970775
5 0.2680877890625 0.7601279828124999 0.2552004609375 0.7519859421875 0.24371020625 0.7446705453125 0.237670484375 0.749893890625 0.251918590625 0.7592233109375 0.262404559375 0.765556009375 0.2680877890625 0.7601279828124999
5 0.32749263281249996 0.7677600265625 0.327412590625 0.7613707875 0.3158860296875 0.7613707875 0.2708272203125 0.7613513890625 0.27082039375 0.7679296515625 0.2981159203125 0.7678731109375 0.32749263281249996 0.7677600265625
5 0.336605671875 0.7654247078124999 0.34605104375 0.7594878015625001 0.3610996078125 0.749819128125 0.3545554015625 0.7449195125 0.3431694078125 0.7520242640625 0.3302020265625 0.7603924734375 0.336605671875 0.7654247078124999
0 0.37250720312499996 0.6319873421875 0.364309371875 0.6360053921875 0.3581191765625 0.6414415765625 0.3534346953125 0.6491231421875 0.352096278125 0.6576319546875 0.3976025859375 0.6579864843750001 0.3978629796875 0.62952888125 0.3890701515625 0.629387428125 0.3810396265625 0.6300964921875 0.37250720312499996 0.6319873421875
3 0.363037240625 0.617721475 0.3627320484375 0.525610925 0.36288465468750003 0.472114034375 0.28690511406249997 0.47254517656250006 0.2870576984375 0.4828926546875 0.20125227968749998 0.48269181406249995 0.2007073796875 0.5688681250000001 0.20101256093750003 0.6175059046875 0.363037240625 0.617721475
0 0.320350203125 0.585606784375 0.326336725 0.5922035796875 0.3351967859375 0.5978700578125 0.34848686562500003 0.601253028125 0.36249533437500003 0.602014196875 0.3625613640625 0.574440146875 0.318075321875 0.5745275515625 0.3184345171875 0.5804477515625 0.320350203125 0.585606784375
0 0.3836331359375 0.4567973 0.37861783125000004 0.45306313125 0.37089154999999996 0.45066943125 0.36492740156250003 0.45009494375000003 0.35869215625 0.45009494375000003 0.354105415625 0.44986163437500004 0.3543545984375 0.469914765625 0.38878399375 0.47001051250000003 0.388106246875 0.4635954015625 0.3836331359375 0.4567973
5 0.2954853359375 0.468848103125 0.29543034218750003 0.46127285 0.29532035156249997 0.451716375 0.28684950468750003 0.451675284375 0.28679601250000003 0.45824274843749996 0.28685100937499997 0.468848103125 0.2954853359375 0.468848103125
0 0.3615045171875 0.41482891874999994 0.358845184375 0.4204643640625 0.35821200625 0.42574200156249997 0.3608713390625 0.4344187984375 0.3693558921875 0.4433639484375 0.3962837734375 0.42894380625000006 0.371635325 0.40659938125000006 0.36593674374999996 0.40981963437499996 0.3615045171875 0.41482891874999994
5 0.2955776265625 0.441798065625 0.2958332515625 0.4306028265625 0.295492415625 0.4119441015625 0.28651741249999996 0.4119289765625 0.286545446875 0.4195279703125 0.2866306578125 0.441798065625 0.2955776265625 0.441798065625
3 0.3959924375 0.376445090625 0.4606675671875 0.376445090625 0.4606675671875 0.303043621875 0.4606675671875 0.25032874843749997 0.41222533281249996 0.2506467390625 0.4123753859375 0.22467746875 0.40620104687499997 0.22457147187499998 0.397047484375 0.2261614265625 0.3881940453125 0.22955333125 0.3806911328125 0.23559516249999998 0.37558915625 0.2435449375 0.3740885671875 0.2504347453125 0.28687325937499997 0.2502987765625 0.2867413953125 0.3287206640625 0.2867413953125 0.37633909375 0.3959924375 0.376445090625
0 0.392385875 0.22753079999999998 0.3827821421875 0.2330426453125 0.37738005 0.2378125109375 0.3749791140625 0.24427833125 0.3734785359375 0.2504261578125 0.37365955 0.2561329078125 0.41309391875 0.2562559953125 0.41324398125000006 0.2245628828125 0.4030400171875 0.22498687187500002 0.392385875 0.22753079999999998
0 0.4227965578125 0.3508641484375 0.4151598109375 0.356862903125 0.4119662578125 0.3631400078125 0.4098835109375 0.36804399375 0.4097673859375 0.3760632171875 0.44862264375 0.37610242656250004 0.4487614984375 0.3445870421875 0.4348765 0.3460582375 0.4227965578125 0.3508641484375