3 0.810083715625 0.7932429359375 0.809633925 0.7532057125 0.848765840625 0.7538410234375 0.8492156312500001 0.72236758125 0.84944051875 0.633519059375 0.830549246875 0.6333602328125 0.831223940625 0.6041361015625 0.70376124375 0.603701053125 0.6506572296875001 0.6033290984375 0.6502074390625 0.7929252828125 0.810083715625 0.7932429359375
5 0.7371366859374999 0.6122413234375 0.7370454375 0.6039929765625 0.72563965625 0.6039285359375001 0.70930658125 0.603864096875 0.7091240828125 0.612048003125 0.7206211125 0.6119835625000001 0.7371366859374999 0.6122413234375
5 0.7654230171874999 0.6122413234375 0.76524053125 0.6037352171875 0.7534697609375 0.603606334375 0.7395776406250001 0.603748953125 0.739874071875 0.6121768828125 0.7489987 0.6121124421874999 0.7654230171874999 0.6122413234375
5 0.7949096796874999 0.612305765625 0.7946359390625 0.6039285359375001 0.780675265625 0.603864096875 0.768381515625 0.6039617625 0.7682657749999999 0.6123702046874999 0.780036540625 0.6121768828125 0.7949096796874999 0.612305765625
5 0.8248358578125 0.612048003125 0.8247446140625 0.603864096875 0.8157112359375001 0.6037352171875 0.7972857531249999 0.6038198890625 0.7974619859375001 0.612048003125 0.8099627234375 0.612048003125 0.8248358578125 0.612048003125
0 0.8339125218750001 0.6777995359375 0.8301784578125 0.6786972671875 0.8254115687500001 0.6806049421875 0.8211213718750001 0.68346645625 0.81587779375 0.6878442515625001 0.812540971875 0.6917157125 0.8107931125000001 0.696877659375 0.8106342156249999 0.7022640375 0.8504377328125001 0.7023201453125 0.8500047046875 0.6769453796875 0.8450352593750001 0.6767334828125 0.8397122328125001 0.677182346875 0.8339125218750001 0.6777995359375
3 0.3826136890625 0.64118926875 0.3828053296875 0.600002815625 0.3835718703125 0.56061960625 0.338893359375 0.56061960625 0.338893359375 0.5575068390625 0.3275868484375 0.5575068390625 0.20468989999999998 0.55661123125 0.205055096875 0.5909461687500001 0.205055096875 0.6405125843749999 0.3826136890625 0.64118926875
5 0.30599328593749997 0.5649127890625001 0.3059023296875 0.5566262281250001 0.267691928125 0.5568189390625 0.23251581093749998 0.556588115625 0.23240795468750003 0.5649770281250001 0.2647891375 0.5646558421875 0.30599328593749997 0.5649127890625001
5 0.33878083281250004 0.54869260625 0.33878083281250004 0.5399856859375001 0.33878083281250004 0.5273057046875 0.3270463765625 0.5270752234375 0.326811078125 0.535759025 0.32705047343750004 0.5485235390625001 0.33878083281250004 0.54869260625
3 0.34005885625 0.34167019062500004 0.352776784375 0.3434035015625 0.362147896875 0.34734284375 0.37084965468750003 0.3549063828125 0.37352710624999996 0.36310021406250004 0.3953930421875 0.36310021406250004 0.39494678437499997 0.3977919640625 0.4538509125 0.3974768171875 0.4536278 0.4479387015625 0.3273409203125 0.44730840625 0.3273409203125 0.503442946875 0.508515734375 0.5036005203125 0.5087388484375001 0.3277654046875 0.508069478125 0.2659582125 0.3271599953125 0.26558701875 0.326894678125 0.36341536093750004 0.3416207109375 0.36341536093750004 0.34005885625 0.34167019062500004
5 0.4518805 0.2744825703125 0.451735559375 0.2654751625 0.430430028125 0.2654751625 0.4076751359375 0.2654751625 0.40753020468749995 0.27427785312499997 0.428545865625 0.27438020937499996 0.4518805 0.2744825703125
5 0.3388659390625 0.3519797078125 0.33917921406249996 0.3341516765625 0.33902258281250003 0.3074918296875 0.32684666875 0.30749350625 0.3268047703125 0.326629396875 0.3268047703125 0.3518690875 0.3388659390625 0.3519797078125
5 0.33892132343750003 0.3902288328125 0.33883769531249996 0.384913265625 0.33892132343750003 0.3722149625 0.327477946875 0.3722892203125 0.32687851874999996 0.37983394375 0.326962146875 0.3899925859375 0.33892132343750003 0.3902288328125
5 0.33910123593749997 0.48010044843750005 0.33910123593749997 0.468311815625 0.33910123593749997 0.45022034843750003 0.32686559531250003 0.4499727078125 0.32720163125 0.4631761734375 0.3273668984375 0.4798670078125 0.33910123593749997 0.48010044843750005
3 0.5085046156249999 0.793333353125 0.5081885890625 0.7465501890625 0.5083465921875 0.7063508078125 0.4585737703125 0.7063508078125 0.418167590625 0.7063394421875 0.4182814796875 0.7539151015625001 0.41749143125000004 0.7935565312499999 0.5085046156249999 0.793333353125
4 0.4471507734375 0.710963303125 0.44723850781249996 0.706254209375 0.43793841406249995 0.706316171875 0.42471482812500005 0.706371821875 0.42495336874999995 0.710963303125 0.432849678125 0.711025265625 0.4471507734375 0.710963303125
5 0.45829334218750006 0.7934946265625 0.48478984687500004 0.7936185484375 0.48478984687500004 0.785687446875 0.46680381249999997 0.7855015609375 0.43677756093750003 0.78556145 0.43635915000000003 0.785625484375 0.4361836765625 0.7935565875 0.45829334218750006 0.7934946265625
4 0.2909753765625 0.6417479484374999 0.2909753765625 0.6363156546875001 0.266825971875 0.6360629906249999 0.24124287031249997 0.6359753015625 0.24106659375 0.641495284375 0.26324828125 0.6417479484374999 0.2909753765625 0.6417479484374999
5 0.368074609375 0.8137989265625001 0.3682534875 0.8049556609374999 0.3179869375 0.8049556609374999 0.2658373015625 0.8052210453124999 0.265573778125 0.8144305921875 0.3051072546875 0.8139252640624999 0.368074609375 0.8137989265625001
1 0.8738694234375 0.6524969046875 0.8786833812499999 0.6490971765625 0.882695015625 0.6441392375 0.8847008265625 0.647680621875 0.8897153734375 0.6517886296875 0.8987415406249999 0.6551883593750001 0.9069653984375 0.6554716703125 0.906564221875 0.6335150796875 0.8558088343750001 0.6337422687500001 0.8566193984374999 0.6557549796875 0.865645565625 0.655613325 0.8738694234375 0.6524969046875