3 0.6500294796875 0.801158653125 0.6500294796875 0.7617548937499999 0.641279890625 0.7620467718749999 0.6415229250000001 0.611026725 0.5824991484375001 0.6098592046875 0.42026309531250006 0.609554146875 0.4206438796875 0.7041836484374999 0.4206438796875 0.7991154921875 0.6500294796875 0.801158653125
0 0.5316420015625 0.6358598484375 0.5356352015625 0.6462502359375 0.5408485515625 0.6554449015625 0.54883495625 0.6651692359375 0.5621456375 0.673561471875 0.5823334953125 0.6776909875 0.5822225765625 0.6103875125 0.529142728125 0.609743384375 0.5294235546875 0.6165443875000001 0.5297563249999999 0.6232048921875 0.5316420015625 0.6358598484375
3 0.46726128750000007 0.620463609375 0.52949718125 0.62130155 0.5299623437500001 0.628872634375 0.5329859031249999 0.640045215625 0.5418240078125 0.656245459375 0.5623364421875 0.67440090625 0.582105871875 0.6783113078125 0.581640709375 0.6221238265625 0.6318783359375 0.621308509375 0.632808659375 0.71236505 0.6337389828125 0.800417025 0.6349018953125001 0.80039440625 0.64908936875 0.7998357609375 0.6495545296875 0.78223895 0.8399599703125 0.7833562140625 0.8399599703125 0.4594043484375 0.8394948078125 0.26935731406249996 0.7513405359374999 0.26824005 0.7506427859375 0.2766194890625 0.7223325296875001 0.2411465390625 0.7183786624999999 0.2458948875 0.7137270140624999 0.252877753125 0.7095405421875001 0.265446903125 0.70791246875 0.2609778734375 0.703726028125 0.25008460625 0.696981159375 0.24142585312499998 0.6686061984375 0.27634017499999997 0.6681410359375 0.2687986765625 0.57510340625 0.269999115625 0.574946540625 0.5044102015624999 0.4674938609375 0.5044102015624999 0.46726128750000007 0.620463609375
3 0.3981845484375 0.5150241515625 0.5842498078125 0.515582778125 0.5844824125 0.291134796875 0.5916924265625 0.291134796875 0.591925 0.20817837187500002 0.53215155 0.2078990546875 0.3927648078125 0.2075822375 0.3919048484375 0.36496435 0.3921374296875 0.5080412890625 0.3981845484375 0.5150241515625
5 0.5301848421875001 0.2305640625 0.5301848421875001 0.2078843875 0.4876208046875 0.20858222187500003 0.44485131874999995 0.20801014062499998 0.4452020296875 0.2305640625 0.48718499375 0.2305640625 0.5301848421875001 0.2305640625
0 0.519679246875 0.57206519375 0.5158791796875 0.5634269062499999 0.5099076421875 0.5539736875 0.5024432203125 0.5462864734374999 0.4948430859375 0.54025596875 0.4873786625 0.5363442921875 0.48059281875000004 0.5345514437500001 0.47557130000000003 0.5343884562500001 0.46694833593749996 0.53414754375 0.46675199687499996 0.5979800546875 0.5229364484375 0.5973281046875 0.5219864375000001 0.5844521687500001 0.519679246875 0.57206519375
0 0.44324560625 0.4644501484375 0.4330668578125 0.45499693125 0.4222095125 0.44961837187500003 0.41393079374999997 0.4473365625 0.4059235015625 0.44749954843750006 0.40679045468749997 0.51477048125 0.45926019062499995 0.515001853125 0.45790301875 0.49267269999999996 0.4515243375 0.4760480703125 0.44324560625 0.4644501484375
5 0.840017471875 0.59864731875 0.840017471875 0.5579362078125001 0.840017471875 0.492919959375 0.821296796875 0.492919959375 0.820284871875 0.53940354375 0.8207908343750001 0.59864731875 0.840017471875 0.59864731875
5 0.7781601953124999 0.29114940625 0.778251109375 0.2695307125 0.7659772921875 0.2695307125 0.7539105125 0.2696063703125 0.7542489703124999 0.2909310359375 0.764522615625 0.29114940625 0.7781601953124999 0.29114940625
5 0.6670339234375 0.29151440625 0.6674885109375001 0.2696773421875 0.657214871875 0.2698957125 0.6418105125 0.26948617812500003 0.64239536875 0.29151440625 0.653214515625 0.29151440625 0.6670339234375 0.29151440625
0 0.38616826249999997 0.7313763953125 0.3707159203125 0.72364423125 0.350542034375 0.720551365625 0.3522455578125 0.79903054375 0.4114929125 0.7999349078125 0.409346746875 0.76849076875 0.3990451953125 0.74529428125 0.38616826249999997 0.7313763953125
0 0.2913165625 0.6769928875 0.298805040625 0.6920511687500001 0.3087316171875 0.7039723078125 0.32684325937500003 0.713383734375 0.3449549140625 0.7154751625 0.344615840625 0.650418725 0.28870430625 0.650581059375 0.2881818625 0.6631296234375 0.2913165625 0.6769928875
3 0.1998446625 0.6370471765625 0.290980571875 0.636675903125 0.290980571875 0.58132613125 0.3457008625 0.5805835874999999 0.3457008625 0.577242128125 0.403203565625 0.5151492890625 0.403512709375 0.447577584375 0.403203565625 0.26070691875 0.2728242046875 0.25996436875 0.1578140203125 0.259985034375 0.1577996890625 0.64855664375 0.20015380624999998 0.6478140875 0.1998446625 0.6370471765625
5 0.34482205625 0.2832331125 0.3449687875 0.25979559218750004 0.276398959375 0.25856204374999997 0.2172574828125 0.25919076875 0.21760829375 0.28288066875 0.2708662421875 0.28288066875 0.34482205625 0.2832331125
0 0.35307686562499996 0.50079099375 0.3413226734375 0.50040948125 0.3297273265625 0.5053691484375 0.32035574843750003 0.5122363765625 0.313207940625 0.522346465625 0.35358401562499997 0.5695036015625 0.39189021875 0.5233127203125 0.3783324734375 0.5091842765625 0.36594293125 0.5028893140624999 0.35307686562499996 0.50079099375
1 0.72111075 0.24112345781250002 0.71563219375 0.24907623124999997 0.7094688015624999 0.2592228828125 0.7055881609375 0.2520928046875 0.700794415625 0.24441426718749998 0.69714204375 0.24057498281249998 0.6665534046875 0.276656740625 0.6654120296875 0.2911911328125 0.7523841984375 0.290211290625 0.7507862828125 0.27375726718750004 0.72111075 0.24112345781250002