3 0.7597351703124999 0.8002819015625 0.9421935937500001 0.8002819015625 0.9421935937500001 0.677588128125 0.9421935937500001 0.5867716296875 0.9027950875 0.5864494687499999 0.9021196890625 0.5796839796875 0.9003185953124999 0.5713076609375001 0.8951404796875 0.56099835 0.87285201875 0.5861273078125 0.7596086359374999 0.5873803859375 0.7595100375 0.588368775 0.7599603015625 0.6762994703125 0.7597351703124999 0.8002819015625
0 0.859470378125 0.60673224375 0.8621720203125 0.5864357828125 0.83025899375 0.5861590921875 0.8308781218749999 0.59255694375 0.8545173953124999 0.6209075578125 0.859470378125 0.60673224375
0 0.8993194484375 0.5687166484375 0.8952669953125 0.5593738328125 0.8716277218749999 0.5893352828125 0.8713463015625 0.5938072734375 0.9035970171875001 0.5944899359375 0.9035970171875001 0.5851471140625 0.9022462234375 0.5754821375 0.8993194484375 0.5687166484375
5 0.769030884375 0.52672270625 0.7689421515625 0.5090945546875 0.7689421515625 0.47992566718749996 0.758858740625 0.47970407968749995 0.7590037015625 0.499963421875 0.7590924343750001 0.526595884375 0.769030884375 0.52672270625
3 0.7599378 0.475421221875 0.8707176453125 0.47487692031249995 0.941968615625 0.47504037343750005 0.94173988125 0.407317675 0.941511146875 0.29200353125 0.9248187703124999 0.29200353125 0.8038310281250001 0.2918709484375 0.80385855 0.417739515625 0.76008769375 0.41752528125 0.7599378 0.475421221875
5 0.798471175 0.3050024515625 0.7983787453125 0.290668921875 0.7901521109375 0.290668921875 0.7720752359375 0.29063876875 0.77180395 0.30487034375 0.7809087046875 0.30480429062500003 0.798471175 0.3050024515625
0 0.821108315625 0.339065928125 0.8246395421875 0.336295128125 0.826578259375 0.3344149421875 0.8064294765625 0.3018044109375 0.8037688718749999 0.30164915625 0.8036598843749999 0.345300228125 0.8096837484374999 0.344706484375 0.816123046875 0.34243047031249996 0.821108315625 0.339065928125
5 0.9092893375 0.3048390453125 0.909214384375 0.2905922296875 0.890999503125 0.2904851109375 0.8627250203125 0.29044575781250004 0.8626700968750001 0.3048390453125 0.8808081296875001 0.3048390453125 0.9092893375 0.3048390453125
0 0.856789853125 0.44702804687500003 0.8541118421875 0.44196237656250004 0.8311912421875001 0.470667840625 0.8309999265625001 0.4747480234375 0.862067103125 0.4749455203125 0.8614369843749999 0.4629004796875 0.8588377406250001 0.453219421875 0.856789853125 0.44702804687500003
5 0.8293537171875001 0.801517046875 0.829249896875 0.7863827375 0.8085901906249999 0.7866794875 0.7859764578124999 0.7864705921875 0.7859579437499999 0.801220296875 0.80319166875 0.8013686718749999 0.8293537171875001 0.801517046875
5 0.9110827968749999 0.8015308031249999 0.91129043125 0.78609974375 0.890007821875 0.7859513687499999 0.8677359453125 0.7859805921875 0.8677908453125 0.800937303125 0.8823253109375001 0.8012340531250001 0.9110827968749999 0.8015308031249999
3 0.4869616984375 0.79955200625 0.64156073125 0.79955200625 0.64156073125 0.7116750734374999 0.641394253125 0.585489821875 0.5733059171875 0.5864415859375 0.459644240625 0.586486525 0.45965810625000003 0.7040802765625 0.45965810625000003 0.8000278859375 0.4869616984375 0.79955200625
0 0.5410641515625 0.6101655890625 0.5461470015625001 0.6195938265625001 0.56874945 0.59192736875 0.56874945 0.5868268484375 0.5375459859375 0.586332534375 0.537819784375 0.593782103125 0.5389012375 0.601664721875 0.5410641515625 0.6101655890625
5 0.53624930625 0.8010410218749999 0.5361695890625 0.78679894375 0.5140869109375 0.7865710703125 0.49315039531249993 0.7865407 0.4932000453125 0.80138283125 0.5104197515625 0.8012688953125 0.53624930625 0.8010410218749999
5 0.6117148140625 0.8008333500000001 0.611635096875 0.7869330828125001 0.5943356718749999 0.786705209375 0.56908571875 0.7867915437499999 0.5693033234375 0.8011751578125 0.584450284375 0.801061221875 0.6117148140625 0.8008333500000001
3 0.5335928796875 0.4431321125 0.59883746875 0.443530071875 0.641440546875 0.44339741874999994 0.6415333671875 0.3583126046875 0.641440546875 0.29207537656250004 0.6124853531250001 0.292340684375 0.6124853531250001 0.29074883906250004 0.56487529375 0.2908814921875 0.5649681140625 0.29247333750000004 0.529242284375 0.292340684375 0.529242284375 0.29074883906250004 0.48357623906249997 0.2908814921875 0.48357623906249997 0.2922080296875 0.4598231421875 0.2919255078125 0.4598186875 0.33494404375000003 0.4598186875 0.44326476562500006 0.5335928796875 0.4431321125
5 0.529612440625 0.304942790625 0.5294268078125001 0.2906161859375 0.520799565625 0.2906161859375 0.4830002609375 0.2904652421875 0.4830182265625 0.304942790625 0.50306673125 0.3050754453125 0.529612440625 0.304942790625
5 0.61241911875 0.3044339203125 0.61236991875 0.29086270625 0.58332265 0.2907923890625 0.5648664203125 0.29074611250000004 0.5649922843749999 0.30457455625 0.5762075 0.3045042390625 0.61241911875 0.3044339203125
0 0.542250421875 0.41725938124999995 0.5397418515625 0.425966384375 0.53830838125 0.4312930234375 0.5379500125 0.435743771875 0.537733665625 0.44294272343749996 0.568267896875 0.4430224921875 0.568267896875 0.43820802812500004 0.545619078125 0.41070351875 0.542250421875 0.41725938124999995
0 0.3186086609375 0.7655027 0.2955473484375 0.7953718953125 0.295412659375 0.8018118984375 0.3267762109375 0.8022383718749999 0.3253348828125 0.784213859375 0.321251103125 0.7703092359375 0.3186086609375 0.7655027
3 0.28235724375000004 0.8020510062499999 0.2824699921875 0.6840140078125 0.2824699921875 0.630474465625 0.2501077171875 0.590671475 0.2501077171875 0.5892211656249999 0.1665679390625 0.5891371578125 0.16658714218749998 0.7159469703125 0.166812646875 0.8020510062499999 0.28235724375000004 0.8020510062499999
0 0.23660664374999998 0.61144621875 0.2388617 0.6008106015625 0.23953821562500002 0.5890469625 0.208639534375 0.5891371578125 0.20864394531250002 0.5940424796875 0.23232203281250002 0.62224298125 0.23660664374999998 0.61144621875
0 0.24685599218749998 0.6203209828125 0.24629223437499997 0.6293451421875 0.275946221875 0.6291839984375 0.2780885234375 0.625477640625 0.2541239796875 0.5960554 0.2519298734375 0.6022726609375 0.24922380624999999 0.6095242203125 0.24685599218749998 0.6203209828125
5 0.2479968546875 0.8034931375 0.2481025109375 0.78916734375 0.23104297499999998 0.7888918484375 0.1994165125 0.7886696484375 0.19913139375 0.8039063859375 0.2148415859375 0.8037686328125 0.2479968546875 0.8034931375
0 0.2612761375 0.542183 0.2560687953125 0.538903340625 0.2520970921875 0.5377680734375 0.24891973437499998 0.5368850875 0.2450362921875 0.5365066656249999 0.244839378125 0.536560915625 0.2447715109375 0.580529790625 0.24847843281249998 0.5807820718750001 0.2677191203125 0.5476070515625 0.2612761375 0.542183
5 0.17573480625 0.54294568125 0.17573480625 0.5228780796875 0.1758204203125 0.48112241562499997 0.165373053125 0.48102657656250003 0.16537514375 0.49886510937499995 0.1654607578125 0.54270095 0.17573480625 0.54294568125
3 0.239073771875 0.3778512328125 0.235404734375 0.3794005296875 0.2308184359375 0.3835771234375 0.22748294531250002 0.38727159843750003 0.24641185000000002 0.417661628125 0.2447441046875 0.41778080468749995 0.2447441046875 0.483257028125 0.2911014828125 0.48385290937500003 0.348217821875 0.4834953796875 0.3482250171875 0.3600641421875 0.34805031406250003 0.2944681421875 0.32516373593750003 0.2944681421875 0.3249890390625 0.29858781875 0.3028104171875 0.27012460312500003 0.301238134375 0.2728710546875 0.2998405484375 0.2763665359375 0.298530315625 0.280860728125 0.2969580328125 0.2868529828125 0.29590985000000003 0.2914720109375 0.29556044843749996 0.28922491875 0.29451226406250003 0.2828581453125 0.2918917921875 0.2756175046875 0.288223140625 0.2702494421875 0.2665605953125 0.2982467609375 0.26682264375 0.2946264390625 0.24471387031249997 0.2945160765625 0.24466071406249998 0.376659465625 0.242659421875 0.3768978203125 0.239073771875 0.3778512328125
0 0.2406407609375 0.3765084125 0.23620736718750002 0.378800221875 0.23139667031250002 0.3817660921875 0.22715193125000002 0.387563021875 0.24658339062499998 0.4196483578125 0.2501678359375 0.419378728125 0.250154540625 0.3750323703125 0.2460174265625 0.3751602890625 0.244036553125 0.37569953749999996 0.2406407609375 0.3765084125
0 0.2841257359375 0.4575743046875 0.2806356203125 0.450698878125 0.2579026921875 0.4794139046875 0.25793586562500004 0.48366320468749996 0.28912508593749997 0.48372789843749997 0.2882761453125 0.4719992265625 0.286200940625 0.4640453 0.2841257359375 0.4575743046875
5 0.23212852968750003 0.307459571875 0.23202376875000003 0.2927871578125 0.21232940781249998 0.2926374390625 0.1890925953125 0.292726090625 0.18907329687500002 0.307609290625 0.20531066875 0.307459571875 0.23212852968750003 0.307459571875
1 0.30933345 0.2738854890625 0.3041546578125 0.2671801921875 0.29749619374999997 0.27882621093750004 0.2960165421875 0.28235530781249996 0.29059114531249997 0.27070928906249997 0.286398775 0.2700034671875 0.26346411875000003 0.30176534374999997 0.3261028921875 0.3063531671875 0.3251164515625 0.295060065625 0.3189512171875 0.2887076796875 0.30933345 0.2738854890625