5 0.3933067453125 0.5271138875 0.3933067453125 0.487774721875 0.3668575375 0.4883926140625 0.36671457812499997 0.506517465625 0.36671457812499997 0.5273198484375 0.3933067453125 0.5271138875
5 0.263205275 0.7301945890625 0.24483380000000002 0.7296796765625 0.24461934687500003 0.7489373328125 0.28322088125 0.7493492640625 0.2829349484375 0.7299886234375 0.263205275 0.7301945890625
0 0.24333262968749997 0.7205657609375 0.240187328125 0.712121234375 0.23218107500000001 0.70305880625 0.2216014125 0.694614271875 0.205874853125 0.6871995609375 0.1921498640625 0.6843160625 0.17384986875 0.6824623859375001 0.17299205625 0.748679875 0.24676387656249998 0.7489888203125 0.245048253125 0.7288043359375 0.24333262968749997 0.7205657609375
3 0.0619769078125 0.6446506859375 0.061405034375 0.7482679531249999 0.3930922921875 0.748679875 0.3925204265625 0.63519360625 0.3925204265625 0.553219846875 0.20866274218749997 0.5534258109375 0.12452568593749999 0.5531168640625 0.125454990625 0.56784330625 0.0611190953125 0.56784330625 0.0619769078125 0.6446506859375
5 0.630389803125 0.1943618953125 0.5424915312499999 0.19470183125 0.543081459375 0.21407853124999998 0.584139975 0.214418475 0.630389803125 0.21407853124999998 0.630389803125 0.1943618953125
5 0.8078381140625 0.1943618953125 0.7233613703125 0.19470183125 0.723833321875 0.214418475 0.7653637890625 0.21407853124999998 0.8078381140625 0.21407853124999998 0.8078381140625 0.1943618953125
5 0.9045851624999999 0.19470183125 0.8210523203125 0.19419191875 0.821524271875 0.2147584203125 0.8602231171874999 0.214418475 0.9055290656249999 0.2147584203125 0.9045851624999999 0.19470183125
0 0.6351091656250001 0.3684122421875 0.6181194359375 0.3731714296875 0.6039613265625 0.38133003906249996 0.5916909593749999 0.3935679546875 0.586971596875 0.4075055859375 0.58638166875 0.42314291718749997 0.6516269671875 0.4228029796875 0.651155015625 0.3684122421875 0.6351091656250001 0.3684122421875
0 0.7290246140625001 0.449998353125 0.7205297484375001 0.4387802640625 0.700708396875 0.426882284375 0.676167703125 0.4214432171875 0.6557564015625 0.422123090625 0.6563463296875 0.46801527343749993 0.7337439984375 0.46801527343749993 0.7290246140625001 0.449998353125
0 0.701180346875 0.525465496875 0.71722621875 0.516626996875 0.7285527046875 0.502689365625 0.7342159500000001 0.48399255625000004 0.6554024484375 0.48382257968750003 0.6568182593749999 0.5315844546874999 0.6813589953125 0.5309045640625001 0.701180346875 0.525465496875
5 0.58508385625 0.7297706875000001 0.5357664296875 0.7293457546875 0.5355304750000001 0.7498272765625 0.6365249765625001 0.7494873234375 0.6365249765625001 0.7304505765625 0.58508385625 0.7297706875000001
5 0.8314349484375001 0.7294307515625 0.7835333328125 0.7293457546875 0.7837693296875 0.7494873234375 0.8847638109375 0.7498272765625 0.88381995 0.7294307515625 0.8314349484375001 0.7294307515625
3 0.9928373890625 0.7494873234375 0.9928373890625 0.5931139671875 0.9918935281250001 0.46665550937500005 0.8054784015625 0.467335390625 0.6557564015625 0.46648553281250005 0.6568182593749999 0.6050119375 0.6582340703125 0.7494873234375 0.9928373890625 0.7494873234375
3 0.9926351312499999 0.3582745015625 0.9921846265625 0.1947143984375 0.8146749140624999 0.195038921875 0.6565381015625 0.1947143984375 0.6560875562499999 0.3287428078125 0.657439153125 0.47672575000000006 0.9930856765625 0.47542765937500003 0.9926351312499999 0.3582745015625
3 0.6704365546875 0.29300996874999996 0.6692190921875001 0.1954495921875 0.4905577671875 0.19523035625000001 0.4905577671875 0.3083565390625 0.49025339375000004 0.42170195312500003 0.6707409281250001 0.42170195312500003 0.6704365546875 0.29300996874999996
1 0.18930474218749999 0.5825774828125 0.20666430937500002 0.5871256359375 0.205086125 0.5598366953125 0.14117156875 0.562110771875 0.13801533125 0.563247821875 0.14117156875 0.5871256359375 0.160109253125 0.584851559375 0.17510154375 0.5717756140625 0.18930474218749999 0.5825774828125