5 0.9048964984375001 0.9376823703125 0.9051245625 0.915750675 0.8769576546875 0.915750675 0.846404821875 0.91571709375 0.84559773125 0.9372124078124999 0.8701154953125 0.937839025 0.9048964984375001 0.9376823703125
0 0.8841313078124999 0.77729743125 0.889833109375 0.77729743125 0.8972454515624999 0.774947603125 0.9051139453125 0.769777990625 0.911842071875 0.7616319359375 0.917315803125 0.751292709375 0.921193034375 0.736711103125 0.9264386921875 0.736711103125 0.9266667640625 0.726528534375 0.8785145218749999 0.72636988125 0.878771609375 0.7364104874999999 0.8841313078124999 0.7364104874999999 0.8841313078124999 0.77729743125
3 0.6941933859375 0.9337287562500001 0.724043909375 0.9335481109374999 0.7241754046875 0.9366190874999999 0.8025385890625 0.9371610296874999 0.8025385890625 0.9335481109374999 0.8272606124999999 0.9339094015624999 0.8268661093749999 0.87860250625 0.8268661093749999 0.7504368078125 0.8267346140624999 0.6595280515625 0.7867450921875 0.6593474031250001 0.6994808140625 0.659433878125 0.7001108890625 0.834510290625 0.6948508875 0.8343296453125 0.6941933859375 0.9337287562500001
0 0.7893796171874999 0.6731808921875 0.7906638 0.688665940625 0.7935175359375 0.6980745749999999 0.7996530609375 0.7090513171875 0.8089276953125 0.719047996875 0.8197718921874999 0.7245363703125001 0.8199145734375 0.7323768984375 0.8270489171875001 0.7321808843750001 0.8266270140625 0.6656878984375 0.8199145734375 0.6665164421875 0.8199145734375 0.6737689312499999 0.7893796171874999 0.6731808921875
5 0.8030698812500001 0.9380422453125 0.8030698812500001 0.9162800984375 0.7234751 0.9154159765625 0.7229601625 0.9373345359374999 0.7485901203124999 0.9378653171875 0.8030698812500001 0.9380422453125
3 0.767627621875 0.52016890625 0.866272565625 0.5203602734375 0.93787600625 0.5205516453125 0.93787600625 0.449667428125 0.9377366968749999 0.3472382625 0.904981453125 0.34704689218749996 0.904981453125 0.343219503125 0.84510018125 0.343219503125 0.845518103125 0.3464727828125 0.7870226984375 0.34685552343750004 0.7870226984375 0.343219503125 0.728235440625 0.343219503125 0.728235440625 0.3464727828125 0.6999400375 0.34614306875 0.699830865625 0.3780301390625 0.6999701671875 0.5195591296875001 0.767627621875 0.52016890625
5 0.7871641781250001 0.36382453593749997 0.787464928125 0.342890759375 0.761799884375 0.34261531562499997 0.7280120078125 0.3426485171875 0.7284152749999999 0.3639622578125 0.7520752359375 0.3640999796875 0.7871641781250001 0.36382453593749997
3 0.60697185 0.7042857046875 0.6065711796875 0.7472534671875 0.6165879515625 0.7472534671875 0.6304111 0.7406430421875 0.6398660921875 0.7268713234375 0.6470781703124999 0.7034594015625 0.7063774703125001 0.7048365734375001 0.7061771343750001 0.667928365625 0.7778972343749999 0.6684792359375 0.77809756875 0.511481640625 0.7069823625 0.5117570734375 0.7069823625 0.34677188124999997 0.6671171265625 0.34677188124999997 0.6677181328125 0.342640365625 0.5793701890625 0.342640365625 0.5793701890625 0.347598184375 0.53509605 0.3462210125 0.5356545046875001 0.4139778703125 0.535253834375 0.7037348359375 0.60697185 0.7042857046875
5 0.6692870390625 0.3655014203125 0.6686860343750001 0.342089496875 0.6398275078125 0.342089496875 0.5789269671875 0.342089496875 0.5797370828124999 0.364675115625 0.6139944500000001 0.3649505515625 0.6692870390625 0.3655014203125
0 0.6079885359375 0.7443852296875 0.613447790625 0.7450436265625 0.61967325625 0.743990190625 0.6270480375 0.7406981984375001 0.6321241875 0.7354310109375 0.6370087843750001 0.7292420671875 0.6406482859375 0.7223947234375 0.64371313125 0.713572184375 0.64543710625 0.7051446859375 0.6509921375000001 0.7050130046875001 0.6509921375000001 0.6959271078125 0.60339126875 0.695268709375 0.603103940625 0.7050130046875001 0.608275865625 0.7050130046875001 0.6079885359375 0.7443852296875
5 0.6584231109375 0.8547824203125 0.658000028125 0.8339872703125 0.6227783578125 0.8341326921875 0.5815277531249999 0.8341326921875 0.5814219828125 0.8547824203125 0.6128359046875 0.854927840625 0.6584231109375 0.8547824203125
0 0.74067771875 0.52947313125 0.7412207390625001 0.5394772765625 0.7433928140625 0.548585528125 0.7471939453124999 0.5594855671875 0.7540359828125001 0.56919108125 0.759683378125 0.5748650734375 0.7706523609375 0.5802404359375 0.7706523609375 0.587706215625 0.777820209375 0.587706215625 0.777494396875 0.5217087203124999 0.7708695671875 0.5217120046875 0.7708695671875 0.5300736781250001 0.74067771875 0.52947313125
0 0.920161153125 0.4699079890625 0.9110991453124999 0.47074981562499996 0.902649434375 0.47445385625 0.8965264578125 0.47899972343749997 0.8905259390625 0.4865761703125 0.88611739375 0.4958362703125 0.8839131234375 0.5044229078125 0.8836682031249999 0.5103157 0.8770553874999999 0.5101473328125 0.8764430890625 0.5197441640625 0.9254269140625 0.5199125296875 0.9254269140625 0.5101473328125 0.920406071875 0.5101473328125 0.920161153125 0.4699079890625
5 0.9054660046875 0.3640061171875 0.905343546875 0.342960434375 0.8720345437500001 0.3427920703125 0.8457057390625 0.3427920703125 0.8458281984375 0.36417448281250003 0.8684832171875 0.36434284687499996 0.9054660046875 0.3640061171875
0 0.43944930624999995 0.9165721906250001 0.4393155734375 0.8768571265625 0.4268783296875 0.8781441890625 0.4141736171875 0.887337490625 0.40708572500000006 0.8987371843749999 0.40360864531249996 0.9088498171875001 0.40267250781249997 0.9169399234375 0.39692195468749997 0.9169399234375 0.3967882203125 0.9382683828125 0.44519986093749997 0.9379006515625001 0.44519986093749997 0.916388325 0.43944930624999995 0.9165721906250001
0 0.40334504375 0.7698962640625 0.40502498124999997 0.776055434375 0.4074248921875 0.7827645296875 0.4109447609375 0.7891436703125 0.41654455468749996 0.7961827218749999 0.42278432343750005 0.8012420406249999 0.4311040140625 0.8045415968749999 0.439183715625 0.8057514328125001 0.439343709375 0.76494693125 0.4446235140625 0.7651669015625 0.44470351093750005 0.75603813125 0.396865284375 0.75603813125 0.3973452671875 0.7648369453125 0.403105053125 0.76494693125 0.40334504375 0.7698962640625
3 0.10689326875 0.9307762859375 0.10656391093749999 0.9346252749999999 0.19356313125 0.9343988640625 0.19356313125 0.9300970515625 0.226002571875 0.9307762859375 0.27311179218750004 0.9307762859375 0.27311179218750004 0.934172453125 0.3513514515625 0.9346252749999999 0.3513514515625 0.9303234625 0.3867573828125 0.9307762859375 0.3870867390625 0.7652697265625 0.40289590000000003 0.7650433140625 0.4035546140625 0.7691187171875 0.405036721875 0.7763638734375 0.40964772812500005 0.7865523765625 0.41524680468749997 0.7947031765625 0.4244688140625 0.80262756875 0.4397839375 0.80670296875 0.4397839375 0.7654961375 0.46366235468749994 0.7657225484375 0.4643210703125 0.657724425 0.4435473734375 0.657724425 0.4433826953125 0.6171968265625 0.4367955453125 0.6171968265625 0.4275735359375 0.6212722281249999 0.41703409531249996 0.6301022625 0.409623553125 0.6441397546875 0.40632997812499994 0.658177246875 0.2326533859375 0.6595357140625 0.23314742187499998 0.627611740625 0.2193144078125 0.627611740625 0.218820371875 0.5859520859375 0.21029475468749997 0.5866313203125 0.20074338749999998 0.591385953125 0.19234477187500001 0.5997631671875 0.1854282640625 0.61221578125 0.181311296875 0.627385328125 0.0614251703125 0.62693250625 0.06127725625 0.72202519375 0.06127725625 0.93145551875 0.10689326875 0.9307762859375
5 0.193948478125 0.934252365625 0.1940389734375 0.9134746140625 0.161080071875 0.9133501953125001 0.106421440625 0.9134746140625 0.10617795625 0.9347500359375 0.135760565625 0.9345012015625 0.193948478125 0.934252365625
5 0.3517389546875 0.9350030859375 0.35153763125 0.9135517125 0.325035771875 0.9134133156249999 0.2726918265625 0.9132749203125 0.27261647031249997 0.9344495015625001 0.30322014375 0.93472629375 0.3517389546875 0.9350030859375
3 0.061538665625 0.63696413125 0.1318506984375 0.63696413125 0.2328509484375 0.6364498281250001 0.2332250234375 0.45001502968749996 0.2328509484375 0.3443257859375 0.193583809375 0.3443257859375 0.193583809375 0.339439909375 0.1062372984375 0.3391827578125 0.1066113734375 0.34381148281249996 0.061535335937500005 0.34304002968749997 0.061351628125 0.444100546875 0.061351628125 0.5397608843749999 0.061538665625 0.63696413125
5 0.193937046875 0.36076637031250003 0.19402240937499998 0.33940674843749996 0.1498947453125 0.33964146875 0.10636039374999999 0.33940674843749996 0.10618615468749999 0.3606490109375 0.14186654999999998 0.3606490109375 0.193937046875 0.36076637031250003
0 0.21943801875000002 0.5868682109375001 0.20773325156250003 0.5877380750000001 0.19866469375 0.592522328125 0.19307593125 0.5986113750000001 0.1869599265625 0.6087597875 0.183269234375 0.617893359375 0.181687509375 0.6270269296875 0.1757824015625 0.6270269296875 0.1755715046875 0.6358705484375 0.22376140156250002 0.6368853890625 0.22386685 0.627316884375 0.21943801875000002 0.627316884375 0.21943801875000002 0.5868682109375001
3 0.225920384375 0.5410435203125 0.22621626875 0.667354809375 0.38762616250000004 0.6677616078125 0.46425990468749995 0.667151409375 0.4641119625 0.34354229531249997 0.4469507390625 0.3429320953125 0.44502749843749995 0.1834666375 0.37311756093750004 0.1834666375 0.37311756093750004 0.186517634375 0.368975196875 0.18590743437499999 0.3692710796875 0.1460410703125 0.362909590625 0.1458376703125 0.35713389218749997 0.14726146874999999 0.34870122187499997 0.1531600640625 0.34071237656250003 0.1617028578125 0.335386478125 0.173296646875 0.3325755890625 0.186110834375 0.3284332234375 0.186110834375 0.3284332234375 0.1834666375 0.32325236875 0.1834666375 0.3234003109375 0.17980544062499998 0.304611728125 0.17960204062500001 0.3047596703125 0.1834666375 0.22013708125 0.1828564375 0.22015066249999998 0.35961088124999996 0.2260683265625 0.35961088124999996 0.225920384375 0.5410435203125
5 0.32351562500000003 0.20032223437500002 0.32351562500000003 0.1799140703125 0.318125 0.1799140703125 0.304453125 0.179806659375 0.30453125000000003 0.20032223437500002 0.313359375 0.20032223437500002 0.32351562500000003 0.20032223437500002
0 0.36921231250000003 0.1473684203125 0.3616341875 0.147261009375 0.35413418750000003 0.15005370625 0.34827481250000003 0.1543501609375 0.34264981250000004 0.1601503765625 0.33850918750000003 0.1670247046875 0.33600918750000003 0.1730397421875 0.3338998125 0.179806659375 0.3328060625 0.18635875468750002 0.32679043750000003 0.18635875468750002 0.32632812499999997 0.19989258906250001 0.3742123125 0.2001074109375 0.3742123125 0.186466165625 0.36921231250000003 0.1865735765625 0.36921231250000003 0.1473684203125
0 0.4441574390625 0.6175390562499999 0.43374009999999996 0.6177250625 0.42508153281250005 0.6225612109374999 0.41709941562499997 0.629815434375 0.410876071875 0.6400457515625 0.40789968749999994 0.6499040546875 0.4062762078125 0.65846031875 0.4001881515625 0.65846031875 0.40005286250000005 0.6672025890625 0.44821614218750006 0.66776060625 0.44821614218750006 0.6579023015625001 0.4438868578125 0.6579023015625001 0.4441574390625 0.6175390562499999