3 0.6972381953125 0.6477952250000001 0.6973997578125 0.7270191265625 0.902577275 0.7273637 0.9029004125 0.6948108703125 0.9528239140625001 0.6953277328125 0.9533086140625 0.6495180828125 0.9528239140625001 0.496764890625 0.9526623515624999 0.42357099218750005 0.8569395109375 0.422881846875 0.857101071875 0.42960099375 0.813963284375 0.42942870781250003 0.814286409375 0.419952990625 0.741824615625 0.4204563296875 0.7419916296875 0.5110646140624999 0.6973997578125 0.5112368968750001 0.6972381953125 0.6477952250000001
5 0.9328862859375 0.4362931546875 0.932833178125 0.42349419375 0.9242299656249999 0.42349419375 0.9019539890624999 0.4234375609375 0.879489115625 0.42358671406250004 0.87963909375 0.43651968593749996 0.9053761093749999 0.43640642031250004 0.9328862859375 0.4362931546875
0 0.7939115 0.3568200921875 0.7923550265625 0.3534083609375 0.790366190625 0.35128755625 0.7602742984375 0.36880725625 0.7601013546875001 0.372733940625 0.7968515140625 0.3724956140625 0.7969379828125 0.3665020328125 0.79564091875 0.36198379375 0.7939115 0.3568200921875
5 0.8683431671875 0.36723529843749997 0.868449734375 0.34371939687499997 0.8680234875 0.3090735515625 0.855715628125 0.3089774125 0.8557689125 0.3349757375 0.855875471875 0.36723529843749997 0.8683431671875 0.36723529843749997
0 0.7635925968749999 0.4154706390625 0.7463150109375001 0.38233701249999996 0.7421697859374999 0.3817281796875 0.74269229375 0.421265309375 0.7531424453125 0.42022524062500005 0.7596912140625001 0.41799652031249995 0.7635925968749999 0.4154706390625
3 0.48447875468749996 0.71899868125 0.48447875468749996 0.7911472546875 0.6278972359375 0.7911472546875 0.6278972359375 0.7109788609375001 0.6271976265625 0.599477209375 0.5708347375 0.5983581671875 0.5017486484375 0.5985446718749999 0.4526013328125 0.59848033125 0.4526466765625 0.6630464375 0.48447875468749996 0.6628599296875 0.48447875468749996 0.71899868125
0 0.466904390625 0.6112982359375 0.45652631093749996 0.6079199671875 0.45270280625000003 0.6075670640624999 0.4524843203125 0.647177778125 0.4575094984375 0.6472942734375 0.47378670156249997 0.6147929984375 0.466904390625 0.6112982359375
5 0.5786559390625 0.791827384375 0.57856925625 0.7787015265624999 0.5540378140625 0.7787015265624999 0.5247821203124999 0.7785766109375001 0.5248254609375 0.792104690625 0.54762323125 0.7919198187500001 0.5786559390625 0.791827384375
3 0.3727112859375 0.7912331609375001 0.49006723750000003 0.79148255625 0.49006723750000003 0.7744056921875 0.490184171875 0.7080933984375 0.49006723750000003 0.6566134203125 0.45927197656249996 0.6567381203125 0.45295735937500003 0.6563706703125 0.416355921875 0.616723628125 0.4162389859375 0.5983931499999999 0.37232895625 0.5986338234375 0.37259434687500004 0.684656984375 0.372828221875 0.7337677203124999 0.3727112859375 0.7912331609375001
5 0.47659962499999997 0.7920077171875 0.4765168734375 0.7786827078125 0.45566292031250005 0.7786827078125 0.42589225468749997 0.7786733390625 0.4254577984375 0.7921842046875 0.44308435 0.7919194703125 0.47659962499999997 0.7920077171875
3 0.47103246875 0.6047047546875 0.614393184375 0.6046084609375 0.6274865703125 0.6043195890625 0.6276671656249999 0.4652455015625 0.6275768671875 0.423951965625 0.532046828125 0.423951965625 0.531997775 0.42952659375 0.5062625015625 0.429141428125 0.47082006249999997 0.4290591390625 0.47094217031249996 0.45281367031249997 0.47094217031249996 0.5464639640625 0.47103246875 0.6047047546875
0 0.493426675 0.5564319906249999 0.48846021874999995 0.552869215625 0.4817780765625 0.550461934375 0.4777146109375 0.5496916046875 0.47080672031250004 0.5493718359375 0.47094217031249996 0.5885329593749999 0.47672131718750005 0.5885329593749999 0.48701543281250004 0.5696598828125 0.493426675 0.5564319906249999
5 0.6103502421875 0.43649433281250005 0.6102828203125 0.423833434375 0.591404290625 0.42368963906249996 0.5565963593750001 0.42376194062500006 0.557018396875 0.43656622812499996 0.5788635531249999 0.43656622812499996 0.6103502421875 0.43649433281250005
0 0.445649096875 0.4134964265625 0.44299747968750003 0.4094725859375 0.41199403281249997 0.428939278125 0.41217250625 0.435123378125 0.44860665624999996 0.43557318125 0.44830070624999996 0.42448042812500003 0.44697489843750005 0.41773777343749996 0.445649096875 0.4134964265625
5 0.481853784375 0.2333805140625 0.48175179218749997 0.2195689484375 0.45727538437500004 0.2196777015625 0.4307847734375 0.219477634375 0.4308612671875 0.2333805140625 0.45217613281249996 0.23316300937499998 0.481853784375 0.2333805140625
3 0.101106478125 0.5986351234375 0.10098446406249999 0.6114954203125 0.10074042812499999 0.7543099984375 0.09610384375 0.7545702234375 0.0958598078125 0.7912341031250001 0.134171034375 0.7916244390625 0.1647969265625 0.8242825843749999 0.235672965625 0.82493314375 0.26642088125 0.7911247953125 0.30288849687499997 0.7918378125000001 0.3031082359375 0.6437946218749999 0.3033279765625 0.5236360624999999 0.30288849687499997 0.424319896875 0.2071078171875 0.423616925 0.20732757343750002 0.42877206250000005 0.1464587375 0.428689728125 0.146353459375 0.494847253125 0.146719509375 0.5985050140625 0.101106478125 0.5986351234375
5 0.279546834375 0.4365764625 0.279546834375 0.42365338750000003 0.2557752328125 0.42365338750000003 0.225898815625 0.423648709375 0.2260665140625 0.4365764625 0.24430419531249997 0.43645035 0.279546834375 0.4365764625
0 0.1645526296875 0.5663867203125 0.1675125890625 0.563861621875 0.15102138437499998 0.5319944624999999 0.14632773125 0.531532228125 0.1467928703125 0.5703547328125 0.1534739234375 0.56999400625 0.1599012640625 0.568551090625 0.1645526296875 0.5663867203125
0 0.11726795781249999 0.6218616984375 0.11051333125 0.62039445 0.1060102328125 0.619594134375 0.10088171562499999 0.6195146171875 0.1007566328125 0.659061146875 0.10826178281250001 0.659061146875 0.1246480234375 0.62613005625 0.11726795781249999 0.6218616984375
5 0.16742738125 0.8081285984375001 0.1540431921875 0.7939896640625 0.1440363265625 0.7828430156249999 0.13477997343749998 0.7927891890625001 0.14753873281250002 0.8065279640625 0.158421196875 0.818265946875 0.16742738125 0.8081285984375001
5 0.2299077484375 0.8247913499999999 0.2299077484375 0.811459840625 0.1992617203125 0.8110596843750001 0.1724933515625 0.8111754921875001 0.172993696875 0.8249247343749999 0.1992617203125 0.8250581234375 0.2299077484375 0.8247913499999999
5 0.2413218296875 0.8197644796875 0.25132869687500003 0.809093584375 0.26483796875 0.793620790625 0.25536271250000003 0.784176309375 0.2449493203125 0.794821265625 0.231064796875 0.809760515625 0.2413218296875 0.8197644796875
0 0.0910446359375 0.741956515625 0.0874154046875 0.73793761875 0.0578232859375 0.75654361875 0.057439423437500005 0.7659055546875 0.0948134390625 0.7659210421875 0.093975928125 0.75282241875 0.0929988234375 0.7470173484375 0.0910446359375 0.741956515625
3 0.0475822578125 0.27142505156249996 0.047409815625000004 0.394387915625 0.0920117578125 0.3947556625 0.0923521390625 0.4352079953125 0.21805515468749997 0.435391875 0.21805515468749997 0.39164940000000004 0.21805515468749997 0.3230937109375 0.2177102828125 0.24699918125 0.2015016734375 0.247366925 0.2020189625 0.2010600234375 0.2011568015625 0.127539728125 0.2011568015625 0.07076915781250001 0.1606205125 0.07150465781250001 0.1395837984375 0.0584495828125 0.1356178546875 0.06819491562499999 0.1316519234375 0.05918508125000001 0.1080287171875 0.07053675000000001 0.05888556406249999 0.07057760156250001 0.058617903125 0.24663143125000003 0.0479271171875 0.246815303125 0.0475822578125 0.27142505156249996
5 0.20225335156250002 0.232281359375 0.20216871093750002 0.207108665625 0.201999421875 0.1701168296875 0.18940884375 0.1700885796875 0.1898108953125 0.197184965625 0.1898108953125 0.23237161718750002 0.20225335156250002 0.232281359375
5 0.2184779078125 0.36223188125 0.2184779078125 0.338011478125 0.2184779078125 0.3040153609375 0.20630033593750002 0.3041208875 0.20643716093750003 0.330716171875 0.20643716093750003 0.36223188125 0.2184779078125 0.36223188125
0 0.13514374843750002 0.408589946875 0.112805934375 0.4219047640625 0.10455812812500001 0.42825678749999996 0.10455812812500001 0.43517222968749997 0.1416732578125 0.43509742500000004 0.140069515625 0.42104968437499996 0.13766390781249999 0.4127431921875 0.13514374843750002 0.408589946875
0 0.084383171875 0.43855896406249995 0.080187478125 0.4406017765625 0.07643343281250001 0.44436944843750004 0.094320346875 0.4760414453125 0.09796398125 0.47580596406250003 0.09774315 0.43518654999999995 0.0927745625 0.4366751265625 0.0891309375 0.43702834687500003 0.084383171875 0.43855896406249995