3 0.7508607953124999 0.6211644046875 0.7500734328124999 0.78368151875 0.9949432312500001 0.78586295625 0.9957305953125 0.6626117218750001 0.9949432312500001 0.4461040234375 0.868461053125 0.4450133046875 0.7298852171875 0.4461040234375 0.7299956859375001 0.5366336921875 0.7504671140625 0.5366336921875 0.7508607953124999 0.6211644046875
0 0.7453457375 0.521458128125 0.7534013140625 0.5193775921875 0.76282224375 0.512757703125 0.7706047515625001 0.505192115625 0.7772949765625 0.49270889687499997 0.7812544984375001 0.477956 0.7823467796875 0.46036600937500005 0.7301903281250001 0.4597985890625 0.7296441875 0.5220255468749999 0.7398843281249999 0.5218364078125 0.7453457375 0.521458128125
5 0.922491384375 0.7843623 0.9222183140625001 0.7567479046875001 0.870399459375 0.756558765625 0.8145690906249999 0.756558765625 0.8143757015625 0.7841731609375 0.8520392140625 0.7845514390624999 0.922491384375 0.7843623
3 0.58109060625 0.6310925125 0.58109060625 0.783658384375 0.6360013671875 0.7839288921875001 0.7611708109374999 0.783387878125 0.7609755375 0.6248708546875 0.7609755375 0.5223487546875 0.6453744296874999 0.5223487546875 0.6461162296875 0.579425703125 0.58109060625 0.579696209375 0.58109060625 0.6310925125
5 0.717585834375 0.7847404124999999 0.7173905609375 0.7571487125 0.69044300625 0.7566076984375 0.6558798375 0.7563371921875001 0.65548929375 0.7847404124999999 0.672087425 0.7850109187500001 0.717585834375 0.7847404124999999
3 0.9420184546874999 0.4595820640625 0.99422230625 0.45928689218749996 0.994648459375 0.34151345312500003 0.9948615375 0.206324896875 0.89257931875 0.20662006718749998 0.7306408421875 0.2060297234375 0.730468334375 0.35125411406249996 0.73004218125 0.4589917203125 0.9420184546874999 0.4595820640625
5 0.8840968124999999 0.23407101875 0.8843098875000001 0.205144209375 0.8421206531250001 0.205144209375 0.7816068015625001 0.20543938125 0.781819878125 0.234366190625 0.822517575 0.234366190625 0.8840968124999999 0.23407101875
0 0.77116603125 0.42622768125 0.7760668 0.4150111640625 0.778623725 0.40349947343750003 0.7801152640625 0.39198530468750004 0.7799021859375 0.38637704687499996 0.730468334375 0.386084353125 0.730468334375 0.44600417343750004 0.7507106453125 0.44452831562500006 0.76285603125 0.43626351249999995 0.77116603125 0.42622768125
5 0.60104088125 0.502708375 0.60104088125 0.460488725 0.6015133968749999 0.414014384375 0.5797776421874999 0.41434166718750004 0.5793051265625 0.4490337828125 0.5797776421874999 0.50205380625 0.60104088125 0.502708375
0 0.6804992624999999 0.33733025156249996 0.6744348296875 0.3279599671875 0.6673207859375 0.3210130328125 0.6591571265625 0.316812559375 0.6514599624999999 0.3148738796875 0.6471448859375 0.31455076718749997 0.64352955 0.31455076718749997 0.644462540625 0.3862819125 0.6886629203125 0.3866050265625 0.6884296734375 0.363502428125 0.6850475859375 0.348316103125 0.6804992624999999 0.33733025156249996
5 0.7214865265625 0.23355872500000002 0.721115771875 0.20556762968750003 0.6921969921875 0.20569602968749998 0.6518775359375 0.20620962812500002 0.6519702234375 0.23368712500000002 0.6804255640625 0.23355872500000002 0.7214865265625 0.23355872500000002
3 0.292799925 0.783342396875 0.5254238250000001 0.783342396875 0.5252737515625 0.6804351546875 0.5252737515625 0.5322071484374999 0.5254238250000001 0.445834128125 0.49736016093749996 0.445626234375 0.4976603078125 0.3838818890625 0.48835577812500003 0.3840897828125 0.47737238125000003 0.3876239703125 0.4673174859375 0.3957318140625 0.45921354062499997 0.406750165625 0.453960984375 0.41984744999999996 0.45035923125000005 0.4333605234375 0.45020915781250004 0.445834128125 0.44524972187499995 0.4457234875 0.33316219375 0.4457234875 0.25242288749999997 0.44551559375 0.25182367656250004 0.6313723078125 0.25182367656250004 0.783550290625 0.292799925 0.783342396875
0 0.2902423796875 0.7024718578125 0.2987965453125 0.6899982515625 0.30419917343749997 0.6769009671874999 0.3064502703125 0.6623484281249999 0.3070505625 0.6496669296875 0.251673603125 0.650290609375 0.25197375 0.7157770359375 0.26773142031249997 0.7155691421875 0.28033755781249997 0.71078759375 0.2902423796875 0.7024718578125
5 0.44921574062499997 0.7840130875 0.4493941375 0.756829025 0.41360628593750004 0.7567054609375 0.3709732609375 0.756829025 0.3188818 0.756829025 0.318716409375 0.7838895234375001 0.3876693234375 0.7840130875 0.44921574062499997 0.7840130875
0 0.243184678125 0.70534084375 0.2266639796875 0.708773715625 0.21229097187499998 0.719987765625 0.2038654171875 0.7314306734375 0.197752759375 0.7453910203125 0.1957702734375 0.75797821875 0.1957702734375 0.7685056953125 0.19197051406250001 0.7685056953125 0.19213572031249998 0.782923759375 0.24533237031250002 0.782923759375 0.2454975765625 0.768047978125 0.2435150921875 0.768047978125 0.243184678125 0.70534084375
3 0.19500411875 0.45948871249999995 0.3144073921875 0.45889377812500004 0.41975327812499996 0.45889377812500004 0.495339865625 0.45869546562499997 0.52525955625 0.45869546562499997 0.52525955625 0.292311765625 0.5251164 0.20683932968750002 0.358082325 0.20624439374999998 0.307084340625 0.20703764218749998 0.1745076703125 0.20664101875 0.1122346296875 0.20664101875 0.11196017031250001 0.290725271875 0.1115307015625 0.45869546562499997 0.19500411875 0.45948871249999995
5 0.2623636234375 0.23319092968750002 0.2623636234375 0.2062500703125 0.2329165171875 0.2062500703125 0.202093378125 0.20637715 0.2020016421875 0.23331800937499997 0.22814626875 0.23331800937499997 0.2623636234375 0.23319092968750002
5 0.414183625 0.2333536734375 0.41409833437500004 0.20629646250000003 0.37059480312500004 0.20594200156250003 0.330251571875 0.2061783078125 0.3306891703125 0.2333536734375 0.3560996078125 0.2333536734375 0.414183625 0.2333536734375
0 0.4690233390625 0.392157259375 0.4603347953125 0.403317984375 0.4527520671875 0.4199496546875 0.44943462343749996 0.433736434375 0.448960703125 0.44489715937499996 0.4491186765625 0.45802742500000004 0.497774515625 0.45890277656249995 0.4979324890625 0.38340375 0.48292500625 0.38471677656250003 0.4690233390625 0.392157259375
0 0.213954096875 0.39289641249999996 0.20350389687499998 0.407626853125 0.198187128125 0.421595375 0.1954370765625 0.43277019218749996 0.194887065625 0.443945009375 0.19525373906250001 0.45969134218749996 0.24292131874999998 0.4589294234375 0.24273798124999998 0.3829914609375 0.22862104374999997 0.3850232453125 0.213954096875 0.39289641249999996
0 0.13463055468750001 0.3896638921875 0.143166209375 0.3846475296875 0.1520898484375 0.37658551875 0.15868558125 0.36547785781250003 0.1636000484375 0.3513245484375 0.166057284375 0.3384253296875 0.1668332515625 0.326422571875 0.122603040625 0.32731835 0.1224737140625 0.32283945625 0.112127465625 0.3224804625 0.1117394796875 0.3961135015625 0.122603040625 0.3961135015625 0.122861696875 0.3918137625 0.13463055468750001 0.3896638921875
5 0.04337708125 0.2988706171875 0.04350354375 0.2811766359375 0.043250615625 0.25437288125 0.0231428734375 0.25437288125 0.0233958015625 0.275570621875 0.0235222640625 0.2990458046875 0.04337708125 0.2988706171875
0 0.076889984375 0.27312576875 0.068290446875 0.2615633640625 0.0586791984375 0.2557821640625 0.051723690625 0.25297915625 0.0446417171875 0.2526287796875 0.0438829359375 0.3216450484375 0.085995378125 0.3214698609375 0.0853630578125 0.29939618125 0.0824543921875 0.28468039375 0.076889984375 0.27312576875