3 0.298086078125 0.9178481890624999 0.2979761796875 0.9201148531250001 0.3397377640625 0.9201148531250001 0.3397377640625 0.9179993 0.3661982328125 0.918301521875 0.366088334375 0.9199637421875 0.40773606406249996 0.9202659640625 0.40773606406249996 0.917697078125 0.4331230625 0.918301521875 0.4331230625 0.9201148531250001 0.47510444375 0.9202659640625 0.47510444375 0.917697078125 0.48786107031250003 0.918301521875 0.48775117031250004 0.8587637890625001 0.5248970015625 0.8587637890625001 0.6444471843749999 0.8587637890625001 0.6446669828125 0.7044794624999999 0.555308240625 0.7047165921875 0.555308240625 0.7031134031249999 0.5203881328125 0.7029607171875 0.5203326109375 0.706930521875 0.51838935 0.706930521875 0.5180562203125 0.7036477984375 0.5167236984375 0.6989909140624999 0.515058046875 0.694868425 0.513392428125 0.6919674140625001 0.510449775 0.6884556640625 0.5057346921875 0.68540196875 0.5005711703125 0.6829590109375 0.496975071875 0.68288266875 0.49719715937500003 0.706930521875 0.494421071875 0.706930521875 0.49447659374999997 0.7047165921875 0.4838719421875 0.7047165921875 0.483858821875 0.7093172171875 0.3929043359375 0.7096458078125 0.3931433109375 0.6284839703125 0.39322296875 0.5880673468750001 0.341352153125 0.58773875625 0.341352153125 0.6244313546875 0.30118798281250003 0.6244313546875 0.267492528125 0.6242122953125 0.267519521875 0.766888303125 0.26729972343749997 0.91860374375 0.298086078125 0.9178481890624999
5 0.4750105734375 0.9201619421875 0.4749613703125 0.9074429921875 0.46127721718750003 0.907510646875 0.43303475 0.9075783 0.43303917812500003 0.920026634375 0.44420955624999997 0.9201619421875 0.4750105734375 0.9201619421875
5 0.4074407875 0.920229596875 0.4074407875 0.9076459546875 0.3925407609375 0.9075783 0.3661680046875 0.9075783 0.3660275609375 0.9202972515625 0.3769349875 0.920229596875 0.4074407875 0.920229596875
5 0.3396168890625 0.91995898125 0.3395676859375 0.9076459546875 0.3235090875 0.9076459546875 0.298021984375 0.9076459546875 0.29809184218749996 0.9200942890625001 0.314867828125 0.9200942890625001 0.3396168890625 0.91995898125
3 0.389162615625 0.7148048640625 0.4403616828125 0.7148048640625 0.4912568796875 0.7148048640625 0.49117784999999997 0.613202165625 0.49252135625 0.6130935 0.49252135625 0.566041128125 0.4910988203125 0.5657151296875 0.49133590937499994 0.5406132875 0.4820112609375 0.5406132875 0.42842059375 0.5402872890625 0.3894588984375 0.5403959546875 0.389320675 0.5948376140625 0.38908358593750003 0.6584072171875001 0.389162615625 0.7148048640625
0 0.3995155203125 0.5813630328125 0.4044943984375 0.5765817281250001 0.40805074062499996 0.5706051000000001 0.4101845453125 0.564085140625 0.41081678281249995 0.5571305171875001 0.41081678281249995 0.5543052015625001 0.3935092546875 0.5545225328125001 0.3933511953125 0.550067228125 0.389162615625 0.5498498953125 0.389162615625 0.5892956484375 0.393272165625 0.5892956484375 0.3933511953125 0.5845143453125 0.3995155203125 0.5813630328125
5 0.4926317 0.613381509375 0.49258166093750005 0.5928781234375 0.49268173906249996 0.5656320125 0.4835746828125 0.5654944046875 0.4838248765625 0.58785548125 0.4838248765625 0.6131750984375001 0.4926317 0.613381509375
0 0.32382035625 0.51608034375 0.32382035625 0.520712171875 0.32427474375 0.5251978265624999 0.32614618906250004 0.5310519421875 0.3298422953125 0.5376780296875 0.3352694875 0.543146159375 0.3413048984375 0.5462340453125 0.341164540625 0.5509302046875 0.3452817203125 0.5508658734375 0.3451881484375 0.5120099828125 0.3414119453125 0.5118345015625 0.341365159375 0.5160160125 0.32382035625 0.51608034375
3 0.48371974062499995 0.5080969640624999 0.483668890625 0.512711578125 0.5104268281250001 0.512711578125 0.5104268281250001 0.5145993734375 0.5476517046875 0.51452945625 0.5477025546875 0.5129912515624999 0.568627434375 0.512678628125 0.5685021031249999 0.3863615078125 0.49976917343749994 0.38667945000000004 0.4666980140625 0.3865500609375 0.440581790625 0.3866147546875 0.4206793875 0.38667945000000004 0.42071879375 0.43740946718749996 0.42056624375 0.5080270453125 0.48371974062499995 0.5080969640624999
0 0.44227908281249995 0.497818959375 0.44192313437499997 0.49026777343749994 0.4403976421875 0.48446454687499996 0.43816025468750003 0.47921533906249997 0.43541436874999995 0.47467064375 0.43205828593750006 0.47152431562499997 0.42915985 0.4695666015625 0.4265156640625 0.4682381515625 0.424786771875 0.46788855937499996 0.4247359234375 0.4632792734375 0.42082049218749995 0.46320935468749996 0.42066794375 0.5021538999999999 0.424786771875 0.5021538999999999 0.424888471875 0.497749040625 0.44227908281249995 0.497818959375
5 0.5478332046875 0.5148456671874999 0.5478332046875 0.5019643984375 0.5309233171875001 0.501883384375 0.5101247453125 0.502126428125 0.51000690625 0.5152507390625 0.5245600140625 0.5150076953125 0.5478332046875 0.5148456671874999
3 0.42047767656249996 0.39267030625 0.5059175921875 0.392023403125 0.5686476093749999 0.391592134375 0.5686754109375001 0.296119709375 0.565387475 0.2963349921875 0.565387475 0.29052239062499996 0.565387475 0.2334727921875 0.5675011484375 0.23314987031249998 0.570945653125 0.231750540625 0.5763472609375 0.226368503125 0.5801049015624999 0.21937185312500002 0.582453428125 0.211083515625 0.5829231328125 0.20322574062499998 0.5652957890625 0.20333338125 0.5652957890625 0.15252694687499999 0.568505440625 0.15252694687499999 0.568662009375 0.1071025484375 0.524931821875 0.10699490781250001 0.52501010625 0.10505737500000001 0.4682959859375 0.10505737500000001 0.468217703125 0.1068872671875 0.420855771875 0.1068872671875 0.4205216640625 0.17326908593749998 0.42062353437500005 0.3083528296875 0.42047767656249996 0.39267030625
5 0.525129178125 0.1174979 0.52526865625 0.10503212656250001 0.49202899375 0.1049682 0.46817839687499996 0.10477641875000002 0.4681771875 0.1175618265625 0.49537404687500003 0.1175618265625 0.525129178125 0.1174979
0 0.5653453359375 0.2331521875 0.56851119375 0.23255858906250002 0.5712933109375 0.230975659375 0.5746510375 0.22794171406250002 0.5772892515625 0.22464394531249998 0.58007136875 0.2196313390625 0.5815103953125 0.2146846875 0.5826136484375 0.20894657031250002 0.5826136484375 0.20353823124999998 0.56529736875 0.20367014218750001 0.56529736875 0.19938304375 0.5610282578125 0.1993170890625 0.560980290625 0.2380328828125 0.56529736875 0.2380328828125 0.5653453359375 0.2331521875
5 0.6263476375 0.30857384374999997 0.6264159109375 0.295806565625 0.6139900046875 0.295806565625 0.6017006453125 0.2959004421875 0.601632371875 0.30857384374999997 0.6111907624999999 0.30857384374999997 0.6263476375 0.30857384374999997
0 0.4421709015625 0.383024984375 0.4419912109375 0.3765393171875 0.4405536953125 0.370424259375 0.4388915671875 0.3661000859375 0.436690371875 0.361838075 0.4334559609375 0.3581319796875 0.4303563171875 0.3555377125 0.4274812859375 0.3541170421875 0.4246960984375 0.35343759218750004 0.4247410203125 0.3485578984375 0.42069800781250005 0.3484965265625 0.42078785312500006 0.3873487625 0.424830865625 0.3874105296875 0.424830865625 0.3830867515625 0.4421709015625 0.383024984375
0 0.3744433984375 0.3844983984375 0.3721950953125 0.38558948593750003 0.36895489375 0.38804443593750004 0.36578081875 0.39168139687500003 0.3630696296875 0.396246928125 0.361151959375 0.401338675 0.359631046875 0.4085216734375 0.3594987953125 0.41406803906249995 0.3768553125 0.4142498875 0.3767891859375 0.418068696875 0.380955159375 0.418068696875 0.380955159375 0.3790622859375 0.37682395468749996 0.3795885 0.37682395468749996 0.38422562656250003 0.3744433984375 0.3844983984375
3 0.3247260234375 0.3689784734375 0.3810124265625 0.3689784734375 0.3810124265625 0.33405499375000003 0.4248110890625 0.3341542078125 0.42466677812500003 0.28157055937500003 0.4248110890625 0.221545828125 0.4247389328125 0.161223453125 0.4248110890625 0.1069531578125 0.4102982625 0.1069531578125 0.41015395000000004 0.0703430328125 0.4090716109375 0.07024381874999999 0.40899945468750004 0.0610168765625 0.40185601562500006 0.060818446875 0.40185601562500006 0.059131801562499996 0.35125516874999996 0.0590325875 0.3511830125 0.060818446875 0.34367879375 0.0607192328125 0.3435344828125 0.07014460312500001 0.3425964546875 0.07014460312500001 0.3425242984375 0.1067547296875 0.32484609062500003 0.1067547296875 0.324870334375 0.1655888875 0.324870334375 0.2983377984375 0.3247260234375 0.3689784734375
5 0.342592459375 0.10784745468750001 0.3512946453125 0.10784745468750001 0.35139780468750004 0.0915355859375 0.35139780468750004 0.0714885359375 0.36394659687500003 0.0714885359375 0.4014266375 0.0714412546875 0.40139225156249997 0.10770561249999999 0.4102294578125 0.10761105 0.41012630000000005 0.070164675 0.40895989843749997 0.0702119546875 0.4088911265625 0.0608976421875 0.401876378125 0.060944921875 0.4019451515625 0.0593846578125 0.3512875828125 0.05914825312500001 0.351253196875 0.060708518749999996 0.3436538859375 0.0608503609375 0.3436240390625 0.070164675 0.342592459375 0.070164675 0.342592459375 0.10784745468750001
0 0.41731305937499996 0.3042840484375 0.41198771875 0.30487575312500004 0.4058555078125 0.307316534375 0.4019825328125 0.3111626140625 0.3982709328125 0.3170056953125 0.39644202812499996 0.32166536875 0.39547378437499997 0.32654693125 0.395527575 0.32832204531250003 0.39170839218750003 0.32817411875 0.391869765625 0.3340172015625 0.42016400000000004 0.3339432375 0.42016400000000004 0.32817411875 0.4173668515625 0.32817411875 0.41731305937499996 0.3042840484375
0 0.33087716093749997 0.4920986796875 0.3373649484375 0.48934137031249997 0.342024359375 0.4846377234375 0.34579907187500003 0.47751533437499993 0.3477454078125 0.4719196171875 0.348217246875 0.46729706875000004 0.348217246875 0.462431228125 0.3312241875 0.46251232499999995 0.33105410156250004 0.458199990625 0.32173527812499997 0.4578756015625 0.3216762984375 0.4974511046875 0.33081818125 0.4974511046875 0.33087716093749997 0.4920986796875
1 0.362699271875 0.6078555999999999 0.365800965625 0.603283996875 0.367019484375 0.597950459375 0.3693457484375 0.6031316062500001 0.3728905421875 0.6093794671875 0.37854004531249996 0.6145606140625001 0.38585116875000003 0.6159320968750001 0.3872912421875 0.6148653890625 0.38684814218749997 0.5872833875000001 0.347523153125 0.587740540625 0.34763392656250003 0.6157797078125 0.3525080109375 0.6151701640625 0.3586006140625 0.6122748125 0.362699271875 0.6078555999999999
0 0.518794290625 0.6987822078125 0.5099758453125001 0.6836216796875 0.49630729687499997 0.6805895843750001 0.4967481953125 0.71212349375 0.49630729687499997 0.71212349375 0.52055799375 0.7139427359375 0.518794290625 0.6987822078125
1 0.580523334375 0.8261306234375001 0.5642092484375001 0.835833375 0.5615637109375 0.8522067312500001 0.560681878125 0.8412911265625 0.5509815984374999 0.8291627187499999 0.539517615625 0.8273434515625 0.5399585515624999 0.8576644828125 0.5836098062499999 0.8570580937500001 0.5844916765625 0.8261306234375001 0.580523334375 0.8261306234375001