3 0.48047559218749997 0.9129881140625 0.5165374171875 0.91323349375 0.5277844234375 0.9235394749999999 0.542923034375 0.9334273765625 0.5563123265625001 0.939071128125 0.573093571875 0.94152493125 0.5884466265625 0.9412795515625 0.6036211578125 0.9371080828125 0.61576078125 0.9304828109375001 0.627364834375 0.9214037312500001 0.634505790625 0.9133061765624999 0.66806828125 0.9135515578125 0.6677112328125 0.8372382234375 0.667532709375 0.6622819375 0.6671756625 0.5459715859375 0.5803811671875 0.5457262046875 0.4813004078125 0.5454808234375 0.48101116250000003 0.614923503125 0.48101116250000003 0.7638694593750001 0.48047559218749997 0.9129881140625
0 0.4994140625 0.5599999999999999 0.50107421875 0.565100671875 0.50361328125 0.571677853125 0.50810546875 0.5777181203125 0.51396484375 0.5836241609374999 0.52353515625 0.5885906046875 0.53095703125 0.5889932890625 0.530859375 0.5542281874999999 0.5349609375 0.55395973125 0.5349609375 0.546174496875 0.4939453125 0.5457718125000001 0.4939453125 0.55395973125 0.49921875 0.554362415625 0.4994140625 0.5599999999999999
3 0.33220068125 0.7363933203124999 0.3350028859375 0.7367601406250001 0.334736009375 0.77399248125 0.3301991046875 0.77399248125 0.329665353125 0.8304829281250001 0.334736009375 0.8306663375 0.3346025703125 0.913017671875 0.37941623281250003 0.9128342609375 0.37914935625 0.9163190609375 0.4529122796875 0.9165024718750001 0.452645403125 0.913017671875 0.4874728078125 0.9133844906249999 0.48733936875 0.8886240687500001 0.512425775 0.8886240687500001 0.5125592140624999 0.880187184375 0.510824515625 0.8702830140625 0.5054869828124999 0.8576276875 0.4971944828125 0.8490073921875 0.4875869234375 0.844972359375 0.48745348593750004 0.70723104375 0.487320046875 0.606355246875 0.45435690937500006 0.60672206875 0.382033946875 0.6069054796875 0.3345299 0.6072723 0.33433569375 0.6393691453125 0.3324675578125 0.6393691453125 0.33220068125 0.7363933203124999
5 0.34609375 0.7370469796875 0.34599609375 0.6794630875000001 0.34609375 0.6393288593750001 0.33212890625 0.63919463125 0.33251953125 0.6767785234375 0.33212890625 0.7370469796875 0.34609375 0.7370469796875
0 0.3437002890625 0.8242102046875001 0.3687585453125 0.8243519421875 0.3683460640625 0.8165563171875 0.3666961375 0.8073433046874999 0.3634994046875 0.7989807250000001 0.35762154218750003 0.789200759375 0.3506093546875 0.7839564296875 0.3430815671875 0.781405134375 0.3430815671875 0.774459940625 0.3299852765625 0.7741764625 0.32905719218749996 0.83087191875 0.3437002890625 0.83087191875 0.3437002890625 0.8242102046875001
5 0.45328804843750004 0.9166237984375 0.45308180781249996 0.8972056046875 0.42464167656249996 0.8972056046875 0.378967465625 0.896922128125 0.37893824062500003 0.9163403203125 0.405852665625 0.9164820609375001 0.45328804843750004 0.9166237984375
0 0.51253053125 0.888437290625 0.5112546265625 0.8717768984375001 0.507426915625 0.8603776828124999 0.501557759375 0.851784428125 0.4942851078125 0.8466986249999999 0.48777799843749997 0.8452956437499999 0.48777799843749997 0.8379299984375 0.481015709375 0.8372285078124999 0.481015709375 0.89527681875 0.487395228125 0.89527681875 0.487395228125 0.888437290625 0.51253053125 0.888437290625
5 0.34609375 0.5652349 0.34609375 0.5446979859375001 0.34609375 0.493288590625 0.3322265625 0.493288590625 0.332421875 0.5095302015625001 0.3326171875 0.5653691281250001 0.34609375 0.5652349
0 0.4153021296875 0.48149289531250006 0.415176165625 0.48686012968750003 0.4159319484375 0.49413186875 0.41782140156249997 0.5014036046875 0.42374169375 0.5123112125 0.43155143906250004 0.521314315625 0.4417544953125 0.5258158671875 0.44162853125 0.5325681953125 0.4474228578125 0.5323950578125001 0.447548821875 0.475259978125 0.44125063906250006 0.4757793875 0.44125063906250006 0.4821854421875 0.4153021296875 0.48149289531250006
3 0.4243716 0.4733309453125 0.44748269062499996 0.47317290468750006 0.506237753125 0.4733309453125 0.506237753125 0.3973135203125 0.506122771875 0.25223245156249996 0.49554456093750004 0.25254853125 0.49565954218749997 0.2455947546875 0.459574528125 0.2455947546875 0.45968950937499997 0.24227590625 0.3785159765625 0.242433946875 0.3785159765625 0.2454367140625 0.3347083859375 0.2454367140625 0.3345944171875 0.35875166875 0.3345944171875 0.4733309453125 0.4243716 0.4733309453125
5 0.4600238265625 0.2610827109375 0.4602537875 0.241959825 0.4240362484375 0.241959825 0.37851698906250003 0.24227590625 0.378502615625 0.2613987921875 0.4138016453125 0.2613987921875 0.4600238265625 0.2610827109375
0 0.49679230625 0.43000348437499997 0.484638053125 0.432530440625 0.4765692640625 0.43828628125 0.471156025 0.445726759375 0.46727483437500006 0.4541499421875 0.46523210312499996 0.46510008125 0.459716728125 0.4655212390625 0.45992100156250004 0.473242490625 0.5009799046875 0.4735232625 0.501286315625 0.46510008125 0.4965880328125 0.465380853125 0.49679230625 0.43000348437499997
3 0.5361671 0.553487678125 0.6265705015624999 0.5542537515625 0.667396240625 0.5540622328125 0.667396240625 0.3849516375 0.667396240625 0.24973976874999998 0.6109927093749999 0.250888878125 0.6109927093749999 0.21699015156249998 0.604304534375 0.2167986328125 0.5970590109375 0.22005444375 0.5895348125 0.22714061874999997 0.5834039859375 0.2363334921875 0.580059896875 0.2468669953125 0.576715809375 0.234992865625 0.569748959375 0.22522543593750002 0.559716696875 0.21775622499999997 0.5485697375 0.2173731890625 0.549127084375 0.2495482515625 0.504817921875 0.24916521406249997 0.504817921875 0.2520379875 0.499662453125 0.25222950625 0.50049683125 0.47305002343749997 0.5361671 0.47285850468749996 0.5361671 0.553487678125
0 0.5670999125 0.5280157546875001 0.56723925 0.516716178125 0.5641738359375 0.5046505296875 0.55873969375 0.49452833281249997 0.5530268765625 0.4887827859375 0.5455026796875 0.48437786562499996 0.5418799187500001 0.48361179375 0.5418799187500001 0.475568028125 0.5363064375000001 0.47649735 0.5358884265625 0.533186746875 0.542297928125 0.532803709375 0.542297928125 0.5280157546875001 0.5670999125 0.5280157546875001
1 0.5904754125 0.22378328125000002 0.5837063312499999 0.232057475 0.5811992421875 0.2389526359375 0.5759344 0.22860989375 0.5664075265624999 0.21792239218749998 0.5526186421875 0.2137852921875 0.547604503125 0.21413006562499998 0.54835663125 0.25963811406250004 0.612537634375 0.2610171515625 0.6117855046875 0.21516432968750002 0.5997515625000001 0.21688812031250002 0.5904754125 0.22378328125000002
5 0.5748945484375 0.9428861046874999 0.5945956125 0.9405763828125 0.6118941 0.9339771859375 0.6251082265625 0.92572819375 0.637361328125 0.912199840625 0.6299133640625 0.90857028125 0.6078097375 0.925398234375 0.5895502265625 0.932327390625 0.5751348125 0.9339771859375 0.5547129875000001 0.9290277921874999 0.538856028125 0.9220986359375001 0.5237890562499999 0.9077398421874999 0.5169926578124999 0.9125297984375 0.5359729468750001 0.9293577515625 0.5568753 0.9399164640625 0.5748945484375 0.9428861046874999