3 0.5174755296875 0.6865297046875 0.5174755296875 0.7524228640625 0.5180807578125 0.7977778953125 0.6668044546874999 0.797884865625 0.8079793640625 0.797884865625 0.808433284375 0.7026820859375 0.80782805625 0.6167856453125 0.683755390625 0.61635776875 0.5725450765625 0.61657170625 0.4965890421875 0.6166786765625 0.49691653125 0.68075335625 0.5174755296875 0.680860325 0.5174755296875 0.6865297046875
0 0.53867721875 0.6576479625 0.5468477875 0.65058798125 0.55168960625 0.64363496875 0.5535052890625 0.6372168046875 0.553959209375 0.62951500625 0.4964626109375 0.6303707609375 0.4964626109375 0.6670612703125001 0.5156785796875 0.666098546875 0.528237046875 0.66278249375 0.53867721875 0.6576479625
0 0.568936215625 0.7305500781250001 0.5596011937500001 0.7224184515625 0.5509329593750001 0.717115215625 0.5384306999999999 0.714051125 0.5300958578125 0.7131083281249999 0.5174269015624999 0.7129904781249999 0.5174269015624999 0.750113121875 0.5752706937500001 0.750113121875 0.5737704234375001 0.7404494500000001 0.568936215625 0.7305500781250001
5 0.8082847281250001 0.7204689531249999 0.808754934375 0.692988746875 0.8085981984374999 0.6403552875 0.7849311453125 0.6404660953125 0.785244615625 0.6676138796875 0.785244615625 0.7203581453125001 0.8082847281250001 0.7204689531249999
3 0.59865096875 0.627053021875 0.6950947375000001 0.6271588890625 0.7809106109374999 0.6269471546875 0.8080150265625001 0.6267354187499999 0.807865278125 0.6165721421875 0.8081647750000001 0.541300371875 0.8080150265625001 0.49895338437500003 0.8080150265625001 0.4605234921875 0.6386765828125001 0.46062935937500005 0.5712891953125 0.4607352265625 0.496714615625 0.46084109375000004 0.49666573906249994 0.5263730578125 0.49636624218750003 0.6267354187499999 0.59865096875 0.627053021875
0 0.547130865625 0.5935989015625001 0.54024245 0.5871409859375001 0.52871184375 0.581012190625 0.5183792203124999 0.577412696875 0.5108918140625 0.5760364203125 0.49636624218750003 0.5762366359375 0.49666573906249994 0.613607853125 0.5538695328125 0.6135019859375 0.553270540625 0.60355044375 0.547130865625 0.5935989015625001
5 0.8087087625 0.5788938203125 0.8086141 0.5467702328125 0.808330109375 0.509158865625 0.7858002390625 0.5092257906250001 0.7858002390625 0.5363969921875 0.785894903125 0.5787599718750001 0.8087087625 0.5788938203125
3 0.7646852296875 0.47078761562500004 0.8079153421875 0.47078761562500004 0.8079153421875 0.357722578125 0.6827366609375 0.35788093125 0.6827366609375 0.36326498125 0.6282925671874999 0.36326498125 0.49703429843749997 0.36326498125 0.4963492921875 0.47094597031249996 0.553681559375 0.47078761562500004 0.7646852296875 0.47078761562500004
0 0.5488754218749999 0.4404356375 0.5446331484375 0.4354076328125 0.5376458734375 0.430026784375 0.5282879140625 0.425263409375 0.5194290484375 0.42288172343749997 0.5115683640625 0.42173498593750003 0.4964708578125 0.421205721875 0.4964708578125 0.45737207656249995 0.5534920140625 0.4578131296875 0.553117696875 0.4492567 0.5488754218749999 0.4404356375
5 0.8088959296875 0.4478669953125 0.8092432437499999 0.42846924687500004 0.8088959296875 0.3869727984375 0.784931215625 0.3869727984375 0.7852785296875 0.40391513593750006 0.785104871875 0.4478669953125 0.8088959296875 0.4478669953125
3 0.41379294843750003 0.330242309375 0.41353670937500003 0.37390023437500003 0.5595977734375001 0.37390023437500003 0.704885203125 0.37408138750000003 0.704885203125 0.246730678125 0.7094975031249999 0.246368371875 0.7210282515624999 0.2436510734375 0.7335839546875 0.235318025 0.7417835984375001 0.2246299859375 0.7451147031249999 0.21031888125 0.7045844296875 0.210500034375 0.70484066875 0.133872225 0.5570632640625 0.133691071875 0.4063948203125 0.133872225 0.4073869765625 0.3304234625 0.40866817031249997 0.330242309375 0.41379294843750003 0.330242309375
5 0.659277096875 0.1505383203125 0.659277096875 0.133328765625 0.6187913578125 0.1331476125 0.549855778125 0.133328765625 0.54986310625 0.1507194734375 0.5985484875 0.1507194734375 0.659277096875 0.1505383203125
0 0.7327262812499999 0.2350418796875 0.739568378125 0.2276762078125 0.7428339234375 0.21940838437500002 0.7437669359375 0.2107234890625 0.6831210859375 0.21063622187500003 0.6829655828125001 0.24790432187500003 0.7053578968750001 0.247244709375 0.721841128125 0.241857875 0.7327262812499999 0.2350418796875
5 0.7055164546875 0.3312122484375 0.705110596875 0.3011802984375 0.705110596875 0.2604363140625 0.6819766921875 0.26062759999999996 0.6819766921875 0.27765208124999996 0.682111978125 0.3310209625 0.7055164546875 0.3312122484375
0 0.47153804218750006 0.344115840625 0.4624668890625 0.338389915625 0.4532337484375 0.3351833984375 0.44464855 0.33358014062499997 0.43687327500000006 0.333122065625 0.4326616671875 0.333122065625 0.433147621875 0.3736738171875 0.48514477500000003 0.3737883359375 0.48401087968749995 0.3600461171875 0.478665378125 0.3507701203125 0.47153804218750006 0.344115840625
3 0.23973897812499997 0.544270584375 0.39670446406250004 0.544270584375 0.42906226875 0.5433793109375 0.42927238437500004 0.40597475625 0.42906226875 0.34700220625 0.42906226875 0.299616203125 0.289959553125 0.29991329375000003 0.2893292046875 0.2960511125 0.284496546875 0.28817820312500003 0.275251459375 0.28015674687500003 0.259282671875 0.2740663828125 0.23848122656249998 0.27228383749999996 0.2393216890625 0.29991329375000003 0.172504921875 0.2997647484375 0.1723082953125 0.430039121875 0.1725184125 0.5445676749999999 0.23973897812499997 0.544270584375
0 0.273990765625 0.28015674687500003 0.260123134375 0.2748091109375 0.2475161984375 0.2721352921875 0.2389014578125 0.2721352921875 0.2389014578125 0.31447075 0.292270825 0.3152134765625 0.2908000140625 0.297982203125 0.285337009375 0.28877238437499997 0.273990765625 0.28015674687500003
5 0.39561215625 0.31565911406249997 0.39603238749999997 0.2991705671875 0.37862834218749997 0.2993191125 0.3027766046875 0.29902202187500004 0.30211070625 0.316401840625 0.3441338296875 0.316401840625 0.39561215625 0.31565911406249997
0 0.3770781296875 0.47761558125 0.38608587656250004 0.48604121093749997 0.397033753125 0.492017528125 0.41047608281250003 0.49574048125000003 0.4290458984375 0.4967202046875 0.42863015625 0.45890284843750007 0.3712577390625 0.45949068281249994 0.37236638593750004 0.4689940078125 0.3770781296875 0.47761558125
0 0.2724850671875 0.65098183125 0.2598411734375 0.6446339484375 0.24939621875 0.6413952328125 0.23840152812499998 0.64048839375 0.231987959375 0.6406179421875 0.232171203125 0.68038936875 0.28549545 0.68038936875 0.2851289609375 0.668341346875 0.28054783906249997 0.65927294375 0.2724850671875 0.65098183125
0 0.2226623703125 0.644331075 0.229067915625 0.6363569250000001 0.23254919218749998 0.6286936078124999 0.23352394843750002 0.6237712937500001 0.23352394843750002 0.6200303328125 0.17267125625 0.6205070687500001 0.172392753125 0.6573259874999999 0.1949514171875 0.656932203125 0.21207929218750002 0.6512223171875 0.2226623703125 0.644331075
1 0.31954673906250003 0.6364429328125001 0.330957275 0.63229765625 0.3407377265625 0.62492828125 0.345953978125 0.6168680281250001 0.350192175 0.62492828125 0.3612766859375 0.6325279484374999 0.3756213609375 0.6375943937499999 0.3906180640625 0.6385155703125001 0.3902920609375 0.60212928125 0.300890446875 0.6018616437500001 0.2996597875 0.6389761546875 0.3078101796875 0.6387458625 0.31954673906250003 0.6364429328125001