3 0.1559018421875 0.7615378015625 0.15655735312500002 0.8505035812499999 0.5203621015625 0.8502718984375001 0.521345365625 0.75458735 0.521345365625 0.6060793703125 0.5216731203125 0.501359234375 0.28744101093749996 0.5008958703124999 0.2871132578125 0.467070340625 0.1566668234375 0.467070340625 0.1559018421875 0.542135215625 0.1559018421875 0.65820775625 0.1559018421875 0.7615378015625
5 0.40864062968750003 0.8514303078125 0.40896838437499994 0.8303472718749999 0.37193208437499997 0.830578953125 0.2915923546875 0.8303472718749999 0.29163214375 0.8516619890625 0.33719007031250003 0.851198625 0.40864062968750003 0.8514303078125
0 0.480731409375 0.52023061875 0.4665162328125 0.525939909375 0.4529472015625 0.535303146875 0.4432550359375 0.5471784734375 0.4374397375 0.5599672859375 0.4361474484375 0.5727560984375 0.5204692875 0.5720709828125 0.5204692875 0.5154348140625 0.5046387515624999 0.5158915578125 0.496561946875 0.51680504375 0.480731409375 0.52023061875
0 0.6286984703125 0.691737728125 0.636775275 0.6992739921875 0.65325195625 0.710920946875 0.680066946875 0.719142325 0.7004204953125 0.720740928125 0.6991282062499999 0.6609075546875001 0.620621665625 0.6604508124999999 0.6222370265625 0.673011253125 0.62449853125 0.68214611875 0.6286984703125 0.691737728125
5 0.60108694375 0.8502908921874999 0.6012058296875 0.8309622796875 0.5809952328125 0.8309622796875 0.5353430593749999 0.8308782421875 0.5352241734375001 0.8504589671874999 0.561735721875 0.8504589671874999 0.60108694375 0.8502908921874999
0 0.6439972890625 0.5471883328125 0.6530279250000001 0.5599553953124999 0.6716536140625 0.5731214296875 0.6970522796874999 0.582497240625 0.7297883390625 0.5838936390625 0.7300705468750001 0.5274392828125001 0.6400463859375 0.5268408265625 0.639764178125 0.534820240625 0.6439972890625 0.5471883328125
3 0.38519952343749997 0.40481838437500006 0.37405026406249997 0.407998490625 0.3613361984375 0.4131143125 0.350186940625 0.421709696875 0.3421672984375 0.429590828125 0.3368860703125 0.43664236718750005 0.33316965 0.44632094999999994 0.3325828484375 0.45724392343750003 0.4000040953125 0.45752045468749997 0.4000139015625 0.4672239125 0.3512537421875 0.46594734375 0.3503507765625 0.51190379375 0.4094301265625 0.5138896703125 0.7038926734375 0.514525671875 0.7038926734375 0.5185536843749999 0.843651925 0.5194016875 0.843651925 0.418489359375 0.8433520124999999 0.266272865625 0.84425175 0.17066055468750002 0.574032634375 0.170024553125 0.3979839640625 0.170024553125 0.3977179890625 0.309299865625 0.39791358906249996 0.4037122609375 0.38519952343749997 0.40481838437500006
0 0.6301014453125 0.463343909375 0.6143119015625 0.47258680468750003 0.6046901499999999 0.4840968265625 0.597782225 0.49630442500000005 0.5965486671875 0.5135911171875 0.675989803125 0.5141142999999999 0.6757430921875 0.45375222343750005 0.650085084375 0.45584495468749997 0.6301014453125 0.463343909375
5 0.722865009375 0.1897409625 0.7233584328125 0.169685621875 0.6197395578125 0.169685621875 0.5264825703125 0.169860015625 0.5264624875 0.1897409625 0.5965486671875 0.1899153578125 0.722865009375 0.1897409625
3 0.15603930625 0.47938948437500006 0.268514884375 0.47954181562500003 0.26765288125 0.513968896875 0.3685073125 0.5141212281249999 0.3685073125 0.47954181562500003 0.41634851875 0.4789324875 0.41634851875 0.330713240625 0.41656401875000004 0.22179570625 0.415702015625 0.17045975 0.29458976406250004 0.1703074171875 0.15602266874999998 0.17045975 0.15582380468749998 0.22727966562500002 0.15582380468749998 0.35371540625 0.15603930625 0.47938948437500006
5 0.328194934375 0.1899582734375 0.328194934375 0.1698504203125 0.298886809375 0.170002753125 0.25236821875 0.170002753125 0.2525541109375 0.1899582734375 0.2794917265625 0.19011060625 0.328194934375 0.1899582734375
0 0.37518025625 0.4077774609375 0.3640576546875 0.412119321875 0.35675326093750004 0.416343834375 0.34828680312500004 0.4229153 0.3393223203125 0.433012590625 0.333678015625 0.44533408750000003 0.33168590781249996 0.4574208875 0.41585245156250006 0.45800762656250005 0.41585245156250006 0.4033236515625 0.40107765312500004 0.40284886249999996 0.389955053125 0.40425703437499994 0.37518025625 0.4077774609375