5 0.22818279062500002 0.8036142999999999 0.21213722031249999 0.7857628171875 0.20318155937500001 0.8119450015625 0.1681052109375 0.8125400421875 0.1360141046875 0.8125400421875 0.12295376093749999 0.7857628171875 0.11586386875000002 0.7917133296875 0.1076545015625 0.79825885625 0.11884907656249999 0.8280113375000001 0.124446365625 0.8446727140625001 0.2128835140625 0.8422925250000001 0.22818279062500002 0.8036142999999999
0 0.3457258359375 0.676868765625 0.34012854843749996 0.6613974828125 0.330426559375 0.643546 0.318485690625 0.6346202578125 0.30579849375 0.6358103515625 0.30719781562500004 0.71346430625 0.3080374078125 0.7149519484375 0.3457258359375 0.7137618406249999 0.3457258359375 0.676868765625
0 0.23303375 0.5792806578125 0.23303375 0.5917766953125 0.275946303125 0.5923717500000001 0.276692596875 0.5298915562500001 0.27613286718749996 0.5287014484375 0.2606470609375 0.5298915562500001 0.24497465468750002 0.540602446875 0.239377365625 0.55666878125 0.23303375 0.5792806578125
0 0.3188588546875 0.4513450203125 0.299828075 0.4561054171875 0.2897529578125 0.47098165156249994 0.2830362125 0.49418858125 0.281450290625 0.5206682796875 0.282289884375 0.51977570625 0.3188588546875 0.5203707609375 0.3188588546875 0.4513450203125
5 0.13187947656250001 0.25592385 0.11473815000000001 0.2563088359375 0.10990961875000001 0.2563088359375 0.101459671875 0.2566938328125 0.0985625484375 0.2566938328125 0.098803971875 0.28364331875 0.12487808125 0.2832583234375 0.1316380421875 0.2832583234375 0.13187947656250001 0.25592385
5 0.2378658875 0.25746381406249996 0.22917451875 0.257078828125 0.21831030624999997 0.2566938328125 0.2040661234375 0.2566938328125 0.203100409375 0.25659758125 0.20261756250000001 0.2844133015625 0.22289742499999998 0.2840283046875 0.237383040625 0.28364331875 0.2378658875 0.25746381406249996
1 0.19489190781250001 0.2139596484375 0.1791991421875 0.2193495453125 0.1714734875 0.22974434531250001 0.1673692375 0.24321908906249998 0.1589192796875 0.22281447812500002 0.1497450625 0.21357465625 0.1391222859375 0.2154996203125 0.1391222859375 0.2809483671875 0.1439508171875 0.28056337187499997 0.196099034375 0.28056337187499997 0.19489190781250001 0.2139596484375
0 0.381377725 0.41238010625 0.392047646875 0.4178984359375 0.4058897109375 0.4192780171875 0.4061780953125 0.3539778015625 0.4058897109375 0.3537478640625 0.39377790468749996 0.3682334765625 0.38022422499999997 0.3893870734375 0.3738799359375 0.40318290625 0.381377725 0.41238010625
3 0.4051133734375 0.40290718593749997 0.40577154843749996 0.3262879140625 0.40544244531249996 0.2591148484375 0.3527875875 0.2591148484375 0.3109927953125 0.26068921718750004 0.28598172499999996 0.2601644265625 0.2766848609375 0.2596396359375 0.268457528125 0.260033228125 0.2685398109375 0.5209848375 0.37417863125 0.5209848375 0.40544244531249996 0.519935275 0.4051133734375 0.40290718593749997
5 0.5346937015625 0.5566705359374999 0.5343645984375 0.5078651062499999 0.5346937015625 0.46640672656250004 0.51659358125 0.4653571515625 0.5152772 0.46588193437500003 0.515606303125 0.5041915875 0.51593540625 0.5293814875 0.51593540625 0.5566705359374999 0.5346937015625 0.5566705359374999
5 0.5350227734375 0.35095301874999996 0.5350227734375 0.32418875156250004 0.51593540625 0.3226143828125 0.5157708390625 0.323007975 0.516264478125 0.3514778125 0.516922684375 0.3845395671875 0.5343645984375 0.3855891296875 0.5350227734375 0.35095301874999996
0 0.5139608484375 0.20296236250000002 0.49355706875000005 0.20978462812499998 0.48434248750000003 0.2223795765625 0.47743153749999995 0.24651989843750002 0.47677333125 0.28115601562500003 0.488949778125 0.280631221875 0.5139608484375 0.280631221875 0.5139608484375 0.20296236250000002
5 0.740851871875 0.7856641921875 0.7308932515625 0.813455228125 0.6643837359375 0.8140223843750001 0.6583374109375 0.7992761328125 0.6526467640625 0.7862313484375 0.6409097765625 0.7953059671875 0.6346856296875 0.80041044375 0.6522910875 0.84408209375 0.7422745468749999 0.8412462640625 0.7568568328125 0.80154478125 0.740851871875 0.7856641921875
5 0.8923187953125 0.8018720781249999 0.8925890796875 0.7738572109375 0.8717777515625 0.774288203125 0.8569125453125 0.7734262000000001 0.8423175984375 0.7734262000000001 0.8413716140625 0.7734262000000001 0.8415067687500001 0.800579084375 0.8563719750000001 0.80273408125 0.8774535640625001 0.8023030890625 0.8923187953125 0.8018720781249999
0 0.855279040625 0.666604390625 0.85632323125 0.601109534375 0.8145556125000001 0.601109534375 0.8141205109375 0.6009707703125 0.8176881828125 0.6360771375 0.82638975 0.65439349375 0.8441409875 0.6693796046875 0.855279040625 0.666604390625
0 0.763972728125 0.5729001578124999 0.763377684375 0.591403765625 0.8047338265624999 0.591403765625 0.805031334375 0.5534476515625 0.805031334375 0.5318601015625 0.79194019375 0.533046234375 0.778849053125 0.5387396515625 0.771708425 0.552498740625 0.763972728125 0.5729001578124999
0 0.781529053125 0.43803400468750003 0.7694086812500001 0.4521581453125 0.76148385625 0.47891967968750004 0.7619500375 0.49973418281250004 0.805070459375 0.49713235625 0.8062358906249999 0.49601729375000003 0.8048373906249999 0.43283038749999997 0.781529053125 0.43803400468750003
5 0.6957496953125 0.256999746875 0.681892971875 0.2554931546875 0.662997428125 0.256999746875 0.648510834375 0.25750194375 0.64756605625 0.25787859218750003 0.64756605625 0.288136015625 0.6727601203125 0.2886382125 0.6954347890625 0.2886382125 0.6957496953125 0.256999746875
0 0.84565436875 0.378531628125 0.842190165625 0.36748327187499996 0.8333722640625 0.3504085515625 0.8198304468750001 0.33885799375 0.8091229625 0.3373514 0.8097528328125 0.4046459203125 0.810067740625 0.40514810937499995 0.8472289875 0.4046459203125 0.84565436875 0.378531628125
5 0.9433488875 0.3114497 0.9435790078125 0.292001296875 0.934144353125 0.29016654062499997 0.9267232046875 0.2905334890625 0.9267807390625 0.311816653125 0.927240959375 0.344842246875 0.9428886671875001 0.34447529375 0.9433488875 0.3114497
5 0.9432890296875 0.430942071875 0.943541540625 0.409198675 0.9369764406250001 0.409198675 0.9278863234375001 0.409198675 0.926750059375 0.4090980078125 0.9266238140624999 0.429331446875 0.9266238140624999 0.4522828125 0.9430365187499999 0.4522828125 0.9432890296875 0.430942071875
5 0.943541540625 0.5271767390625001 0.943541540625 0.5126811390625 0.9432890296875 0.4913404 0.9372289515625001 0.4893271265625 0.9273181906250001 0.489729775 0.9276338359375 0.52476080625 0.927381325 0.5485174875000001 0.943541540625 0.549725453125 0.943541540625 0.5271767390625001
0 0.8525695578124999 0.425462446875 0.853269609375 0.45783609687500004 0.8714708218749999 0.45504526875 0.8844217000000001 0.44611460000000003 0.8774212421875 0.429927775 0.8613201531250001 0.40425210937499995 0.8574698906249999 0.40313578124999994 0.8529195921875001 0.40425210937499995 0.8525695578124999 0.425462446875
3 0.8052840921875 0.4028241171875 0.8058791578125 0.3269090859375 0.8320624562500001 0.3278580203125 0.83265749375 0.2598556171875 0.643423915625 0.260804584375 0.6118850046875 0.2598556171875 0.5839165109375 0.25890669375 0.582726353125 0.259534496875 0.5821312875 0.5195434703124999 0.6327125812500001 0.5195434703124999 0.8052840921875 0.5204924156249999 0.8052840921875 0.4028241171875
3 0.73998069375 0.8394862453125 0.756851690625 0.7966400796875 0.8049089953124999 0.7987666140624999 0.80496525625 0.7637581265625 0.80496525625 0.5694556515625 0.8051214874999999 0.510915803125 0.7955924796875 0.5096702828125 0.6737463890625001 0.5096702828125 0.6020446515625 0.508922965625 0.5828304609375 0.5086738515625 0.5831428953125 0.7976364874999999 0.6356304421875001 0.7976364874999999 0.6543759953125 0.837493384375 0.73998069375 0.8394862453125
3 0.941990134375 0.68825811875 0.942495984375 0.6019485812500001 0.9111342203125 0.60114194375 0.8489165890624999 0.60114194375 0.8130023609375 0.600335325 0.7980802312499999 0.599931996875 0.79833315625 0.7987666140624999 0.8903950249999999 0.7971533390625 0.941990134375 0.7987666140624999 0.941990134375 0.68825811875
3 0.20975045625000002 0.8441461765625 0.22439896093749997 0.801549790625 0.2735145359375 0.801549790625 0.2735145359375 0.265659771875 0.19682530468749998 0.265659771875 0.19596362812499998 0.2120707703125 0.17528338593749998 0.2093226171875 0.165804940625 0.22718561718750002 0.1511564359375 0.21069669375000002 0.1339229015625 0.2079485390625 0.1330612234375 0.2615375421875 0.05723366875 0.26291161875 0.0537869625 0.26291161875 0.051201932812499996 0.8029238671875 0.1054875671875 0.8029238671875 0.1235827796875 0.8441461765625 0.20975045625000002 0.8441461765625