3 0.6987952265625 0.554383590625 0.7002518875 0.545994078125 0.9456980609375 0.5467235984375 0.9464263609374999 0.42379899375 0.9464263609374999 0.29604383749999996 0.7974711734375 0.29604383749999996 0.6913812218750001 0.2955785515625 0.6918761171875001 0.45693317499999997 0.6926044546875 0.5540188296874999 0.6987952265625 0.554383590625
0 0.7000609812499999 0.3646335328125 0.706044153125 0.363967640625 0.713356928125 0.361637028125 0.721666909375 0.356809328125 0.7288134796875 0.349651021875 0.69723559375 0.3178548 0.6915633359375 0.3179694015625 0.6915848062500001 0.3648000046875 0.6924158078125 0.3648000046875 0.7000609812499999 0.3646335328125
5 0.8541040796875 0.5472597140625 0.8539378859375001 0.5359395953125 0.8100612343750001 0.5356066515625 0.7774807921875 0.5353091937500001 0.7773199484375 0.5475926578125 0.8148810187500001 0.5472597140625 0.8541040796875 0.5472597140625
3 0.6990824124999999 0.5543260796875 0.698336971875 0.49079884218750003 0.6990824124999999 0.37911155937499996 0.6826826578125 0.37911155937499996 0.6498831468749999 0.3470048609375 0.6424287109375 0.3540981984375 0.6387015046875 0.36455155 0.635719715625 0.3779915625 0.5411868 0.3773214546875 0.5403029734375 0.48560241875 0.54067568125 0.5543260796875 0.6990824124999999 0.5543260796875
0 0.6454878796875 0.2028526625 0.6535463765625 0.211597028125 0.6851087890625001 0.179310128125 0.6853326578125001 0.17370476562499998 0.6377091625 0.173790503125 0.6383247812499999 0.1822249171875 0.641682484375 0.1936598640625 0.6454878796875 0.2028526625
3 0.7897478015625 0.3026467109375 0.9154635078125001 0.3021737390625 0.9463138265625 0.30201608125 0.9463138265625 0.2438019453125 0.9463138265625 0.1231041265625 0.9463138265625 0.0675701765625 0.8575376671875 0.06741251875 0.8575376671875 0.0412412828125 0.7801111296875 0.041083625 0.7799537359375 0.06775338125 0.6921684078125 0.0673597078125 0.69184869375 0.201681696875 0.6920060968749999 0.30296203125 0.7897478015625 0.3026467109375
5 0.8456967203125 0.0522598078125 0.8459051750000001 0.0406715671875 0.8197440921875 0.0406715671875 0.7920594203125 0.040697109375 0.7920195999999999 0.052155409374999996 0.8150538546874999 0.0522598078125 0.8456967203125 0.0522598078125
0 0.7228322125 0.23729949062500003 0.7150211578125 0.23240955937500002 0.706373196875 0.2293358921875 0.7010728312500001 0.22835790625 0.696469884375 0.22765934375 0.6916239156249999 0.2277921171875 0.691727459375 0.27446295468750004 0.697167303125 0.274602665625 0.7288299968749999 0.2431674046875 0.7228322125 0.23729949062500003
3 0.19187297187500002 0.7367348218750001 0.22002083749999998 0.7365018125 0.4470466828125 0.7365018125 0.44634881249999997 0.6448726484375 0.44658143125 0.5159242953125001 0.44658143125 0.41124663281249996 0.335915 0.41054760312500005 0.2539523171875 0.41054760312500005 0.1932063984375 0.41068641093749997 0.19280347656250002 0.49285641093750004 0.19257085000000002 0.6346202562500001 0.19187297187500002 0.7367348218750001
5 0.315774809375 0.7373231921875 0.3161091125 0.7259386 0.2768298 0.7256037578125001 0.239200678125 0.725420640625 0.23922194375 0.7376580328125 0.26663388593750004 0.7374906125 0.315774809375 0.7373231921875
5 0.4080494078125 0.7373218359375 0.4080494078125 0.72593724375 0.37194585625 0.72543498125 0.3313066390625 0.725420640625 0.33149653125 0.7376566765625 0.36342141875 0.7378240953125 0.4080494078125 0.7373218359375
0 0.221830253125 0.48317721875 0.226677478125 0.47982880781250004 0.231357575 0.47463877187500003 0.197761221875 0.44266146093750003 0.1928719296875 0.44252294687499993 0.1930811359375 0.48953919375000005 0.2042799140625 0.48937176875 0.21464296875 0.486190784375 0.221830253125 0.48317721875
3 0.06453400468750001 0.736764871875 0.19957434062499999 0.7364300328125 0.1999086203125 0.5884892296875 0.1999086203125 0.5111002765625 0.138398040625 0.511267696875 0.13856517968749998 0.509426071875 0.1287035671875 0.509426071875 0.0408327484375 0.5088702890625 0.0411335609375 0.671262771875 0.0411335609375 0.736597453125 0.06453400468750001 0.736764871875
0 0.143669096875 0.52474155 0.1451891484375 0.5305054671875 0.148663540625 0.5375744234375001 0.157675253125 0.547797221875 0.1885105140625 0.5169113234375 0.1885105140625 0.511038653125 0.14260207656249999 0.510845603125 0.1425833515625 0.5146275078125 0.1431262203125 0.5196301515624999 0.143669096875 0.52474155
5 0.15950232343749998 0.7374519671875001 0.1596108953125 0.72581538125 0.1208297796875 0.725924134375 0.08301064375 0.725736859375 0.08306561875 0.7373432140625 0.11856959687499999 0.73756071875 0.15950232343749998 0.7374519671875001
0 0.161446771875 0.45093951250000003 0.1507546421875 0.446326109375 0.142036440625 0.44336035 0.13414071249999998 0.44270129062499997 0.1288395296875 0.4431203703125 0.1285478984375 0.4937782796875 0.1357856515625 0.49410780781249997 0.1698359859375 0.46016632343749997 0.161446771875 0.45093951250000003
0 0.1390755390625 0.32610601093749997 0.144339365625 0.3353328203125 0.1527285796875 0.3432415203125 0.1844759890625 0.31111244375 0.18431149062500002 0.3061695125 0.137162203125 0.3058199375 0.136772625 0.312595325 0.13775958906250002 0.31918590625 0.1390755390625 0.32610601093749997
3 0.18752050468749998 0.132554321875 0.1826726109375 0.133923921875 0.174965709375 0.137285665625 0.16862615625 0.141518971875 0.16340535 0.1483994515625 0.1933628390625 0.1764139828125 0.1931142203125 0.20597741093750002 0.1929899203125 0.317120165625 0.1932385296875 0.41754505625 0.3321872421875 0.41754505625 0.4332315453125 0.41692251406249997 0.446159259375 0.416798 0.446407859375 0.28111688125 0.446159259375 0.192281415625 0.446159259375 0.09971068125 0.3482691421875 0.0994616609375 0.24507984062500002 0.09921264375 0.19361445625 0.0996603421875 0.1929899203125 0.13205628593750002 0.19075243125000002 0.13205628593750002 0.18752050468749998 0.132554321875
5 0.275155471875 0.11028184375000001 0.27503115624999996 0.098204465625 0.2632221875 0.098453484375 0.23599261093749999 0.098700915625 0.2358751140625 0.11003282656249999 0.2502944828125 0.1104063515625 0.275155471875 0.11028184375000001
0 0.32741144843750003 0.1325780375 0.331886428125 0.12523200625 0.33573988125 0.112781103125 0.3366100171875 0.09958314375 0.289867603125 0.09924915937499999 0.2894984515625 0.10555957812500001 0.322687859375 0.138305453125 0.32741144843750003 0.1325780375
5 0.3909191484375 0.1101601140625 0.3910064796875 0.0991378375 0.3708320984375 0.0991378375 0.35206971249999996 0.0992943546875 0.35179307187500003 0.1101601140625 0.36926006875 0.1102475921875 0.3909191484375 0.1101601140625
0 0.177680328125 0.13572098906250002 0.1685086125 0.14091876875 0.1629573140625 0.14744621093750002 0.19493762812499998 0.1781493703125 0.1996441625 0.1781493703125 0.1992516359375 0.13095197812499998 0.191196534375 0.1314902390625 0.1845591109375 0.1328199046875 0.177680328125 0.13572098906250002
0 0.22378127656250002 0.35851110468749997 0.21740962968750002 0.3534790609375 0.20907748437499998 0.3507789390625 0.2031959703125 0.34942887968749997 0.198662303125 0.34856975 0.1931434734375 0.34899437031249997 0.19327091406250002 0.39547421250000003 0.1987848390625 0.3955969453125 0.22978531875 0.3646477453125 0.22378127656250002 0.35851110468749997
5 0.159452509375 0.11061053437499999 0.1597967640625 0.098771840625 0.11768338593750001 0.0985419640625 0.0829359578125 0.098579396875 0.08302878125 0.11026571874999999 0.10942136250000001 0.11038065781249999 0.159452509375 0.11061053437499999