3 0.6824365875 0.49147503593749997 0.6822120140625 0.6640886609375001 0.8643270328125 0.66359580625 0.90609909375 0.6643350703124999 0.9065482703125 0.6024837171875 0.90632368125 0.48313669531250003 0.818744428125 0.4836295375 0.818969015625 0.39828844218750004 0.818969015625 0.33491863906249997 0.7567671203125 0.3344258015625 0.7567671203125 0.32900456718750004 0.66104373125 0.329073953125 0.6604276546875 0.44859800312500003 0.6824365875 0.44859800312500003 0.6824365875 0.49147503593749997
0 0.7978712375 0.44145182812500006 0.7900108875 0.44613380625000004 0.7823751421875 0.4552513328125 0.8124689953124999 0.4860538015625 0.818757275 0.48556096249999997 0.8181567843750001 0.4373072390625 0.810223178125 0.438001953125 0.8043840734375 0.4384947921875 0.7978712375 0.44145182812500006
0 0.858393740625 0.3132054984375 0.8521696859375 0.32664379062500004 0.8513665859374999 0.3345745828125 0.8517793625 0.3441495625 0.895537290625 0.3447083734375 0.8957380593750001 0.337438478125 0.8654208984375 0.30461380625 0.858393740625 0.3132054984375
5 0.8489035921875001 0.1561456390625 0.849126559375 0.1404880828125 0.8250460687500001 0.14073273125000002 0.800238815625 0.1410019140625 0.8001851890625 0.156023315625 0.8198063296875 0.156023315625 0.8489035921875001 0.1561456390625
3 0.6245890109375 0.7298393046875 0.6245890109375 0.6167683687500001 0.624824640625 0.509923615625 0.44198280156249997 0.51147493125 0.3747994921875 0.511206796875 0.3750362921875 0.6372149109375 0.374800646875 0.7298393046875 0.6245890109375 0.7298393046875
5 0.4772127234375 0.7295289171875 0.4773385453125 0.7144822375000001 0.45557358125 0.7143441937499999 0.4224812671875 0.7145305484375 0.42248581874999996 0.7299430453125 0.4465153359375 0.729805003125 0.4772127234375 0.7295289171875
5 0.576760146875 0.7299441640625 0.576634325 0.7146213968749999 0.5528801234375 0.7143453125 0.5226666265625 0.7146825078125 0.5225364671875 0.729668078125 0.540652959375 0.73008220625 0.576760146875 0.7299441640625
0 0.56845674375 0.5444071078125 0.5719794015625 0.5391614734375 0.5752504265625 0.5306028140625 0.5771375765625 0.520939809375 0.577766615625 0.5100344140625 0.5352380078125 0.5106014765625 0.53536898125 0.5159702625 0.5646824765625 0.5488244828125 0.56845674375 0.5444071078125
3 0.3750848484375 0.5198457546874999 0.421705746875 0.5195532875 0.536584615625 0.5201382234375 0.5368511734375 0.35069214375 0.536584615625 0.30093690156249997 0.47530701249999996 0.30093690156249997 0.47530701249999996 0.29640363281250004 0.3748432359375 0.29669950156249997 0.3750848484375 0.3828755625 0.3748183 0.465849715625 0.3750848484375 0.5198457546874999
5 0.44705308125 0.311161459375 0.44678653281249997 0.2965380171875 0.4275950078125 0.29624554999999997 0.40474672656250005 0.2962165734375 0.40440524218749996 0.3110152265625 0.42333021875 0.311161459375 0.44705308125 0.311161459375
0 0.5223189765625 0.46090533906250003 0.5156284515625 0.4635481453125 0.508937928125 0.4676591765625 0.5018459671875 0.4756158140625 0.5319533328125 0.506742196875 0.5371719500000001 0.5065953750000001 0.53706973125 0.46000145468750003 0.5334252484374999 0.45943711406250004 0.5283404546875 0.4598775828125 0.5223189765625 0.46090533906250003
3 0.5371205109375 0.31043261875 0.6085753359375 0.310285796875 0.624498790625 0.309845325 0.6242311703125 0.18305418906249998 0.624364975 0.103575603125 0.536770515625 0.10401606875 0.46259742187499997 0.1037826640625 0.46288405624999995 0.2593026796875 0.46288405624999995 0.3107262625 0.5371205109375 0.31043261875
5 0.5606858796874999 0.118833253125 0.560418259375 0.10327006406250001 0.547853753125 0.10312324218749999 0.507168540625 0.1034594171875 0.50702785 0.11853960781249999 0.530444690625 0.118833253125 0.5606858796874999 0.118833253125
0 0.5737615968750001 0.2807625625 0.569747284375 0.2878100484375 0.5670710718749999 0.2955916453125 0.5662682109375 0.3014645453125 0.5658824796874999 0.3104994671875 0.6085523296875001 0.3107143671875 0.6085523296875001 0.3048414640625 0.5792478265625001 0.2725405015625 0.5737615968750001 0.2807625625
0 0.29354303125 0.6990458171875 0.2899362890625 0.7077218140625 0.28771675 0.7163978109375 0.287855475 0.7229428625 0.2877808953125 0.728214309375 0.3311364125 0.729031278125 0.3311364125 0.721268546875 0.301450125 0.6889999234374999 0.29354303125 0.6990458171875
3 0.1262436984375 0.7301139765625 0.15486426874999998 0.7615176765625 0.2304473140625 0.7623710421875 0.2589123328125 0.7290484625 0.2875329015625 0.72938980625 0.28784400468750004 0.5107910109375 0.24962698125 0.5113030265625 0.2499380734375 0.41956904375 0.24978253281249999 0.30086884375 0.152439459375 0.30102184374999996 0.152439459375 0.2986696734375 0.15127828906250002 0.29367130937499997 0.1495811859375 0.2886729484375 0.14806271875000002 0.28416462187499997 0.1448471484375 0.2781861875 0.13966651562500002 0.2736778578125 0.1122448671875 0.3039694109375 0.112512834375 0.3014212265625 0.09412874843749999 0.3013425234375 0.094387496875 0.5967221312500001 0.0946985890625 0.7296019625 0.1262436984375 0.7301139765625
0 0.146962253125 0.28142603125 0.1436957703125 0.2766472078125 0.139962653125 0.27272174531250004 0.110097703125 0.3036134296875 0.1101713046875 0.309646078125 0.153184109375 0.310269646875 0.15256192500000001 0.2972985515625 0.14991763593750002 0.28825292187499996 0.146962253125 0.28142603125
5 0.1608058953125 0.7456313296875 0.14758443906250002 0.7307828390625 0.13771615312500002 0.7192196515625 0.1268967359375 0.73061216875 0.1398071015625 0.7447779640625 0.15131755625 0.7574077171875 0.1608058953125 0.7456313296875
5 0.224543378125 0.7616745218750001 0.224232275 0.7464846890625 0.198914815625 0.7464846890625 0.16098384999999998 0.74646193125 0.1613914546875 0.76150385 0.18674554999999998 0.7618451937499999 0.224543378125 0.7616745218750001
5 0.24847913125 0.719347796875 0.23650204375 0.7326602359375001 0.22408177343750002 0.7453346640625 0.2343428109375 0.7575783875 0.2480309109375 0.7427298984374999 0.2587452078125 0.7304414968749999 0.24847913125 0.719347796875
0 0.21839047968749997 0.49286070625 0.22532839531249998 0.4970130234375 0.23589295156249998 0.5015113609374999 0.24976878125000002 0.502722453125 0.2497609125 0.4546386671875 0.24582678125 0.45531688593749997 0.2138177609375 0.48922743750000003 0.21839047968749997 0.49286070625
3 0.2508372125 0.310752896875 0.250521853125 0.30884975468750003 0.27764279062499997 0.338954021875 0.2844230296875 0.3299573421875 0.2883650203125 0.3200956015625 0.2900995 0.31006084375 0.3443413734375 0.31109892499999997 0.3443413734375 0.1968122140625 0.3443413734375 0.1036891625 0.2920269875 0.1036891625 0.17345064999999998 0.10401195781250001 0.17330692812499998 0.21760181093750003 0.1734646078125 0.310752896875 0.2508372125 0.310752896875
0 0.289942653125 0.3134161546875 0.2901800203125 0.30078468593749996 0.247922165625 0.300906578125 0.2475736953125 0.3065144234375 0.27712515781249997 0.3386790921875 0.2793800859375 0.33620488593750003 0.2842459859375 0.3295636 0.2873316875 0.3227920890625 0.289942653125 0.3134161546875
5 0.16190893906249998 0.11820441718750001 0.1617826078125 0.10420451093750001 0.14397029687500001 0.10392728281250001 0.11951071093750001 0.1037779203125 0.11908357968750001 0.11848164218749999 0.13841184374999999 0.11834303125000001 0.16190893906249998 0.11820441718750001
5 0.2187279234375 0.11839668125 0.246899171875 0.11825806718750001 0.246899171875 0.10384231875000001 0.2269392796875 0.10342648125000001 0.19801687031249998 0.1033201609375 0.1985153671875 0.10356509375 0.1982627109375 0.1185352921875 0.2187279234375 0.11839668125
0 0.2796844703125 0.137612478125 0.283474321875 0.130543215625 0.286758859375 0.1207016984375 0.2873905140625 0.112523534375 0.2875168375 0.1037909171875 0.2459542609375 0.1037779203125 0.24582843593749998 0.111414628125 0.2750103171875 0.1441272859375 0.2796844703125 0.137612478125
1 0.7081075703125 0.3479912265625 0.7115892890625 0.3562774375 0.7197132796875 0.3664758140625 0.74524590625 0.338430215625 0.744085203125 0.3282318265625 0.6703890328125001 0.33014401718749997 0.670969334375 0.33141881562500003 0.6721298906250001 0.3365180234375 0.6994032781249999 0.36838801875 0.7052061562499999 0.3594644421875 0.7081075703125 0.3479912265625
0 0.747621528125 0.63561735625 0.730802640625 0.6558235828125001 0.7305826671875 0.661865978125 0.757082115625 0.6639060828125001 0.7560309937499999 0.648318421875 0.747621528125 0.63561735625
0 0.8422275875 0.6373493 0.8374973156250001 0.640235921875 0.830664621875 0.6517823328125 0.8310016640625 0.6642460125 0.85852086875 0.6662153640625 0.85852086875 0.6546689531250001 0.8422275875 0.6373493