3 0.55151750625 0.6782753484375 0.55151750625 0.7091574796875 0.703142546875 0.70949704375 0.9945411109375 0.70949704375 0.9945411109375 0.539787928125 0.9945411109375 0.354798478125 0.9940711203125 0.2404019390625 0.7429488890625 0.2404019390625 0.57468969375 0.23979897968750002 0.5736074203125 0.5482770046875001 0.5750173921874999 0.67861490625 0.55151750625 0.6782753484375
0 0.6347071234375 0.3188410015625 0.6563270109375 0.31748274374999996 0.6793569046875 0.31272886875 0.6976868234375 0.303900221875 0.7131967265625 0.290657265625 0.724476678125 0.2733395515625 0.7287066656250001 0.25500314999999996 0.7329366515625 0.25500314999999996 0.7334066421875 0.23972281406249998 0.62624715 0.23937470625 0.62624715 0.2560218359375 0.635647103125 0.255682278125 0.6347071234375 0.3188410015625
5 0.9217928171875001 0.26764119218750004 0.9224532609375 0.23925106562499998 0.8580615 0.23925106562499998 0.7629598125 0.2394896390625 0.76163895 0.268118334375 0.837918415625 0.26764119218750004 0.9217928171875001 0.26764119218750004
0 0.6714175828125 0.642610359375 0.655793771875 0.626408196875 0.6365894828124999 0.6165313078125 0.6186871843749999 0.611357703125 0.5985063953124999 0.6087709 0.5887415046875 0.608535734375 0.573768678125 0.6079922171875001 0.5740941703125 0.6757684796875 0.6815079640625 0.675062984375 0.6792295 0.6581311828125 0.6714175828125 0.642610359375
5 0.40672415781250004 0.8254083296875001 0.40672415781250004 0.798151290625 0.37084864687499997 0.79798406875 0.33306362031250003 0.7979730875 0.332427115625 0.8254083296875001 0.365988078125 0.8254083296875001 0.40672415781250004 0.8254083296875001
0 0.3835786671875 0.7575343921875 0.37640355 0.749675 0.35881297968750003 0.7389728484375 0.33775058593749996 0.73067249375 0.319002740625 0.727662515625 0.3032638 0.7268264109375 0.2882192296875 0.726516553125 0.287987778125 0.7924836 0.394457040625 0.7926508171875 0.39376266875 0.776263153125 0.3835786671875 0.7575343921875
5 0.25966897499999997 0.8253280921874999 0.2598666640625 0.7979050390625 0.2424697265625 0.7980478671875 0.2036725921875 0.7981060953125 0.2035243296875 0.8251852671875 0.2223051078125 0.8251852671875 0.25966897499999997 0.8253280921874999
0 0.164578925 0.71125386875 0.2507728171875 0.711682353125 0.2507728171875 0.7076831578125 0.2501797328125 0.7006845625 0.2476097265625 0.691400715625 0.2428651203125 0.681974040625 0.23555049218750002 0.6735471640624999 0.2258635625 0.6647070265624999 0.21419972187499997 0.6578512640625 0.2011520125 0.6525666140624999 0.1857320140625 0.6482817609375 0.164974303125 0.646424990625 0.164974303125 0.6422829671875 0.144859103125 0.6421325859375 0.1450073734375 0.7159672046875001 0.164578925 0.7159672046875001 0.164578925 0.71125386875
3 0.3389777234375 0.5171162828125 0.3389777234375 0.60541888125 0.4686213078125 0.60541888125 0.59281486875 0.6063439015625 0.5937751375 0.5254414749999999 0.5934550328125 0.40546920468750003 0.5934550328125 0.309072665625 0.5934550328125 0.24064570624999998 0.43891856406249996 0.23995193593750003 0.3401718921875 0.24017195156249999 0.3392978296875 0.3400485671875 0.3389777234375 0.42881367968750006 0.3389777234375 0.5171162828125
5 0.5608267171875 0.267008825 0.5608267171875 0.23948942812500001 0.46381144843750005 0.239720684375 0.37786823593749996 0.23959405937499997 0.3770970640625 0.2674713375 0.46480077499999994 0.267008825 0.5608267171875 0.267008825
0 0.5230565031250001 0.5339856015625 0.504811584375 0.5418482859375 0.49072777500000003 0.5524860375 0.4798448296875 0.5654363421874999 0.47440336875 0.577461628125 0.47216275 0.5890244 0.4718426671875 0.5952682984375001 0.47056231718749997 0.6045329125000001 0.5643476625 0.6045185156249999 0.5646677453125 0.5284354718750001 0.5445022875000001 0.52982300625 0.5230565031250001 0.5339856015625
3 0.007267403125 0.5158265890625 0.007630640625 0.6341427296875 0.18107528125 0.6346676015625 0.18107528125 0.62234715 0.232655725 0.622872021875 0.2330189625 0.6055513171875 0.358337675 0.6055513171875 0.358337675 0.5250118078125 0.3587009390625 0.45706915937500003 0.3579744375 0.310686478125 0.3579744375 0.240644353125 0.3557949875 0.240381921875 0.11396736562500001 0.23959460937500002 0.0078097093749999996 0.2400910578125 0.007630640625 0.27814455625 0.007267403125 0.414306271875 0.007267403125 0.5158265890625
5 0.317540003125 0.2678146171875 0.3179032390625 0.2389467921875 0.2522151546875 0.23868435625 0.10915694843749998 0.2391198078125 0.10903871875 0.2675521875 0.195127215625 0.26728975625 0.317540003125 0.2678146171875
0 0.2837160984375 0.536988584375 0.26284304999999997 0.549796521875 0.249690178125 0.56467025625 0.244257465625 0.5785110890625 0.2428278046875 0.5917321890625 0.2402544125 0.6048137453125 0.33461199375 0.6047467046875 0.3354697984375 0.5274859203125 0.305732859375 0.5307911953125 0.2837160984375 0.536988584375