3 0.851375978125 0.9811362390625 0.9585526984375001 0.9818406015625 0.9588935390625 0.97315353125 0.9897397390625 0.9736231015625 0.9897397390625 0.8042286140625 0.8880157140625 0.8039938296875 0.8876748734375 0.8004720484375 0.8367189843749999 0.7995329015625 0.8365485578125 0.8044633984375 0.8150368015625 0.8043420625 0.8143946124999999 0.97385789375 0.8510351375 0.9726839625 0.851375978125 0.9811362390625
0 0.844879375 0.8730064046875 0.85254244375 0.8730064046875 0.86164235 0.8693773468750001 0.87062251875 0.8634388828124999 0.878525065625 0.8537064109375001 0.8842723703125 0.84100470625 0.88822364375 0.8228326859375 0.8884631140625 0.7999036359375 0.83523861875 0.7990035484375 0.833743965625 0.872181615625 0.836258409375 0.8726764859375 0.844879375 0.8730064046875
5 0.9587434968749999 0.9813118703124999 0.9587434968749999 0.9540939343750001 0.90175375625 0.953599065625 0.8514373953125001 0.953533709375 0.85099301875 0.9811469125000001 0.8949244500000001 0.9814768328125 0.9587434968749999 0.9813118703124999
3 0.5812389625 0.9737841015625 0.58163994375 0.9806894109375 0.7758918031250001 0.9815180546875 0.775490821875 0.9737841015625 0.8230072187499999 0.974336528125 0.8234082 0.8933167515625 0.8236086968749999 0.7904985812499999 0.8264155640625 0.7899461578125 0.8260145828125 0.7211692453125 0.8234082 0.7208930312499999 0.8236086968749999 0.70091621875 0.773948290625 0.702021065625 0.7737478062500001 0.6481596359374999 0.6053208140625 0.6481596359374999 0.5202312906250001 0.6479845703125 0.5206721578125 0.8535421578125 0.5210731390625 0.974336528125 0.5812389625 0.9737841015625
5 0.7762444000000001 0.9817495031249999 0.7762444000000001 0.9532996203125 0.6473825359375 0.9530234078125 0.5810508296875 0.9526501984375001 0.5807947359375001 0.982025725 0.6419153328125 0.9817495031249999 0.7762444000000001 0.9817495031249999
0 0.7751408843750001 0.75666701875 0.7837262546875 0.7732260421875 0.797462834375 0.7876823374999999 0.8111994140625001 0.7924134921875 0.826271496875 0.7924134921875 0.8261848125 0.7187538859375 0.772469890625 0.718292121875 0.771897528125 0.739319459375 0.7751408843750001 0.75666701875
3 0.5205774062499999 0.6582525359375 0.5909673718749999 0.66003285 0.7738206171875001 0.6586976109375 0.77317449375 0.6069966640625 0.8235721859374999 0.6069966640625 0.8235721859374999 0.4970267828125 0.8242183296875 0.3104316828125 0.788312746875 0.31087675625 0.7892818984375001 0.3019752296875 0.7149775843749999 0.3010850796875 0.560573440625 0.3010850796875 0.559604246875 0.308651375 0.5206058265625 0.3087262171875 0.5212235296875 0.3095054671875 0.5205774062499999 0.46004939375 0.5205774062499999 0.6582525359375
5 0.7900667265625 0.33042404531249997 0.7894206046875001 0.3010490234375 0.6930926562499999 0.3010490234375 0.5583336437499999 0.30039716250000004 0.5581080140625 0.33042404531249997 0.636612146875 0.3313141953125 0.7900667265625 0.33042404531249997
0 0.7697138109375 0.5335230328125 0.77423666875 0.552216221875 0.7842516015625 0.5691291265625 0.8052506609375 0.582926490625 0.8249574328125 0.582926490625 0.8241898453125 0.50225425625 0.7680984937499999 0.5028127703124999 0.7680984937499999 0.517500278125 0.7697138109375 0.5335230328125
0 0.938149590625 0.4258435515625 0.9288438515624999 0.4366126265625 0.9225159406250001 0.44866373125000003 0.919724221875 0.4596892140625 0.9180491859375 0.47276595156249995 0.91854666875 0.4877718125 0.97406975 0.48815034218750003 0.9738836421875 0.41866416875 0.9543415875000001 0.41866416875 0.938149590625 0.4258435515625
5 0.9592975921875 0.3288078921875 0.9591615875 0.30182895468750004 0.91553851875 0.3016415984375 0.8512651921875 0.301962484375 0.8514575296875 0.3293699578125 0.8953812109375001 0.3289952453125 0.9592975921875 0.3288078921875
5 0.46289587499999996 0.8444507015625 0.46320429687500003 0.793216759375 0.46320429687500003 0.7420172390625 0.4425336296875 0.7416083765625 0.44192388749999995 0.7723798265624999 0.44223229843749995 0.8444507015625 0.46289587499999996 0.8444507015625
0 0.31739022656250004 0.7908107640625001 0.31056919375 0.7731554296875001 0.3041615578125 0.7643277625 0.296100340625 0.7574934390625 0.28266498125 0.7504052734375 0.2660204453125 0.7517414765625 0.26633583125000004 0.8292538296874999 0.31759693125 0.8295385921875 0.319250509375 0.808750859375 0.31739022656250004 0.7908107640625001
0 0.32627823125 0.6540066390625 0.313876365625 0.638344653125 0.301474484375 0.6320798562500001 0.289279309375 0.630371275 0.27770421875 0.6315103265625 0.27852455625 0.70252660625 0.2783243171875 0.7078269328125 0.3333059671875 0.7086812296875 0.3330992640625 0.6776420109375 0.32627823125 0.6540066390625
3 0.014056131250000001 0.6997964125 0.056403446875 0.6990849406249999 0.056403446875 0.708334121875 0.22834971406250001 0.7086898703125 0.22834971406250001 0.7005078874999999 0.2740538359375 0.6994406765625001 0.2750866953125 0.519350828125 0.2758613296875 0.30505250156249997 0.183958053125 0.30505250156249997 0.0904841078125 0.307186934375 0.0136624140625 0.3070632828125 0.013539701562500001 0.41859054531249995 0.013797915625 0.5456754375 0.014056131250000001 0.6997964125
5 0.2299241625 0.70975708125 0.2291495109375 0.680230828125 0.15220133125 0.679875090625 0.055417396875000004 0.6798664015625 0.05511236562500001 0.7104685546875 0.12328121562500001 0.711535765625 0.2299241625 0.70975708125
0 0.2308113546875 0.45774477343750003 0.24010711406250002 0.4741087140625 0.2545671640625 0.4876267515625 0.2754826203125 0.49189560468750004 0.2757408265625 0.423949665625 0.228487415625 0.42288245468749996 0.2279709875 0.43889066093749995 0.2308113546875 0.45774477343750003
3 0.1702756 0.3171130125 0.274336384375 0.3153343171875 0.2748528140625 0.15979039374999998 0.2748528140625 0.0227448265625 0.172083928125 0.022389090625 0.172083928125 0.0152743296875 0.063633503125 0.01491859375 0.0633752984375 0.0227448265625 0.014230437500000002 0.022370146875 0.01379544375 0.151608421875 0.01405365 0.3174687484375 0.1702756 0.3171130125
5 0.1725978703125 0.0433776296875 0.17337252187500002 0.01420711875 0.12586088906249998 0.01456285625 0.0625093921875 0.0145381484375 0.06233991875 0.04266615625 0.1085604703125 0.0437333671875 0.1725978703125 0.0433776296875
0 0.252755075 0.22659977968749997 0.2431580421875 0.2352622265625 0.2365394 0.24666018437499998 0.2325682171875 0.259197934375 0.23190635468749998 0.27333139375000004 0.2324027578125 0.2865530203125 0.27509298125 0.2858691453125 0.2750156921875 0.223116753125 0.2669851546875 0.22249651718750002 0.2606974421875 0.2231803953125 0.252755075 0.22659977968749997
0 0.33237061093750003 0.16518896249999998 0.3233603328125 0.1524574125 0.3141190484375 0.1445002 0.3016432859375 0.13972586874999998 0.28962960312499997 0.13908929375 0.2831606984375 0.1400441578125 0.28336278125000003 0.211670515625 0.2831606984375 0.2164334328125 0.3376843484375 0.2164334328125 0.3376843484375 0.18524114375 0.33237061093750003 0.16518896249999998
5 0.4215491171875 0.0425446890625 0.42178017187499994 0.014217001562500001 0.42062499062500003 0.01453529375 0.3785771015625 0.013898712499999999 0.3118234453125 0.0140588125 0.312270778125 0.0425446890625 0.35801520625 0.0434995625 0.4215491171875 0.0425446890625