5 0.808120365625 0.3137289125 0.701007396875 0.313409053125 0.7007818953125 0.3265232953125 0.7497907859375 0.3265232953125 0.80872171875 0.3265232953125 0.808120365625 0.3137289125
5 0.5835213828125 0.3139421546875 0.48633045781249995 0.3132491234375 0.48640562656249997 0.3263100578125 0.533610503125 0.32673653593749996 0.583822059375 0.32673653593749996 0.5835213828125 0.3139421546875
5 0.46896688124999997 0.3977453625 0.46866621875 0.333346965625 0.4502503 0.333080415625 0.4500247984375 0.4546803625 0.46866621875 0.4551068359375 0.46896688124999997 0.3977453625
5 0.7852696171875 0.461290790625 0.6877028390625 0.4615040265625 0.6875525140625001 0.47451165624999997 0.7314500296875 0.4747248921875 0.7858709703125 0.4747248921875 0.7852696171875 0.461290790625
0 0.52579313125 0.5058578921875 0.5417285374999999 0.5101226796875 0.5591672765625 0.5111888812500001 0.55976863125 0.4617172734375 0.4964780015625 0.46166395781249997 0.49662834062499994 0.475577846875 0.5026417046875 0.4885854765625 0.5131650750000001 0.49903421875 0.52579313125 0.5058578921875
0 0.552251921875 0.5796388265625 0.5399245296874999 0.5819844609375 0.52879981875 0.586249253125 0.516773090625 0.5924332078125001 0.5074523875 0.6016025125 0.50294236875 0.6094923828125001 0.5005370203124999 0.619088175 0.5005370203124999 0.6267114874999999 0.563376646875 0.6271912765625001 0.563376646875 0.5796388265625 0.552251921875 0.5796388265625
0 0.6472630125000001 0.6062937875000001 0.6388442999999999 0.5956318031250001 0.626516921875 0.587955175 0.6147908703125 0.583477140625 0.60005813125 0.5802785453125 0.5883320796875 0.5802785453125 0.5884824046875 0.6267114874999999 0.65147235625 0.6265515578125 0.649969025 0.6150366140625 0.6472630125000001 0.6062937875000001
0 0.6812384859375 0.669625984375 0.6923632109375 0.6662141421875 0.7052919156249999 0.6598169515625 0.7152139578125001 0.6495814453125 0.72002465625 0.639132703125 0.7215279859375 0.628257478125 0.6550051953125 0.627990925 0.6553810484375 0.6728245796875 0.6689111078125001 0.6721848609375 0.6812384859375 0.669625984375
0 0.48099361093750004 0.6679200625 0.47708491718749996 0.65512568125 0.4683655546875 0.64638285 0.45844351093749997 0.638492984375 0.4443121125 0.6320957921875 0.4274747 0.628257478125 0.4071796109375 0.6278309953125001 0.40732995 0.6751702093749999 0.48129427343750003 0.675809928125 0.48099361093750004 0.6679200625
0 0.5447352125 0.71206068125 0.5591672765625 0.717818153125 0.5751026968749999 0.7212299859375 0.5844233859375 0.7218697046875 0.583822059375 0.6770893671875 0.52579313125 0.676609578125 0.525191803125 0.685405715625 0.52879981875 0.695427984375 0.5351138468750001 0.704384053125 0.5447352125 0.71206068125
5 0.425069359375 0.7090753234375 0.42476868906250004 0.694788265625 0.4069541109375 0.6946816421875 0.4070292796875 0.7282668953125 0.42537002968750004 0.7278404234375 0.425069359375 0.7090753234375
0 0.6484656671875 0.7753928734375 0.649969025 0.76920891875 0.6108070015625 0.7687291296875001 0.610882178125 0.7773120312499999 0.6141895171875 0.7843489406249999 0.6208042218750001 0.7907461328125 0.6484656671875 0.7753928734375
0 0.6183988874999999 0.8212394125 0.62892225625 0.8274233578124999 0.6424523171875001 0.8319013921874999 0.653877690625 0.83424703125 0.665002415625 0.8340337953124999 0.6656037421875001 0.7917590171875 0.6021628156250001 0.7920255703125 0.6033654687500001 0.80311403125 0.609980175 0.813562784375 0.6183988874999999 0.8212394125
5 0.5269958109374999 0.8822259656250001 0.47573191093749995 0.8819594125 0.47588225 0.8948071109375 0.5811160484375 0.8950203468750001 0.580514721875 0.8820127281250001 0.5269958109374999 0.8822259656250001
5 0.72573735625 0.908667684375 0.7254366796875 0.8937409093750001 0.7066449203125 0.8939541453125001 0.7067952734375 0.9238077078125 0.72573735625 0.9233812234375 0.72573735625 0.908667684375
5 0.7758737234375 0.9223683390625 0.728067515625 0.9221017859374999 0.7283681921875 0.9353759578125 0.830595315625 0.935589203125 0.830595315625 0.9223683390625 0.7758737234375 0.9223683390625
5 0.85164205625 0.9227948218750001 0.8519427328125 0.8944339343750001 0.8329254734375 0.89475379375 0.83300065 0.9070150796875 0.83300065 0.9230080578125 0.85164205625 0.9227948218750001
3 0.6140108328125 0.8195544265624999 0.63186755625 0.8298442046875 0.654188459375 0.8338018109374999 0.6553045046875 0.8942212843749999 0.70701460625 0.894485121875 0.70701460625 0.9353803968750001 0.8521004765625 0.9356442328125001 0.8528444937499999 0.8950128062499999 0.91125086875 0.8947489578125 0.91125086875 0.7530666312500001 0.91125086875 0.6198272 0.758724709375 0.6200910390625001 0.656048540625 0.6195633593750001 0.6564205484375 0.7904660156250001 0.6017343375 0.7921150203125 0.6024783734375 0.80425168125 0.6140108328125 0.8195544265624999
3 0.6648952546875 0.894483490625 0.66520100625 0.768922925 0.5964029234375 0.769139784375 0.4074375265625 0.7697361421875 0.4077433046875 0.8177158906249999 0.4077433046875 0.894483490625 0.6648952546875 0.894483490625
3 0.5820325125 0.5472141500000001 0.5820325125 0.4620542328125 0.40801008281250006 0.4620542328125 0.40713997187500006 0.56644711875 0.40772005 0.625997346875 0.5823225578125 0.626203053125 0.5820325125 0.5472141500000001
3 0.9112249484375001 0.62579165 0.9112249484375001 0.5632587703125 0.9112249484375001 0.46184853124999997 0.7899893140625001 0.46184853124999997 0.68731608125 0.4620542328125 0.573331390625 0.4622599328125 0.57267880625 0.5534880015625 0.573331390625 0.62579165 0.663823053125 0.62640875 0.9112249484375001 0.62579165