3 0.9416167203124999 0.7980045812500001 0.9417227125000001 0.685119109375 0.9417227125000001 0.60095824375 0.9182106078125001 0.60112713125 0.86818903125 0.60129601875 0.79768939375 0.6010813484375 0.79789346875 0.7194170171875001 0.7983174515625 0.7981734687500001 0.9416167203124999 0.7980045812500001
0 0.81750275625 0.6169850859375 0.8179267390625 0.6245850374999999 0.8191986890624999 0.6315094375 0.8220605875 0.64084313125 0.8267244187499999 0.649456409375 0.8350981140625 0.6590830140625 0.8429418265624999 0.6636429890625 0.8517395109375 0.6653318671874999 0.8516335187499999 0.60146490625 0.8164490296875 0.600895434375 0.8167607828125 0.6014474078125 0.817078765625 0.6112429015624999 0.81750275625 0.6169850859375
5 0.8630631078125001 0.798741396875 0.8903904203125 0.798893109375 0.8902951937499999 0.7755292828125 0.8690617828124999 0.7755292828125 0.843083378125 0.7756031375 0.8430675171875001 0.7758327109375001 0.84316273125 0.798893109375 0.8630631078125001 0.798741396875
3 0.6374404296875 0.7989673453125 0.653843021875 0.8414695453125001 0.7408493984375 0.8414695453125001 0.757086315625 0.7983965921875 0.8051343109375001 0.7986605796874999 0.8051343109375001 0.7542890718749999 0.8051343109375001 0.6208891671875 0.8051343109375001 0.5096857140625 0.7017845375 0.5099497015625001 0.640316240625 0.5096857140625 0.5820770703125 0.509460890625 0.5820885734375 0.58894651875 0.58225425 0.798439365625 0.6374404296875 0.7989673453125
5 0.7400927328125 0.8412055578125001 0.7551698453125 0.8026631875 0.7419152421875 0.789727734375 0.7321399515625 0.8153346515625 0.662387509375 0.8161266156250001 0.6519799296875 0.7898914109375 0.63875206875 0.8036977562500001 0.653663515625 0.8414695453125001 0.705323978125 0.8417335328125001 0.7400927328125 0.8412055578125001
0 0.785607628125 0.5382859703125 0.7793436671875 0.5435698234374999 0.7730797078125 0.55237624375 0.768658090625 0.5617697609375 0.7649734078125 0.5774256203125 0.7644821187499999 0.590537403125 0.805136434375 0.5897546124999999 0.8050331125 0.5332078265625 0.7972757796875001 0.5335892140625 0.7922400515625 0.5345677046875 0.785607628125 0.5382859703125
5 0.9423820578125 0.548464965625 0.9425606890625 0.526525434375 0.9423820578125 0.4918006328125 0.9270289046875 0.4916430296875 0.92755518125 0.5179634828124999 0.9273765390625 0.54874959375 0.9423820578125 0.548464965625
0 0.873974421875 0.45074408750000006 0.880134546875 0.443489396875 0.8592436843750001 0.4061490765625 0.8524073031249999 0.40614289687499994 0.8526818171875 0.45714528750000005 0.8607167578125001 0.4567185421875 0.8687517078125 0.45437143593749996 0.873974421875 0.45074408750000006
5 0.9425744515625001 0.4523056921875 0.9425744515625001 0.43331547031250006 0.9423066296875 0.41155139687500003 0.9275273703125 0.4115452171875 0.9275758921874999 0.4309683640625 0.927441971875 0.45251906562500005 0.9425744515625001 0.4523056921875
5 0.9423066296875 0.34681285625 0.9424405406249999 0.322274925 0.9425744515625001 0.29240266875 0.9273800765625 0.29245929375 0.9277098015625 0.3212080609375 0.9277098015625 0.34681285625 0.9423066296875 0.34681285625
0 0.8392918078125 0.36250549374999996 0.83366734375 0.35290370000000004 0.8275072187499999 0.346075753125 0.8202757703125 0.3407414203125 0.8146513046875 0.33924780781249997 0.809562503125 0.3394611796875 0.8092500890625001 0.40449871249999997 0.8446484421875 0.4047534046875 0.8446484421875 0.387896915625 0.8430414484375 0.374454396875 0.8392918078125 0.36250549374999996
3 0.58225861875 0.520941040625 0.6443087421875 0.5211470312500001 0.7696793296875 0.5207350500000001 0.805102896875 0.5213530234375 0.8049736015625 0.519911084375 0.8049736015625 0.43313847031249997 0.8049736015625 0.3387274796875 0.8054907312499999 0.25978255781250004 0.6490825390625 0.2589585890625 0.5824608687499999 0.25921257343750004 0.58225861875 0.3055294234375 0.5821293359374999 0.4170544234375 0.58225861875 0.520941040625
5 0.693174153125 0.28596020312500003 0.693174153125 0.261241190625 0.679470153125 0.2614471828125 0.6483144281250001 0.261706909375 0.6480543625 0.28596020312500003 0.667317546875 0.2857542125 0.693174153125 0.28596020312500003
0 0.7812595734375 0.446334021875 0.775516696875 0.45333134375000006 0.7702805578125 0.46221256093749996 0.7669023968750001 0.47163203593749997 0.7647065937499999 0.484550165625 0.764199865625 0.496122659375 0.80507560625 0.49585353281250005 0.8046425109375 0.43790720624999996 0.7956167515625 0.43852931718750005 0.787846984375 0.4406823421875 0.7812595734375 0.446334021875
5 0.5327034578125 0.38290334531250003 0.5327034578125 0.359483584375 0.5327034578125 0.325684615625 0.5177292734375001 0.3255180921875 0.517336803125 0.352031846875 0.5175038265625 0.38290334531250003 0.5327034578125 0.38290334531250003
0 0.4912803 0.21677127187499998 0.4851002234375 0.22635208125 0.4800893609375 0.23699743125 0.47825204374999997 0.250037975 0.47724987343749997 0.2604171921875 0.4770828390625 0.273191603125 0.47749560312500006 0.28128073750000004 0.5133281109375 0.281175615625 0.51366216875 0.206125928125 0.50163608125 0.20878726093750002 0.4912803 0.21677127187499998
3 0.26795418125000003 0.5211778687499999 0.3379662921875 0.5209591265625 0.4060599234375 0.5209591265625 0.40619721249999996 0.4771929140625 0.4060599234375 0.3543897875 0.40564807187499996 0.2594023953125 0.32946702499999997 0.25896491250000003 0.2686460421875 0.2591243578125 0.2683660359375 0.36685810625 0.2683660359375 0.4454398171875 0.26795418125000003 0.5211778687499999
5 0.3611710796875 0.282133890625 0.3611710796875 0.2580722203125 0.3383816734375 0.25785347812500004 0.3136374734375 0.25816118125 0.313532984375 0.28257137499999996 0.3328902484375 0.28257137499999996 0.3611710796875 0.282133890625
0 0.2985688625 0.463849621875 0.2914300078125 0.47325554687500004 0.2860758734375 0.4857238671875 0.2830555921875 0.500598353125 0.2818200203125 0.5154728453125 0.28162533437500004 0.520144965625 0.3176515484375 0.5203206218750001 0.31806340781250003 0.4559748953125 0.3085907015625 0.45750609062500003 0.2985688625 0.463849621875
0 0.380307746875 0.407043984375 0.38448203593749997 0.41036952031249996 0.3908594265625 0.41424930781249997 0.3981644453125 0.4160968203125 0.40616516875 0.4160968203125 0.40608954375 0.360408846875 0.39955587187499997 0.3608560375 0.3762494078125 0.4024251921875 0.380307746875 0.407043984375
0 0.330739659375 0.6509524875 0.3202948203125 0.63974066875 0.3118083921875 0.6374003609375001 0.30625957812500004 0.6374003609375001 0.30674917343749997 0.7133606234375 0.34265330625 0.71414073125 0.34265330625 0.682416590625 0.3387364921875 0.6644742515625001 0.330739659375 0.6509524875
3 0.053062489062499996 0.7980475484375 0.108135778125 0.798366721875 0.1243614578125 0.84177425 0.21149776562499997 0.8420934328125 0.2275231359375 0.7983408640625 0.2828106515625 0.7983408640625 0.2828106515625 0.6926945953125 0.2814084296875 0.6929620484375 0.27599985312499997 0.6929620484375 0.2757995421875 0.659423028125 0.2757995421875 0.516010903125 0.2757995421875 0.370683746875 0.275398909375 0.2595339546875 0.195871025 0.2592147828125 0.19547040468750002 0.2148497328125 0.18445296718749998 0.2177222859375 0.1770412375 0.2237865765625 0.17143234999999998 0.23400010937500001 0.167826640625 0.248043728125 0.1652225203125 0.23559597499999999 0.1590126890625 0.224424921875 0.1495977953125 0.2177222859375 0.139982565625 0.2158072484375 0.1403831984375 0.2595339546875 0.052681828124999996 0.25863671875 0.052862165625 0.5054781937499999 0.053062489062499996 0.69072784375 0.053062489062499996 0.7980475484375
5 0.131787090625 0.2828335796875 0.131787090625 0.2576189125 0.1149604546875 0.2576189125 0.0985258421875 0.25793402187500003 0.09813381875 0.2828335796875 0.11115443437500001 0.28347193437499996 0.131787090625 0.2828335796875
5 0.23679024843750002 0.28286575625 0.2365899390625 0.2579702609375 0.22136583437500001 0.2576510890625 0.20338695625 0.25793402187500003 0.2033373 0.28318492812499996 0.2189620375 0.28286575625 0.23679024843750002 0.28286575625
0 0.255759225 0.5351318125 0.24916023437499998 0.541395728125 0.242982459375 0.5503441734375001 0.2389107421875 0.5604111734375 0.2358218546875 0.5731627078125 0.2346986265625 0.587703934375 0.2762581984375 0.58792764375 0.27613815937499997 0.531467428125 0.269518809375 0.530657590625 0.2627794203125 0.5315524375 0.255759225 0.5351318125
5 0.12249683125 0.790567471875 0.10957966875 0.8037664343750001 0.12404127499999999 0.84134990625 0.21082995000000002 0.841797328125 0.22557236406249997 0.8033190140625001 0.2118950265625 0.78955158125 0.2025270859375 0.816965390625 0.132886721875 0.8167416796875001 0.12249683125 0.790567471875
1 0.19451013281250001 0.21400177812500001 0.1841672578125 0.21840206874999998 0.1761227984375 0.22426911875000002 0.1708364515625 0.23380307031249997 0.168078340625 0.246637240625 0.165090409375 0.23380307031249997 0.15934436875 0.22573588125000002 0.154058003125 0.218768753125 0.14647323750000002 0.21656861562500002 0.1402841609375 0.215456790625 0.140267503125 0.262771625 0.1947399890625 0.2620382484375 0.19451013281250001 0.21400177812500001