0 0.07266899375 0.9013991296875 0.1511722234375 0.9026284484374999 0.1497868625 0.8927939671875 0.147477934375 0.8837790234374999 0.14147475 0.8706663750000001 0.134548 0.8628807374999999 0.125312325 0.8534560234375 0.092987475 0.8800910890625 0.08421359687499999 0.8878767265624999 0.078672178125 0.8932037375 0.07266899375 0.9013991296875
5 0.321606959375 0.8900225109375001 0.285841421875 0.8896986546875001 0.2559151609375 0.8893748078125 0.2310982671875 0.88840326875 0.207376246875 0.8877555765625 0.207125859375 0.888423228125 0.207376246875 0.9039479375000001 0.27197317499999996 0.90459563125 0.3219719 0.9042717953125001 0.321606959375 0.8900225109375001
0 0.10454665781250001 0.69637998125 0.1197643171875 0.682521034375 0.13578290312500002 0.6693727953125 0.13578290312500002 0.661199565625 0.0881276203125 0.660844209375 0.0705071828125 0.660844209375 0.07411136562500001 0.6803888828125 0.08091925625 0.692826403125 0.0917318046875 0.7049085796875 0.10454665781250001 0.69637998125
0 0.13459112812500001 0.5776419500000001 0.1197832234375 0.566078728125 0.104975278125 0.5550411046875 0.0931289296875 0.54558028125 0.075951721875 0.566078728125 0.071716578125 0.5902273375 0.141698953125 0.5928843859375 0.14229125 0.5860515562499999 0.13459112812500001 0.5776419500000001
0 0.3534243078125 0.591902278125 0.3534243078125 0.586363078125 0.3346973828125 0.57122258125 0.31971581875 0.5582977734375 0.2989080890625 0.5450036859375 0.2822619140625 0.5667912203125 0.2814889109375 0.591515565625 0.2951627265625 0.5926408359375 0.3130573171875 0.591902278125 0.3534243078125 0.591902278125
0 0.1784323953125 0.3944126359375 0.18807928125 0.38585235625 0.199793325 0.373623375 0.1384668234375 0.37240048125 0.11601275468750001 0.3749924953125 0.1226183734375 0.40052712812499996 0.135710584375 0.4194820484375 0.1515589859375 0.4164247921875 0.1784323953125 0.3944126359375
5 0.349248471875 0.3684360140625 0.311002496875 0.367576825 0.276629584375 0.36714723125000004 0.2572645421875 0.3667176359375 0.243224884375 0.36714723125000004 0.2300410609375 0.36750288593749997 0.23160586562500002 0.38604945 0.2824390765625 0.3864790453125 0.349248471875 0.38561985625 0.349248471875 0.3684360140625
0 0.16974129375 0.35082004218749996 0.1864537765625 0.36035364375 0.210328728125 0.362825321875 0.2111245578125 0.3133918078125 0.21095557031249998 0.296618928125 0.19122875625 0.31162632968750004 0.17372044375 0.32680948125 0.157405890625 0.340933334375 0.16974129375 0.35082004218749996
5 0.215184590625 0.258686415625 0.215184590625 0.24454156718750003 0.215184590625 0.22763675625 0.204687340625 0.22763675625 0.193717634375 0.227531515625 0.19263491875 0.2500615140625 0.19302369218749998 0.2749012375 0.21440701562500003 0.2755912265625 0.215184590625 0.258686415625
5 0.2113818546875 0.1276274703125 0.2118136265625 0.1178577015625 0.2113818546875 0.1113445203125 0.2042578140625 0.1107698265625 0.193895590625 0.111152953125 0.19373861875 0.11136808437500001 0.1936797015625 0.1234130578125 0.1941114609375 0.1373972453125 0.21030246406250003 0.137971934375 0.2113818546875 0.1276274703125
3 0.1305399859375 0.42425753437499997 0.16209328750000002 0.42057345156250003 0.1986287359375 0.38594271875 0.2077625984375 0.3719430890625 0.2094233515625 0.048477479687500005 0.1305399859375 0.048477479687500005 0.09068308750000001 0.0492143015625 0.0666029515625 0.049951121875 0.04750485 0.0492143015625 0.0483352265625 0.3800481484375 0.114763334375 0.379311303125 0.11808472968749999 0.3992055546875 0.1305399859375 0.42425753437499997
5 0.7633801203125 0.778172903125 0.7206699140625 0.778172903125 0.692603165625 0.778172903125 0.6608755937499999 0.7776314828124999 0.6401585515625 0.7790446984375 0.6419610687499999 0.7982054921875 0.742635140625 0.79928833125 0.7646004078125 0.7987469109374999 0.7633801203125 0.778172903125
0 0.63353375 0.265434509375 0.608885271875 0.24814024843750002 0.5785046109375 0.22423348125000003 0.55672228125 0.2522094921875 0.5579223718749999 0.2710755625 0.5853832671875 0.2720470359375 0.6329605125 0.271538365625 0.63353375 0.265434509375
5 0.8449396 0.25986900468749996 0.8173051109375 0.25986900468749996 0.78423438125 0.25906501249999997 0.739385 0.25906501249999997 0.7254803812499999 0.2598145046875 0.7239821984375 0.2767528921875 0.7783450703125 0.2779588796875 0.8449396 0.2771548890625 0.8449396 0.25986900468749996
5 0.6476696140625 0.0751451296875 0.6206166484375 0.0751451296875 0.6017615562499999 0.0740539578125 0.5939735640625 0.0747814046875 0.5887171718750001 0.074122078125 0.5882350734374999 0.0915127390625 0.623485909375 0.0918764609375 0.6464399249999999 0.0926039078125 0.6476696140625 0.0751451296875
3 0.86387575625 0.5480326703125 0.7724231109375 0.54678288125 0.773830075 0.5517820375 0.7245863421875 0.5517820375 0.53816364375 0.5505322484375 0.5367566796875 0.7936162953125 0.8631722765625 0.7936162953125 0.86387575625 0.5861512484375 0.86387575625 0.5480326703125
3 0.697128253125 0.26457157656249997 0.656840140625 0.2658496984375 0.6179908859375 0.26521063749999996 0.6179908859375 0.2843824921875 0.6187103171875 0.48121351875 0.8618778593749999 0.4799353953125 0.8640361515625001 0.2639325140625 0.697128253125 0.26457157656249997
3 0.37473938906250004 0.6627489203125 0.12446218125 0.6603454796875 0.0832002609375 0.6609463390625 0.0487025921875 0.6615472 0.049379015625 0.9018913218750001 0.37406296562499997 0.90309304375 0.37473938906250004 0.7060108625 0.37473938906250004 0.6627489203125
3 0.37502430000000003 0.372499565625 0.1922851859375 0.371893875 0.1288719859375 0.37310525625 0.083187209375 0.3737109453125 0.049775953125 0.3737109453125 0.047730365625 0.5929708546875 0.37297871250000003 0.59115378125 0.37502430000000003 0.44942223906249995 0.37502430000000003 0.372499565625