5 0.23922640624999997 0.5615183484374999 0.23845221093750002 0.5441591046875 0.2188392515625 0.5448676421875 0.2190328 0.545399046875 0.2214199109375 0.5863172609375 0.2224521671875 0.6203272046875 0.24180705468750002 0.6189101296875 0.23922640624999997 0.5615183484374999
0 0.3657153203125 0.63011728125 0.3878703046875 0.6431519437500001 0.3957828046875 0.6018755171875 0.3989477828125 0.5853649484375001 0.35368834531250004 0.5666819296875001 0.3498903484375 0.5840614828125 0.35368834531250004 0.6136067125 0.3657153203125 0.63011728125
5 0.4286535734375 0.7042674250000001 0.40321293750000003 0.699649275 0.3911569046875 0.6976562765625001 0.3812414796875 0.6961135046875 0.3779825625 0.72302864375 0.40952053125 0.728224059375 0.42634077656249997 0.7296672281250001 0.4286535734375 0.7042674250000001
0 0.6227112671875 0.72160235625 0.6210108390625 0.7091525546875 0.6079742343750001 0.6908668984374999 0.5915367453125 0.678417096875 0.573823934375 0.6821131296875 0.573682240625 0.6826967140625 0.579066940625 0.7297725500000001 0.6227112671875 0.72160235625
5 0.6808092671875 0.6321193843749999 0.6609709203125 0.6262835375 0.6605458125 0.6260890078125 0.656153046875 0.68658728125 0.6745743515625 0.689310678125 0.6776918234375 0.662076728125 0.6808092671875 0.6321193843749999
5 0.7228008390625 0.5832871890625 0.70771676875 0.5832871890625 0.6860505875 0.5836636875 0.6857077515625 0.584416678125 0.6860505875 0.6103949359375 0.73953044375 0.6100184453125 0.7389819156249999 0.5836636875 0.7228008390625 0.5832871890625
0 0.5924774578124999 0.5825957703125 0.604039703125 0.5710520765625 0.6106967640625001 0.5508506140625 0.613850103125 0.5292061890624999 0.566725184375 0.5290859390625 0.5665500109375 0.5287251984375 0.566199628125 0.585962684375 0.5924774578124999 0.5825957703125
0 0.564447784375 0.5169957546874999 0.56129444375 0.49775627343749995 0.554987765625 0.48428861718749994 0.5434255203125 0.4688970296875 0.5217025093750001 0.461682221875 0.52152731875 0.52656075625 0.522052875 0.5280584687500001 0.564447784375 0.5280584687500001 0.564447784375 0.5169957546874999
5 0.7802763671874999 0.3717376078125 0.7739696875 0.371256621875 0.7666118953125001 0.370294646875 0.759779659375 0.368851684375 0.7613563296875 0.5040091 0.7813274796874999 0.50304711875 0.7813274796874999 0.4294560734375 0.7802763671874999 0.3717376078125
5 0.402425159375 0.355041425 0.40284500312500005 0.3377504484375 0.3831120984375 0.334868609375 0.38185255156250003 0.3357331578125 0.38185255156250003 0.3821306203125 0.38185255156250003 0.41555985 0.40158545625000003 0.4138307515625 0.402425159375 0.355041425
3 0.6763428874999999 0.6324757265625001 0.6773727046875 0.609148878125 0.781385859375 0.60773511875 0.774691928125 0.26631486249999997 0.6433882140625 0.26772861406250004 0.5671805515624999 0.267021734375 0.566408178125 0.267021734375 0.5666656671875 0.59783886875 0.6686191406249999 0.5971320062500001 0.6629550265625 0.6310619671875 0.6763428874999999 0.6324757265625001
3 0.4049818453125 0.572391396875 0.4868535734375 0.575218915625 0.5043607515625 0.5646158015625 0.5167187484375 0.541995815625 0.51723365625 0.5271514578125001 0.5738744828125 0.5278583218749999 0.5749043 0.2656079921875 0.450809425 0.267021734375 0.3843851921875 0.26631486249999997 0.3825829765625 0.2654312671875 0.3859299421875 0.4684808875 0.3926238484375 0.48685962656250004 0.39313878125 0.570270775 0.4049818453125 0.572391396875
3 0.37752250625 0.7003219140625 0.40193128749999996 0.5692675125 0.40301610625000006 0.5476733125 0.4008464703125 0.46874283906249997 0.35528338593750003 0.46874283906249997 0.22022145937499998 0.46874283906249997 0.219136615625 0.4683705140625 0.22673046718749998 0.69734338125 0.38023457656250004 0.7211714640625 0.381861828125 0.7010665296874999 0.37752250625 0.7003219140625
0 0.925245503125 0.5979394078125 0.9143380656250001 0.569143859375 0.90594773125 0.5512906328125 0.88539136875 0.5910284781249999 0.88539136875 0.592180309375 0.9227283984374999 0.6094576328125 0.925245503125 0.5979394078125
3 0.99698296875 0.3616932484375 0.8845523468750001 0.3616932484375 0.8539275671875 0.36054141875 0.8535080374999999 0.3609521 0.856025140625 0.582389815625 0.923567459375 0.6092435671875001 0.9953049249999999 0.6103953703125 0.99698296875 0.3616932484375