5 0.21077266562500002 0.046462020312500005 0.0708479484375 0.046113725 0.0709841984375 0.05983639375000001 0.131204959375 0.059557759375 0.2113176421875 0.059279123437500005 0.21077266562500002 0.046462020312500005
5 0.2113176421875 0.04590475 0.1981698890625 0.046113725 0.199055496875 0.1088757671875 0.2115901421875 0.10915439687499999 0.2113176421875 0.04590475
5 0.3876431265625 0.09550139375 0.2821886765625 0.0957800234375 0.19755678125 0.0960586515625 0.198782996875 0.1088757671875 0.309414803125 0.1088757671875 0.3884606015625 0.10859712656250001 0.3876431265625 0.09550139375
0 0.13994779375 0.35072901875 0.13259050625 0.359088003125 0.12904811249999998 0.3671683578125 0.127140671875 0.3771991375 0.127072540625 0.38444358125 0.1682869765625 0.38500085156249997 0.168559465625 0.3780350359375 0.13994779375 0.35072901875
0 0.23586502656250002 0.4045051421875 0.23123266875 0.3992111234375 0.2214229515625 0.3939170984375 0.210795759375 0.39113076874999997 0.20003230468750002 0.3902948703125 0.20098603124999997 0.433761584375 0.20834333124999999 0.433204328125 0.23586502656250002 0.4045051421875
0 0.12496073125 0.4348761234375 0.134770446875 0.42958209218750004 0.13994779375 0.423173540625 0.1146060265625 0.3944743625 0.1050006796875 0.3946833359375 0.1056137859375 0.4382197171875 0.1143335375 0.4379410765625 0.12496073125 0.4348761234375
0 0.23586502656250002 0.48781634843750005 0.22987019062499997 0.48168643125 0.22060547656249999 0.47667104218749995 0.210795759375 0.4733274484375 0.20003230468750002 0.47325778124999995 0.20044104218749997 0.517072790625 0.20834333124999999 0.517072790625 0.23586502656250002 0.48781634843750005
0 0.1413102578125 0.5923036421875 0.1364054 0.5833873890625 0.1285031234375 0.5725207109375 0.0993464765625 0.5998267265624999 0.0992783453125 0.6103451109375 0.14294521093749998 0.610972034375 0.142400221875 0.5992694578125 0.1413102578125 0.5923036421875
5 0.2432223125 0.703478121875 0.24294981249999997 0.673385778125 0.22987019062499997 0.6732464609375 0.2306876671875 0.7321772953125001 0.2434948140625 0.7321772953125001 0.2432223125 0.703478121875
5 0.3914580328125 0.71908155625 0.31189032656250004 0.71908155625 0.22946145312500002 0.718802921875 0.22959771562500003 0.7321772953125001 0.3061679921875 0.7321772953125001 0.3917305078125 0.7316200312500001 0.3914580328125 0.71908155625
5 0.058517696875000004 0.2550186578125 0.058517696875000004 0.22631947968750002 0.0448930734375 0.22604084531250002 0.0454380625 0.2848323640625 0.058517696875000004 0.2856682625 0.058517696875000004 0.2550186578125
0 0.06532998281249999 0.3572768859375 0.0732322703125 0.3536546640625 0.0827694859375 0.3455743078125 0.05661024375 0.3154819671875 0.0453018125 0.3158999171875 0.0462555390625 0.35978458125 0.0579726953125 0.35978458125 0.06532998281249999 0.3572768859375
3 0.046671890625000004 0.3837895453125 0.2080206046875 0.3849326265625 0.20839321093750002 0.21880480468750002 0.2087658515625 0.10906900312500001 0.21249216093749998 0.10945003281250001 0.2121195203125 0.046199534375000004 0.0457403046875 0.046485303125 0.0455540015625 0.159364578125 0.045926625 0.298439471875 0.046671890625000004 0.3837895453125
3 0.44082107031250006 0.442181940625 0.4400757875 0.33968564843750004 0.4415663171875 0.16174600156250002 0.38828026875 0.161364971875 0.3879076265625 0.0958283140625 0.20047483437500002 0.09659036875 0.19972956875 0.2670999875 0.2008474578125 0.3716919234375 0.20047483437500002 0.44294399999999995 0.44082107031250006 0.442181940625
3 0.1716112703125 0.5990423500000001 0.17190411875 0.610731284375 0.1721969796875 0.68529470625 0.22988881249999998 0.68529470625 0.229595965625 0.7317096890625 0.44044941406250004 0.730811334375 0.440156553125 0.547846478125 0.44044941406250004 0.4343543671875 0.3159873 0.43525272187499997 0.200017909375 0.4349532671875 0.2004571875 0.551065578125 0.173954090625 0.5502317546875 0.1733683828125 0.5987428968749999 0.1716112703125 0.5990423500000001
5 0.655281328125 0.160656459375 0.597491590625 0.16028713125 0.597130409375 0.1735828375 0.6209686718749999 0.1743214890625 0.655281328125 0.1735828375 0.655281328125 0.160656459375
5 0.8734375562500001 0.160656459375 0.7535238515625 0.16028713125 0.7535238515625 0.173952165625 0.81023003125 0.1735828375 0.8730763593749999 0.173952165625 0.8734375562500001 0.160656459375
0 0.67334060625 0.34273377968749996 0.6653945234374999 0.33423929375 0.6368608515624999 0.3623080203125 0.6367705453125 0.3696945125 0.680203146875 0.3696945125 0.6780360328125 0.3541828546875 0.67334060625 0.34273377968749996
3 0.7087368359374999 0.28327241875000003 0.7080144421875 0.1610257828125 0.545842025 0.160656459375 0.545751725 0.264713828125 0.5469255828125 0.3696945125 0.7083756390625 0.36895587343749997 0.7087368359374999 0.28327241875000003
0 0.7271573109375 0.40921231249999995 0.7365481296875 0.401456484375 0.7083756390625 0.3726491203125 0.700429540625 0.3719104640625 0.700429540625 0.41696814218749995 0.715960540625 0.41475219062499996 0.7271573109375 0.40921231249999995
0 0.7354645734374999 0.47975342187500003 0.7249901953125 0.46978164062500005 0.7148769828125 0.4653497390625 0.6998877609374999 0.46498041093750003 0.700068359375 0.5092994328125 0.7087368359374999 0.5081914578125 0.7354645734374999 0.47975342187500003
5 0.5588447140625 0.42472397187500005 0.5588447140625 0.40404175468750003 0.5443972796875001 0.40459574218750005 0.54511965625 0.45020740937500003 0.5592059015624999 0.449468753125 0.5588447140625 0.42472397187500005
5 0.7423271140625001 0.6732798171875001 0.728060253125 0.6724488359375 0.727879671875 0.7320025218749999 0.7430494750000001 0.7323718578125 0.7423271140625001 0.698024615625 0.7423271140625001 0.6732798171875001
5 0.80734055625 0.7183374953125 0.7269766953125 0.7178758328125 0.7271573109375 0.733110496875 0.8803000640624999 0.7327411781250001 0.8806612609375 0.7190761515624999 0.80734055625 0.7183374953125
3 0.67334060625 0.59830680625 0.671173490625 0.597937478125 0.67189586875 0.685098228125 0.727879671875 0.6854675484375 0.72860203125 0.7327411781250001 0.9402569156249999 0.7312638828125 0.9402569156249999 0.5765166234375 0.9398957187500001 0.43395709531250004 0.6998877609374999 0.4331261140625 0.7007907375 0.5488172296875 0.67334060625 0.549186553125 0.67334060625 0.59830680625
3 0.9411729515625 0.4413283609375 0.9407213734375001 0.3037097640625 0.9402698359375 0.161031971875 0.6999246984374999 0.1609165359375 0.7009407171875 0.29865057031250003 0.700489159375 0.4413283609375 0.9411729515625 0.4413283609375