5 0.0157265640625 0.282775934375 0.01586985625 0.2298599515625 0.0017911796875 0.2296632375 0.0022568906249999998 0.3305773609375 0.0157265640625 0.33077408125 0.0157265640625 0.282775934375
5 0.01586985625 0.42932763749999997 0.0160131546875 0.40237786093750005 0.0021135921875 0.40272210781249995 0.0022568906249999998 0.460014978125 0.0157265640625 0.460014978125 0.01586985625 0.42932763749999997
5 0.0160131546875 0.50604598125 0.0160131546875 0.4804731953125 0.00189865 0.48062073125 0.0019703 0.5276844828125 0.0157265640625 0.527487771875 0.0160131546875 0.50604598125
0 0.0392268515625 0.5807971796875 0.04438545 0.585715028125 0.050690400000000004 0.5898460156249999 0.05785512968749999 0.59181315 0.06272713125 0.592009859375 0.0643033796875 0.5306351874999999 0.026294525000000003 0.53019258125 0.026760235937499998 0.54912628125 0.02976941875 0.5626995265625 0.033924953125000004 0.572731925 0.0392268515625 0.5807971796875
0 0.243528871875 0.2924640859375 0.2406629890625 0.2822349734375 0.23579097343750002 0.27298943124999997 0.2279097765625 0.264727453125 0.2195987078125 0.26118660625 0.21157421250000003 0.2598096109375 0.21157421250000003 0.3105125640625 0.244818521875 0.3103650296875 0.24467522343749998 0.30190634375 0.243528871875 0.2924640859375
0 0.1756073171875 0.32511855624999997 0.1714517765625 0.33495424375 0.1694456515625 0.3443965015625 0.169302359375 0.353838759375 0.2079918609375 0.3532486171875 0.2083500875 0.309184746875 0.1983911296875 0.309184746875 0.18864710625 0.3113486015625 0.1813390921875 0.317840153125 0.1756073171875 0.32511855624999997
3 0.033796590625 0.3713821515625 0.2076076359375 0.37167031875 0.20739773281249999 0.3030852984375 0.2069778859375 0.18522279531250002 0.0934129515625 0.18522279531250002 0.0025190046875 0.1855109671875 0.0023090828125 0.34681545156250004 0.0025190046875 0.400199384375 0.015114009375000001 0.4013520828125 0.033796590625 0.3713821515625
0 0.1278392875 0.592122184375 0.136655790625 0.5883759484375 0.145682215625 0.5791544281250001 0.15114004375 0.5676275375000001 0.15365904531250002 0.55091354375 0.1591168734375 0.5500490265625 0.1591168734375 0.5304533015625 0.11582155000000001 0.5292285640625 0.1162938625 0.549472678125 0.120492209375 0.549472678125 0.120492209375 0.5924103656249999 0.1278392875 0.592122184375
5 0.3702931015625 0.43254673749999994 0.37008317812499997 0.394219809375 0.3557563625 0.39436389374999997 0.355598925 0.4665510734375 0.3702931015625 0.4665510734375 0.3702931015625 0.43254673749999994
0 0.49162496093749997 0.417273596875 0.5019108859375 0.42476608281250006 0.510517465625 0.4267832859375 0.5212232171875 0.4267832859375 0.52153809375 0.38053161874999997 0.4796597078125 0.38067570625 0.4809192078125 0.394219809375 0.4846977078125 0.40574670625 0.49162496093749997 0.417273596875
5 0.45614904687499996 0.6227405046875 0.45614904687499996 0.5893125046875001 0.441559821875 0.5893125046875001 0.44208462031250007 0.603721128125 0.44208462031250007 0.623316853125 0.45614904687499996 0.6227405046875
5 0.45614904687499996 0.7233126578125 0.45614904687499996 0.6872911203125 0.441874696875 0.68786745625 0.441874696875 0.7034287640625 0.44166479374999995 0.7238890078125 0.45614904687499996 0.7233126578125
0 0.545783475 0.560207103125 0.550191725 0.5498328984375 0.551241321875 0.530237171875 0.5202785921874999 0.53009308125 0.520803390625 0.5754802296875 0.52961989375 0.5749038953125 0.53990581875 0.5694286109375 0.545783475 0.560207103125
0 0.48532745781250003 0.3236175796875 0.48259855468749996 0.3334154359375 0.48154895781249996 0.34868857656249996 0.5216430640625 0.34868857656249996 0.52153809375 0.30164443125 0.510517465625 0.301716478125 0.5002315578125 0.30661540625 0.49204480625 0.3129552 0.48532745781250003 0.3236175796875
5 0.370503015625 0.31381972343750003 0.37008317812499997 0.2426411375 0.35528404999999996 0.2422088796875 0.3553890109375 0.274628271875 0.3558088484375 0.313243375 0.370503015625 0.31381972343750003
3 0.521433140625 0.3714541890625 0.520803390625 0.3020046515625 0.520173640625 0.1852948375 0.4355771953125 0.184718490625 0.3564385984375 0.1852948375 0.356228675 0.3353606 0.3564385984375 0.370877853125 0.4372565421875 0.3717423703125 0.521433140625 0.3714541890625
3 0.5216430640625 0.54896838125 0.5212232171875 0.48009517968750004 0.521433140625 0.35445202187499997 0.35601876093749996 0.3538756796875 0.356228675 0.3855025921875 0.356228675 0.5483920312499999 0.44166479374999995 0.5492565484374999 0.5216430640625 0.54896838125
5 0.6689521171874999 0.31108208125000003 0.66874219375 0.24797233125 0.654572815625 0.2484766296875 0.6544678625 0.2759250484375 0.6544678625 0.31165843125000003 0.6689521171874999 0.31108208125000003
0 0.5935920203125 0.34076383125 0.5910730109375 0.329525109375 0.586244921875 0.3203036015625 0.5807870937499999 0.3122347671875 0.57406975625 0.3067594953125 0.563993753125 0.30416594375 0.5541276640625 0.30358959531249996 0.5545475015625 0.34969718437499997 0.5942217703125 0.3502735203125 0.5935920203125 0.34076383125
5 0.5568565875 0.23846264375 0.5568565875 0.213103471875 0.5478301625 0.21303142656250001 0.5482499984375 0.25777018749999997 0.5568565875 0.2574820203125 0.5568565875 0.23846264375
3 0.6683223671875 0.3707337625 0.66811244375 0.185438921875 0.6003093484375001 0.185438921875 0.5486698359375 0.18515075 0.5484599125 0.2880282875 0.5547574140625 0.28815824375 0.5545475015625 0.3717282359375 0.6683223671875 0.3707337625
0 0.5809970078125 0.503725309375 0.5900234234374999 0.49277476875000004 0.5946415984375 0.47721345312499996 0.595691175 0.46424569531250004 0.5542851015625 0.46438977968749995 0.5543375875 0.5112177953125 0.5696615046875 0.510353278125 0.5809970078125 0.503725309375
5 0.6691620406250001 0.5129468296875 0.66874219375 0.46770376406249997 0.6544153781250001 0.4682801078125 0.654257940625 0.486723140625 0.6544678625 0.513523178125 0.6691620406250001 0.5129468296875
3 0.031417887500000005 0.56895976875 0.0397700984375 0.58282545 0.05239551875 0.590558240625 0.063272821875 0.591891471875 0.063661290625 0.5486945265625 0.120961309375 0.5492278265625 0.12115553593749999 0.591891471875 0.1306731703125 0.590824884375 0.140579275 0.5849586359375001 0.150873846875 0.56895976875 0.1537874078125 0.5492278265625 0.1751535265625 0.5489843015625 0.1753477515625 0.35377498125 0.0817253625 0.35404163125 0.0020880531250000002 0.35404163125 0.0018452531250000002 0.46950012812499997 0.0022822874999999998 0.5492278265625 0.027338903125 0.5497611265625 0.031417887500000005 0.56895976875
3 0.5518371921874999 0.786062178125 0.6684086109375 0.7850385421875 0.6684086109375 0.680986221875 0.668160071875 0.5444839125 0.5637677453125 0.5448251281250001 0.5637677453125 0.53731845625 0.4424737875 0.5366360343750001 0.44191454218750004 0.590547565625 0.44172812656250005 0.729762159375 0.44197668749999997 0.7850385421875 0.5518371921874999 0.786062178125
3 0.161929540625 0.5310537562500001 0.101957453125 0.5313475453125001 0.1021716453125 0.6242677265625 0.0824665359375 0.6236801468750001 0.083751646875 0.6354317703125 0.08887382187500001 0.6477719484375 0.0970128875 0.6554105015625 0.0903731203125 0.6598173625 0.085018471875 0.6695124546875 0.08330498125 0.684789565625 0.1023675359375 0.684789565625 0.102581721875 0.7797077453125 0.152701253125 0.7794139546875 0.314613225 0.7794139546875 0.314613225 0.6427299 0.314613225 0.4707433640625 0.3141848546875 0.3543308625 0.26423837968749997 0.354037071875 0.157394625 0.35320166875000003 0.1578600109375 0.49513989374999995 0.16171536250000002 0.49513989374999995 0.161929540625 0.5310537562500001
5 0.11600630468749999 0.6225872906250001 0.1160802953125 0.6094874453125 0.1160802953125 0.589393321875 0.1023016390625 0.5894288390625 0.1024666390625 0.605131790625 0.10239265 0.62218135 0.11600630468749999 0.6225872906250001
5 0.1161542796875 0.7236393343749999 0.11600630468749999 0.7115625624999999 0.11600630468749999 0.6875955484375 0.10238301875 0.6872922640625 0.1024666390625 0.7058793765625 0.10254062343749999 0.7236393343749999 0.1161542796875 0.7236393343749999
1 0.0835976234375 0.6256804984375 0.0842677796875 0.636316440625 0.088139790625 0.6460940703125 0.090671484375 0.6497757421875 0.0970751953125 0.65519598125 0.0938733390625 0.6573436234375001 0.0891077890625 0.6629683984375 0.08508685625 0.66951359375 0.08374655 0.6776950875 0.0832253140625 0.6842402828124999 0.10965820156249999 0.6854675046875001 0.110180453125 0.6250668875 0.10288320312499999 0.625475959375 0.0835976234375 0.6256804984375
1 0.47014614374999997 0.6213623203124999 0.442976390625 0.6213623203124999 0.442396975 0.6226561765625 0.44207073281250003 0.687246846875 0.47165557500000005 0.6868324796875 0.47135368906249997 0.6511968234375 0.47014614374999997 0.6213623203124999