3 0.6240549390625 0.9169997999999999 0.8728379531250001 0.9175399671875001 0.8733908593749999 0.75952830625 0.8733908593749999 0.6362821328125 0.8728379531250001 0.5397134984374999 0.7127169359375001 0.539173328125 0.623768459375 0.53934881875 0.6235020328124999 0.7604285875000001 0.6240549390625 0.8351957984375 0.6240549390625 0.9169997999999999
0 0.6540959625 0.6069037500000001 0.6666284109375 0.5980809812500001 0.6760277515625 0.5872775890625 0.6826625703125 0.57323318125 0.6848741859375 0.5615934265625 0.684321278125 0.5536709390625 0.634007175 0.554751278125 0.634007175 0.5515102625 0.623350425 0.5514395078125001 0.6236863390625 0.61716696875 0.6347443875 0.6173470265625001 0.63456008125 0.6130256703125 0.6540959625 0.6069037500000001
5 0.8347417796875 0.917192984375 0.8345574843750001 0.9067497078125 0.778671784375 0.9067497078125 0.6628794124999999 0.9062318765624999 0.6635461421875 0.9177331578124999 0.7247142421875 0.9179132140625 0.8347417796875 0.917192984375
3 0.6343831703125 0.9165068421875 0.634015153125 0.9067991390625 0.6345671734375 0.8193570046875 0.6338311359375 0.7391348859375 0.6338311359375 0.6200382703125 0.537378784375 0.6202180421875 0.537378784375 0.7082140609375001 0.45521653906250004 0.707854515625 0.38357745625 0.7078955875 0.3833376140625 0.7707893703125 0.3838896484375 0.9166866140625001 0.6343831703125 0.9165068421875
0 0.5541864421875 0.6787125359374999 0.56239943125 0.6787125359374999 0.5764479546875 0.67681215625 0.5887674328125 0.6713221484375 0.6010869109375 0.6609756078125 0.6099483015625 0.6472506 0.6151354484375 0.629724821875 0.6205387203125 0.629724821875 0.620106459375 0.6193782765625 0.5505918249999999 0.6192503375 0.550079953125 0.6288802046875 0.554618703125 0.6286690515625 0.5541864421875 0.6787125359374999
0 0.5238527015625001 0.523924971875 0.514578059375 0.5087023921875 0.504561434375 0.4989164453125 0.49473030781249994 0.49384225156249995 0.48360074218750004 0.4911239328125 0.4746970703125 0.48894927812500005 0.46764834843749997 0.4891304984375 0.4680193328125 0.539328778125 0.46319651874999995 0.539328778125 0.462825534375 0.5496583875 0.5323853765625 0.5491147265625 0.5327563609375 0.53951 0.527933546875 0.53951 0.5238527015625001 0.523924971875
5 0.39411546875000003 0.6509181515625 0.39423721875 0.6272469484375 0.39423721875 0.59939319375 0.38355573593750003 0.5993388937499999 0.3832793015625 0.6194958734375 0.383522809375 0.65068025 0.39411546875000003 0.6509181515625
3 0.6242002515625 0.3988696625 0.6242002515625 0.549221228125 0.7568251546875 0.5503011328125 0.8406005890625 0.55003115625 0.87279429375 0.5504361203125 0.87279429375 0.45910734375000006 0.8729324671875001 0.338475125 0.8729324671875001 0.25892315312499997 0.8483421078125 0.25865317656250003 0.6507796203125 0.25892315312499997 0.5586720671875 0.25887404687500004 0.558246359375 0.3856928671875 0.6242456703125 0.3856928671875 0.6242002515625 0.3988696625
5 0.832426390625 0.26968891250000004 0.8323310046874999 0.25897238125 0.7813500078125 0.2584132578125 0.7084925125 0.258599634375 0.66368951875 0.2585180078125 0.663907340625 0.26959572187499997 0.73628990625 0.26940934843750003 0.832426390625 0.26968891250000004
0 0.6836133015625 0.50640918125 0.6763140328125 0.4918433875 0.66637460625 0.47833968125000004 0.661249590625 0.47363614218750005 0.64649575625 0.467111878125 0.6357798203125 0.46286352343750004 0.6348479921875 0.459525528125 0.62413205625 0.45907034687500003 0.6239767484375001 0.526133696875 0.6345373859375 0.52643715 0.6348479921875 0.522643975 0.6837686 0.522340521875 0.6836133015625 0.50640918125
0 0.41160901718750004 0.49996403906250003 0.42530019531249996 0.49200624218750005 0.43483202343749994 0.48049282499999996 0.44141763906250003 0.46897941249999997 0.4438439265625 0.457635315625 0.44436383749999997 0.44646053593749996 0.39410511875 0.44646053593749996 0.39427843125 0.4430742375 0.38354655000000004 0.4426842234375 0.3838800703125 0.5096149875 0.39427843125 0.5099536171875 0.3946250421875 0.5050434828125 0.41160901718750004 0.49996403906250003
3 0.464945109375 0.4398707421875 0.5695986093750001 0.44021388906250003 0.569715684375 0.3853780671875 0.569832765625 0.3106303171875 0.569832765625 0.25820580625 0.5302648421875 0.25843457187499996 0.5290940453124999 0.24870274218750002 0.5247621140625001 0.23920895 0.5173861140625 0.22834255625000002 0.5076685359375 0.22010697812500002 0.4958435296875 0.2131296078125 0.48273065156249995 0.2099268828125 0.47149104375000006 0.2091262015625 0.47149104375000006 0.2579955734375 0.4564857 0.25776680937499996 0.38445626875 0.25790001406249996 0.38455311875 0.34807991718750003 0.38455311875 0.4399851234375 0.464945109375 0.4398707421875
0 0.528731328125 0.2515483796875 0.521792575 0.2360536109375 0.514853825 0.2270472765625 0.5074194453125 0.2209462109375 0.4998859453125 0.216007253125 0.49294719374999996 0.2131019859375 0.4861075640625 0.2108746125 0.480160059375 0.2100998734375 0.47441080781249995 0.20990618906249997 0.4702475546875 0.2097125046875 0.47074318125000003 0.2578366640625 0.46667905468750004 0.25793350625 0.46577835468749995 0.2686579015625 0.5334893359375 0.2686240078125 0.5333902 0.2581650375 0.52992083125 0.2582618828125 0.528731328125 0.2515483796875
0 0.5494099390625 0.382232859375 0.535466175 0.38285206875 0.5194625390625001 0.387186546875 0.51153995 0.3922950421875 0.50456806875 0.398487159375 0.49648702343749995 0.40826482343750004 0.490941209375 0.4183270125 0.48983204375 0.4249835359375 0.48919823906250004 0.43148525312499997 0.483652425 0.43086604375000004 0.4830186203125 0.4401542140625 0.48364948906249994 0.44035706875 0.5521036171875 0.44063116718749995 0.5524205203125 0.43056897968749996 0.54925148125 0.43056897968749996 0.5494099390625 0.382232859375