5 0.2737569453125 0.09394318125 0.25117953593750003 0.0937748828125 0.2511324046875 0.11050356875 0.26206759687500003 0.11090748125000001 0.2737569453125 0.11090748125000001 0.2737569453125 0.09394318125
5 0.41626798281250005 0.0939431796875 0.3631710140625 0.0937748828125 0.36300604375 0.11077284218750001 0.3863847375 0.11104211562499999 0.4160794484375 0.11090748125000001 0.41626798281250005 0.0939431796875
5 0.456049471875 0.140931596875 0.42772165624999997 0.10094431875000001 0.41947312812500004 0.11427341093750001 0.43144528437499996 0.1305645296875 0.4476595328125 0.153183596875 0.456049471875 0.140931596875
5 0.460480109375 0.197479265625 0.460480109375 0.16691660156250002 0.44857865468749997 0.1665800046875 0.448602225 0.17889931718750002 0.448507953125 0.197479265625 0.460480109375 0.197479265625
5 0.39241795156250003 0.20623069218749998 0.3711603046875 0.2067692390625 0.3711131734375 0.2231949921875 0.41438260624999995 0.22292571562500002 0.41438260624999995 0.2060960546875 0.39241795156250003 0.20623069218749998
5 0.28235898125 0.2066346046875 0.2554923390625 0.20636532812500002 0.2554923390625 0.22279108124999997 0.2679358375 0.22292571562500002 0.282547521875 0.22292571562500002 0.28235898125 0.2066346046875
5 0.335998003125 0.20636532812500002 0.32739595781249997 0.206163371875 0.32741952812499997 0.22292571562500002 0.3468389234375 0.22292571562500002 0.3469331953125 0.20623069218749998 0.335998003125 0.20636532812500002
0 0.2915973421875 0.24325595312499998 0.32119777968749996 0.22184862187499998 0.3213863140625 0.20744242812499997 0.2860354703125 0.2073751078125 0.2864125484375 0.2226564453125 0.287449503125 0.22938830625 0.28905208125000004 0.2354469859375 0.2915973421875 0.24325595312499998
0 0.3869503515625 0.36052504218750003 0.38299105624999996 0.3725077625 0.381671290625 0.38085527343750003 0.381058540625 0.3906501375 0.416833596875 0.3906838015625 0.4166450609375 0.38287483437500003 0.3869503515625 0.36052504218750003
0 0.36941633125 0.5895430968750001 0.3744125828125 0.5906201984375 0.381011409375 0.5907548328125001 0.3809171375 0.5401985234375 0.375166734375 0.54013120625 0.3596123625 0.5825419593750001 0.3641372703125 0.5865810796875001 0.36941633125 0.5895430968750001
0 0.43446188750000003 0.60381465 0.4323879671875 0.5961403234375 0.42974844375 0.5907548328125001 0.400147996875 0.6118928875 0.39972378750000004 0.6203750375 0.4356873859375 0.6210482265625 0.4356873859375 0.6116236171875 0.43446188750000003 0.60381465
0 0.43257651093750005 0.6735567765625 0.43059686406250003 0.667094184375 0.42795733125 0.6617086921875 0.3979798140625 0.6827121140625 0.39788554375 0.6979261265625001 0.43361346562499997 0.6976568546874999 0.43351919531250005 0.6816350140625 0.43257651093750005 0.6735567765625
5 0.34155986562499996 0.636565175 0.2781875828125 0.6364305375 0.2780226125 0.653529475 0.3121479640625 0.653529475 0.34137133125 0.6536641140625 0.34155986562499996 0.636565175
3 0.380629034375 0.6526680734375 0.3811651328125 0.6222965874999999 0.3808077390625 0.49366438281249997 0.3800929375 0.3818768640625 0.2993209609375 0.3818768640625 0.23963546406249997 0.3818768640625 0.23959078437499998 0.5027885828125 0.2389206625 0.5360313328124999 0.2390993671875 0.6529233046875 0.380629034375 0.6526680734375
3 0.2549169140625 0.2234503578125 0.2829462625 0.2234503578125 0.28276997187499997 0.2219397078125 0.28594310625 0.2224432609375 0.29123166093749997 0.243592365625 0.320847571875 0.222191478125 0.4599365796875 0.222191478125 0.46064172656249996 0.1474142890625 0.42343700625 0.09479330625 0.416738175 0.0952968546875 0.416738175 0.09353443125000001 0.3629712 0.09353443125000001 0.362794909375 0.09504508125 0.2741234609375 0.0945415296875 0.2741234609375 0.0930308796875 0.25085381562500003 0.0937862046875 0.25085381562500003 0.09504508125 0.238998634375 0.09473036093750001 0.2389502828125 0.222191478125 0.2550932015625 0.2226950328125 0.2549169140625 0.2234503578125
3 0.3748682015625 0.392139634375 0.45966136406249997 0.3911325390625 0.4600139453125 0.31912487968750003 0.45966136406249997 0.20733675312500002 0.369753884375 0.20708497656249997 0.3267403109375 0.20683320156249999 0.2391265640625 0.20784030156250002 0.2389502828125 0.2904225171875 0.2396554203125 0.38987365937499996 0.28478646875 0.39062898437500004 0.37416305625 0.3911325390625 0.3748682015625 0.392139634375
5 0.6250149359375 0.20570813437500002 0.5851611609375 0.20570813437500002 0.58502420625 0.2229211125 0.6049282734375 0.22370352031250001 0.6248323328125001 0.22396432656249998 0.6250149359375 0.20570813437500002
5 0.7243526453125 0.2064905421875 0.70116166875 0.2059037359375 0.7007964624999999 0.22422513125000001 0.713031075 0.22422513125000001 0.7239874390625001 0.22370352031250001 0.7243526453125 0.2064905421875
0 0.6823532546875 0.303769959375 0.6805271875 0.30898600625 0.6790663453125 0.3168100875 0.677970709375 0.326198984375 0.677742440625 0.335196678125 0.7137614875 0.33558788281249996 0.71339628125 0.327503003125 0.6823532546875 0.303769959375
0 0.6723099140625 0.38383638593749997 0.676875071875 0.3835755875 0.6773315765625 0.333436259375 0.6697534359375 0.33271906093750003 0.6633622124999999 0.3353270828125 0.65569275625 0.34080394062499997 0.6723099140625 0.38383638593749997
5 0.7605086484375 0.37940273593749996 0.7605086484375 0.33897831875 0.7480001265625 0.3387175140625 0.748091440625 0.35697370624999997 0.748639259375 0.38018514375 0.7605086484375 0.37940273593749996
0 0.670849071875 0.4498194671875 0.676875071875 0.4498194671875 0.6770576671875 0.39818053125 0.670301253125 0.3984413421875 0.6639100296875 0.40052775625 0.65532755 0.40678702031249997 0.670849071875 0.4498194671875
0 0.6832662796875 0.49102629843749995 0.71339628125 0.46651084843749996 0.7135788921875 0.45712195156249996 0.6770576671875 0.45686114062499994 0.677970709375 0.47146609531249994 0.679248940625 0.480333384375 0.6808923953125 0.48607105156249997 0.6832662796875 0.49102629843749995
5 0.70737028125 0.6365542093750001 0.690342259375 0.6362282015625 0.690387915625 0.6540279859375 0.729830828125 0.6537671875 0.729830828125 0.6362934109375 0.70737028125 0.6365542093750001
5 0.603650025 0.6360326 0.580230796875 0.6364238046875 0.5800938421875 0.6540279859375 0.633780028125 0.654288796875 0.633780028125 0.6357718015625 0.603650025 0.6360326
3 0.75977821875 0.5538797468750001 0.7603260359374999 0.4571219453125 0.6704838484375 0.4576435484375 0.670849071875 0.578395209375 0.671214278125 0.6532455781250001 0.7603260359374999 0.6527239812500001 0.75977821875 0.5538797468750001
3 0.6770120265624999 0.586675690625 0.6766468031249999 0.47661694531250004 0.676829415625 0.3816847609375 0.6063434765625 0.381423959375 0.5387792234375001 0.3816847609375 0.539281384375 0.5302119015625 0.5393270421875 0.6534411812500001 0.6766468031249999 0.6534411812500001 0.6770120265624999 0.586675690625
3 0.676705496875 0.3260717046875 0.676340578125 0.207239578125 0.5394941609374999 0.20697898124999997 0.539402928125 0.3439225796875 0.539311703125 0.3901785078125 0.676705496875 0.3904391015625 0.676705496875 0.3260717046875
4 0.2763571875 0.1084101359375 0.355392565625 0.109529596875 0.356602334375 0.0939814078125 0.276354296875 0.0939814078125 0.2763571875 0.1084101359375