3 0.6335328671875 0.820303978125 0.702902559375 0.820818715625 0.877018178125 0.8213334531250001 0.8768363499999999 0.7400326265625 0.8766545078125001 0.5967335765625 0.728190446875 0.597505678125 0.633728878125 0.5969032515625 0.6335328671875 0.6253014140625 0.6337146953125 0.7215158515625 0.6335328671875 0.820303978125
0 0.708447515625 0.6543839859375 0.7162662828124999 0.6474350515625 0.7240850515624999 0.6343092921875 0.7280853421875 0.6188672171875 0.7291763312499999 0.5972483093750001 0.6914462546875 0.597224825 0.6919008343749999 0.6577297671875 0.701356090625 0.6572150296875 0.708447515625 0.6543839859375
5 0.8029984921875 0.82184818125 0.8031803343749999 0.7976556 0.7666336546875 0.7973982359375 0.7055382109375 0.79756461875 0.7055367109375 0.82210555625 0.7473579984375001 0.82184818125 0.8029984921875 0.82184818125
5 0.8770537968750001 0.5540228921875 0.8771735375 0.52724598125 0.8770537968750001 0.49945222187500005 0.8607699328124999 0.4993543671875 0.8606502 0.5255512390625 0.8607699328124999 0.5541923703125 0.8770537968750001 0.5540228921875
0 0.74092193125 0.5402611125 0.746416384375 0.53938070625 0.7519108421875 0.5365927390625 0.757612634375 0.5311635515625001 0.7620704015624999 0.5251474171875 0.7655951390625 0.5164900593749999 0.7679795281249999 0.5060718765625001 0.76839420625 0.49624063906250004 0.7308919625 0.49578923281250004 0.7304513703125 0.5402611125 0.7384338796875001 0.5402611125 0.74092193125 0.5402611125
3 0.730887146875 0.49396103281250003 0.7826750859375 0.495469146875 0.7829414640625 0.4845353078125 0.859322703125 0.4843467890625 0.8765037515625 0.48415827812499995 0.8765037515625 0.37410600625 0.8766369359375 0.3011810453125 0.8766369359375 0.2186418421875 0.802914265625 0.2182648140625 0.731226675 0.21815958281249997 0.7307539625 0.3147540859375 0.7307539625 0.412929946875 0.730887146875 0.49396103281250003
5 0.8394260125 0.24126358125 0.8391596437500001 0.21769926874999998 0.8073361484375001 0.2175107546875 0.75555993125 0.2169818703125 0.7548526484375 0.24126358125 0.7878828765625 0.24107506875 0.8394260125 0.24126358125
0 0.767958928125 0.4531136671875 0.7588815078125 0.44051239999999997 0.749280384375 0.434088221875 0.7415994828125 0.4323586328125 0.736886196875 0.43186446875 0.7301654125 0.431347753125 0.7304272640625 0.485234553125 0.7735450296875 0.4844933046875 0.7730213406249999 0.46744453124999996 0.767958928125 0.4531136671875
3 0.6794048671875 0.4333024640625 0.7387851953125 0.4344577671875 0.7393973703125 0.33137810624999997 0.7391933015625 0.21791615156250002 0.6328800640625001 0.2180419046875 0.6339003453125 0.31839638593749997 0.6336962921875 0.4333024640625 0.6794048671875 0.4333024640625
5 0.7224665 0.2409297484375 0.722339040625 0.21675626874999998 0.7020740437499999 0.21693666406249998 0.6838164171875001 0.21710791093749998 0.6839757328125 0.24111014375 0.700034790625 0.24111014375 0.7224665 0.2409297484375
0 0.7030365609375 0.3796632125 0.6954566484375 0.38851868437500003 0.690042428125 0.40026921406250004 0.6873954796875 0.411840365625 0.687034528125 0.42086613125000005 0.687034528125 0.43283931875 0.723249646875 0.43328877187500003 0.7236105984375001 0.3721701234375 0.7135040515625 0.3738730984375 0.7030365609375 0.3796632125
3 0.43144600781250003 0.8204579734375 0.5734834484375 0.820674146875 0.5739416312500001 0.6935969484375 0.5734834484375 0.5974329828125 0.492935228125 0.5967844515625 0.43092695625 0.59698689375 0.43083509218750005 0.6391550421875001 0.4312932796875 0.7264557734375 0.43144600781250003 0.8204579734375
0 0.4630610640625 0.697271946875 0.470850278125 0.6823557703125 0.473446690625 0.6683042984374999 0.47390487343750004 0.6583601828125001 0.4306059953125 0.6577606031250001 0.43083509218750005 0.7095940109375001 0.4415261734375 0.7095940109375001 0.452522709375 0.7063513640625 0.4630610640625 0.697271946875
5 0.5304270125 0.821002784375 0.5303252203125 0.79809591875 0.49836473437500006 0.7979518515625 0.46009358125000005 0.7976542531249999 0.460398934375 0.8211468515625 0.48828802656250003 0.8211468515625 0.5304270125 0.821002784375
0 0.42990272812499997 0.7701268578125 0.41797776875 0.7721796828125 0.40798659375 0.78039099375 0.4017018171875 0.7924798625 0.3991234515625 0.8025159109375 0.39896230625 0.8118676765625 0.3960616359375 0.8116395875 0.3960616359375 0.8205527796875 0.431675353125 0.820307078125 0.43151420781249994 0.8118676765625 0.42990272812499997 0.8116395875 0.42990272812499997 0.7701268578125
0 0.4220064703125 0.73251600625 0.4145936625 0.7201990421875 0.40508592343750005 0.7142686515625 0.397673115625 0.7138124703125001 0.38921284218749996 0.7142502703125 0.3891322765625 0.7592027609375 0.426679765625 0.759658946875 0.4268409109375 0.7471138921875 0.4220064703125 0.73251600625
3 0.3310878765625 0.5494072390625 0.3864289953125 0.5494072390625 0.386261790625 0.6080835890625 0.43949079375 0.608793534375 0.547913571875 0.6083202359375 0.5734942015625 0.6080835890625 0.5736614046875 0.544213578125 0.573828596875 0.4398891890625 0.573828596875 0.3161722 0.5736614046875 0.21705409687500002 0.48487543750000006 0.217527396875 0.48487543750000006 0.1732740265625 0.47919086093749996 0.1732740265625 0.4738406546875 0.1744572703125 0.466651334375 0.17848030312500002 0.460465159375 0.1839232328125 0.45401449375 0.1948090890625 0.45000184218749995 0.2080614359375 0.4474939375 0.1985954734375 0.444818840625 0.1922059484375 0.4406389984375 0.1841598796875 0.43177772656249996 0.17611381406249998 0.4232508515625 0.1732740265625 0.4145567828125 0.17256407812500002 0.414891165625 0.2184739921875 0.3312943140625 0.2179790984375 0.3304190984375 0.3081135203125 0.330586290625 0.415277690625 0.3310878765625 0.5494072390625
0 0.41652386249999995 0.556967396875 0.408832940625 0.5496312765625 0.3981325546875 0.546081540625 0.3919463796875 0.546081540625 0.3919463796875 0.6079878187500001 0.4298993578125 0.6080835890625 0.42923058125 0.5863118765625 0.42371318281250003 0.5680898984375 0.41652386249999995 0.556967396875
1 0.45933590156250004 0.18065932812500002 0.4534355375 0.1954356265625 0.44980457500000004 0.2012176609375 0.43800384843750007 0.1787319625 0.42756478906249995 0.1716650265625 0.415764096875 0.1678103328125 0.41258696562499997 0.18194420625000002 0.41490881875 0.22976597812500002 0.4861144171875 0.229485390625 0.48520665 0.1716650265625 0.472044325 0.1768046109375 0.45933590156250004 0.18065932812500002