3 0.6954570421875 0.761532484375 0.6952815125 0.7631619625 0.7577708359375 0.763773021875 0.7577708359375 0.761736175 0.789015490625 0.7621435375 0.7888399609375 0.6790727390625 0.789015490625 0.6010940609375 0.7679516734375 0.6008903796875 0.66754748125 0.6006866890625 0.6670208875 0.6774432640625 0.6671964171875 0.7619398562499999 0.6954570421875 0.761532484375
5 0.75812189375 0.763783878125 0.7582974234375001 0.7485075250000001 0.7252974515624999 0.7478964640625 0.6949304421875 0.7472551000000001 0.693701725 0.7627654546875 0.725648509375 0.76439493125 0.75812189375 0.763783878125
3 0.6743617015625001 0.761891990625 0.6743617015625001 0.6723225390625001 0.6743617015625001 0.6004091765624999 0.6605381 0.6001567578125 0.55198926875 0.6001567578125 0.4995638859375 0.600255896875 0.4995570890625 0.6902310484374999 0.4995570890625 0.761639571875 0.6743617015625001 0.761891990625
0 0.591790965625 0.4951895640625 0.58200199375 0.4901411234375 0.5741708171875 0.48786932656250004 0.5650888203125 0.4873452140625 0.565469509375 0.53986825625 0.5704727515625 0.5396158390625 0.5985344765625 0.5017525359375 0.591790965625 0.4951895640625
0 0.7132285203125 0.414503828125 0.7063976859375 0.42708269843749996 0.7041702390625 0.43431985468749995 0.7026852734375 0.44138470312500006 0.7018685390625 0.4517419421875 0.7469372140625 0.45241275 0.7469372140625 0.4470710390625 0.730454109375 0.43018433749999996 0.7132285203125 0.414503828125
0 0.7153074734375 0.249165740625 0.7112980624999999 0.2588152890625 0.709664603125 0.26949870625 0.7094789828125 0.277779740625 0.752580084375 0.2784589984375 0.752580084375 0.273634228125 0.72095033125 0.2408947046875 0.7153074734375 0.249165740625
5 0.7622323546875001 0.178037096875 0.762083859375 0.161495025 0.7282266609375 0.161495025 0.6955574390625 0.161948475 0.6949634515625001 0.176658590625 0.726147709375 0.178037096875 0.7622323546875001 0.178037096875
3 0.49971717812499994 0.36288915781250003 0.6377099671875001 0.3632229328125 0.6686310921875 0.3635567046875 0.6686310921875 0.3293540046875 0.7015656890625 0.330188434375 0.7014218609375 0.2759594328125 0.669206371875 0.2759594328125 0.6682735921875 0.2492754875 0.6681297749999999 0.163865525 0.6541793078125 0.1636986375 0.5368410796875 0.1633648640625 0.49962786406250004 0.16352008125 0.4994295390625 0.2457797796875 0.49971717812499994 0.3106716859375 0.49971717812499994 0.36288915781250003
5 0.6341549296875 0.1770495046875 0.6338672953125 0.1613622375 0.58759070625 0.16169600625 0.53498883125 0.161851934375 0.5346320546875 0.17755015937500002 0.5747576109375 0.17755015937500002 0.6341549296875 0.1770495046875
0 0.670095778125 0.31809064375 0.67532749375 0.3211260484375 0.683611040625 0.3251732578125 0.6936385015625001 0.32669096406250003 0.7009047749999999 0.326522325 0.70159506875 0.2760620875 0.6963996875 0.2766905296875 0.6676252390624999 0.3157297703125 0.670095778125 0.31809064375
5 0.790841778125 0.3420203359375 0.790841778125 0.3091630359375 0.790706228125 0.2814879890625 0.7772527296875 0.2814722953125 0.77742216875 0.3024078515625 0.7771510703125 0.3420203359375 0.790841778125 0.3420203359375
0 0.22176396406249999 0.8872826500000001 0.218896121875 0.8972660234375001 0.217282978125 0.9053775171874999 0.217148540625 0.9181827765625 0.262451303125 0.9178567359375001 0.26280977656250004 0.9109931687499999 0.23036744687500002 0.8770912890625 0.22176396406249999 0.8872826500000001
5 0.328621253125 0.8518750531249999 0.328621253125 0.8399564953124999 0.32850713125 0.8240650859375 0.31629581406249996 0.824048484375 0.316638190625 0.8357187843749999 0.3167523125 0.8517426265625 0.328621253125 0.8518750531249999
0 0.2425801171875 0.8582174984375 0.2493134546875 0.8621903515625 0.2555902984375 0.8653686359374999 0.2647202546875 0.8692090609375 0.2756675234375 0.8700036296875 0.275211025 0.8180917453125 0.2709970984375 0.8181074625000001 0.25547617499999997 0.8383532390624999 0.2425801171875 0.8582174984375
3 0.1721859921875 0.4574151171875 0.16592535 0.45957490468750006 0.1576342484375 0.4631091140625 0.1500199625 0.47057021250000003 0.175400915625 0.50366071875 0.17557011875 0.519760990625 0.25218913125000003 0.5195906906250001 0.2814286578125 0.519969790625 0.281592003125 0.49192674687500004 0.3276564984375 0.491358096875 0.32781984531249997 0.39131700937499997 0.3273298046875 0.3198876140625 0.2982536265625 0.320266709375 0.2980902796875 0.31837122500000004 0.2002253953125 0.31837122500000004 0.20006204843750003 0.320266709375 0.17625388125000002 0.32001055625 0.17607773124999998 0.3842424984375 0.17641615 0.457022425 0.1721859921875 0.4574151171875
5 0.2983460296875 0.334009640625 0.298176825 0.3171239921875 0.24579075625 0.317320334375 0.1993859078125 0.3172559484375 0.1988526953125 0.3330279171875 0.2409850859375 0.33361695 0.2983460296875 0.334009640625
0 0.312897534375 0.4328420875 0.3073362515625 0.43458620937500003 0.3019252609375 0.436853565625 0.2962136765625 0.44103945156249996 0.29200512968750003 0.44801592812499996 0.3219158359375 0.4848168421875 0.3277777359375 0.484642434375 0.3273268171875 0.432400740625 0.322517059375 0.43249326562499996 0.31680546249999997 0.43266767812499995 0.312897534375 0.4328420875
0 0.1752438375 0.857685375 0.1816147296875 0.8613817312500001 0.190817140625 0.8652834296874999 0.20408983749999998 0.8671316078125001 0.2042225578125 0.8144409781249999 0.199842571875 0.8145613015625001 0.170465671875 0.854605084375 0.1752438375 0.857685375
3 0.037358228125 0.9190086328125 0.0511760125 0.9186883546875 0.08212786250000001 0.9574420359375001 0.155902328125 0.9577623109375001 0.1865778125 0.9189567390625 0.20426458749999998 0.9192770156250001 0.2045409328125 0.7657598984375 0.23107110312499998 0.7657598984375 0.23217652187499999 0.653584646875 0.2802624359375 0.6542252015625001 0.2802624359375 0.6144587859375 0.2820037421875 0.5119178234375 0.18477808281250002 0.5125583890625001 0.18588352187499999 0.3212743765625 0.0374195671875 0.3215839390625 0.0376345734375 0.57223395 0.037358228125 0.8209515703125 0.037358228125 0.9190086328125
0 0.15867842031249998 0.4616081796875 0.1501113890625 0.470575978125 0.17912874375 0.5093296578125 0.1849322265625 0.5093296578125 0.184720303125 0.45520631875 0.1782996875 0.455843178125 0.17056171250000002 0.4574445640625 0.15867842031249998 0.4616081796875
5 0.18824848593750002 0.91767561875 0.175259775 0.9045442140625 0.1479005484375 0.9407356640625 0.089589475 0.9404153859375001 0.0622226890625 0.9050800812500001 0.0511760125 0.91799590625 0.0810224421875 0.9577104171874999 0.1572966359375 0.9577104171874999 0.18824848593750002 0.91767561875