3 0.5056789640625 0.7279234640625 0.5053721671875 0.8570795890625 0.8763316296875001 0.8594288609375 0.8760248562499999 0.7064444359375 0.8766384046875 0.56487074375 0.729672784375 0.564199521875 0.5956105453125 0.564087321875 0.5967921828125 0.705101990625 0.5056789640625 0.7040951640625 0.5056789640625 0.7279234640625
0 0.690956396875 0.61847290625 0.6978544609374999 0.6056860328125 0.7026447859375 0.5924799171874999 0.7049441359374999 0.5763391046875 0.7041776796875 0.5643907109375 0.6350053984375 0.5650017843749999 0.63443056875 0.57550061875 0.6825254234375 0.628325090625 0.690956396875 0.61847290625
5 0.7974857828124999 0.8604845093750001 0.7972941734375001 0.8399416625 0.731195121875 0.83973204375 0.656801375 0.8397500109375 0.6560754015625 0.8590171625 0.6976554265625 0.8598556484375001 0.7974857828124999 0.8604845093750001
0 0.7505179796875 0.48495535156249997 0.7366352093749999 0.47584286093749995 0.718741875 0.47134173281249997 0.711029225 0.4699917421875 0.7026995484375 0.4711172890625 0.702391046875 0.548742784375 0.713805759375 0.5484052828125 0.76254971875 0.49710533593750006 0.7505179796875 0.48495535156249997
3 0.583540959375 0.39474836875 0.87612853125 0.3937914578125 0.8770032171875 0.297647878125 0.87612853125 0.079549728125 0.670895840625 0.079549728125 0.50470260625 0.0784328640625 0.505238790625 0.213440115625 0.504801446875 0.3937404640625 0.583540959375 0.39474836875
5 0.76591166875 0.0976735203125 0.76591166875 0.0794261421875 0.7185178015625 0.0794261421875 0.6519316890625 0.07863401406250001 0.6520121624999999 0.0972852828125 0.699192478125 0.0976735203125 0.76591166875 0.0976735203125
0 0.67933864375 0.3464229 0.6729506390625 0.338075696875 0.6665626203125 0.33205794375000003 0.6206044562499999 0.3862177171875 0.620249565625 0.3949164125 0.6903402078124999 0.3955355265625 0.689452984375 0.3716586375 0.6844845421875 0.35807016406250003 0.67933864375 0.3464229
3 0.2646065640625 0.854763425 0.4307313546875 0.8560264640625 0.4309622578125 0.8214191515625 0.43026954687499996 0.687843309375 0.4307313546875 0.54946791875 0.3610235171875 0.5492153156249999 0.2647351765625 0.5486202546875 0.2648374671875 0.5663791953125 0.2646065640625 0.7557814328125 0.2646065640625 0.854763425
0 0.30547714375 0.6406459812499999 0.31448253125000003 0.6345833921875 0.32256428593750003 0.6239738484374999 0.27222651249999996 0.5729470078125 0.2642602 0.5729234187500001 0.2643756609375 0.648224225 0.2796155359375 0.649992484375 0.2950863171875 0.645950759375 0.30547714375 0.6406459812499999
5 0.39735166718750004 0.8574509656249999 0.39735166718750004 0.83906668125 0.353550075 0.8392434515625 0.29877243125 0.83957370625 0.299430571875 0.857274190625 0.340958165625 0.857274190625 0.39735166718750004 0.8574509656249999
0 0.23810601562499997 0.7982918796875 0.22843560468750002 0.7891887984375 0.184581365625 0.84085493125 0.18480625625 0.8536484515625 0.185031146875 0.85434100625 0.2527240953125 0.854632571875 0.2509249578125 0.829537590625 0.24620219531249998 0.8123155453124999 0.23810601562499997 0.7982918796875
0 0.19672561875 0.716144353125 0.1825573203125 0.7087634765625 0.17108774531249998 0.7060571515625 0.16006796875 0.7048270078125001 0.15185935 0.7049419968749999 0.15084732812499999 0.7818341484375 0.1618671140625 0.7823262078125001 0.20886985624999999 0.7306600750000001 0.19672561875 0.716144353125
3 0.16989405625 0.407943390625 0.16989405625 0.559155371875 0.256106925 0.5597218828125 0.4308778125 0.560288390625 0.4308778125 0.34680596406249997 0.4308778125 0.238365234375 0.4308778125 0.07867074375000001 0.215097653125 0.0792372515625 0.07159132812499999 0.07828615 0.0715016171875 0.29582036562499997 0.0715016171875 0.4076601359375 0.16989405625 0.407943390625
0 0.24261303281250002 0.5010034953125 0.235875653125 0.49392775625 0.18979198125000002 0.5496492234375 0.189724603125 0.559629309375 0.2603997125 0.5599680125 0.2558183015625 0.5260634125 0.249080921875 0.509258525 0.24261303281250002 0.5010034953125