3 0.3835339328125 0.8552080468750001 0.41890783750000005 0.8552080468750001 0.4506969859375 0.8936336 0.5384595078125 0.8939161390624999 0.5692489953125001 0.8549026156249999 0.7543723515625 0.8550438843749999 0.75377255 0.74943476875 0.75377255 0.669288665625 0.6444040859375 0.669288665625 0.4915033484375 0.6691473953125 0.383757965625 0.669187175 0.3835339328125 0.712845734375 0.3835339328125 0.790177875 0.3835339328125 0.8552080468750001
5 0.45474141875 0.876815571875 0.44591013281249997 0.8658035843749999 0.437981853125 0.8559344921875001 0.42435140000000005 0.8614905546875 0.431624228125 0.8713095765625001 0.44123474218750003 0.8824133312500001 0.45474141875 0.876815571875
5 0.5255150937499999 0.8938538406250001 0.5253852265625001 0.8828418515625 0.4947354625 0.8824747875 0.46397988437500004 0.8824010953125001 0.4635662140625 0.8934867750000001 0.487202890625 0.8934867750000001 0.5255150937499999 0.8938538406250001
5 0.5482398734375 0.8822860468749999 0.554473721875 0.8740270562499999 0.5639543703125 0.8617303390625001 0.550687603125 0.8561365265624999 0.543694359375 0.8644833343749999 0.5342137124999999 0.8764129890625 0.5482398734375 0.8822860468749999
5 0.7054575328125 0.8550386203125001 0.7053467859375 0.8447872015625 0.667691834375 0.8447872015625 0.6226041734375001 0.8445665828125 0.6226166359375 0.855273384375 0.65838884375 0.85542989375 0.7054575328125 0.8550386203125001
0 0.6538001875 0.7057372734375 0.6652923171875 0.7029710312499999 0.6751427062500001 0.6972600796874999 0.681330778125 0.692345003125 0.6863822640625 0.6857417156250001 0.6889080062499999 0.6784245609374999 0.6896657265624999 0.6695012015625 0.642026309375 0.6692481859375 0.641676628125 0.7058265031250001 0.6457178109374999 0.70609420625 0.6538001875 0.7057372734375
3 0.49355974218750004 0.674251284375 0.62764679375 0.67450368125 0.62764679375 0.6523984015625001 0.62764679375 0.5672789078125 0.6278254 0.5008573171874999 0.5282023921875 0.5008573171874999 0.5285595843750001 0.49681895000000004 0.5142714203125001 0.4966927515625 0.383677425 0.496243821875 0.383691334375 0.6229838046875 0.38333413125 0.6743774828125 0.49355974218750004 0.674251284375
5 0.45847401093749995 0.5065453093750001 0.458368228125 0.4962999390625 0.437284915625 0.49635531874999994 0.4082835046875 0.49618777343750003 0.4078427171875 0.506434546875 0.42790713281250004 0.5063237859374999 0.45847401093749995 0.5065453093750001
0 0.578762521875 0.6297903359375 0.585399325 0.6381644734374999 0.5953545250000001 0.6443055109375 0.612420590625 0.6493299953125 0.627590421875 0.649999928125 0.627108640625 0.6160462734375 0.5754441140625 0.616391709375 0.5756021390625 0.6228677109375 0.578762521875 0.6297903359375
0 0.5825176953125 0.477926096875 0.5846767546875 0.4820541328125 0.587978853125 0.486541128125 0.5945830390625 0.491925521875 0.6029652796875 0.49569460000000004 0.613252575 0.4979380953125 0.6274769828125 0.49838679375000006 0.6270901375 0.4698414140625 0.5813746609375 0.469490546875 0.5813746609375 0.47343910312500004 0.5825176953125 0.477926096875
5 0.5285605515625 0.4938118375 0.5286875515625 0.483671225 0.5286875515625 0.47074868125 0.5140796578125 0.4704341328125 0.5137011234375 0.4797226734375 0.5137011234375 0.4939015765625 0.5285605515625 0.4938118375
5 0.5284335437500001 0.4447702234375 0.5285605515625 0.4298734015625 0.5285605515625 0.4132715203125 0.5140796578125 0.41303911875 0.5139551296875 0.4271812046875 0.5140821375 0.44459074374999996 0.5284335437500001 0.4447702234375
0 0.630776959375 0.4325160859375 0.6260778265625 0.44032345624999997 0.6245537875 0.446605253125 0.6254428140625 0.452169125 0.6292529203125 0.4582714375 0.6357301093750001 0.46473271250000003 0.6677403843749999 0.448305934375 0.64411235 0.4235420953125 0.6362381218750001 0.42784961250000003 0.630776959375 0.4325160859375
3 0.5721490140625 0.405667484375 0.686940640625 0.4058906234375 0.686940640625 0.3892486984375 0.687256434375 0.31488922812500003 0.6870985421875 0.2716847375 0.59154028125 0.27201945 0.514087375 0.2716860296875 0.5142331953125 0.290669621875 0.5142331953125 0.40510963593750005 0.5721490140625 0.405667484375
5 0.5287597828124999 0.3469186890625 0.5287597828124999 0.3266130546875 0.5287597828124999 0.3056380015625 0.513282265625 0.30558345625 0.5136016062500001 0.3258320671875 0.5140752921875 0.3468071234375 0.5287597828124999 0.3469186890625
0 0.63555864375 0.35578842499999996 0.638180959375 0.360883928125 0.644948940625 0.3686929046875 0.6533622046875001 0.3742516359375 0.6618847296875 0.37795745625 0.6754333671875 0.3803508 0.687124525 0.3805824140625 0.68695459375 0.347525 0.6349030671875 0.3474503265625 0.6350123265625001 0.3520054 0.63555864375 0.35578842499999996
3 0.6733989578124999 0.2770596875 0.75428043125 0.27717825625 0.7537770265625 0.1951893828125 0.7537770265625 0.09718407812499999 0.6268897109375 0.0969469390625 0.5144100015624999 0.09686367812499999 0.514170646875 0.2290103890625 0.514506253125 0.27658540781249996 0.6733989578124999 0.2770596875
5 0.662701796875 0.10774633125 0.662534 0.0967194078125 0.64337964375 0.09683797656250001 0.5875432046875 0.096602634375 0.5866866390625 0.10750919375000001 0.618737184375 0.10762776249999999 0.662701796875 0.10774633125
0 0.7245413796875 0.2502064859375 0.7174730625 0.24502358750000003 0.708670996875 0.242102315625 0.7010692046875 0.2408772671875 0.6893331265625 0.2405003296875 0.690182565625 0.2767761515625 0.7369442937499999 0.276601775 0.7361441078125 0.265010928125 0.7329433578125 0.2576606359375 0.7245413796875 0.2502064859375