5 0.5383352078125 0.9046356031249999 0.51253541875 0.9039155875 0.4797328125 0.9046356031249999 0.4491416359375 0.9046356031249999 0.4349287265625 0.904389296875 0.4351360265625 0.9183157156249999 0.5033211984375 0.9197557234374999 0.5368609390625 0.9204757390625 0.5383352078125 0.9046356031249999
5 0.83548944375 0.9038186671874999 0.788876721875 0.9029983187499999 0.7460433859375 0.9017677828125 0.7061495953125 0.9013576078125001 0.675074446875 0.9029983187499999 0.6624763921875 0.9021779562500001 0.661636525 0.9189951546874999 0.7720793328125 0.91817480625 0.835069525 0.9177646312500001 0.83548944375 0.9038186671874999
0 0.613000453125 0.6470001828124999 0.619045203125 0.6212360734375 0.5701377 0.6201625734375 0.5523818828125 0.6210660765625 0.5536520328125001 0.6797420468750001 0.5778310328125 0.6818890484375 0.5998119484375 0.6673967515625 0.613000453125 0.6470001828124999
0 0.6895486125 0.571608903125 0.6900183281250001 0.5527973734375 0.6270739640625 0.5491268265625 0.625592834375 0.5495774109375 0.6251950328125 0.6151966078125 0.6510304203125 0.6142789609375 0.6735776625 0.5977615203125 0.6895486125 0.571608903125
0 0.534769278125 0.5392052984375 0.523186640625 0.5203495578124999 0.5158509890625 0.50488784375 0.4942301109375 0.49093459843750004 0.4760839953125 0.4879176765625 0.46334311250000004 0.486409215625 0.464942278125 0.54926795625 0.4672039734375 0.5497645078125 0.534769278125 0.54938739375 0.534769278125 0.5392052984375
0 0.6801674125 0.48605398125 0.6655792921875 0.4712568328125 0.6476246531250001 0.46248816093749995 0.6358419140625 0.458103815625 0.6244669593750001 0.45736699375 0.625181371875 0.5255130421875001 0.6874614359375 0.5244169609375 0.6846560546875 0.501947221875 0.6801674125 0.48605398125
0 0.376063984375 0.6004126046875 0.3590007609375 0.6026648531250001 0.336864684375 0.6121243265625 0.3179567921875 0.630592821875 0.311500425 0.663475734375 0.3474715390625 0.663475734375 0.3765251671875 0.6630252859375 0.376063984375 0.6004126046875
5 0.39680358125000004 0.6527809734375001 0.39680358125000004 0.6248040578125 0.39680358125000004 0.5984728500000001 0.3897271953125 0.59863741875 0.384639459375 0.5993202 0.38399866875 0.6221709343749999 0.38332472812499996 0.6455398890625 0.3826507875 0.6531101125000001 0.39680358125000004 0.6527809734375001
0 0.40692372343749994 0.5049900765625 0.42929163593749997 0.4944862 0.4439168015625 0.46927684375 0.4464977375 0.4440674875 0.38556142968749996 0.4445288890625 0.38455578125 0.446588428125 0.3836954796875 0.5087714828125 0.40692372343749994 0.5049900765625
0 0.551454884375 0.374321625 0.5239251578124999 0.377682875 0.5045683171875 0.3915480171875 0.4860717484375 0.413816278125 0.4858417734375 0.4385162734375 0.5273663671875 0.4394457734375 0.551454884375 0.43902561875 0.551454884375 0.374321625
0 0.6114039953125 0.4540238296875 0.6241319437499999 0.43951965625 0.6251926140624999 0.4315768953125 0.579584146875 0.43226756718750003 0.565727940625 0.4330367984375 0.570745290625 0.44642640624999996 0.5802912515624999 0.4661106390625 0.59054431875 0.472672053125 0.6114039953125 0.4540238296875
0 0.5348839171875001 0.25727474687499996 0.5266789140625 0.2375471984375 0.5178427828125 0.22028556875 0.4957523453125 0.20672286562500003 0.4660881234375 0.2079558359375 0.4657830640625 0.2674651984375 0.46798155937499997 0.2702209640625 0.5329904812499999 0.268987996875 0.5348839171875001 0.25727474687499996
5 0.6413151984375001 0.3718395625 0.6413151984375001 0.3145816734375 0.6418339765625001 0.2770853640625 0.6413151984375001 0.26391098125 0.6288648953125 0.2634042765625 0.6195813 0.2644596734375 0.6190084140625001 0.3085011921875 0.6195271578125 0.3556249375 0.6190084140625001 0.3718395625 0.6413151984375001 0.3718395625
5 0.8328369046875 0.2728813625 0.8342204499999999 0.2566647828125 0.796403859375 0.2557638578125 0.7696555109375 0.2562143171875 0.741984778125 0.2562143171875 0.6806480921875 0.254169646875 0.6608545328125001 0.2544425609375 0.661278634375 0.2710795171875 0.73230008125 0.27198044375 0.7825684609375 0.27378228125000004 0.8328369046875 0.2728813625
3 0.8732550671875 0.410979265625 0.8732550671875 0.259826284375 0.83361751875 0.259826284375 0.6468324109375 0.25876555625000003 0.6338008937499999 0.25876555625000003 0.625218434375 0.259290659375 0.6234842859375 0.5509946734375 0.8102694296875 0.549933953125 0.872169146875 0.548873234375 0.8732550671875 0.410979265625
3 0.6309675953125 0.9180838421875 0.6319442375000001 0.7041048015625 0.6309675953125 0.61908634375 0.5391783828125 0.6190898921875 0.5391783828125 0.706018878125 0.3819234265625 0.70888111875 0.3809467828125 0.9152180515625 0.6309675953125 0.9180838421875
3 0.5404636625 0.2600383640625 0.535274003125 0.23810176875 0.5125156640624999 0.2066757109375 0.46967643593749997 0.2001286140625 0.45762790468750003 0.2001286140625 0.46097471875 0.2597071828125 0.38399798125 0.25774305468750003 0.38378510625 0.25904640625 0.3838327375 0.4394287796875 0.5685769046875 0.4400834890625 0.5685769046875 0.26069307343750003 0.5404636625 0.2600383640625
3 0.8739669765625001 0.539486578125 0.819658384375 0.540303803125 0.701850515625 0.540303803125 0.658403640625 0.539486578125 0.6240782828125 0.5403031296874999 0.62498296875 0.9162277953125001 0.8714604265625001 0.9162277953125001 0.8739669765625001 0.783837171875 0.8739669765625001 0.539486578125