3 0.49837476875000003 0.3420770015625 0.49858868125000005 0.4117977125 0.8133658140625 0.4119629859375 0.813579725 0.277975734375 0.813579725 0.19239719375 0.813579725 0.1144126078125 0.710286953125 0.11391677656250002 0.5684806124999999 0.1140820515625 0.4982093515625 0.1142407046875 0.49837476875000003 0.12580795 0.49816085625 0.2571595703125 0.49837476875000003 0.3420770015625
0 0.5364517296875 0.157040125 0.542869196875 0.15109013437500002 0.546719684375 0.14431375156249998 0.5492866640625 0.13852285312499998 0.5492866640625 0.12992841875 0.4982678046875 0.12910934375 0.49816085625 0.1643123390625 0.5146323484375 0.1643123390625 0.5268255296875 0.16183317656250001 0.5364517296875 0.157040125
0 0.5472811390625 0.3840389890625 0.5433434234375001 0.376766675 0.53819410625 0.3713059640625 0.5324389890625 0.3676394859375 0.5252703234375 0.36428505 0.5190103703125 0.3624908171875 0.5131542796875 0.36163270625 0.5080049625 0.361710715625 0.5083078671875 0.360901653125 0.497792703125 0.3613448875 0.4981713296875 0.39457035937499996 0.548997575 0.39464836875 0.5488966093750001 0.3886415875 0.5472811390625 0.3840389890625
3 0.37454418125 0.6490789625 0.4568610296875 0.593131415625 0.45660775 0.5627988890625 0.45660775 0.48279145156250003 0.45660775 0.39828305468749997 0.43811813125 0.398087359375 0.4383714109375 0.40434955781250004 0.3849872765625 0.4045452546875 0.2583482515625 0.4045452546875 0.1808437765625 0.40422863906249995 0.1804900671875 0.551459084375 0.18099664375 0.6484918828125 0.37454418125 0.6490789625
0 0.38471890625 0.4196963109375 0.3884848140625 0.42619453749999997 0.39438473281249997 0.43220782187499995 0.4043016265625 0.4388030359375 0.41622700156250003 0.44258558593749997 0.42714813124999995 0.4435554703125 0.427022603125 0.40457128437499995 0.383683275 0.4041724109375 0.383965715625 0.41057939687499995 0.383965715625 0.4138770046875 0.38471890625 0.4196963109375
5 0.38471890625 0.6415076515625 0.4091973078125 0.6256170562500001 0.44321600937500005 0.6019570437499999 0.4291879984375 0.5903108203125 0.404050559375 0.60752631875 0.370659509375 0.6295780718749999 0.38471890625 0.6415076515625
5 0.3109506140625 0.64837604375 0.31130709375 0.6334415265625 0.26813865937500003 0.6333726703125 0.2243809265625 0.6334848671875 0.2244542953125 0.6485137578125 0.2572114828125 0.6483071875 0.3109506140625 0.64837604375
5 0.456807865625 0.5085543875 0.456807865625 0.4793064828125 0.45662587343750005 0.4260359171875 0.43660640468749995 0.42591665 0.43678839687500004 0.45877670625 0.43678839687500004 0.508695 0.456807865625 0.5085543875
3 0.3753730796875 0.4122397109375 0.3762472265625 0.3530535203125 0.3887768484375 0.3535037796875 0.38848546562499997 0.32876306093749996 0.38848546562499997 0.2454995484375 0.40101506562499994 0.2457246875 0.4015978515625 0.19822145156249998 0.2427976796875 0.19844658125 0.1796396796875 0.1986521328125 0.18101838125 0.29025318125 0.18101838125 0.4111140421875 0.3753730796875 0.4122397109375
0 0.35316313906249996 0.3595098984375 0.34691095625 0.36161780625 0.340658771875 0.36425269375 0.335429675 0.36838068281249997 0.3298595453125 0.374001771875 0.32690396875 0.3791837140625 0.324857796875 0.38533178125 0.3246304484375 0.39209465625 0.37510262656250004 0.39209933750000003 0.37487526875 0.358433134375 0.3658948578125 0.3583681140625 0.36055208437499997 0.3583681140625 0.35316313906249996 0.3595098984375
5 0.2002851203125 0.372842684375 0.2006750578125 0.3279676359375 0.2002851203125 0.298449971875 0.179179378125 0.29836845156249997 0.179813046875 0.3260093 0.18020298437499999 0.37269204375 0.2002851203125 0.372842684375
0 0.46933500937500006 0.31702075937499996 0.461769665625 0.3205278875 0.45288039375 0.32768826875 0.44928685156250003 0.3333873515625 0.4462607171875 0.34025547500000003 0.4460715859375 0.3455161625 0.4456933109375 0.352973234375 0.49051798125 0.3529532328125 0.49051798125 0.3142442875 0.47860255937499996 0.314682678125 0.46933500937500006 0.31702075937499996
3 0.40151923125 0.2122863390625 0.40151923125 0.19858378593749998 0.3853853953125 0.198405703125 0.385615875 0.1296958625 0.386076834375 0.049054753125 0.262924196875 0.049054753125 0.180411053125 0.049217721874999995 0.18096444375 0.0828801890625 0.18096444375 0.2115740265625 0.40151923125 0.2122863390625
5 0.2001948625 0.180774953125 0.2000197171875 0.1478981734375 0.2000197171875 0.11082632031249999 0.179352175 0.11095304843750001 0.1798776265625 0.1416804359375 0.18022791875 0.1809102765625 0.2001948625 0.180774953125
0 0.3363829875 0.0808653203125 0.34181700625 0.087230759375 0.349705090625 0.0930544609375 0.3612742859375 0.09847185625 0.3733693390625 0.1006388125 0.3854644046875 0.1005033796875 0.3854644046875 0.065691759375 0.33375362656249996 0.0655611765625 0.33427949687499997 0.073280965625 0.3363829875 0.0808653203125
0 0.446071196875 0.075484309375 0.44852525625000006 0.081308009375 0.45518631093749995 0.0902467125 0.467456665625 0.100268896875 0.483934 0.1066343375 0.497431384375 0.10880129375 0.5167133703125 0.10825955312499999 0.5162751421875 0.06535331718750001 0.4458958953125 0.0664101703125 0.4458958953125 0.069254303125 0.446071196875 0.075484309375