3 0.7969857796875 0.8569646656250001 0.876731159375 0.8584477375 0.876731159375 0.7527184171875 0.876731159375 0.5631351718750001 0.7409847359375 0.5638767078125 0.505783521875 0.5641095953125 0.5051620875 0.646588290625 0.50448340625 0.8577062015625 0.7969857796875 0.8569646656250001
0 0.6932179359374999 0.6164349828125 0.6999433359375 0.603074521875 0.703815546875 0.585928590625 0.7042231453125 0.564106496875 0.635069075 0.564302084375 0.6339121296875 0.57434951875 0.6834355359375001 0.62890475 0.6932179359374999 0.6164349828125
5 0.7974184859375 0.8597758531249999 0.7974184859375 0.8397351562500001 0.7394805625 0.839289803125 0.6561401234375001 0.83957438125 0.6565926546874999 0.8595531796874999 0.7059122609374999 0.8595531796874999 0.7974184859375 0.8597758531249999
0 0.75151040625 0.4859888484375 0.7356402296875 0.4765057078125 0.72218071875 0.471896353125 0.7131407375000001 0.471896353125 0.703109921875 0.47167276874999997 0.7024936687500001 0.547227409375 0.7137434078125 0.548105378125 0.7613539390625 0.496524515625 0.75151040625 0.4859888484375
3 0.7508028 0.3945941484375 0.8766682640625 0.3949974375 0.8766682640625 0.2412129421875 0.8762991703124999 0.0793953140625 0.7741673437500001 0.0789920234375 0.5054896875 0.07907799374999999 0.5053862609374999 0.2606035828125 0.5053862609374999 0.395804015625 0.7508028 0.3945941484375
5 0.7651914359374999 0.0976573921875 0.765359909375 0.0790676703125 0.716476184375 0.0794357890625 0.6520362343749999 0.078841178125 0.651989271875 0.0974733359375 0.69359780625 0.0978414546875 0.7651914359374999 0.0976573921875
0 0.6887126296875 0.364544984375 0.6839958765625 0.3533175328125 0.6770892 0.3411697921875 0.6658026671874999 0.3323350703125 0.619477371875 0.38390511875 0.619477371875 0.3951325734375 0.6904248843749999 0.39532025000000004 0.691576371875 0.386447728125 0.69039719375 0.3757724453125 0.6887126296875 0.364544984375
3 0.4312318734375 0.8557827687499999 0.43090426875 0.676358775 0.4315594765625 0.5495546140625 0.2648924390625 0.548164290625 0.2644749515625 0.7289786015625 0.26414732500000004 0.8547088859375 0.4312318734375 0.8557827687499999
0 0.3188593234375 0.6326008875 0.32508405625000003 0.6247258078125 0.2739758421875 0.572821890625 0.2648924390625 0.57298905625 0.2644749515625 0.6504987828125001 0.288063353125 0.6487089984375001 0.30542704375 0.6429816734375 0.3188593234375 0.6326008875
5 0.3970194234375 0.8571301515625 0.3968864875 0.8391212578125 0.3482359671875 0.838976025 0.29914465468749996 0.8391984953125 0.2995870453125 0.8575658484375 0.33042511874999997 0.8574206171875 0.3970194234375 0.8571301515625
0 0.24226505468749998 0.8050176796875 0.2374108234375 0.7977021093750001 0.227534978125 0.7898378671875 0.184683846875 0.8421442140625001 0.18486534999999998 0.854655896875 0.2536473859375 0.85458069375 0.251303971875 0.8315366328125 0.2472866796875 0.8165397109375 0.24226505468749998 0.8050176796875
0 0.19840690625 0.7188080984375 0.1884602234375 0.7113721890625 0.1753724796875 0.706414915625 0.1649022953125 0.7046989359375 0.1514580359375 0.7050308078125 0.1511165296875 0.7815675640624999 0.16106322343749999 0.7821395546875001 0.209226109375 0.7306292859375 0.19840690625 0.7188080984375
3 0.16905847499999999 0.5590843484375 0.27666538749999997 0.5596416328125 0.4307004484375 0.5599202765625 0.4307004484375 0.41632862968750006 0.4309554984375 0.19604232500000002 0.4309554984375 0.07810845 0.071557621875 0.0779486453125 0.0706188421875 0.40741203906249995 0.16982355625 0.40741203906249995 0.16905847499999999 0.5590843484375
0 0.2502516578125 0.5144233921875 0.244428303125 0.5049653703125 0.2341980796875 0.4970283109375 0.189814665625 0.5488064421875001 0.1899213578125 0.558836521875 0.2600097140625 0.559306003125 0.258121053125 0.5388422828125 0.25497329375 0.52594498125 0.2502516578125 0.5144233921875
0 0.28438734062500004 0.092606334375 0.282953759375 0.0737904484375 0.21271038281250002 0.0675184859375 0.2098433375 0.07849446875 0.21414396406249997 0.10201437656250001 0.22847930781249998 0.141214125 0.2399477265625 0.1427821 0.28438734062500004 0.092606334375