3 0.3788255 0.2620417140625 0.38503359375 0.27202325781250003 0.395380409375 0.2790473140625 0.40883126093750005 0.28422291875 0.42849020937500004 0.2849622953125 0.42849020937500004 0.25466768125 0.5195422 0.25614643593749997 0.5190248640624999 0.17150786406250002 0.6881952874999999 0.1718775578125 0.6876779546875 0.0846708796875 0.435083615625 0.0839315046875 0.245219521875 0.08369835 0.24481239062500001 0.25427829687500003 0.3788255 0.2539086015625 0.3788255 0.2620417140625
5 0.3070101609375 0.10824017500000001 0.37357736406250003 0.10902969375 0.37357736406250003 0.0950157953125 0.367500696875 0.09541055312499999 0.36777690625 0.0831730671875 0.31115334843750003 0.083159684375 0.31281061875 0.09560793281249999 0.3070101609375 0.09541055312499999 0.3070101609375 0.10824017500000001
5 0.42501660937499997 0.10709478125 0.6314066265625 0.10738625312500001 0.6305908671875 0.0945615296875 0.6248804671875 0.0936871125 0.624064678125 0.08231974375 0.4319506515625 0.0831066546875 0.4327664390625 0.093395640625 0.42542449062500004 0.0939785859375 0.42501660937499997 0.10709478125
0 0.46980594531250003 0.22498351093750002 0.46083338124999995 0.2332810140625 0.455819315625 0.24308715468750003 0.454499821875 0.2487445421875 0.45529150625000003 0.25428540625 0.5049045 0.254590509375 0.5049045 0.21819464531250002 0.48669547343749997 0.2189489625 0.46980594531250003 0.22498351093750002
0 0.385886109375 0.270431190625 0.3953864640625 0.2774086375 0.41333159375 0.2840089234375 0.42784602187500004 0.28514040625 0.42837383281249997 0.24629300468749998 0.3771114671875 0.24603856406250002 0.37902474218750004 0.253459028125 0.3798164359375 0.262322271875 0.385886109375 0.270431190625
3 0.6893923578125001 0.3217768359375 0.688315409375 0.2936868390625 0.688315409375 0.1629182328125 0.5069813703125 0.16404488281250001 0.5057697937500001 0.22523443125 0.5063082671875 0.3217768359375 0.6893923578125001 0.3217768359375
0 0.55154839375 0.29079874375000003 0.5409677328125 0.2821314546875 0.5290967671875 0.277521190625 0.519548390625 0.2762303203125 0.5058709609375 0.27654377812500003 0.506903221875 0.3121903546875 0.5590322484375 0.3121903546875 0.5592903296875 0.30204778125 0.55154839375 0.29079874375000003
5 0.6907096703125 0.24303682968749998 0.6907096703125 0.21869465937500002 0.6907096703125 0.1871604703125 0.6681290265625 0.1871428578125 0.6703225703125 0.21426880625 0.6695483906249999 0.2426680140625 0.6907096703125 0.24303682968749998
3 0.43823911562499995 0.47865199843750006 0.3444772703125 0.47865199843750006 0.3444772703125 0.6195639671875 0.3444772703125 0.7701582234375 0.4922481484375 0.7701582234375 0.4922481484375 0.7914592265625 0.5052555421875 0.7906846421875 0.5193469546875 0.7852625625 0.5296444671875 0.7755802875 0.5328963578125 0.782938821875 0.54373588125 0.78719901875 0.5605371328125 0.7906846421875 0.5616210671874999 0.7697709234375 0.6868175453124999 0.770932809375 0.6857336093749999 0.60329774375 0.686275578125 0.4558018265625 0.686275578125 0.31217881875 0.5047135734375 0.313184778125 0.5054441640625 0.44650683593749996 0.43769714843749996 0.4468941375 0.43823911562499995 0.47865199843750006
5 0.690774190625 0.3750019671875 0.6902580703125001 0.3537947625 0.6894838671875 0.3316655140625 0.6687741875000001 0.33184331875 0.6709032328125 0.3537947625 0.6701290296875 0.37463314531249997 0.690774190625 0.3750019671875
5 0.690774190625 0.5152891562499999 0.6905161328125 0.495926059375 0.689999990625 0.47287475625 0.6687741875000001 0.472626728125 0.6690967671875 0.49463518593750005 0.6693548296875 0.5152891562499999 0.690774190625 0.5152891562499999
5 0.690774190625 0.65999236875 0.690774190625 0.633621678125 0.6902580703125001 0.604116009375 0.6681290265625 0.6041935484375001 0.6693548296875 0.6325152187499999 0.6693548296875 0.6601767828125 0.690774190625 0.65999236875
5 0.6214791484375 0.77215689375 0.6214791484375 0.7562941515625 0.5917813359374999 0.75650851875 0.5629084640625 0.7564263390625 0.56418338125 0.77215689375 0.5896815 0.7723712515625001 0.6214791484375 0.77215689375
5 0.49541936093750005 0.771506815625 0.49541936093750005 0.757491625 0.466000003125 0.757307209375 0.43748386406249995 0.7567281109375 0.43606451249999995 0.7713224078125 0.4626451546875 0.7713224078125 0.49541936093750005 0.771506815625
0 0.47167741249999995 0.4844977234375 0.483290315625 0.48044070000000005 0.49412903906250005 0.47066694218749994 0.5005806515625 0.4594179078125 0.5010967703125 0.44669359062499997 0.4510322515625 0.446359446875 0.45206451249999996 0.4857885984375 0.460064509375 0.48597301093749995 0.47167741249999995 0.4844977234375
0 0.3992903296875 0.43025235312500004 0.40548386093750005 0.4228759359375 0.40883870624999996 0.41457746718750005 0.4085806484375 0.4090451546875 0.4085806484375 0.4066478203125 0.3481290265625 0.40718894062500005 0.346903221875 0.4462960625 0.3719354734375 0.44555841718750006 0.3894838671875 0.43781318437500005 0.3992903296875 0.43025235312500004
0 0.3876774265625 0.3742112421875 0.3773548453125 0.381218840625 0.3716774125 0.3882264359375 0.3690967671875 0.3946808 0.3683225875 0.3991066515625 0.3687741875 0.40580645156250006 0.41761290625 0.4055413578125 0.4181290265625 0.3697853921875 0.40548386093750005 0.3697853921875 0.3876774265625 0.3742112421875
1 0.5218536874999999 0.7835749515625 0.526756084375 0.778965253125 0.5290782843749999 0.7760150484375 0.5321745546875001 0.7826530109375 0.536302896875 0.783943728125 0.544559584375 0.7874471015625 0.5551384671874999 0.790028528125 0.5605569390625 0.7911348593749999 0.561589009375 0.7559167609374999 0.49630953906249997 0.7570230921875 0.49630953906249997 0.7572074796875 0.49630953906249997 0.7573918703125 0.49656755468749997 0.7905816984375 0.5084365484375 0.789106590625 0.5166932546874999 0.786893940625 0.5218536874999999 0.7835749515625