3 0.4395725875 0.47869371406249994 0.3458951578125 0.47869371406249994 0.3451209671875 0.6237657484375 0.344862896875 0.770497475 0.49598180000000003 0.7712056265625 0.49417535468749996 0.78983108125 0.5021753515625 0.7901999015625 0.512756003125 0.7887246171875 0.522820521875 0.782270253125 0.5300556703125 0.7758158890625 0.5321201875 0.779688509375 0.5367653546875 0.7841143578125 0.5470879359375 0.7885402078125 0.5643782515625 0.79001549375 0.5646363187500001 0.770846634375 0.6872169640625 0.7710310453125 0.6877330875000001 0.71334006875 0.6879911671875 0.5734315249999999 0.6882492296875 0.43352298906250003 0.6877330875000001 0.312783296875 0.616903221875 0.3133365328125 0.506838703125 0.312949309375 0.5069274218750001 0.4467907078125 0.43931450625 0.4467907078125 0.4395725875 0.47869371406249994
5 0.692451615625 0.374963821875 0.692451615625 0.3541254453125 0.6916774125 0.3314429609375 0.66845160625 0.331612903125 0.669999990625 0.352834571875 0.6697419296875 0.374963821875 0.692451615625 0.374963821875
5 0.6906451515625001 0.5156100046875001 0.6909032328125 0.4984598359375 0.69116129375 0.47264237500000006 0.667161284375 0.472626728125 0.6674193453124999 0.49366516875000005 0.6679354875 0.51579441875 0.6906451515625001 0.5156100046875001
5 0.69116129375 0.6603033890625001 0.69116129375 0.6510828656250001 0.69116129375 0.60518433125 0.6678064453125 0.6051152078125 0.6679354875 0.6355923921875 0.6687096671874999 0.6604878046875 0.69116129375 0.6603033890625001
5 0.6212258125 0.77247448125 0.6212258125 0.75679959375 0.5902580703125 0.7566151796875 0.5629677359375 0.7564976953125 0.563935478125 0.772105659375 0.589999990625 0.772105659375 0.6212258125 0.77247448125
5 0.4969677453125 0.7723860109375 0.4969677453125 0.7574487624999999 0.46445161874999996 0.756895534375 0.4365806421875 0.7565267125 0.436064521875 0.772017190625 0.4641935390625 0.77257041875 0.4969677453125 0.7723860109375
0 0.46870966718749996 0.4852841265625 0.47954839062500004 0.48197456250000004 0.49141935156249994 0.47441373750000004 0.499935490625 0.4637179359375 0.5009677328125 0.44693658125 0.45167741250000004 0.446359446875 0.4527096734375 0.4858373578125 0.46019355156249997 0.4862061796875 0.46870966718749996 0.4852841265625
0 0.388053403125 0.374620971875 0.3768628390625 0.3828126890625 0.37058519687499997 0.3927597703125 0.3681969640625 0.40653538749999996 0.41889570625 0.406802703125 0.41944158125 0.3699399953125 0.406067484375 0.3695499125 0.388053403125 0.374620971875
0 0.39542279375 0.4342826640625 0.40361101250000003 0.42609095 0.40634041875 0.41965460625000006 0.4090698265625 0.412828178125 0.407705121875 0.40600175156249996 0.3467028875 0.407510175 0.3465664296875 0.4461801546875 0.366764021875 0.4455950296875 0.3817757578125 0.4411090921875 0.39542279375 0.4342826640625
3 0.380223409375 0.26306871875 0.3848867875 0.2701500859375 0.40295739687500004 0.2807721265625 0.4277316 0.2847293640625 0.4280230578125 0.2534991546875 0.5172020296875 0.2553736296875 0.5165437609375 0.17125256875 0.6879229640625 0.1710442921875 0.6873400484375 0.0846433046875 0.4006134640625 0.084435028125 0.24490029375 0.08462785 0.24440248125 0.253696325 0.3790575609375 0.252238396875 0.380223409375 0.26306871875
5 0.306709684375 0.10707325781249999 0.3381935453125 0.10762649531249999 0.373290315625 0.107810903125 0.373548378125 0.0939801203125 0.3689032296875 0.0943489375 0.3694193484375 0.0834687234375 0.3412903125 0.0834687234375 0.31006450937499996 0.0836531359375 0.3126451546875 0.09471776093749999 0.30696774531250004 0.0949021734375 0.306709684375 0.10707325781249999
0 0.3858709609375 0.2707149140625 0.394387090625 0.27716927812500003 0.40806450625 0.282886 0.42767742656249996 0.28491451875 0.42767742656249996 0.24674155781249998 0.3761935421875 0.24635944687500003 0.37864515781249997 0.25688413125 0.3801935421875 0.2642605484375 0.3858709609375 0.2707149140625
0 0.46999999062500003 0.2262818296875 0.462774196875 0.2342114765625 0.45812902656250004 0.24158789687499999 0.456064521875 0.2482266703125 0.4552258 0.25488479218750004 0.5053548421875 0.2554186796875 0.5053548421875 0.21798335937500002 0.48677418437500003 0.219643053125 0.46999999062500003 0.2262818296875
3 0.5075619609375 0.3200876953125 0.6876584875 0.3198173203125 0.6872801390625 0.2468323265625 0.6884152125 0.164128484375 0.50708901875 0.16357056718750002 0.506426915625 0.1884616203125 0.5071836125 0.2576470546875 0.5075619609375 0.3200876953125
5 0.6698758578125 0.24253525625 0.691820403125 0.24280562031250003 0.6914420296875 0.2144169609375 0.6906853328125 0.18683940937500002 0.6674165515625 0.1865420640625 0.6676057390625 0.18683940937500002 0.668740784375 0.2152280734375 0.6698758578125 0.24253525625
5 0.6241666968749999 0.0983509609375 0.6241666968749999 0.0819994328125 0.52517551875 0.0816439625 0.431656209375 0.0818116203125 0.4321536640625 0.097284559375 0.4958263703125 0.0983509609375 0.6241666968749999 0.0983509609375
1 0.5475437453125 0.7901113203125 0.5654901484375 0.79109766875 0.5668706875 0.7555902265625 0.4992264484375 0.7595354515625 0.492323878125 0.7555902265625 0.4978459125 0.7901113203125 0.5185533906249999 0.785179746875 0.5295973421875 0.771371375 0.5475437453125 0.7901113203125
0 0.5598031484375 0.30901035781249997 0.5570952453125 0.2941776515625 0.5363347703125 0.2774102609375 0.5077825125000001 0.2767393875 0.505645278125 0.2793449515625 0.505645278125 0.3115899546875 0.5598031484375 0.30901035781249997