3 0.80160808125 0.7632249484375 0.9300874953125 0.7638815171875 0.929839953125 0.674259640625 0.929344834375 0.557310284375 0.9206805203125 0.5576385687500001 0.8444345578125001 0.5566537171875 0.8444345578125001 0.5307191796875 0.8065302843750001 0.5305506984374999 0.8025982859375 0.5382431390625 0.8023507343749999 0.6055416296875 0.80160808125 0.7632249484375
0 0.8189367015625001 0.5592534 0.8365128890625 0.5369300015625 0.8360177875 0.531349146875 0.8092531125000001 0.5312734578125 0.8110150484374999 0.541197709375 0.812747915625 0.551046271875 0.8189367015625001 0.5592534
5 0.8954839859374999 0.764077803125 0.8956110671875 0.749415440625 0.8685416421875001 0.7495839734375 0.8280874453125 0.748978384375 0.8283823078125 0.7637407390625001 0.8572309468749999 0.764077803125 0.8954839859374999 0.764077803125
3 0.6312609859375 0.7629165625 0.8091521921875 0.7625629109375 0.809285528125 0.65390545 0.8094188734375001 0.595509709375 0.8083521515625 0.532162821875 0.7707623375 0.4844196546875 0.7174384 0.4838891765625 0.6309534109375 0.48412502343749997 0.6308609656249999 0.574290521875 0.6309943062500001 0.69939285 0.6312609859375 0.7629165625
0 0.700731421875 0.513228059375 0.70406493125 0.5026184625 0.7063317171875 0.4835211984375 0.66303275 0.48373571875000004 0.66312938125 0.4897101265625 0.695531134375 0.524544959375 0.700731421875 0.513228059375
5 0.7739261078124999 0.7634756921875 0.7737927625000001 0.7496832234374999 0.7289996249999999 0.7495063984375 0.6705964484375 0.7491527421875 0.670367228125 0.7634756921875 0.7084558890625 0.7636525234375 0.7739261078124999 0.7634756921875
0 0.760162034375 0.52979948125 0.80126665 0.532421953125 0.8043742171874999 0.5275516484375 0.7738866890625 0.48913966875000003 0.7673659390625 0.5007649671875 0.7629870953125 0.5140646453125 0.760162034375 0.52979948125
5 0.6407606312499999 0.4751135890625 0.6407606312499999 0.4561597203125 0.6408488609375 0.4338128765625 0.6307713781250001 0.43379390156250003 0.6307028453125 0.449607765625 0.630879296875 0.4752305828125 0.6407606312499999 0.4751135890625
3 0.7711747250000001 0.424101825 0.7707656218750001 0.3618491640625 0.7934024484375 0.311893571875 0.7931297265625 0.2677394890625 0.7931297265625 0.1470317859375 0.7593146125 0.1470317859375 0.6310225828125 0.14614205156249999 0.6308676453125 0.2500172390625 0.6312767390625 0.424101825 0.7711747250000001 0.424101825
5 0.7496416906250001 0.16039924375 0.7497780515625 0.145751259375 0.7047782578125 0.14611293593750002 0.6647888421875 0.1455448421875 0.6642762890625 0.1605800828125 0.6994588328125 0.1605800828125 0.7496416906250001 0.16039924375
0 0.7549227468749999 0.330216625 0.764280821875 0.3482524828125 0.7728902453125001 0.35718768125 0.79010239375 0.31732345624999997 0.786615421875 0.314993690625 0.7726406984375 0.3217778234375 0.7549227468749999 0.330216625
3 0.7929755953125001 0.313181434375 0.834316134375 0.31357325937499997 0.8341683968750001 0.29633288750000003 0.9293087468750001 0.2955492296875 0.9294564937500001 0.2259523578125 0.9296042234374999 0.146559815625 0.7868050421875 0.146678109375 0.7864753234374999 0.22084274062499998 0.78617985625 0.30985090937500004 0.7929755953125001 0.313181434375
5 0.9016901781250001 0.16063383281250002 0.9016901781250001 0.146136246875 0.856057784375 0.1453525875 0.8120417625 0.14559979218750002 0.811720478125 0.16082975156249998 0.8508698562499999 0.16063383281250002 0.9016901781250001 0.16063383281250002
0 0.7944356640625 0.285165821875 0.79148099375 0.29574514218750003 0.790299125 0.30456124375 0.7909044 0.31381729062499997 0.8313690359375 0.31474874375 0.831664503125 0.3100468234375 0.8004927390625 0.27439058437499997 0.7944356640625 0.285165821875
0 0.8495402546875 0.324772071875 0.8394943781249999 0.321049715625 0.8281151484375 0.319424540625 0.8279711624999999 0.3735545046875 0.83181223125 0.37414224375 0.858699721875 0.333196346875 0.8495402546875 0.324772071875
5 0.929607103125 0.39043516562499997 0.9294186734375 0.3630427421875 0.9292302453125 0.3205628359375 0.9192870328125 0.320339025 0.9192434687500001 0.347799953125 0.919431896875 0.39056010625000004 0.929607103125 0.39043516562499997
0 0.280884365625 0.7199772156249999 0.2777028578125 0.7300728859375 0.2758848515625 0.7410726484375 0.275086928125 0.7502593265625 0.3163354703125 0.7499628656249999 0.3163354703125 0.7446890078124999 0.28531575937500003 0.7101829093750001 0.280884365625 0.7199772156249999
0 0.3472119828125 0.6647789000000001 0.3415307171875 0.6604091328125 0.33539494531249997 0.6576968609375 0.32925918125 0.6558886828125 0.3212033421875 0.6550488578125 0.3215622421875 0.7099833921875 0.32656175625 0.7101340781250001 0.351984240625 0.6691486656250001 0.3472119828125 0.6647789000000001
3 0.10782768437500001 0.7632594203124999 0.1076901015625 0.800297303125 0.2278094640625 0.8006622078125 0.2279470515625 0.762879734375 0.26605755000000003 0.762879734375 0.265782384375 0.7512027671875 0.264268971875 0.7512027671875 0.2645441375 0.654428978125 0.264268971875 0.5720837265625 0.2432597171875 0.572266178125 0.24312212031249997 0.5479704187500001 0.24312212031249997 0.384557084375 0.184529290625 0.3849219890625 0.15590756249999999 0.3548173078125 0.1465519265625 0.376894075 0.1435250984375 0.3653995578125 0.13843452812499998 0.35372259375000004 0.1105051703125 0.3847395375 0.070383359375 0.384644590625 0.07053225468749999 0.6160991499999999 0.07039466718750001 0.7636243296874999 0.10782768437500001 0.7632594203124999
5 0.228758753125 0.755413959375 0.2174961203125 0.754866603125 0.21722094531249997 0.7862484515625 0.20910354843749998 0.7864309046875 0.11882389374999999 0.78661335625 0.11868631562500001 0.7552315078125 0.1070815125 0.755405721875 0.1076613265625 0.8008446593749999 0.22889634062500003 0.80047975625 0.228758753125 0.755413959375
0 0.2215766984375 0.5086788203125 0.23371962656249998 0.513893146875 0.2433183203125 0.5145066 0.2433475546875 0.459219853125 0.239039384375 0.45929607499999997 0.211746703125 0.500550603125 0.2215766984375 0.5086788203125
3 0.0802727953125 0.3944432765625 0.23287108281250002 0.39392638281250003 0.2332608734375 0.2449556609375 0.23287108281250002 0.14694106875 0.199545021875 0.1466826171875 0.0699036 0.145985165625 0.0701385515625 0.19219039843750002 0.0701385515625 0.394701725 0.0802727953125 0.3944432765625
4 0.1972063578125 0.160659746875 0.1972063578125 0.1459282140625 0.1044154125 0.145985165625 0.10443906249999999 0.1604013 0.1299695640625 0.160659746875 0.1972063578125 0.160659746875
1 0.147704478125 0.37658943125 0.13912934999999998 0.3528122171875 0.10619306718749999 0.38692735312500004 0.1067733640625 0.3940710390625 0.1868772265625 0.3936469984375 0.1868772265625 0.3877026953125 0.1551102734375 0.3535875640625 0.147704478125 0.37658943125
0 0.2096119546875 0.33056293281250004 0.202035515625 0.3384572515625 0.228417746875 0.37882592656249997 0.23261184375 0.3784670953125 0.2327537703125 0.3227451328125 0.2251707046875 0.3224891984375 0.21637662500000002 0.3260775234375 0.2096119546875 0.33056293281250004
5 0.3335078734375 0.160385128125 0.33360681406250003 0.14634628125 0.311743428125 0.1464774859375 0.2579194125 0.14632653906249998 0.25852311875 0.1607787390625 0.2910635390625 0.160385128125 0.3335078734375 0.160385128125
0 0.2928545484375 0.400680090625 0.2881055328125 0.39301503125 0.25812736875 0.4278159671875 0.2580362875 0.4333107015625 0.2986918796875 0.43308752031250003 0.2980982546875 0.4195734921875 0.29651524687499997 0.411176425 0.2928545484375 0.400680090625
0 0.40664437343750004 0.404749265625 0.37571108125 0.4407550171875 0.376652284375 0.44646629375 0.41758584218749994 0.44630814531249996 0.41650519687500004 0.42696176875 0.4120475609375 0.41298938906249993 0.40664437343750004 0.404749265625
0 0.41326328125 0.12166589218749999 0.4098862890625 0.11521710156250001 0.379898559375 0.1508645890625 0.3799209265625 0.159749796875 0.4212329921875 0.159821240625 0.42001728125 0.1435201296875 0.41664028125 0.129368615625 0.41326328125 0.12166589218749999
5 0.4758288046875 0.1605103671875 0.4756937296875 0.14617972031249998 0.4617805046875 0.14617972031249998 0.43459638749999996 0.146340771875 0.434899615625 0.16086863125 0.45394586875 0.1605103671875 0.4758288046875 0.1605103671875