3 0.9408452765625 0.79472755625 0.941325484375 0.688151403125 0.94100535 0.5723038671875 0.8398462546875001 0.5727783359374999 0.747037115625 0.57195256875 0.7465063796875 0.7071302015625001 0.7463463109374999 0.7942530875 0.9408452765625 0.79472755625
0 0.79636250625 0.6001795750000001 0.802444428125 0.61081604375 0.8278668734375 0.5774644140625 0.8279885078125 0.5727771578125 0.7924547140625 0.5723633484375 0.7924700703124999 0.5803488796875 0.7944162890625 0.59152618125 0.79636250625 0.6001795750000001
5 0.8655483515625001 0.7943474578124999 0.8656444796875 0.781097078125 0.8493980531249999 0.780812125 0.821055125 0.780457003125 0.8208466578125 0.794489934375 0.84141904375 0.7946324109375 0.8655483515625001 0.7943474578124999
3 0.8324940171874999 0.458594446875 0.832740234375 0.5807335328125001 0.9072262359375 0.5805510734375 0.9413275515624999 0.58018615625 0.941081334375 0.579456315625 0.941081334375 0.45713477812500003 0.94145065625 0.374253975 0.9174261093749999 0.3740715171875 0.8316921515625 0.37361147968749997 0.8316322484375 0.38556644218749997 0.8328633406250001 0.38556644218749997 0.8324940171874999 0.458594446875
5 0.913289875 0.38669677187499996 0.913289875 0.373812203125 0.9024123703125 0.373899853125 0.8693699734375 0.373799409375 0.8694347265625 0.3865214703125 0.882596434375 0.386872071875 0.913289875 0.38669677187499996
0 0.8537997765625001 0.523190503125 0.8496490874999999 0.519885115625 0.8459940015624999 0.5176815234375 0.84140965625 0.5158339421875 0.8380643203125 0.5150994109375 0.832877646875 0.51548164375 0.8331702218749999 0.5653718140625 0.836763359375 0.5655554453125 0.8578265703125 0.5275976874999999 0.8537997765625001 0.523190503125
3 0.7613367640625001 0.3842293328125 0.832065275 0.3842293328125 0.832065275 0.3862602421875 0.8398654359375 0.38579156875 0.8401816609375 0.2024148765625 0.840287065625 0.14676134999999998 0.8188893171875 0.14676134999999998 0.746885090625 0.1468859109375 0.7467905109374999 0.3198272953125 0.746685103125 0.384541784375 0.7613367640625001 0.3842293328125
5 0.81548520625 0.15998703281249999 0.8155352390624999 0.1466399796875 0.798326296875 0.1467141296875 0.7721193093750001 0.1466094 0.7718607937499999 0.1597645796875 0.7881182921875001 0.1597645796875 0.81548520625 0.15998703281249999
0 0.79896651875 0.3578888453125 0.7967151265625 0.3656004734375 0.7954143234375 0.37148055 0.7951141390625 0.3763003171875 0.795287128125 0.3841392796875 0.8290851375000001 0.38415724375 0.8290351046875 0.3791150234375 0.8036694265625 0.3474336546875 0.79896651875 0.3578888453125
0 0.770629809375 0.4306006453125 0.7926505234375 0.47051598749999995 0.7961358171875 0.47028118281250003 0.7961625156250001 0.41642091875 0.7859967828125 0.41792166249999996 0.7783925093749999 0.421678396875 0.770629809375 0.4306006453125
0 0.7912330296875 0.5260069734374999 0.776095628125 0.5217261390625 0.7764480890625001 0.5742613125 0.7802229671875 0.5747275453125 0.801613946875 0.5350983671875 0.7912330296875 0.5260069734374999
0 0.7033909921875 0.529732996875 0.6970995249999999 0.5364932703124999 0.7206925156249999 0.575656215625 0.72446739375 0.5749568796875 0.724022665625 0.523009203125 0.7189623640625 0.5229727265624999 0.7114126078125 0.5248376265625 0.7033909921875 0.529732996875
3 0.753490475 0.7941104390625 0.7530380359375 0.6921077234374999 0.7539428828125 0.57133005625 0.6490271375 0.570994778125 0.558359565625 0.5713595765624999 0.55825999375 0.6743385703125 0.5589386296875001 0.7951162375 0.753490475 0.7941104390625
0 0.6982855781249999 0.6021474734375001 0.70190496875 0.58706045 0.7032622546875 0.571302884375 0.6655392765625 0.5717286421875001 0.666163396875 0.5790140390625 0.693761340625 0.6125407578125001 0.6982855781249999 0.6021474734375001
5 0.6789207375 0.7945243796875 0.6791622984375 0.78056223125 0.6637028640625 0.78056223125 0.6339388031250001 0.780331165625 0.6338710125 0.79470338125 0.6545238343750001 0.79470338125 0.6789207375 0.7945243796875
3 0.6674650359375 0.5813170234375 0.667813715625 0.4923766359375 0.6672325859375 0.434111934375 0.6673488062499999 0.3863688609375 0.668627290625 0.3858520921875 0.66851106875 0.3743108765625 0.64164805625 0.3732773359375 0.5590115531250001 0.3734495953125 0.559131325 0.4829164625 0.559131325 0.5806279921875 0.6674650359375 0.5813170234375
5 0.6383242859375 0.3867415515625 0.6384533578125 0.373542109375 0.6210314140625 0.3737334046875 0.5946346640625 0.3736889671875 0.5946333921875 0.3864546078125 0.6133488421875 0.3867415515625 0.6383242859375 0.3867415515625
0 0.6406227906249999 0.524247825 0.6640493109375 0.5621659296875 0.667131746875 0.5621659296875 0.6673514421875 0.5104636484375 0.660247640625 0.5102151515625 0.6501783484375 0.5147836 0.6406227906249999 0.524247825
3 0.7529119671875 0.384938915625 0.7534391328125001 0.2235035734375 0.7534391328125001 0.146692446875 0.735383646875 0.1464971203125 0.6597199953125 0.1466693859375 0.659866875 0.2954315125 0.6599986703125 0.3861108828125 0.7529119671875 0.384938915625
5 0.72997663125 0.16000335937500001 0.72997663125 0.1464612609375 0.7160650859375 0.1464612609375 0.6856724390625 0.1460006921875 0.685525534375 0.1597593578125 0.707092546875 0.1597593578125 0.72997663125 0.16000335937500001
0 0.698690021875 0.352448559375 0.695479665625 0.3457385109375 0.6700437578125 0.3785567515625 0.6698278578125 0.38397997500000003 0.7042875671875 0.3846520390625 0.7042875671875 0.3746479671875 0.702558915625 0.36342388593749997 0.698690021875 0.352448559375
3 0.31057585625 0.7942297390624999 0.44193267656249996 0.794504 0.44193267656249996 0.6836132015625 0.442302790625 0.571647578125 0.380850859375 0.5721961015625 0.2896560453125 0.571856384375 0.2898501421875 0.7261460578125 0.31057585625 0.7261460578125 0.31057585625 0.7942297390624999
0 0.331032953125 0.5988521625 0.3341155265625 0.5851462390625 0.3349375421875 0.57204946875 0.299734171875 0.572177059375 0.299774853125 0.5776841265625 0.32661460625 0.61042605625 0.331032953125 0.5988521625
0 0.330086778125 0.73131385625 0.3236133859375 0.72796351875 0.3159069625 0.7249177578125 0.3105615390625 0.725232590625 0.31128310625 0.777304846875 0.3147766875 0.777304846875 0.33656017656250004 0.7372530890625 0.330086778125 0.73131385625
5 0.3880396015625 0.794665678125 0.3880396015625 0.7805028921875 0.3799216453125 0.7805028921875 0.3434445765625 0.780350603125 0.3435478578125 0.7948179703125 0.3638928125 0.7945133953125 0.3880396015625 0.794665678125
0 0.28297440156250003 0.7519721390624999 0.25712524062500003 0.7857325796875 0.2573114953125 0.7935488687500001 0.29248214375 0.7936589406250001 0.2906004 0.773109109375 0.287035003125 0.7601920718749999 0.28297440156250003 0.7519721390624999
0 0.21701805312500003 0.76427329375 0.21409992031249997 0.7760685609375 0.2131051015625 0.7822610796875 0.2129394328125 0.793682128125 0.24751966093750002 0.7935604890625 0.24745334218749998 0.786876503125 0.2219258203125 0.7528711968749999 0.21701805312500003 0.76427329375
3 0.2081077578125 0.794264646875 0.20940490937499998 0.6436865843749999 0.2088152921875 0.571987465625 0.1312224703125 0.5718126875 0.0591585140625 0.5720028546875 0.0589513203125 0.703340575 0.0589513203125 0.793915103125 0.2081077578125 0.794264646875
0 0.1734191859375 0.5994903453125 0.17964212968749999 0.610718290625 0.20489464375000002 0.577168125 0.20471426875 0.5726234812500001 0.17013410625 0.5721021515625 0.1695411234375 0.577034459375 0.1707135609375 0.5891980640625001 0.1734191859375 0.5994903453125
0 0.1698116828125 0.7319388015625 0.1635887453125 0.73888943125 0.18568469375000002 0.7768505765625 0.189472571875 0.7768505765625 0.1892792203125 0.72498153125 0.1837907578125 0.72498816875 0.1772972546875 0.7273941578125 0.1698116828125 0.7319388015625
5 0.1544083859375 0.7945345515625 0.15448406875 0.7807370671875 0.1383627671875 0.78040054375 0.11039577656249999 0.780798540625 0.109753134375 0.7944223765625 0.1295830921875 0.7945345515625 0.1544083859375 0.7945345515625
3 0.1680116609375 0.5809306734375 0.1674157640625 0.385808928125 0.16905448437499998 0.3853673421875 0.1687565453125 0.3749900453125 0.1417921328125 0.3736652796875 0.059169765625 0.3733580078125 0.05896226718749999 0.43024210625 0.0591112421875 0.5813722593749999 0.1680116609375 0.5809306734375
0 0.10520380625 0.40104292812500003 0.1078879125 0.3889760640625 0.10815632500000001 0.37425714062500004 0.07353132812499999 0.3739919328125 0.07353132812499999 0.380622078125 0.099119828125 0.4148336296875 0.10520380625 0.40104292812500003
5 0.1354462265625 0.38682309843749996 0.135264896875 0.3735649953125 0.12692377500000002 0.37383374062499997 0.1099005484375 0.37365520937499996 0.11018108906249999 0.38682309843749996 0.1208794859375 0.38700226249999997 0.1354462265625 0.38682309843749996
0 0.1485397328125 0.5210064828125 0.1409697984375 0.5286195890625 0.1643016609375 0.567112934375 0.16754592031249999 0.566845809375 0.16762448125 0.5150568859375 0.16169699843750002 0.5148625703125 0.1546677765625 0.5172667093750001 0.1485397328125 0.5210064828125
0 0.2241845234375 0.4688970546875 0.22956801875 0.46327561875 0.20693286562500002 0.42338151718750006 0.2030884328125 0.42321386250000004 0.203262303125 0.4761505296875 0.21182695312500002 0.475425184375 0.219412790625 0.4719797828125 0.2241845234375 0.4688970546875
0 0.277819115625 0.4732249859375 0.2866284703125 0.47812107656249997 0.29678369843749997 0.4799344453125 0.2967529140625 0.42740582812500005 0.293847246875 0.4273467703125 0.27011093124999996 0.4672408703125 0.277819115625 0.4732249859375
3 0.33243544375 0.3844392375 0.332528425 0.38650625625 0.340059609375 0.3858172484375 0.3402455640625 0.365951565625 0.3381070765625 0.36608936718749996 0.3387579203125 0.36484915625 0.3596778828125 0.330788846875 0.3546570890625 0.324289865625 0.34824163124999996 0.32070703906250003 0.3406174734375 0.317537615625 0.34043151875 0.14683536875 0.3171922828125 0.14683536875 0.2467792046875 0.1470093109375 0.24654234062499997 0.274947034375 0.24654234062499997 0.3843014359375 0.33243544375 0.3844392375
5 0.31394275 0.159487440625 0.3140031515625 0.1466870890625 0.29600499999999996 0.1466870890625 0.2701121921875 0.1466350265625 0.2700949140625 0.159487440625 0.28821385624999996 0.159308415625 0.31394275 0.159487440625
0 0.35024818281250003 0.3211294046875 0.3423818515625 0.3175168796875 0.3371745609375 0.31653165 0.3318426015625 0.31580895 0.3318564796875 0.369099246875 0.3371745609375 0.36877083125 0.359665615625 0.33001830781249997 0.35024818281250003 0.3211294046875
3 0.391796521875 0.58073625 0.4413746578125 0.5804242375 0.4413746578125 0.45007005937500005 0.44126940000000003 0.37357615312500003 0.3315982859375 0.3740579140625 0.332838240625 0.46568338125000003 0.33294349843750004 0.5808922578125 0.391796521875 0.58073625
5 0.383839765625 0.3865083984375 0.3837813203125 0.373947765625 0.376066190625 0.373947765625 0.36027116718749996 0.3738142671875 0.3603436921875 0.3864217734375 0.3716825953125 0.3863351484375 0.383839765625 0.3865083984375
0 0.391674365625 0.4037251890625 0.39664243906249996 0.41438007031249996 0.4216581578125 0.3813618875 0.42171660468749994 0.373912134375 0.38752885937500003 0.3740049828125 0.387407665625 0.3819822984375 0.388518175 0.39229068125 0.391674365625 0.4037251890625
0 0.3513409796875 0.515305065625 0.34131516875 0.5106127015624999 0.33272392812499996 0.5107559187499999 0.33300429062500003 0.563206271875 0.3377533640625 0.56281524375 0.3603114453125 0.5241032453125001 0.3513409796875 0.515305065625
3 0.14703954218749998 0.3191098328125 0.140216796875 0.3274521578125 0.1603438921875 0.3600630796875 0.1601733171875 0.3863950125 0.17601556093749998 0.38462542499999997 0.2531125640625 0.38487822656250004 0.2534537 0.23990219218750003 0.2536242625 0.1460527640625 0.226845003125 0.1457999671875 0.1610055265625 0.147316753125 0.1608556015625 0.313042684375 0.1555679734375 0.3145594703125 0.14703954218749998 0.3191098328125
5 0.2291895609375 0.1596308546875 0.2291895609375 0.14602895 0.210413528125 0.14602895 0.1852384921875 0.146278525 0.1852384921875 0.1600052171875 0.208392790625 0.1597556421875 0.2291895609375 0.1596308546875
0 0.15122595625 0.3170017984375 0.1456689234375 0.3211198046875 0.141206459375 0.327484 0.163852340625 0.36479925468749996 0.168567396875 0.364549678125 0.16855800468749998 0.31280415 0.16309779062500002 0.3128837921875 0.1584669359375 0.3137573078125 0.15122595625 0.3170017984375
0 0.715127659375 0.42190913593749996 0.702420009375 0.4203595671875 0.7025703609375 0.473239553125 0.7078363203125 0.473239553125 0.73011539375 0.43361606874999997 0.715127659375 0.42190913593749996