5 0.41432283906249995 0.9302470656249999 0.41432283906249995 0.9178516734375 0.4030118234375 0.917669390625 0.378468434375 0.917448853125 0.3789303140625 0.9302470656249999 0.3951670828125 0.930611640625 0.41432283906249995 0.9302470656249999
0 0.35825092187499996 0.8975157640625 0.349794121875 0.8941912406249999 0.34106004375 0.8936371546874999 0.34082257031249996 0.9292696421875 0.370034990625 0.9293757609375 0.370034990625 0.915385065625 0.3655986390625 0.905411503125 0.35825092187499996 0.8975157640625
0 0.364073640625 0.852601046875 0.356725925 0.8491380046874999 0.3464668515625 0.8480298312500001 0.347074503125 0.8841337421875 0.376966803125 0.883906965625 0.37627361875 0.8690851359374999 0.37142135625 0.859111571875 0.364073640625 0.852601046875
3 0.32385124374999996 0.918964421875 0.339648021875 0.918964421875 0.33979162343749997 0.8738857546875 0.3363450546875 0.873742265625 0.3363450546875 0.8187280093749999 0.3366322671875 0.747654659375 0.2562114453125 0.747654659375 0.17439748906250002 0.7476146 0.174663425 0.8236182484375 0.1740889984375 0.9201123296875 0.32385124374999996 0.918964421875
0 0.3056336859375 0.7772717796874999 0.31046057031249996 0.7832479859375 0.32147845625000004 0.7901678015625 0.3357492453125 0.7910065687500001 0.3356395953125 0.761062390625 0.302380784375 0.7611877734375 0.3026955796875 0.7693035078125 0.3056336859375 0.7772717796874999
5 0.2982508625 0.9204882390625 0.2983306109375 0.9083777749999999 0.2701092703125 0.9082981015625 0.230851628125 0.9083828546875001 0.2308679796875 0.9204882390625 0.240758396875 0.9205679140624999 0.2982508625 0.9204882390625
3 0.17430134218749999 0.7546604140625 0.2221654203125 0.7546604140625 0.42100325937500005 0.7543036296875 0.42100325937500005 0.7387834671875 0.4211818046875 0.7387834671875 0.43100150312499996 0.7377131140625 0.4415353578125 0.730755796875 0.44778425625 0.7213009921875 0.4486769578125 0.7088135046875 0.42064618125 0.708991896875 0.4211818046875 0.649707721875 0.45992497187500003 0.65006450625 0.4606391296875 0.5795415937499999 0.46046059531249994 0.4931417359375 0.3658129609375 0.49332012968749994 0.3658129609375 0.46691801718750003 0.357421578125 0.46691801718750003 0.3497443546875 0.4703074796875 0.3433169109375 0.47690800624999996 0.3379607171875 0.48671960312499996 0.33635386875 0.48190300312499995 0.3311762078125 0.47423211875 0.32403460625 0.4690587296875 0.3102870296875 0.4667396265625 0.3104655765625 0.49349852656250004 0.21387460156250002 0.49371494687500006 0.2135801203125 0.638290590625 0.17430134218749999 0.638290590625 0.17430134218749999 0.7546604140625
5 0.3087559421875 0.5047370359375 0.3086636921875 0.49312355312499995 0.29934678593749997 0.4930313828125 0.2862355828125 0.49301759843750004 0.286155528125 0.5047370359375 0.297409609375 0.5049213781249999 0.3087559421875 0.5047370359375
1 0.34671683125 0.473466965625 0.3411182875 0.4800063484375 0.33812187968749996 0.4878063328125 0.33567744374999997 0.48087301406250005 0.3300788953125 0.47362454375 0.3236129703125 0.46913364062499996 0.317304746875 0.46740031093749995 0.31012914375 0.46700637343749996 0.31033023437499996 0.503827321875 0.36548379375 0.5042921171875 0.3659569078125 0.46716394843750003 0.353261615625 0.46873970312499996 0.34671683125 0.473466965625
5 0.38942519999999997 0.50443444375 0.38934634375 0.4930890109375 0.38209189062500004 0.49324658593750004 0.3673120609375 0.4934196828125 0.367188715625 0.504828384375 0.37751843125 0.504749596875 0.38942519999999997 0.50443444375
5 0.46092049218750003 0.5973610578125 0.4608158109375 0.5798847968749999 0.4607111234375 0.551538865625 0.44826000468749994 0.5515446875000001 0.4484631078125 0.574454196875 0.4487771609375 0.5973610578125 0.46092049218750003 0.5973610578125
0 0.3531943546875 0.7209901234375 0.34515201093750003 0.7189811953125 0.33883303124999997 0.719124690625 0.338841765625 0.7542808796875 0.369135415625 0.754424390625 0.3676992890625 0.7389269640625 0.36138030625 0.7265864171875 0.3531943546875 0.7209901234375
3 0.4091491359375 0.6493999390625 0.412971240625 0.6496009390624999 0.4131724109375 0.8847137453125 0.5676713421875 0.8853167375 0.5676713421875 0.7312548375000001 0.567269015625 0.6373237953124999 0.44898808125 0.6375247921875 0.44858575468749995 0.64174574375 0.420196484375 0.6416823953125 0.4204143046875 0.6381440703125 0.40894798125 0.6383450703125 0.4091491359375 0.6493999390625
5 0.5166993875 0.6500741453125001 0.516583225 0.63811881875 0.492188165625 0.6378866765625 0.45973810937500004 0.6378552125 0.459429078125 0.649958075 0.483707975 0.6498420046875 0.5166993875 0.6500741453125001
0 0.43120050781249997 0.73705844375 0.43944836406250004 0.7318352421875 0.44490820781249996 0.7254513296875 0.4481608796875 0.7172102781249999 0.44862555468750004 0.708969228125 0.41310122656250003 0.7086410578125 0.41272995625000003 0.7389155796875 0.42016464375 0.7389155796875 0.43120050781249997 0.73705844375
5 0.52115085625 0.8848137671874999 0.5212670187499999 0.8722780875 0.5127868359375001 0.8723941578125001 0.475326328125 0.8723173531249999 0.475729571875 0.8851619828124999 0.49524561875 0.8852780546875 0.52115085625 0.8848137671874999
3 0.609910584375 0.454535453125 0.7774322546875 0.454535453125 0.77791228125 0.4812346609375 0.7876727359375 0.48091491093750005 0.795833121875 0.47627852031250006 0.8041535078125 0.46652611093749996 0.807833675 0.454855203125 0.8210825765624999 0.45494003281250006 0.8213194343750001 0.237793371875 0.738451803125 0.237793371875 0.6148357343749999 0.23814054375000002 0.6137507656250001 0.316152471875 0.609910584375 0.316472221875 0.609910584375 0.454535453125
0 0.64028593125 0.28008285 0.644609746875 0.2751145671875 0.6470959421875 0.269390240625 0.6477445125 0.26384555781249996 0.647528321875 0.258877275 0.6143392515625 0.259323290625 0.61434305625 0.289263375 0.6256930656249999 0.28850733125 0.634773075 0.284943128125 0.64028593125 0.28008285
0 0.7978037984374999 0.47455549062499996 0.8045911765625 0.46588111718749997 0.8069588765625 0.45484100625 0.8068010265625001 0.4434854640625 0.7764256359374999 0.443261428125 0.7774416546875 0.4813372734375 0.7884908796875 0.4807064125 0.7978037984374999 0.47455549062499996
3 0.4470564796875 0.2741474078125 0.45515096093749996 0.28605444687500003 0.47426291562499995 0.291670971875 0.4747126078125 0.2617910484375 0.5673494015625 0.26268969062499997 0.5673494015625 0.10284646093750001 0.4127850515625 0.10266423124999999 0.41287980625 0.2617910484375 0.44390863593749996 0.2629143515625 0.4470564796875 0.2741474078125
5 0.5298517578124999 0.1148818234375 0.53013264375 0.1023931078125 0.5118756359375001 0.10225278593750001 0.4837879359375 0.1021124640625 0.4840688109375 0.1148818234375 0.5021853765625 0.1148818234375 0.5298517578124999 0.1148818234375
0 0.5277451828124999 0.23228250312499998 0.5183358078125 0.22905508281250003 0.5118756359375001 0.22891476093750002 0.5116162265625 0.262152515625 0.541227284375 0.2624518703125 0.5401037718749999 0.246735734375 0.5363119390625 0.2392986359375 0.5277451828124999 0.23228250312499998
5 0.5534149875 0.326926884375 0.553312359375 0.3151356578125 0.5442820609375 0.31493059375 0.5303818375 0.3150306203125 0.5304287640625 0.3267218203125 0.540793084375 0.3268243515625 0.5534149875 0.326926884375
0 0.448113771875 0.2761990359375 0.4519733421875 0.2819836140625 0.4586398671875 0.2875928984375 0.4670607484375 0.2907481234375 0.47363956093750004 0.29109870312499997 0.47320096562499997 0.2558653703125 0.44430343906249997 0.2557822078125 0.44504366093750003 0.26603220312500003 0.44609626875 0.271729134375 0.448113771875 0.2761990359375
5 0.47727218281250006 0.32629674531249997 0.477120659375 0.315471384375 0.46371037187499997 0.3153956828125 0.44334209375 0.31526041718750003 0.44302670937500005 0.326675253125 0.4568158203125 0.326372446875 0.47727218281250006 0.32629674531249997
0 0.4434417953125 0.2352344578125 0.43752630468750003 0.2281403234375 0.4308220828125 0.224199915625 0.42293476874999997 0.2221312046875 0.4132799546875 0.22199223125 0.41327279843750003 0.250700553125 0.44659672031250003 0.250897571875 0.44639953749999994 0.2423271890625 0.4434417953125 0.2352344578125
3 0.4208297703125 0.1668508828125 0.4203361015625 0.103031178125 0.3953145671875 0.103031178125 0.295951321875 0.1030106828125 0.29654080625 0.22164365312499998 0.42050065468750003 0.22065711562499998 0.4208297703125 0.1668508828125
5 0.3933133109375 0.11424429843749999 0.39339454375 0.10288137343749999 0.38641238125 0.102800209375 0.35917980156249996 0.10275892187499999 0.3591963984375 0.1143254609375 0.37560500937499997 0.1143254609375 0.3933133109375 0.11424429843749999
0 0.3519095421875 0.1936834859375 0.3442800921875 0.18947368125 0.33744774375 0.18776700468750002 0.33232348906250003 0.18776700468750002 0.332172259375 0.22045306406249998 0.3617025734375 0.22076276875 0.361019340625 0.20813335624999998 0.3580586578125 0.20142042343750002 0.3519095421875 0.1936834859375
3 0.3285288234375 0.25447335312499997 0.329061259375 0.2142751359375 0.30402357343749997 0.21414213593750003 0.30415667812499997 0.147588440625 0.30402357343749997 0.10313423125000001 0.2715577546875 0.10313423125000001 0.1742401484375 0.102649859375 0.17450284375 0.2547393546875 0.26689914843749996 0.25527135156249997 0.3285288234375 0.25447335312499997
5 0.263503984375 0.114419478125 0.2634140640625 0.1026491546875 0.24515950000000003 0.10255930625000001 0.2069250265625 0.102777325 0.2074813484375 0.114419478125 0.2259157671875 0.114509328125 0.263503984375 0.114419478125
0 0.3023801078125 0.2286284 0.29757201875 0.23466589375 0.2951272265625 0.2418313671875 0.29496424062500004 0.24891541562500002 0.3281319171875 0.24915969218749998 0.3278919921875 0.22024288125 0.316233928125 0.22073009375 0.30857358125 0.22357999843749998 0.3023801078125 0.2286284
3 0.331878284375 0.34800755625 0.327899715625 0.3478603234375 0.32804706562499997 0.33313701562500003 0.32878383125 0.248565565625 0.2670535671875 0.24797663124999997 0.1747346515625 0.2481581671875 0.17434756406250002 0.3848516203125 0.332025634375 0.38470438749999997 0.331878284375 0.34800755625
0 0.29792661875 0.271497228125 0.3035969015625 0.27753232968749997 0.3137048015625 0.28369059375 0.328373578125 0.2852917421875 0.3281218609375 0.2551816234375 0.29459840625 0.25486990625 0.294844940625 0.26472313281250004 0.29792661875 0.271497228125
5 0.27883101093749996 0.385104271875 0.27872143125000004 0.373388465625 0.256256721875 0.373388465625 0.22167028125 0.3733014265625 0.2220665328125 0.385104271875 0.241901228125 0.3854327546875 0.27883101093749996 0.385104271875
0 0.34408953593749997 0.3137131484375 0.3540159203125 0.3193190796875 0.36480545468750003 0.32075649375 0.3649493203125 0.2855397359375 0.334520215625 0.285313040625 0.33545790000000003 0.2970390859375 0.338478978125 0.306382309375 0.34408953593749997 0.3137131484375
5 0.38422604374999997 0.35879505156249997 0.38422604374999997 0.3474536921875 0.3745480578125 0.3474536921875 0.3607555234375 0.3476163609375 0.361285634375 0.35879505156249997 0.37191946875 0.3589144328125 0.38422604374999997 0.35879505156249997