3 0.8191029171875 0.949016753125 0.8865897625000001 0.9487236265625001 0.90792956875 0.91911789375 0.9606389140625 0.91941101875 0.9606389140625 0.7276115703125 0.8654813484374999 0.7281978203125 0.752058071875 0.727675109375 0.7512719671875 0.91941101875 0.7966961171875 0.91853164375 0.8191029171875 0.949016753125
0 0.774165540625 0.771375546875 0.77926071875 0.771375546875 0.7860147859375 0.7690968734375 0.792413371875 0.7647022828125001 0.7988119671875 0.7572152078125 0.8027222171874999 0.7498908953125001 0.8058030171875 0.73768370625 0.81125366875 0.73752094375 0.81125366875 0.728894534375 0.7698732500000001 0.7283509890625 0.76989981875 0.7370326578124999 0.7745210203124999 0.7368698953124999 0.774165540625 0.771375546875
5 0.909606115625 0.9160405218750001 0.9007191765625 0.9044843828125 0.8810494406249999 0.9311774328125001 0.8240545921875 0.931665725 0.8050623609375 0.9041173734375001 0.795849653125 0.9165288078125 0.8190741671874999 0.9487557843750001 0.886500090625 0.9485930234375 0.909606115625 0.9160405218750001
3 0.6965708296875001 0.9190083703124999 0.6964560671875 0.9215305484374999 0.748901471875 0.9213729125000001 0.748901471875 0.91916600625 0.7585413296875 0.9193236468749999 0.7585413296875 0.7685343375 0.7586560859375 0.7044958515624999 0.6868032953125 0.704715609375 0.6867014499999999 0.8568615203125001 0.6871604921875 0.91916600625 0.6965708296875001 0.9190083703124999
0 0.70793208125 0.7172515859375 0.7111453734375 0.726079196875 0.716768615625 0.7363255296875 0.7282446390625 0.745468409375 0.7389173390625 0.747202409375 0.7386878125 0.713310690625 0.742704425 0.7134683265625 0.74281918125 0.705113621875 0.702202740625 0.7050626640625001 0.7021940734375 0.7131530546875 0.7074730421875 0.7134683265625 0.70793208125 0.7172515859375
5 0.74959003125 0.9216881828125001 0.749475275 0.9034024171875 0.7260641984375 0.90324478125 0.6958914921875 0.9034042421875 0.69565274375 0.9216881828125001 0.7192933406249999 0.9216881828125001 0.74959003125 0.9216881828125001
3 0.570397075 0.9216911328125 0.6517227109375 0.921500415625 0.6515838625 0.919021078125 0.6933760578125 0.9192117953125001 0.693098359375 0.7291018203124999 0.6933760578125 0.6377013890625001 0.6002503265625 0.6377013890625001 0.52367686875 0.63720834375 0.523606490625 0.9194025124999999 0.570397075 0.9192117953125001 0.570397075 0.9216911328125
5 0.651654559375 0.9217374703125 0.651654559375 0.9030414671875 0.628120675 0.9028965375 0.570287246875 0.9030203125 0.57017929375 0.9218823984375 0.5935183375 0.9218823984375 0.651654559375 0.9217374703125
0 0.6864648515625 0.6543817953125 0.6613991375 0.6536453109375 0.66166721875 0.6613783734375 0.663275709375 0.6709526453125 0.6686373609375 0.68347284375 0.6764117578125 0.692678875 0.6865988875 0.6983866140625 0.6867329328125 0.705014953125 0.6926307484375 0.7048308328124999 0.69265215625 0.6473909859375 0.692228621875 0.6479375765625 0.68633080625 0.64775345625 0.6864648515625 0.6543817953125
0 0.848753821875 0.7243467609375001 0.8483599796875 0.7117235703125 0.8433712375000001 0.696575746875 0.8360194078125 0.68737885 0.8282737359375 0.6828705703125 0.8238101312499999 0.6816082515625 0.8239414093749999 0.6747556625 0.817741053125 0.67436494375 0.8179024109374999 0.730478025 0.8239414093749999 0.730478025 0.824072696875 0.7241664250000001 0.848753821875 0.7243467609375001
0 0.6395395671874999 0.5764451390625001 0.640080396875 0.5886284671875 0.642351865625 0.5970973671875 0.6473274734375 0.60660630625 0.6555480453125 0.615372359375 0.6647421 0.62027540625 0.66463393125 0.626812803125 0.6710156953124999 0.626812803125 0.670772778125 0.570501225 0.6647421 0.5703254671875 0.66463393125 0.57674229375 0.6395395671874999 0.5764451390625001
3 0.5645938203124999 0.5612756984375 0.7239619703125 0.5611576140625 0.7238760015625 0.378839346875 0.7240479328125 0.33157708750000003 0.672110753125 0.3316951703125 0.672110753125 0.3293334921875 0.5795395812499999 0.329097325 0.5795395812499999 0.331459003125 0.5602831859374999 0.3313409203125 0.523745696875 0.33135556875 0.523951053125 0.4526896234375 0.523951053125 0.56103953125 0.5645938203124999 0.5612756984375
5 0.672291865625 0.3472808890625 0.67237708125 0.3285529296875 0.6327690828125 0.3286699796875 0.579237284375 0.32845362499999997 0.579067953125 0.3471638390625 0.61843715 0.3471638390625 0.672291865625 0.3472808890625
0 0.69554920625 0.5234443390625 0.68881605 0.5297915109375 0.6846573390625 0.5363347218750001 0.6820168843750001 0.5432259375 0.68016856875 0.5530187171875001 0.6752177203125 0.5530187171875001 0.6750858546875 0.5611696390625001 0.71508855625 0.5609146921875 0.71508855625 0.5529353890625 0.7105997859375 0.5530260640625 0.7107318078125 0.519182665625 0.702612415625 0.51990805625 0.69554920625 0.5234443390625
0 0.760177703125 0.577378115625 0.7553826828125 0.5797304328124999 0.7499882890625 0.5845526859375 0.7449363953125 0.5914920234375 0.7414257578125001 0.5997251343750001 0.738942625 0.6090167921874999 0.7380863703125 0.6186803546874999 0.7635170890625 0.6187979703125001 0.7635170890625 0.6250316140625001 0.7696821109374999 0.6251492296875 0.7693619265625 0.5694374875 0.7636883390625 0.5693802328124999 0.7636027171875 0.5764371875000001 0.760177703125 0.577378115625
0 0.7842732484375 0.6563037328125 0.786780696875 0.6628232281249999 0.7907209749999999 0.669219709375 0.7963627343749999 0.6750011515625001 0.8046910515624999 0.6794294859375001 0.8126611562500001 0.6807825890625 0.8130193625000001 0.6463200437500001 0.8173178515625 0.6463200437500001 0.8173178515625 0.6379554109375001 0.7768654546875 0.6379330296875 0.7766613437500001 0.646339978125 0.7817657953125 0.6464629859375 0.7842732484375 0.6563037328125
3 0.84866565625 0.5611530625000001 0.9376696578124999 0.561160225 0.9607323109375001 0.561630240625 0.9603901390624999 0.5604081984375 0.9602532734375 0.4761202765625 0.96032170625 0.3315381375 0.93033890625 0.33172614375 0.93033890625 0.329188053125 0.8806530109375 0.32937605937500003 0.8806530109375 0.3314441328125 0.8299371593749999 0.3312256734375 0.830119590625 0.3284691015625 0.7533136171875 0.3284691015625 0.7533136171875 0.3312256734375 0.717591359375 0.3307909828125 0.7181484375 0.4863049484375 0.7180816250000001 0.5611530625000001 0.84866565625 0.5611530625000001
5 0.8298442375 0.3466572203125 0.8298891328125 0.32889081875000004 0.7857640578125 0.3289524921875 0.75417803125 0.329132721875 0.7544784359375 0.3466572203125 0.7947862781249999 0.346718890625 0.8298442375 0.3466572203125
5 0.93073845 0.34698026875 0.9305882078125001 0.3290261921875 0.90902905 0.3292325625 0.8804087015625001 0.3290261921875 0.8804087015625001 0.3473930046875 0.896033459375 0.34698026875 0.93073845 0.34698026875
0 0.7570693234375 0.5428025203125 0.7532501671875 0.5344772921875001 0.747604459375 0.5271603687499999 0.741377575 0.522370509375 0.7339053140625 0.5194053578125 0.7283426328125 0.5188351375 0.7282596046875 0.5528203234375 0.724025328125 0.5529343671875 0.72426456875 0.5608076375 0.7642925125 0.560707465625 0.7642925125 0.5530665046875 0.75956008125 0.5530665046875 0.7570693234375 0.5428025203125
3 0.3161649375 0.9189725328125 0.3376593796875 0.9483326 0.40490080156249997 0.9488274296875 0.4267554921875 0.9188075890625 0.47526807812499994 0.9196323109375 0.4751480015625 0.8377531828125001 0.47490784843749995 0.7491247046875 0.3327097984375 0.7491247046875 0.272356625 0.7493712796875001 0.2727073484375 0.8605422062500001 0.2731876703125 0.9191374765625 0.3161649375 0.9189725328125
5 0.4277435484375 0.9157469796875001 0.41965020624999994 0.9053344750000001 0.4001007890625 0.9322660640624999 0.3424333625 0.9324416718749999 0.3231701359375 0.9045758078125001 0.3152498390625 0.9164515859375 0.3376490234375 0.94817151875 0.40511335156249995 0.947780071875 0.4277435484375 0.9157469796875001
0 0.26485211875000003 0.907100809375 0.2625925953125 0.8972931031250001 0.25879659843749997 0.88860273125 0.254819840625 0.882395321875 0.2487643265625 0.8773052484375 0.2427991890625 0.874077396875 0.2337611015625 0.873208359375 0.2337611015625 0.907100809375 0.2296477640625 0.9070531890625 0.22933244218749999 0.9248539984375 0.2697326828125 0.9249781453124999 0.26991345 0.907100809375 0.26485211875000003 0.907100809375
3 0.07694384531250001 0.9188656249999999 0.077256871875 0.9420844453124999 0.18930771875000002 0.9418694484374999 0.18946423750000002 0.9188656249999999 0.22514937031249999 0.9192956015625 0.22514937031249999 0.7988320578125 0.22483634375 0.7284958031250001 0.12452546093750001 0.7284958031250001 0.0384075015625 0.7289489687499999 0.0382662375 0.7656889078125 0.03842275625 0.9192956015625 0.07694384531250001 0.9188656249999999
5 0.18898404375 0.94183908125 0.189190096875 0.9176716218750001 0.17600286406250001 0.91748293125 0.17600286406250001 0.9238983546874999 0.090233221875 0.9240870421875 0.0901645375 0.91748293125 0.07729059375 0.9175745453124999 0.0774614546875 0.94183908125 0.12491418437499999 0.94183908125 0.18898404375 0.94183908125
0 0.1746505953125 0.667919025 0.168761521875 0.67182885 0.1636576609375 0.67654760625 0.1596334578125 0.6830190468749999 0.156198165625 0.6921869140625 0.1546277515625 0.7002762078125 0.15413699375 0.709444078125 0.1788710953125 0.7089047921875 0.1788710953125 0.7151065859375 0.1851527734375 0.71524140625 0.18494119375 0.6592690625000001 0.1789692484375 0.6594252640625 0.1789692484375 0.6665708078125 0.1746505953125 0.667919025
0 0.21523435625 0.6685436078125 0.21017772343750002 0.67132194375 0.2050488609375 0.6761840343750001 0.20042565781250002 0.6826337453125 0.1965248265625 0.690901684375 0.1944299421875 0.6998320515625001 0.1937798046875 0.709754684375 0.2186467703125 0.7101515875 0.21857453593749998 0.7164028453125 0.22485919999999998 0.7163036203125001 0.2247843515625 0.6605234109375 0.21891846718750002 0.6604070515625 0.21899070625 0.66745211875 0.21523435625 0.6685436078125
0 0.3699502359375 0.680919928125 0.371269434375 0.693604396875 0.37478729843749997 0.7044767937499999 0.3822627609375 0.7163558953125 0.3963342140625 0.725013546875 0.39648079687500004 0.73185913125 0.4030767953125 0.73185913125 0.4027471828125 0.67447191875 0.3963342140625 0.67407434375 0.39648079687500004 0.6805172484375 0.3699502359375 0.680919928125
3 0.080277171875 0.313778103125 0.08263891875 0.313968934375 0.082777840625 0.34661648437500003 0.22526731406249997 0.3471889765625 0.22498946250000001 0.2412005109375 0.22471161093749997 0.1537381140625 0.18637994062500002 0.1543106046875 0.1867967234375 0.1220447203125 0.1797114734375 0.1220447203125 0.1702644765625 0.1268154921875 0.1622067390625 0.1359753734375 0.1560939765625 0.150478525 0.150814778125 0.1359753734375 0.139561728125 0.124334690625 0.125669090625 0.12051807187500001 0.126085871875 0.15318107812499998 0.08246296875 0.15318107812499998 0.082361065625 0.24081885 0.0805550234375 0.24100968125 0.080277171875 0.313778103125
1 0.1868971265625 0.12225378281249999 0.178223275 0.12315868125 0.1691102375 0.1276831734375 0.16329107812500002 0.1352239953125 0.1574719109375 0.1465352296875 0.156264159375 0.15136135625 0.1517625359375 0.137335425 0.14275930312500001 0.1266274578125 0.13606176718750002 0.12255541406249999 0.1278271015625 0.1210472484375 0.1255213953125 0.121348884375 0.12563118906249998 0.15633829999999999 0.1213491640625 0.1560366671875 0.1208978390625 0.1677012328125 0.191069353125 0.16797560312499998 0.1911791515625 0.15575947031249998 0.1870069171875 0.156061103125 0.1868971265625 0.12225378281249999
5 0.0937449828125 0.3135724546875 0.0935946 0.272113921875 0.09366979375 0.2411288625 0.0802305984375 0.24104880468749998 0.08036094218749999 0.274506178125 0.08036094218749999 0.3135724546875 0.0937449828125 0.3135724546875
3 0.323885915625 0.3467777671875 0.3670580625 0.346395175 0.36733658281250003 0.26657826562500003 0.3674758609375 0.15267967968750001 0.307342678125 0.152870975 0.2183523484375 0.1534448609375 0.218613228125 0.257571859375 0.21847395781249998 0.34696906250000004 0.323885915625 0.3467777671875
3 0.3628566796875 0.5618889265625 0.36300444062500004 0.4270002546875 0.3632999703125 0.3384269734375 0.320754259375 0.3378180515625 0.320754259375 0.303109803125 0.317355640625 0.303109803125 0.310262903125 0.3051395265625 0.301692515625 0.3102138296875 0.294599778125 0.320971359375 0.29046233906249996 0.333555634375 0.2883936296875 0.3242189125 0.28218748125 0.3132584109375 0.2722871953125 0.305748440625 0.259136078125 0.303109803125 0.25928383906249997 0.3370605375 0.21780389375000003 0.33741310625 0.218195734375 0.44308439843749997 0.2183434953125 0.5610770328125 0.3628566796875 0.5618889265625
1 0.3206174453125 0.3174458328125 0.3207172671875 0.303015875 0.3112338890625 0.30520980937500003 0.3022496390625 0.3101461546875 0.294662940625 0.31988172812500004 0.290969415625 0.3304400265625 0.2902706390625 0.3346907671875 0.2880744890625 0.32509231875 0.2840814875 0.31576810312500003 0.276993909375 0.3086378265625 0.2705052859375 0.3046613234375 0.2638170109375 0.302878753125 0.25892558593750004 0.302330271875 0.259424709375 0.3381410671875 0.255132234375 0.3381410671875 0.25496188124999997 0.34703896562500003 0.32490991875 0.3466525546875 0.32490991875 0.33801394375 0.3207172671875 0.338151065625 0.3206174453125 0.3174458328125
0 0.356366125 0.5040053953125 0.35095127812500004 0.5052050515625 0.34562377031249997 0.509283896875 0.3395975703125 0.5159801093749999 0.334794078125 0.52485759375 0.33173731093750003 0.5350547031249999 0.330951284375 0.5465714421875 0.3562787859375 0.5460915749999999 0.3561041140625 0.55220984375 0.3623049875 0.55220984375 0.3623532375 0.49550488125000003 0.3623049875 0.4963275703125 0.356540796875 0.49608763749999996 0.356366125 0.5040053953125
3 0.06137050468750001 0.517929190625 0.038281593749999995 0.517929190625 0.0381473609375 0.548936690625 0.038281593749999995 0.64635468125 0.17207255 0.6461702921875 0.2246937859375 0.646539071875 0.2246937859375 0.5282401250000001 0.22482801874999997 0.42306278593749996 0.22509649375000002 0.33781457187499997 0.16163112500000001 0.33855213906250003 0.16189960781249998 0.30351792187500004 0.1566643265625 0.3037023109375 0.1490127609375 0.3059149984375 0.1413612140625 0.3125530609375 0.13478884062500002 0.3217725890625 0.131164425 0.33338919843750003 0.12847967656249998 0.32398528125000003 0.12418406093750001 0.3164252640625 0.1180091203125 0.3090496375 0.10928365625 0.3049930453125 0.100826675 0.3037023109375 0.1009609171875 0.3379989625 0.0933093609375 0.33763018125 0.0934435953125 0.33172968125 0.038108826562499996 0.3310842078125 0.037878878125 0.426949928125 0.061102029687500004 0.42713431718750006 0.06137050468750001 0.517929190625
1 0.162329734375 0.30337298281249997 0.1532546578125 0.30412847656249997 0.14390457968749998 0.309794671875 0.1366170171875 0.3182939640625 0.1315294765625 0.333214940625 0.126441934375 0.31980494375 0.11997938593749999 0.3105501625 0.111866809375 0.3054505875 0.104579246875 0.3026174890625 0.10017921406250001 0.3026174890625 0.10045421562500001 0.337977725 0.095916678125 0.337977725 0.095900665625 0.3466177515625 0.16617977343749998 0.34684710937499996 0.16617977343749998 0.3379700734375 0.1619172375 0.3379700734375 0.162329734375 0.30337298281249997
0 0.2156732171875 0.608428025 0.2086355640625 0.6090322125000001 0.2007182078125 0.6136240374999999 0.1961437375 0.617853346875 0.1928008515625 0.6228076796875001 0.1899857875 0.6298162546875 0.1888421703125 0.6347705875 0.1884902890625 0.6376706859375 0.18303610937499998 0.6375498484375 0.18303610937499998 0.6452834468749999 0.1829815796875 0.6454252609375 0.2199837734375 0.6454238625000001 0.2199837734375 0.63769026875 0.2156732171875 0.63769026875 0.2156732171875 0.608428025
1 0.4211931375 0.6381644359374999 0.4205081640625 0.626470465625 0.4165939984375 0.6163894546875001 0.4132669578125 0.610206434375 0.4088635265625 0.6072493375 0.40426438124999997 0.6053675468749999 0.40993992031250004 0.6017383828125 0.4158111625 0.5951192015625 0.41913820468749996 0.589205009375 0.42089957968749997 0.5824843375000001 0.4213888453125 0.5753604203125 0.4212909953125 0.571059190625 0.402894421875 0.571731259375 0.4027965703125 0.565951478125 0.396735184375 0.5658318109375 0.3969253234375 0.6440786296875001 0.402992278125 0.644213046875 0.4030901359375 0.6381644359374999 0.4211931375 0.6381644359374999
0 0.45838779374999994 0.5317868765625 0.453962315625 0.5352605234375 0.449220734375 0.541447959375 0.44542747031249996 0.548069596875 0.442503496875 0.5593589484375 0.441792259375 0.5706746875 0.4662411546875 0.5704575843749999 0.466320178125 0.5763193640625001 0.47888536875 0.5765364671875 0.47912245000000003 0.5212485874999999 0.4661677078125 0.5211307390625 0.4664484765625 0.5288559859374999 0.4626552140625 0.5293987437500001 0.45838779374999994 0.5317868765625
3 0.4386615671875 0.4970060046875 0.47519947343749996 0.49682011875 0.47479349375 0.33126221562499997 0.4378583 0.3314480984375 0.43772297968749996 0.3290315953125 0.39022369375 0.3288457109375 0.39022369375 0.33126221562499997 0.3559037625 0.3311069203125 0.356098709375 0.409394046875 0.3562340296875 0.4964483515625 0.4386615671875 0.4970060046875
5 0.4373217109375 0.3469886828125 0.43751440625000004 0.329166465625 0.41625669531250004 0.329166465625 0.39012621406250003 0.32925960625 0.39011173125 0.3470769109375 0.40668339375 0.3470769109375 0.4373217109375 0.3469886828125