5 0.2278805984375 0.7358437125 0.22774025625 0.730283796875 0.21630233125 0.7303357578125 0.197284196875 0.7303382296875001 0.1974964203125 0.735895675 0.207671259375 0.735895675 0.2278805984375 0.7358437125
5 0.14704290625 0.735635025 0.14704290625 0.7300751078125 0.1330788171875 0.7301790312499999 0.1153173734375 0.7302238296875 0.11553599218749999 0.7357389484375 0.1288685375 0.735790909375 0.14704290625 0.735635025
5 0.308061059375 0.7813925765625 0.3082210953125 0.80535665 0.2688584546875 0.8386140796875001 0.2492545984375 0.8384955765625 0.2492545984375 0.8437145203125 0.2725677375 0.8437145203125 0.31537614999999997 0.807127465625 0.31529613749999996 0.7793785015625 0.2724182828125 0.7432110093750001 0.24925205468749997 0.743114203125 0.249249496875 0.74866455625 0.2699735734375 0.748546053125 0.308061059375 0.7813925765625
3 0.8371882828125001 0.5963502593750001 0.8995143125 0.5964922671874999 0.8993225468749999 0.4836693546875 0.8364311796875 0.4836693546875 0.8366229437499999 0.49602399999999996 0.72267128125 0.4958767296875 0.7222539390625 0.5825755406249999 0.8373800609375 0.5828595546875001 0.8371882828125001 0.5963502593750001
5 0.9002921875000001 0.5529131671874999 0.8999649734374999 0.545805534375 0.9000740421875 0.529247978125 0.892226990625 0.5292974015625 0.892111715625 0.53829405625 0.8923298609374999 0.5529131671874999 0.9002921875000001 0.5529131671874999
5 0.7024266296875 0.4830274640625 0.702504940625 0.4778085765625 0.6921681859375 0.47786656718750004 0.6769200734374999 0.47792825 0.676584740625 0.48320142656250004 0.687156425 0.4830274640625 0.7024266296875 0.4830274640625
3 0.55720171875 0.522221415625 0.5528955171875001 0.5245783109375 0.567031090625 0.5366400734375001 0.566937475 0.5416311453125 0.659431534375 0.5417060828125 0.659618759375 0.50348804375 0.6597123765624999 0.4784465078125 0.6245297375 0.4785851484375 0.5531400015625 0.478235978125 0.5529891265625 0.5207656875 0.564129084375 0.5207656875 0.55720171875 0.522221415625
5 0.61970713125 0.48360261875 0.6199797453125 0.47835395937499997 0.6053266765624999 0.47845489375000005 0.588763503125 0.47850694374999997 0.589037915625 0.48329981093749996 0.6032820625 0.4835016828125 0.61970713125 0.48360261875
0 0.583977471875 0.5315590828125 0.5819759546875 0.5352369421875001 0.581457046875 0.5380365078125 0.5813603625 0.5414961140625 0.60599526875 0.54165265 0.60599526875 0.53951180625 0.58783224375 0.5283203703125 0.583977471875 0.5315590828125
0 0.560482415625 0.5208088078124999 0.55662764375 0.5222909296875 0.5528470000000001 0.5244866671875 0.5684143515625 0.5378257718749999 0.5712313015625 0.5378806640625 0.570923753125 0.519681878125 0.5672282703125 0.5196560453125 0.564263059375 0.52009519375 0.560482415625 0.5208088078124999
3 0.49922676250000003 0.5700347921875 0.5041546921875 0.57154204375 0.50948039375 0.5723353296875 0.5091590046875 0.605288975 0.540547778125 0.605209646875 0.6593312109375 0.605368303125 0.6592240859375 0.5518620390625 0.6433015078125 0.55194136875 0.5096328421874999 0.5519991921875 0.5096182687499999 0.555279609375 0.494727346875 0.5681308984375 0.49922676250000003 0.5700347921875
0 0.49869111562499996 0.569638146875 0.503511921875 0.571145396875 0.5091897546874999 0.5724146609375 0.514224809375 0.5727319765625001 0.5144679328125 0.5541823453125 0.5113323265624999 0.55416900625 0.4950487328125 0.5681308984375 0.49869111562499996 0.569638146875
5 0.6318971546875 0.60535893125 0.6319663531249999 0.6001833765625 0.6205482328125 0.6000808906249999 0.6005476046875 0.6000854015625 0.600341621875 0.6054614171875 0.6092685140625 0.6054614171875 0.6318971546875 0.60535893125
0 0.6037479140625 0.561773403125 0.605823934375 0.5571615234375 0.606446740625 0.5521396984375 0.5813668703125 0.55202498125 0.581396075 0.5540869359375 0.6002878734375 0.56566788125 0.6037479140625 0.561773403125
3 0.30227535 0.5037155421875 0.3041410859375 0.5035899453125 0.30448030937500004 0.479349559375 0.2334272 0.479098359375 0.153193959375 0.47897276250000004 0.153193959375 0.4780935796875 0.084161759375 0.47834477499999994 0.08382926874999999 0.6055210453125001 0.30244495625 0.60539544375 0.30227535 0.5037155421875
5 0.14261263125 0.4832484 0.1427867796875 0.47776772031250003 0.12676508749999998 0.47789667968750005 0.1112986828125 0.477908334375 0.11135291249999998 0.483183921875 0.1245011546875 0.48311944375 0.14261263125 0.4832484
5 0.0919331 0.551838825 0.0919331 0.5429566796875 0.0916685140625 0.5284578859375 0.083922209375 0.5285002000000001 0.0839953671875 0.53825436875 0.0840835671875 0.551577584375 0.0919331 0.551838825
5 0.15670807343749998 0.6057194046875 0.15670807343749998 0.6000965609375 0.146313346875 0.6000965609375 0.12585459999999998 0.6001064281249999 0.125818778125 0.6056102234375 0.1359923421875 0.6057739953125 0.15670807343749998 0.6057194046875
5 0.2468551953125 0.6057139015625 0.24692891874999998 0.6001456468749999 0.2348385953125 0.6002002375 0.21586049062499998 0.600226615625 0.21603962656250003 0.6056047203125 0.22754017499999998 0.6057139015625 0.2468551953125 0.6057139015625
5 0.3353204296875 0.465039975 0.3353894109375 0.455283209375 0.3353204296875 0.4418995828125 0.32832130937500004 0.4418232953125 0.328215090625 0.4523715046875 0.3283530578125 0.4648867265625 0.3353204296875 0.465039975
5 0.1537071625 0.46276392812499995 0.1536381765625 0.45161965625 0.15391411093750001 0.43895118593750004 0.1465235875 0.43901168593750006 0.146256903125 0.4511599140625 0.146256903125 0.462712846875 0.1537071625 0.46276392812499995
3 0.2971876453125 0.605643484375 0.4497008171875 0.6057792281250001 0.4502507578125 0.5517196546875 0.436685403125 0.551583909375 0.436685403125 0.5252273515625 0.44896755781250003 0.525091603125 0.44878423593749994 0.5159746859375 0.4630828625 0.5028073984375 0.44896755781250003 0.4979205734375 0.44860092656250006 0.4781017765625 0.32820734687500003 0.47837326718749995 0.31024240625 0.467513653125 0.3065760921875 0.472807715625 0.302909790625 0.4785090109375 0.28855265 0.47864192812499995 0.288021865625 0.5676128406250001 0.297737596875 0.5678843296875 0.2971876453125 0.605643484375
0 0.314477159375 0.48382245 0.30892644687500004 0.4820353640625 0.30261667812500004 0.48132695468750003 0.3026517296875 0.49996579687500003 0.30474330625 0.49990622812499996 0.319062528125 0.48656265000000004 0.314477159375 0.48382245
0 0.30691531875 0.47225630625 0.3049041953125 0.47600918906249995 0.3040997421875 0.479106803125 0.304032384375 0.4825073 0.32831370625 0.4824426984375 0.32831370625 0.47976206875000005 0.3101331234375 0.46862256406249997 0.30691531875 0.47225630625
5 0.359797725 0.48325156874999997 0.35972957499999997 0.478053378125 0.34937019375 0.47810384531250005 0.337863953125 0.47811805625000003 0.33798850625 0.48325156874999997 0.34827973125 0.483352503125 0.359797725 0.48325156874999997
0 0.45799614375 0.500669765625 0.45245915468750003 0.4990565953125 0.44728524687500004 0.4982500109375 0.44369263124999997 0.4983412953125 0.44382580312500003 0.5168014609375 0.44745661718749996 0.516667028125 0.4627162046875 0.502686228125 0.45799614375 0.500669765625
5 0.4046125 0.6054516234375 0.4046806515625 0.6002029640625001 0.3901638890625 0.60025343125 0.3741458125 0.6002291671875 0.3740114359375 0.6054516234375 0.3856657375 0.6054011546875 0.4046125 0.6054516234375
3 0.6574230390625 0.23661618281250002 0.6689013921875 0.23650993593749997 0.668470959375 0.2704284 0.752386384375 0.270322153125 0.7694604484374999 0.2807343125 0.7746257046875 0.27404078125 0.7797909703125 0.2807343125 0.794999796875 0.2704284 0.9165052359375 0.27053464531250004 0.9162182781249999 0.14284650000000002 0.7969280578125 0.1430589921875 0.7808742296875 0.132859328125 0.775278521875 0.1394466109375 0.7734133 0.1360467234375 0.7692523921875 0.133178065625 0.7541870484375 0.14295274687499998 0.6680993515625 0.14295274687499998 0.668614434375 0.1782524140625 0.657709996875 0.1784649078125 0.6574230390625 0.23661618281250002
5 0.712898959375 0.148243846875 0.7128308031249999 0.14269237968749998 0.7079918859375 0.14274284843750001 0.6983587046874999 0.142784721875 0.6981095828125 0.148243846875 0.7039708109375 0.148243846875 0.712898959375 0.148243846875
5 0.7532894703124999 0.14800676875000002 0.7533576265625 0.142859046875 0.7449065515625 0.142859046875 0.7331413140625 0.1428958328125 0.7333204015625 0.14805723906249998 0.7424530125000001 0.14800676875000002 0.7532894703124999 0.14800676875000002
1 0.7755461984375 0.14000658906250002 0.769957584375 0.1331827984375 0.7529872828124999 0.14458854062499998 0.75263156875 0.1480625 0.7980369578125 0.147930046875 0.797968796875 0.14505337812500002 0.7807940421875 0.13314295781250002 0.7755461984375 0.14000658906250002
5 0.8195162859374999 0.1480039078125 0.8194481343750001 0.142805715625 0.80936136875 0.1429066515625 0.7970843421875 0.1428958328125 0.7971618375 0.14820577968749998 0.80513583125 0.14810484375 0.8195162859374999 0.1480039078125
5 0.8810530390625001 0.148028346875 0.8809848828125 0.14283015625 0.870829965625 0.1429310921875 0.8546775125 0.1430320265625 0.8546775125 0.14817975 0.865718428125 0.14817975 0.8810530390625001 0.148028346875
5 0.9167082296875 0.1921174234375 0.916571921875 0.183689290625 0.916571921875 0.1693564125 0.9088534578124999 0.16939583281249998 0.9088705390625 0.178592034375 0.9089386953125 0.1921174234375 0.9167082296875 0.1921174234375
5 0.9162993078125 0.24989765625000002 0.9162311515624999 0.24287853125 0.9162993078125 0.227183021875 0.9084786453125 0.22711805625 0.9088023890624999 0.2376339609375 0.9088705390625 0.249796721875 0.9162993078125 0.24989765625000002
5 0.8819320312500001 0.27049981875 0.8819320312500001 0.2652006921875 0.8694598812500001 0.265301628125 0.8551802953125 0.2652291671875 0.855420196875 0.2706512234375 0.86632480625 0.270600753125 0.8819320312500001 0.27049981875
1 0.774416125 0.273536659375 0.7795276609374999 0.280047015625 0.7969750359375001 0.2686917421875 0.7969750359375001 0.2653608625 0.75165705625 0.26517361093749997 0.7513801359375 0.2686917421875 0.7691001296875 0.28029935625 0.774416125 0.273536659375
5 0.75247856875 0.2704288203125 0.7525467234375001 0.265281096875 0.743823034375 0.265281096875 0.7337410140625 0.26528472187499996 0.733872575 0.27052975625000003 0.7430051859375 0.2704792875 0.75247856875 0.2704288203125
5 0.7181729703124999 0.2705030890625 0.7181729703124999 0.2650020921875 0.7082906671875 0.2651534953125 0.6920700578125001 0.26525443125 0.692342671875 0.2707554296875 0.7051555921875 0.2706040265625 0.7181729703124999 0.2705030890625
3 0.5509468546875 0.15745914218749998 0.55567140625 0.1510794796875 0.5571999359375 0.1544751078125 0.561507603125 0.15745914218749998 0.5769291875 0.147580953125 0.6747550984374999 0.147889646875 0.6747550984374999 0.0860147140625 0.581387728125 0.086426303125 0.56510189375 0.0766510109375 0.559682553125 0.0825161875 0.5591267249999999 0.080561128125 0.55384635625 0.076445215625 0.5392558453125 0.0862205078125 0.451197915625 0.086100090625 0.451629803125 0.1471693609375 0.533021365625 0.14706646406249999 0.5509468546875 0.15745914218749998
5 0.4582533578125 0.1218430734375 0.4583336015625 0.1116130453125 0.458494090625 0.0987187046875 0.4509343875 0.0987136140625 0.45095111875000005 0.1041211953125 0.45095111875000005 0.12190249375 0.4582533578125 0.1218430734375
1 0.5603369515625001 0.08242749375 0.5546059609375 0.0760618 0.5363260859375 0.08842734375 0.5359198203125 0.0907843453125 0.5835573359375 0.0909150859375 0.58375495625 0.087915159375 0.565475078125 0.0762081390625 0.5603369515625001 0.08242749375
5 0.6751053734375 0.12506408125 0.6749077531250001 0.1180398671875 0.6749077531250001 0.10208904999999999 0.6672070531250001 0.10206065312499998 0.6674969921875 0.1117473421875 0.6674969921875 0.12513725 0.6751053734375 0.12506408125
3 0.5426106859375001 0.2701355921875 0.6735831625 0.2702232 0.6734648546875001 0.236209659375 0.682811375 0.236209659375 0.6830480031249999 0.17842571875 0.6737014765625 0.17833811093750002 0.6744113359374999 0.143536090625 0.5332955890625 0.143536090625 0.4520162765625 0.143536090625 0.4527112171875 0.17370193750000001 0.45247459687499997 0.269960371875 0.5426106859375001 0.2701355921875
2 0.5554080015625 0.1507583984375 0.5604105828125 0.15730573125 0.5786758265625 0.14705398593750002 0.578559490625 0.14395261875 0.5316941953125001 0.1435902515625 0.5315584734375001 0.1458479 0.5506381 0.157478028125 0.5554080015625 0.1507583984375
5 0.644431478125 0.1475059515625 0.6443633265625001 0.1435189890625 0.63148225625 0.1435694578125 0.6132170343750001 0.14367039375 0.6132170343750001 0.1476068890625 0.6267796406249999 0.1476068890625 0.644431478125 0.1475059515625
5 0.6405467109375 0.270434725 0.6404104046875 0.26493372656249997 0.6212591828125 0.2650851296875 0.5959599046874999 0.26517361093749997 0.5962467328125001 0.27073753125 0.614239340625 0.2705356609375 0.6405467109375 0.270434725
0 0.5654230453125 0.254889465625 0.5472354921875 0.2675814171875 0.5468814281250001 0.27004059062499997 0.5714107203125 0.270020046875 0.5708119546875 0.264034321875 0.5692401874999999 0.25921248750000003 0.5654230453125 0.254889465625
5 0.5206470921874999 0.270356825 0.520721934375 0.26509160625 0.505079140625 0.2651470296875 0.48110522187500004 0.26509873125 0.4811284515625 0.2705230953125 0.499914775 0.270467671875 0.5206470921874999 0.270356825
5 0.3895237796875 0.14826356406250002 0.38951977968749996 0.14273073125 0.3809922265625 0.14273073125 0.3515160828125 0.1428725453125 0.3515965 0.14826356406250002 0.3677582296875 0.14826356406250002 0.3895237796875 0.14826356406250002
5 0.39756403906250004 0.2704393078125 0.39756403906250004 0.2649666125 0.37466148593750004 0.265207171875 0.35098624218749996 0.265081740625 0.350621921875 0.270499446875 0.3688952390625 0.27061972500000003 0.39756403906250004 0.2704393078125
0 0.4701633328125 0.2428670765625 0.46441748125000004 0.24140647343750002 0.45850011718749994 0.2401363828125 0.4523051515625 0.24006719843750002 0.45241122968749997 0.263962153125 0.45601310625 0.2640256578125 0.4753088703125 0.24597879531250003 0.4701633328125 0.2428670765625
1 0.2766861859375 0.2994951453125 0.28167744375 0.3061831921875 0.29926568750000004 0.2945084421875 0.2994241453125 0.292572428125 0.253502978125 0.29249690781250004 0.2534728625 0.29433244062499997 0.2709026609375 0.3060071921875 0.2766861859375 0.2994951453125
0 0.28445036562500003 0.25728974375 0.2821528 0.2552950625 0.2640099640625 0.2671458140625 0.264047065625 0.2693767921875 0.2886493625 0.2693751625 0.2882532296875 0.26391912500000003 0.28643102656249997 0.2601057640625 0.28445036562500003 0.25728974375
0 0.31764970312499996 0.24305097031249998 0.31376492968749997 0.2416284421875 0.3100846265625 0.24056861718749997 0.3069793953125 0.2402291671875 0.30701770625 0.25581934375 0.308517090625 0.255718409375 0.3203758546875 0.24512015312500002 0.31764970312499996 0.24305097031249998
0 0.23504387656249998 0.2429329078125 0.23047756874999997 0.24550676875000002 0.24540325312500003 0.258477015625 0.24731156250000003 0.258426546875 0.24715930468749997 0.2402291671875 0.2436312546875 0.240308578125 0.2394057171875 0.2413179359375 0.23504387656249998 0.2429329078125
5 0.232991190625 0.27122885937499996 0.2327753875 0.265076421875 0.221445625 0.265076421875 0.20094141250000003 0.265024484375 0.20072834843749998 0.270909253125 0.215079378125 0.27114895781250004 0.232991190625 0.27122885937499996
5 0.30325562968750003 0.09141314843750001 0.3033919359375 0.086366359375 0.2939185546875 0.086366359375 0.27219678593749996 0.08639583281249999 0.2721774890625 0.09141314843750001 0.2857400984375 0.09146361562500001 0.30325562968750003 0.09141314843750001
5 0.33110046406250004 0.12506144531250002 0.3310234296875 0.1207261875 0.33094640000000003 0.10240156250000002 0.3241675 0.10240156250000002 0.3239364 0.10673682031250001 0.32424453125 0.12517553125 0.33110046406250004 0.12506144531250002
0 0.22622395312500002 0.1234225171875 0.2324054046875 0.12494830625 0.23851580625 0.12494830625 0.2385981375 0.10698056874999999 0.2362421703125 0.1069019171875 0.21982934843750002 0.12047616718750001 0.22622395312500002 0.1234225171875
0 0.21130343749999997 0.132655325 0.192945021875 0.1448705828125 0.192667759375 0.1468381171875 0.21697946406250002 0.147169153125 0.2166247140625 0.14073315625 0.2142301421875 0.1360703421875 0.21130343749999997 0.132655325
0 0.1966678609375 0.0980819890625 0.20029809062499998 0.1009769578125 0.217471871875 0.0892936921875 0.217471871875 0.086605509375 0.193356475 0.0865631578125 0.193456503125 0.09162000625 0.1943640609375 0.0947217578125 0.1966678609375 0.0980819890625
5 0.1882719453125 0.0913498484375 0.1882021359375 0.08623195781250001 0.173820834375 0.086283653125 0.15680610156250002 0.086335528125 0.1565772421875 0.0912981515625 0.1696321109375 0.09140154375000001 0.1882719453125 0.0913498484375
5 0.1513413140625 0.2703624515625 0.1513413140625 0.265164259375 0.1385283984375 0.265214728125 0.11994791093749999 0.2652291671875 0.11999055781250001 0.2702615171875 0.1328716296875 0.27031198437500004 0.1513413140625 0.2703624515625
5 0.1353933234375 0.1481947859375 0.1357340890625 0.1429965953125 0.12080840625 0.1429965953125 0.10435570624999999 0.14300694375 0.10411072187499999 0.147891978125 0.1160376390625 0.147891978125 0.1353933234375 0.1481947859375