3 0.8261633484375001 0.5559153593749999 0.9451655921875 0.5560340609375001 0.9452685546874999 0.46493210312500005 0.9452685546874999 0.403643525 0.8251322453125001 0.403643525 0.7663899296875 0.40365013281250006 0.7663409671875 0.48250958437499997 0.7663409671875 0.5555592546875 0.8261633484375001 0.5559153593749999
5 0.9024528640625 0.5567451421875 0.9025449968749999 0.54240766875 0.8710754656249999 0.542620075 0.82906675 0.542513871875 0.8293203218749999 0.5566389390625 0.83603119375 0.5566389390625 0.9024528640625 0.5567451421875
0 0.7841077703125 0.4953375609375 0.7770337015625 0.4928066453125 0.7717484828125001 0.49205674374999997 0.7663712874999999 0.4920102359375 0.7663819515625 0.5335104671875001 0.77337470625 0.5335104671875001 0.7894743015625 0.49948370000000003 0.7841077703125 0.4953375609375
5 0.7484511171875 0.556667103125 0.7485399875 0.542119415625 0.7261454609375 0.542119415625 0.701136453125 0.5422428734375 0.701351521875 0.5567695515625 0.719391553125 0.5567695515625 0.7484511171875 0.556667103125
3 0.6868613265625 0.6101857109375 0.6868613265625 0.5436453828125 0.6818846875 0.54379249375 0.6817570859375001 0.45988155 0.580436034375 0.45973444375000005 0.5235352984375 0.45976103437500004 0.5232465921875 0.5264218734375 0.5232465921875 0.6100385984375001 0.6868613265625 0.6101857109375
0 0.66604760625 0.5367341171875 0.6741060156249999 0.53937200625 0.6818659625 0.5399454578125 0.6817320921875 0.498209440625 0.6781849625 0.4978539265625 0.6606753296875 0.533522771875 0.66604760625 0.5367341171875
5 0.633512975 0.6105310140625 0.6336124578125 0.5958505859375001 0.6038659796875 0.5959652765625 0.5593954937500001 0.596309346875 0.5592960062500001 0.610645703125 0.5844661046875 0.61076039375 0.633512975 0.6105310140625
5 0.535341515625 0.43578226718749996 0.5351404578125 0.41920970312500005 0.5350399265625 0.39509477187500003 0.5225726296875 0.3948609875 0.5228759765625 0.4126038578125 0.5229765078125 0.43578226718749996 0.535341515625 0.43578226718749996
0 0.6657974984374999 0.4167223265625 0.6612737109375 0.420894440625 0.6778609171875 0.454542384375 0.681781534375 0.4543105953125 0.6815744765625 0.41272150625000004 0.676654578125 0.41336145625 0.6718292109374999 0.4141727015625 0.6657974984374999 0.4167223265625
3 0.65910763125 0.3487827328125 0.68187451875 0.348388053125 0.6817889312500001 0.2860871453125 0.681532159375 0.2257676328125 0.5866389875 0.2256689625 0.5239011671875 0.22604604374999998 0.5233089625 0.2706865859375 0.5234801421874999 0.3486840640625 0.65910763125 0.3487827328125
5 0.6431146265625001 0.23923525156249997 0.6431146265625001 0.2252656015625 0.6115753296875 0.22542345 0.57357719375 0.2253801046875 0.573835246875 0.23955094843750002 0.600805271875 0.23939309999999997 0.6431146265625001 0.23923525156249997
0 0.6680064984375 0.30311410781250003 0.6630483734375 0.30519260312499996 0.6578648828125 0.30882997031250004 0.664926453125 0.32382324218749997 0.6753685640625 0.34296271875 0.6815286546875 0.3427895125 0.68202053125 0.30165035156250003 0.6788242265625 0.301641840625 0.67416659375 0.30224806718749997 0.6680064984375 0.30311410781250003
3 0.908933246875 0.410811178125 0.94508105 0.4104954796875 0.945149509375 0.40954838593750004 0.9453548968750001 0.2952614015625 0.945149509375 0.22544732031249998 0.849598453125 0.22552624375 0.766419346875 0.225640746875 0.766345309375 0.35307895 0.7662083859375 0.4101797796875 0.908933246875 0.410811178125
0 0.7821599703125 0.2800097765625 0.7866784453125 0.27645816875 0.77038455 0.243128021875 0.7664118328125 0.2430169421875 0.7665506953125 0.28387708125 0.7728491749999999 0.28356138125 0.778052265625 0.282061815625 0.7821599703125 0.2800097765625
5 0.74333735 0.23904841718749997 0.743474271875 0.2253944640625 0.7270434578125 0.225236615625 0.7062579171875 0.22546698593749998 0.7066418578125 0.23944303906250003 0.7222511328125 0.23928519062500003 0.74333735 0.23904841718749997
5 0.8897942750000001 0.23931714999999998 0.8897942750000001 0.22537055781249998 0.8602424125000001 0.22537055781249998 0.8227313562499999 0.2253270375 0.8228423843750001 0.23931714999999998 0.8457338015625 0.23931714999999998 0.8897942750000001 0.23931714999999998
0 0.7836390296875 0.3081970625 0.7768315828125 0.3064134703125 0.7711587093750001 0.3058189390625 0.7663486765624999 0.3052592796875 0.7665172734375 0.3476931984375 0.7738404375 0.3476931984375 0.7900339046875 0.3129533140625 0.7836390296875 0.3081970625
3 0.4628911015625 0.5857008625 0.46208485781249997 0.2255032515625 0.403307815625 0.2264327109375 0.3775079625 0.211328959375 0.37347672187500003 0.2213206703125 0.3682361421875 0.2110965953125 0.34646751875000004 0.225038521875 0.28290958125 0.2246157953125 0.282179128125 0.429205975 0.282179128125 0.5854684984375 0.4628911015625 0.5857008625
5 0.33755610625 0.239745828125 0.3377713359375 0.2251065328125 0.3290545015625 0.2251065328125 0.315103315625 0.2248088125 0.31527975 0.23999394999999998 0.3241042015625 0.23999394999999998 0.33755610625 0.239745828125
1 0.3737021796875 0.22354415312499998 0.3691100359375 0.21108133125 0.3401221609375 0.2301615859375 0.3398947140625 0.23797660937499998 0.40699517968750004 0.2384333734375 0.40689951406249997 0.22883810000000002 0.3778159671875 0.21119162187499999 0.3737021796875 0.22354415312499998
5 0.430480471875 0.23950702812500002 0.4306258734375 0.22551047500000002 0.423719278125 0.22551047500000002 0.40910410468749997 0.22540462187500002 0.408960978125 0.2394232171875 0.41601297031250006 0.2394232171875 0.430480471875 0.23950702812500002
5 0.40929975937499996 0.5851216328125 0.40929975937499996 0.5710794875 0.37111675 0.5709680374999999 0.3357988890625 0.5708475515625 0.33576171875 0.5855674140625 0.35806384375 0.5854559703125 0.40929975937499996 0.5851216328125
0 0.2964916546875 0.526179196875 0.2887430125 0.523467440625 0.282788434375 0.5231218234375 0.28320826875 0.5657389312500001 0.288327903125 0.5657389312500001 0.303686815625 0.53064561875 0.2964916546875 0.526179196875
0 0.2595147890625 0.554729178125 0.229332896875 0.574521709375 0.22966096249999998 0.58485920625 0.26607607187500004 0.58448100625 0.2657480046875 0.5694790249999999 0.2630141359375 0.5601500625 0.2595147890625 0.554729178125
3 0.07044215781249999 0.6109995359375 0.09470525156250001 0.6385532171875 0.15083629062499998 0.6385532171875 0.1743751140625 0.61136628125 0.20316490781250002 0.6115750203125 0.2037081171875 0.5729581171875 0.1986382078125 0.5727493781249999 0.19881926875 0.443037278125 0.12278244218750001 0.443037278125 0.0398523203125 0.44328036875 0.0398431984375 0.5370548359375 0.0402053328125 0.6109995359375 0.07044215781249999 0.6109995359375
5 0.1697756546875 0.615892115625 0.1614307828125 0.6068514546875 0.145847 0.624932778125 0.099899965625 0.6252804953125 0.0823916515625 0.6049245046875 0.07384570625 0.614660603125 0.094858684375 0.6388849359375001 0.1506729453125 0.6388414874999999 0.1697756546875 0.615892115625
1 0.17526197968749999 0.5160727031250001 0.180711715625 0.5192140046875 0.1862440203125 0.5214985890625 0.183354009375 0.5222601171875 0.17872999375 0.5243543203125001 0.17526197968749999 0.5275174 0.19169375625 0.559882334375 0.198547215625 0.559882334375 0.1983622625 0.48224382656250003 0.1913634703125 0.48246784375 0.1880605984375 0.4892264046875 0.17526197968749999 0.5160727031250001
3 0.198810634375 0.4497677765625 0.198810634375 0.3515729265625 0.2889066359375 0.35226229375 0.2889066359375 0.3046585046875 0.2889066359375 0.2257846421875 0.18423865 0.2257846421875 0.0409222421875 0.2257846421875 0.040148346875000004 0.32283053906250003 0.040148346875000004 0.44999756562500004 0.198810634375 0.4497677765625
5 0.1494844421875 0.239096690625 0.1497058 0.22506132031249998 0.12510981875 0.2248061296875 0.0772963046875 0.22531650781249998 0.07732145 0.23858631562500002 0.1035524765625 0.23858631562500002 0.1494844421875 0.239096690625
0 0.1827171203125 0.406539203125 0.178248590625 0.411412190625 0.1945526953125 0.44510543125 0.198779684375 0.444966203125 0.198073046875 0.4031032109375 0.192861896875 0.40305849531250004 0.187910284375 0.4038938640625 0.1827171203125 0.406539203125
0 0.21730882812500002 0.3359793921875 0.21545565781249998 0.3425920203125 0.21510267500000002 0.3473734609375 0.215488421875 0.3517696546875 0.25137189531250004 0.3521548984375 0.25128364531249997 0.3474751921875 0.2218976375 0.32824770625 0.21730882812500002 0.3359793921875
0 0.2167793515625 0.24404055625 0.219073753125 0.250347984375 0.2218976375 0.25553635468749997 0.2522543546875 0.23783485781249997 0.2510189046875 0.22572866249999998 0.2151001734375 0.22533471875000002 0.21483793437499998 0.2312222296875 0.21501442499999998 0.23712272968749998 0.2167793515625 0.24404055625