3 0.6707645531249999 0.7047394046875 0.678607025 0.711472215625 0.6964308515625001 0.7195515875 0.696193203125 0.7424431546875 0.8646576453125 0.7424431546875 0.8641823328125 0.5173024015625 0.8043892359375 0.5173024015625 0.6720176171875 0.5170276328125001 0.67266575 0.66602574375 0.6966684984375 0.6650158234375 0.6707645531249999 0.7047394046875
0 0.76083426875 0.5526676 0.764399034375 0.5338157359375 0.7655872890625 0.5166470609375 0.722275396875 0.5153451484375 0.72185951875 0.5233798703125 0.754655346875 0.5647866546875 0.76083426875 0.5526676
0 0.6795576328124999 0.7121634484375 0.69381669375 0.7192328953125 0.7023721265625 0.718896259375 0.7023721265625 0.663403825 0.6973814593750001 0.66368720625 0.6705268875 0.705093990625 0.6795576328124999 0.7121634484375
5 0.6938958484375 0.743142734375 0.693642084375 0.7260678953124999 0.678035371875 0.7260678953124999 0.6572898703125001 0.7260898140625 0.6577339624999999 0.743322465625 0.6738482125 0.74296299375 0.6938958484375 0.743142734375
5 0.8337730499999999 0.7423899421875 0.83355323125 0.726094509375 0.7964509375 0.726094509375 0.752157865625 0.7269125015625 0.7523714375 0.7422861468749999 0.7877300171875 0.7421823562500001 0.8337730499999999 0.7423899421875
3 0.6537868 0.8670193156250001 0.6530141625 0.72697183125 0.6208602984375 0.72697183125 0.622019246875 0.579306865625 0.5893754265625 0.57903324375 0.50515824375 0.57817693125 0.5051511984375 0.74119985 0.5053443546875 0.866198471875 0.6537868 0.8670193156250001
0 0.557347503125 0.631612621875 0.5666324484375 0.6188156609375 0.5714003859375001 0.602997196875 0.5731569984375 0.5790028984375 0.5323471640624999 0.5787710484375 0.5320021140625 0.6413880765625 0.5456785843749999 0.6396107203125 0.557347503125 0.631612621875
5 0.6175364546875 0.8672791546875 0.617190928125 0.850148571875 0.599914765625 0.8504748703124999 0.5534418875 0.850700703125 0.553269125 0.8676054515624999 0.573885346875 0.8676054515624999 0.6175364546875 0.8672791546875
5 0.5169575875 0.5353373328125001 0.5164129890625 0.512387046875 0.5169575875 0.4680293578125 0.504636103125 0.46801504843749997 0.5047041812499999 0.48847247187500004 0.5051126218750001 0.5349516125 0.5169575875 0.5353373328125001
3 0.6671026984374999 0.3614008078125 0.7115038031250001 0.3655026890625 0.7124690296875 0.1748740671875 0.5038561687499999 0.17442686875 0.5034942 0.42361280937499995 0.6671026984374999 0.422929171875 0.6671026984374999 0.3614008078125
5 0.632112678125 0.1947730078125 0.6317866421875 0.1744516703125 0.6001606265625 0.1749135296875 0.562502853125 0.17438884999999998 0.56299191875 0.1947730078125 0.5871189718750001 0.19431115000000002 0.632112678125 0.1947730078125
0 0.60675535 0.3774272703125 0.5982796718750001 0.402088396875 0.598508740625 0.42376355 0.6406580546875 0.423829134375 0.6404289859375 0.35893141875 0.62164504375 0.365421190625 0.60675535 0.3774272703125
3 0.77243191875 0.4252633921875 0.77243191875 0.371722778125 0.773119125 0.3697931390625 0.864977146875 0.3697931390625 0.864289921875 0.17581815781250001 0.7058863984375 0.174419325 0.704626503125 0.3548666640625 0.704855571875 0.420720546875 0.77243191875 0.4252633921875
5 0.7967135843750001 0.19398951250000002 0.796484515625 0.175169178125 0.759603871875 0.1745201984375 0.7242121859374999 0.1748247640625 0.725243021875 0.19398951250000002 0.7515863406250001 0.195287471875 0.7967135843750001 0.19398951250000002
0 0.7290752453125 0.3616207296875 0.718416365625 0.360510534375 0.717632625 0.423791678125 0.7583871734375001 0.4231255625 0.755722446875 0.3938164015625 0.74271235 0.3693920984375 0.7290752453125 0.3616207296875
0 0.79586031875 0.47503277656250004 0.7860532171875 0.4672062484375 0.773759803125 0.4627059953125 0.7657828953125 0.46161720468749995 0.7653339828125 0.5153394015625 0.7723785203125 0.5155350624999999 0.783428778125 0.49557741875000005 0.79586031875 0.47503277656250004
5 0.864475209375 0.4932681609375 0.8643868328125001 0.46687485625 0.8642100921875 0.43971044531250003 0.8525891968750001 0.43970062343749994 0.852633384375 0.45948246875 0.8523682671874999 0.4926422515625 0.864475209375 0.4932681609375
3 0.32995305468749997 0.7810644109375 0.4872477984375 0.78190353125 0.4869516140625 0.5950674484375 0.4872477984375 0.5032171703125 0.43076913125000005 0.5036367296875001 0.363423275 0.5030486296875 0.3298049625 0.5875377187499999 0.33010114687500003 0.64665106875 0.32995305468749997 0.7810644109375
0 0.381606140625 0.5658442124999999 0.3779269640625 0.546959403125 0.3691618734375 0.5328572281249999 0.3634266953125 0.5258061406250001 0.3568528703125 0.52060031875 0.33756426093749997 0.56992386875 0.37619559062499996 0.6009463625 0.3809568765625 0.5839317859375 0.381606140625 0.5658442124999999
5 0.4448050015625 0.7812632625 0.4448050015625 0.7649336703125 0.421504846875 0.7649336703125 0.38135065 0.7653969625 0.38159899375 0.781561978125 0.40613763281250004 0.7813628359375 0.4448050015625 0.7812632625
0 0.3016882875 0.7180987890625 0.2931467890625 0.7281185296875 0.28634028749999996 0.7447550875 0.28353761093749996 0.7576106046875 0.283137225 0.7691427656250001 0.2829703984375 0.7807342562499999 0.3257112421875 0.7808639687500001 0.32531085625 0.7095914609375 0.31116400624999996 0.71186008125 0.3016882875 0.7180987890625
0 0.30279761875 0.66180024375 0.30772241562499997 0.6487794906250001 0.31033870625 0.632211184375 0.3100309125 0.62588906875 0.26628492187499997 0.6268211499999999 0.266477296875 0.6849086671875 0.28032826875 0.68294663125 0.29525654375 0.67335445625 0.30279761875 0.66180024375
0 0.3693381390625 0.5010718890625 0.3813713171875 0.5049355109375 0.390516521875 0.5051627796875 0.390717075 0.451850915625 0.38474060312499997 0.45175390000000004 0.35874895 0.49289009687499996 0.3693381390625 0.5010718890625
5 0.48745060625000003 0.490993334375 0.48723093281249996 0.47481240468749997 0.48723093281249996 0.45593465625 0.4758812484375 0.45582765937499997 0.4758080265625 0.47190813593750003 0.4758812484375 0.4906821625 0.48745060625000003 0.490993334375
0 0.370200171875 0.4365942078125 0.37839940781250003 0.4408176609375 0.3903255734375 0.4412136078125 0.39030227812499996 0.395977596875 0.384735184375 0.3962181953125 0.362839496875 0.4307869609375 0.370200171875 0.4365942078125
3 0.328338478125 0.2725192078125 0.328080365625 0.39202949375 0.4194991265625 0.39294355312499996 0.48712441406250007 0.39166387187499996 0.48712441406250007 0.223545096875 0.48712441406250007 0.1241343765625 0.45030822031250006 0.1241343765625 0.3475152125 0.12430479375 0.347696859375 0.1767549828125 0.328596590625 0.17657217187500002 0.328338478125 0.2725192078125
0 0.38434873125 0.18501075312499998 0.3932535890625 0.1736764109375 0.39919015625 0.16087957656250002 0.4021584359375 0.1442534359375 0.4020293828125 0.1250581828125 0.361860740625 0.12430479375 0.3621511140625 0.193237290625 0.3740242609375 0.1915919796875 0.38434873125 0.18501075312499998
5 0.45863232031249995 0.141641059375 0.45863232031249995 0.123908296875 0.44288750625000006 0.12372548750000001 0.4149469078125 0.12316270781250001 0.41475332187499997 0.140727 0.43282114531250004 0.141275434375 0.45863232031249995 0.141641059375
0 0.36567068593749996 0.34307997343749996 0.355820634375 0.3344827171875 0.346269071875 0.330677371875 0.33970237187499996 0.3305364359375 0.33942875781250004 0.3929102109375 0.379003078125 0.39250716875 0.3784061078125 0.37164825 0.37382931875000003 0.356849696875 0.36567068593749996 0.34307997343749996
3 0.128220434375 0.3479920015625 0.12841394687500002 0.4655375015625 0.33383999062499997 0.4671821125 0.334227003125 0.32196701562499996 0.334614 0.1762037109375 0.31429636250000004 0.17623293125 0.314683375 0.1244278359375 0.26925705 0.12387963125000001 0.2454564 0.094824928125 0.23907085 0.1109968921875 0.2322983046875 0.094824928125 0.20927164843749999 0.1233314375 0.16210570625 0.12301887812500001 0.16247017187499999 0.1762037109375 0.12880094375 0.1762037109375 0.128220434375 0.3479920015625
5 0.17426060000000002 0.172640928125 0.174172290625 0.1583799671875 0.173907353125 0.141992375 0.16229439375000002 0.14226742812499998 0.1626034828125 0.1561282375 0.1626034828125 0.172515828125 0.17426060000000002 0.172640928125
5 0.21023337187500002 0.14050455781249999 0.21032168125 0.123741678125 0.205611171875 0.123741678125 0.175651503125 0.12382361718749998 0.17588020937499999 0.1402543640625 0.188950309375 0.1403794640625 0.21023337187500002 0.14050455781249999
1 0.23937809687499997 0.11237478125 0.233107984375 0.09573699531249999 0.20944050937499997 0.12388362500000001 0.20932024999999999 0.1402354828125 0.2687858125 0.139753715625 0.2689624390625 0.12374141093749999 0.24520665312499998 0.0956119015625 0.23937809687499997 0.11237478125
5 0.30226806875 0.140006571875 0.30226806875 0.12411936875 0.288314859375 0.12386917500000001 0.267826596875 0.12335470625 0.26791490625000003 0.1397563828125 0.28195643125 0.140006571875 0.30226806875 0.140006571875
5 0.31447369375 0.1721952234375 0.314351865625 0.15942457968749998 0.3144127796875 0.14268468437499998 0.3032196484375 0.142551884375 0.3032653375 0.1530392578125 0.3032653375 0.1719363578125 0.31447369375 0.1721952234375
0 0.3025038484375 0.40916946875000004 0.29567724375000004 0.42279553437499995 0.290712434375 0.4379600234375 0.2897815359375 0.45224541250000005 0.3347750546875 0.451366309375 0.3347750546875 0.39465783593750003 0.3228285046875 0.3951038515625 0.3116576921875 0.3999389078125 0.3025038484375 0.40916946875000004