3 0.12189105156249999 0.3422718546875 0.12189105156249999 0.341064071875 0.129271296875 0.34086277656249997 0.2878595421875 0.3406614796875 0.2878595421875 0.34247315 0.2952481828125 0.34186925625 0.2953850140625 0.14616930625 0.2041380078125 0.14657189843750001 0.20427482968750002 0.1497926453125 0.18101428749999998 0.1185916875 0.176909478125 0.12644224843750002 0.172941509375 0.14069975625 0.17020497343750002 0.13023233750000002 0.1648687234375 0.11895973281250001 0.14160818125000002 0.14935550625 0.14160818125000002 0.1459334625 0.1130383375 0.1456118296875 0.113544621875 0.2528472765625 0.1140919265625 0.3422718546875 0.12189105156249999 0.3422718546875
1 0.1730377296875 0.1389359171875 0.1657859109375 0.11900756562499999 0.13937834843750002 0.15161759531250002 0.139375140625 0.1575776484375 0.20628662812499998 0.158059084375 0.20642345781250002 0.151818890625 0.1808368546875 0.1177997859375 0.1730377296875 0.1389359171875
0 0.26962382812499996 0.314057825 0.267307071875 0.30810177968749997 0.2648799890625 0.3033138375 0.2395059484375 0.33571806406250004 0.2394167015625 0.340010615625 0.273374778125 0.3401886328125 0.273043809375 0.33045044218749997 0.27138898125 0.3211180109375 0.26962382812499996 0.314057825
5 0.29565947656249997 0.2818706796875 0.29538415156250003 0.25753486875 0.29538415156250003 0.2158147234375 0.2862849078125 0.2161232578125 0.2862984734375 0.23985862500000002 0.286482021875 0.2817356640625 0.29565947656249997 0.2818706796875
3 0.2311035671875 0.4993238890625 0.23146658593749997 0.33231995 0.1732208796875 0.3328540140625 0.157611034375 0.3125594921875 0.15506989375 0.31709905781250003 0.1518027140625 0.325377084375 0.15053214374999999 0.3203034546875 0.146175909375 0.3130935578125 0.1307475796875 0.331785884375 0.1213090734375 0.331785884375 0.1213090734375 0.33071775 0.058285717187499995 0.33005529375 0.058187214062500006 0.38710502812500003 0.058550232812500005 0.501193115625 0.2311035671875 0.4993238890625
5 0.104391796875 0.342790809375 0.104462609375 0.3298730609375 0.09157503125000001 0.3297688859375 0.0733758796875 0.32982635 0.07302258125 0.342790809375 0.0822988046875 0.342790809375 0.104391796875 0.342790809375
1 0.1503093609375 0.3184587203125 0.14738623125 0.3136069453125 0.1304470890625 0.335550209375 0.1305969921875 0.3407327890625 0.17544058906249999 0.3400111234375 0.1755659890625 0.33991176562500003 0.175343315625 0.33488860625 0.158254265625 0.31261453437500003 0.1551812359375 0.3192305953125 0.153007628125 0.32683906406249996 0.1526328671875 0.3245234421875 0.1503093609375 0.3184587203125
5 0.202426146875 0.34131773125 0.20234937656250002 0.3310394375 0.19444165 0.330926490625 0.1850255171875 0.33111861875000004 0.184921665625 0.341430678125 0.19367390625 0.341430678125 0.202426146875 0.34131773125
5 0.22730059531250002 0.3408659390625 0.2269935 0.33115238593749996 0.2200838359375 0.33115238593749996 0.20926092343749997 0.33111861875000004 0.20925869531250002 0.3412047828125 0.215938034375 0.3409788875 0.22730059531250002 0.3408659390625
0 0.2121364140625 0.438089109375 0.2206074203125 0.44262087499999997 0.232030446875 0.4439426421875 0.2320997203125 0.3920479078125 0.228693384375 0.3927714515625 0.2048205453125 0.4316691078125 0.2121364140625 0.438089109375
5 0.10810716875 0.501448690625 0.1081951390625 0.4885072765625 0.0914815328125 0.4885072765625 0.0736402296875 0.488229559375 0.07336046874999999 0.5018369328125 0.08734711875 0.5015781046875001 0.10810716875 0.501448690625
3 0.207749003125 0.7119198765625 0.20804786874999998 0.566276965625 0.23180775625 0.566276965625 0.232106621875 0.49017567343749996 0.1694964296875 0.4897359875 0.1129339640625 0.4896071328125 0.1133083375 0.5975302874999999 0.11315889999999999 0.7114801921875 0.207749003125 0.7119198765625
0 0.21318115468749999 0.5023694062499999 0.2061664671875 0.5100796937500001 0.2283796421875 0.5474277328125 0.23180347499999998 0.5475505875 0.2319329578125 0.49648463437499996 0.225957903125 0.49696377031249994 0.21894321562500002 0.4988066015625 0.21318115468749999 0.5023694062499999
5 0.1842284390625 0.7123005921875001 0.184344475 0.698472665625 0.1658941546875 0.6983019500000001 0.1395156265625 0.6981648609375 0.1392049984375 0.7119591625 0.1499967015625 0.7123005921875001 0.1842284390625 0.7123005921875001
0 0.236248715625 0.6789079078125 0.23302238593750002 0.68903379375 0.231301671875 0.6997925515625 0.2315027609375 0.7113194484375 0.2664687078125 0.711342396875 0.26668379531249997 0.7046972796875 0.2411957609375 0.670997053125 0.236248715625 0.6789079078125
5 0.3266126984375 0.6053937484375 0.3265368328125 0.592223971875 0.3175849765625 0.5921123640625 0.30148504374999996 0.5921982390625 0.3015019796875 0.605058925 0.30946761562499997 0.6051705328125 0.3266126984375 0.6053937484375
0 0.28119912343750003 0.6509247296875 0.2767990546875 0.6537149343750001 0.272019675 0.6571747921875 0.2687575546875 0.6611926890625 0.2904512875 0.6990136062500001 0.2937134078125 0.6987903906249999 0.2937249296875 0.6480993203125001 0.29007511406250003 0.648134521875 0.28688885937499997 0.6482461296875 0.28119912343750003 0.6509247296875
5 0.2864020953125 0.579837440625 0.29602419375 0.5801705234375001 0.2957977921875 0.5663477765625 0.2956845953125 0.542199609375 0.288378746875 0.5421235859375 0.2887793171875 0.5680131687500001 0.28628889062499996 0.5683462453125 0.2864020953125 0.579837440625
3 0.288339640625 0.35504583125 0.26779561093750004 0.3909950875 0.2707304734375 0.3936750421875 0.2766001953125 0.39814163125 0.2882384421875 0.40350154062500004 0.28813723593749996 0.430152190625 0.2886432484375 0.527733040625 0.3863677984375 0.52907301875 0.3863677984375 0.3303259796875 0.3359682203125 0.3303259796875 0.334348984375 0.32079725468750003 0.3322237421875 0.311566303125 0.32766964375 0.302186465625 0.3035835453125 0.333154821875 0.3035835453125 0.32987932343750004 0.2869751046875 0.32994228593749997 0.286821609375 0.34179494843749997 0.2882384421875 0.341943834375 0.288339640625 0.35504583125
0 0.3303147515625 0.30787774687499997 0.3278005390625 0.3021118875 0.3021407921875 0.3345312421875 0.3020049984375 0.34180114375000004 0.336378434375 0.34237409375 0.336082646875 0.328231421875 0.3329768609375 0.314197540625 0.3303147515625 0.30787774687499997
0 0.2678401140625 0.39093840156250004 0.27220300937499997 0.39496362500000004 0.278403678125 0.3988800578125 0.28653789218750003 0.402578909375 0.293784734375 0.4038843859375 0.2935461703125 0.3518607234375 0.2907638078125 0.3520635203125 0.29032011875 0.3529338359375 0.2678401140625 0.39093840156250004
5 0.38715393124999997 0.46442181875 0.387013984375 0.4386682265625 0.38687402656250003 0.39769506093749996 0.3774629390625 0.3980286140625 0.3773572453125 0.42427223906249995 0.37763714843749996 0.4646277125 0.38715393124999997 0.46442181875
5 0.8268484062500001 0.71121184375 0.8267495984375 0.6981295281250001 0.8067910906250001 0.6981295281250001 0.7825820625000001 0.6983152984375 0.7821887734375 0.71121184375 0.7990843421875 0.71121184375 0.8268484062500001 0.71121184375
0 0.8151840796875 0.5880698375 0.817561115625 0.5805377453125 0.8193896046875 0.5701811171875 0.8199381499999999 0.5572689625 0.7858709515625 0.5571712437499999 0.7856539796875001 0.5621110203125 0.811892796875 0.5953329265625 0.8151840796875 0.5880698375
3 0.6710568671875 0.7109094453125 0.7525348703125 0.71102359375 0.7525348703125 0.6237588015625 0.7829500484375 0.62421539375 0.782717278125 0.49033185156250003 0.69800278125 0.49044600000000005 0.6503082015625 0.49032392343750003 0.6495612359375 0.6260417671875 0.6499491859375001 0.7109094453125 0.6710568671875 0.7109094453125
0 0.7596193125 0.5369831578125 0.7637525640625 0.540248740625 0.769110478125 0.54396475 0.7757695984375 0.546554696875 0.7825052640625 0.54711773125 0.7824549671875001 0.49609637968750003 0.77913743125 0.4963105984375 0.7571699828125 0.5346184234375 0.7596193125 0.5369831578125
5 0.7241273609375 0.7113736125 0.724192109375 0.6984181484375 0.711436096875 0.6983228890625 0.6802309656250001 0.69830246875 0.6801612 0.7113736125 0.699068590625 0.7113736125 0.7241273609375 0.7113736125
3 0.658117146875 0.5001630125000001 0.657860490625 0.498275103125 0.78260083125 0.4985268234375 0.78260083125 0.449536375 0.7828574859375 0.3319109890625 0.6581614015625 0.3319109890625 0.6581614015625 0.33002307656249996 0.6499484953125 0.3301489390625 0.595648809375 0.32962508437500004 0.5954962921875 0.4201904109375 0.595581840625 0.500666459375 0.658117146875 0.5001630125000001
5 0.6370844296875 0.342270584375 0.6371625187500001 0.3296909546875 0.6279870890625 0.32980583750000003 0.6133449515625 0.3295725484375 0.61326735625 0.34238546875 0.623223675 0.34238546875 0.6370844296875 0.342270584375
0 0.7644422796875 0.397193615625 0.7570422578125 0.4060066921875 0.7793597734375 0.443883865625 0.78264866875 0.44353825156250004 0.7826777859375 0.39188930625 0.7766581765625 0.3923550640625 0.771137534375 0.3939103140625 0.7644422796875 0.397193615625
5 0.6412002234374999 0.5013944546875 0.6409370234375 0.4876482765625 0.6304089609375 0.4876482765625 0.6115751203124999 0.487658359375 0.6115900578125 0.501200846875 0.6219865140625 0.5013944546875 0.6412002234374999 0.5013944546875
3 0.6583656515625 0.3420282453125 0.658250428125 0.33931591875 0.77681785 0.3401635234375 0.77681785 0.3420282453125 0.8219870468750001 0.3403330421875 0.8219870468750001 0.27739983125 0.8173779515625 0.2777388703125 0.8164561265625 0.2702799828125 0.813805896875 0.2594306859375 0.8085054296875 0.24807283125000001 0.7845380921875 0.2775693515625 0.7825718453125 0.2775693515625 0.7825718453125 0.14609503125 0.7294050750000001 0.14609503125 0.6495508046875 0.145765425 0.6494931296875001 0.258738871875 0.649838815625 0.34219776562500004 0.6583656515625 0.3420282453125
5 0.7273752421874999 0.158755875 0.7272741109374999 0.1461093734375 0.708361321875 0.1461093734375 0.6833204984375 0.1461030015625 0.683586178125 0.1584583078125 0.694457809375 0.158830265625 0.7273752421874999 0.158755875
0 0.8118831953125 0.2546137109375 0.8091733765625 0.248206628125 0.7835268531249999 0.28038441875000003 0.783147425 0.2857436890625 0.8184641890625001 0.2857948421875 0.8172060578125 0.27198401875 0.8144962390625 0.261163171875 0.8118831953125 0.2546137109375
0 0.809957765625 0.3078776109375 0.8058619031250001 0.302591878125 0.7804244671875 0.33511720624999997 0.781040571875 0.341682159375 0.8154189093750001 0.34083265156250003 0.814484765625 0.32613830781250003 0.81225719375 0.3159896984375 0.809957765625 0.3078776109375
5 0.85518926875 0.250622196875 0.8546787953124999 0.2141783859375 0.8546787953124999 0.1844935796875 0.845682146875 0.1843733515625 0.8455753125 0.209537075 0.845830546875 0.250371859375 0.85518926875 0.250622196875
3 0.847003378125 0.42734549218750006 0.846420615625 0.5013438421874999 0.9412652765624999 0.5015581796874999 0.9408282 0.4354903015625 0.9405368093750001 0.3297700828125 0.8456323859375001 0.3294077421875 0.8451093984375 0.3435050140625 0.8472947578125 0.34221899375 0.847003378125 0.42734549218750006
0 0.8669906953125001 0.372783546875 0.8596453203125 0.3679285140625 0.853683853125 0.366362375 0.847391353125 0.365859003125 0.84740301875 0.4174566171875 0.8508095718750001 0.4177698453125 0.873165075 0.379204715625 0.8669906953125001 0.372783546875
5 0.9414065 0.42829795156249995 0.9412405078124999 0.4050985171875 0.94082553125 0.3636761625 0.9316013234374999 0.3633309390625 0.9315299421875001 0.39775259375 0.9314469484375 0.42817584999999997 0.9414065 0.42829795156249995