3 0.846259103125 0.6389468578125 0.8458751328125 0.7334145328125 0.9890963453125 0.7339570703125 0.9887123890625 0.5439366437500001 0.9889043671875 0.43129392656250004 0.8645329109375 0.43153756249999997 0.8654576578125001 0.532565309375 0.846259103125 0.5320227703125 0.846259103125 0.6389468578125
5 0.9575747937499999 0.45007755312500003 0.9578553578125 0.430256165625 0.9289572765624999 0.430256165625 0.8923123687500001 0.430527675 0.89178255 0.45007755312500003 0.9185764046875 0.45007755312500003 0.9575747937499999 0.45007755312500003
5 0.9572403625 0.7335391375 0.95713971875 0.7163339328125 0.9413402718749999 0.7164761234375 0.8921482703124999 0.715813778125 0.8924324171875 0.73325475625 0.9176914140625 0.7339657109375 0.9572403625 0.7335391375
0 0.8583183890624999 0.71384943125 0.8632521499999999 0.711223896875 0.868890734375 0.706697115625 0.8735041203125 0.7009713640624999 0.8774767593749999 0.6926420859375 0.87952715625 0.6829547703125 0.8796553015624999 0.6740822765625001 0.84670635625 0.6741300171875 0.8465926953125 0.71384943125 0.853256478125 0.7141210375 0.8583183890624999 0.71384943125
5 0.808588328125 0.73389931875 0.8085085953125001 0.7166638515625 0.7548552765625 0.716551203125 0.7103035875 0.71677233125 0.7102936078125001 0.73378666875 0.760747090625 0.73344871875 0.808588328125 0.73389931875
3 0.7901945968749999 0.6186645375000001 0.8535149328125 0.618987534375 0.853286340625 0.5420624078125 0.8716881031250001 0.5415779171875 0.8718023953125 0.4323271328125 0.83704415625 0.43184263749999996 0.7491495390625 0.4318450859375 0.7494008484375 0.5239616093749999 0.749858034375 0.6188260375 0.7901945968749999 0.6186645375000001
5 0.828305878125 0.44856430312500006 0.828305878125 0.43156958593750006 0.8064056640624999 0.43167449375 0.7749822578125001 0.43145229531249996 0.7748437296875 0.44866920937500004 0.789030315625 0.448774115625 0.828305878125 0.44856430312500006
0 0.8214283218749999 0.581003253125 0.8150501125 0.5920432 0.8132163765625 0.598604425 0.8124191015625 0.606264796875 0.81256825625 0.6185724968749999 0.8399251203125001 0.61854391875 0.8399251203125001 0.571991053125 0.8286835296874999 0.5745820609375001 0.8214283218749999 0.581003253125
0 0.7411822109374999 0.575779053125 0.7337361765625 0.5809046703125 0.7288676140625 0.5877837875 0.7242854421875 0.5983047906250001 0.7236172062499999 0.605049025 0.7231377578125 0.6184477515625 0.749391940625 0.6186723749999999 0.7498692453125 0.618807259375 0.749678321875 0.5745650906249999 0.7411822109374999 0.575779053125
3 0.6279536078125 0.6188431578125 0.6958744328125 0.6188431578125 0.6959787609375 0.49891966249999997 0.6953527578124999 0.43194355937499995 0.6195042140625 0.43194355937499995 0.55795640625 0.4316866484375 0.5578458328125 0.5309335234375 0.5580545015625 0.6188431578125 0.6279536078125 0.6188431578125
5 0.672326403125 0.44889676874999995 0.6721177375 0.431648721875 0.6310876375000001 0.431648721875 0.5839290984375001 0.43135388125 0.583841734375 0.44889676874999995 0.6224449640625 0.44919160625 0.672326403125 0.44889676874999995
0 0.6717717796875 0.580202084375 0.6660623484375 0.589257159375 0.6626832921875 0.599135421875 0.661751134375 0.6070380359375 0.661751134375 0.6185893515625 0.6902983203125 0.6185893515625 0.6902983203125 0.5714762828125 0.6801611609375 0.573616578125 0.6717717796875 0.580202084375
3 0.6627756781249999 0.7336239796874999 0.6624687781249999 0.6086784265625 0.62748088125 0.6086784265625 0.5580248531249999 0.6089186421874999 0.5578120156249999 0.648574753125 0.5579654703125 0.7336239796874999 0.6627756781249999 0.7336239796874999
0 0.63101035625 0.6407689515625 0.6374554953125 0.65421228125 0.6501923109375001 0.662668565625 0.6626222281249999 0.663319046875 0.6626722843749999 0.62133033125 0.6288619828125 0.622338584375 0.62916889375 0.6307948703124999 0.63101035625 0.6407689515625
5 0.6428600578125 0.73386349375 0.6431058484375 0.71649856875 0.620490109375 0.716614334375 0.5844138156249999 0.7167192453125 0.5845465640625 0.7340950265624999 0.601484790625 0.73386349375 0.6428600578125 0.73386349375
3 0.5325448609375 0.72850486875 0.5323954078125 0.513808284375 0.5326943156249999 0.426539284375 0.469212853125 0.42590574062500003 0.3789369703125 0.42614654375 0.3782555171875 0.5903070671874999 0.37840498125 0.72850486875 0.5325448609375 0.72850486875
4 0.4656564375 0.4270996859375 0.47916507968750005 0.4270996859375 0.47928900781249995 0.4199200703125 0.45115633906249997 0.41939473437499997 0.45128027656249997 0.42587389687500005 0.43880765468750005 0.425843453125 0.4387630984375 0.4430349265625 0.4660282390625 0.44338515 0.4656564375 0.4270996859375
5 0.5012161749999999 0.728695825 0.5013103562500001 0.711396575 0.4593983546875 0.711396575 0.410422965625 0.7113546359375 0.410328665625 0.7288288953125 0.4451648671875 0.728695825 0.5012161749999999 0.728695825
0 0.40246760468750004 0.6735290234375 0.406690021875 0.66698551875 0.41050381874999997 0.6571702625 0.41179778437500003 0.649445075 0.4120020953125 0.6420355171875001 0.3786635453125 0.64257719375 0.3787675921875 0.6818046343749999 0.3874167375 0.6819970890625 0.3959977734375 0.679398934375 0.40246760468750004 0.6735290234375
3 0.24820700156250003 0.6137824578125 0.3058937609375 0.613625275 0.385814446875 0.613283078125 0.3855722546875 0.5554100359375 0.4073688125 0.5554100359375 0.406884446875 0.5459995906249999 0.40409931875 0.5367602437500001 0.39974002343750004 0.5295463625 0.3923534078125 0.523557896875 0.3969548953125 0.52133360625 0.40082984374999997 0.5170561328125001 0.4044625984375 0.5098699734375 0.4066422546875 0.49874854375 0.40640007968749997 0.49190458125000003 0.3856933515625 0.492246778125 0.3860566296875 0.4265031796875 0.3279712921875 0.42598988125000004 0.2485451859375 0.42625397343750004 0.24809655312499998 0.4626212609375 0.24842788906250002 0.5600620296875001 0.24820700156250003 0.6137824578125
5 0.3639224203125 0.4438695390625 0.3639224203125 0.4260102484375 0.3383008578125 0.4260102484375 0.2866654375 0.4255529765625 0.2870209640625 0.4438695390625 0.318909275 0.444330421875 0.3639224203125 0.4438695390625
0 0.27141241875 0.574288778125 0.2650518671875 0.5837369156250001 0.2621977734375 0.59206085 0.261219225 0.5995502296875 0.261056134375 0.60554173125 0.26137225937499997 0.6137786359375 0.2895970796875 0.613261553125 0.2892708921875 0.5662232890625 0.2803008859375 0.5678363890625 0.27141241875 0.574288778125
4 0.2546427109375 0.5609737484374999 0.254715615625 0.5379946125 0.2545698125 0.5226380671874999 0.2480204984375 0.52286604375 0.24815444375 0.53654415625 0.24815444375 0.5610767562500001 0.2546427109375 0.5609737484374999
1 0.4070338734375 0.5509983046875 0.4060347125 0.5421747484375 0.40287073749999996 0.535468846875 0.3985410828125 0.528998240625 0.3915470203125 0.5236755140625 0.39521057656249997 0.5220284484375 0.40078916875 0.5168519625 0.40445272499999996 0.5102637078125001 0.4067840828125 0.5009695640625 0.4065342921875 0.49308718906250004 0.378512796875 0.4934395859375 0.378391525 0.5545277234375 0.40711713281249995 0.555233609375 0.4070338734375 0.5509983046875
3 0.1154954609375 0.6124678703125 0.1159254 0.6218839828125 0.118612525 0.6310324171875 0.1228044375 0.63938541875 0.1288235890625 0.6462196890625 0.13677748125 0.6507758734375 0.1437639984375 0.650927746875 0.1435490296875 0.6133905703125 0.186100578125 0.6133905703125 0.2549984328125 0.613998059375 0.254675975 0.5694747375 0.2545684875 0.42676779218750005 0.17805401406250002 0.426008428125 0.10132946093749999 0.4260033484375 0.1016299015625 0.5106495343749999 0.1016299015625 0.6124678703125 0.1154954609375 0.6124678703125
5 0.18148693437500002 0.4435967265625 0.1813417078125 0.4262573609375 0.1610908484375 0.4262573609375 0.1264381109375 0.42603469218749995 0.1268252546875 0.4434941265625 0.1364668875 0.44369932656250005 0.18148693437500002 0.4435967265625
5 0.11356993906249999 0.528981725 0.11367682812499999 0.504062509375 0.11356993906249999 0.4676653453125 0.101116915625 0.46751714843750003 0.10117123750000001 0.49364174375000003 0.10149189375 0.5288307 0.11356993906249999 0.528981725
0 0.129602746875 0.5953431296875 0.1339850453125 0.587338778125 0.1363365234375 0.5775221140625 0.1364434125 0.5689136578125 0.1017047328125 0.56859744375 0.1017056671875 0.6038005656250001 0.1139974796875 0.604253640625 0.12297585312499999 0.6019882546875001 0.129602746875 0.5953431296875
0 0.12128556093750001 0.6366608546875 0.1270514484375 0.6440672328125 0.13526346875 0.6498688921875 0.14365021875 0.6511032890624999 0.14321340625 0.6041762453125 0.1152214890625 0.6042911109375 0.1158691234375 0.6224653046874999 0.1180531703125 0.6301185593749999 0.12128556093750001 0.6366608546875
0 0.22360888750000002 0.6314250515625 0.22584567031249997 0.6391156109375 0.23107061562500003 0.64848355625 0.2382283234375 0.6555420140625 0.24478955624999998 0.6580704140625 0.2545568421875 0.657754365625 0.254479734375 0.6208043421875 0.2231615328125 0.6203632921875 0.2230124140625 0.624998696875 0.22360888750000002 0.6314250515625
5 0.23304996562500002 0.72839706875 0.23293211406249997 0.71241120625 0.22603783906250002 0.712244684375 0.2167387671875 0.7117897046875 0.21702225 0.7284803281250001 0.2244468515625 0.7284803281250001 0.23304996562500002 0.72839706875
0 0.3557797421875 0.680315753125 0.351189871875 0.6876470078125 0.34829625468750003 0.69356840625 0.34570198125 0.704001340625 0.345502421875 0.7120375265625001 0.3461568109375 0.7280553046875 0.37533658281250004 0.7278279203125 0.37523680625 0.6715746421875 0.3655581625 0.6735484406250001 0.3557797421875 0.680315753125