3 0.613210178125 0.6446312640625 0.7856207703125 0.6431446281250001 0.7856207703125 0.43409176406250005 0.70123855 0.43483507968749996 0.7014989796875 0.40250076874999996 0.6525364687499999 0.4032440828125 0.6527968984375 0.5467946859375 0.6134706249999999 0.5467946859375 0.613210178125 0.6446312640625
0 0.6948074375 0.420140540625 0.6961088 0.403426684375 0.6596982734375 0.40327203125000005 0.660158859375 0.40899797031249996 0.6899273609375001 0.4333723546875 0.6948074375 0.420140540625
5 0.7502777 0.64407101875 0.7504403640625 0.625267928125 0.69548235 0.625079634375 0.6952954499999999 0.644535290625 0.7180691609375 0.644535290625 0.7502777 0.64407101875
3 0.44587328125000003 0.44098256406249997 0.4355162375 0.44113493437500007 0.43536382968750004 0.5277649890625 0.43564451562500006 0.6429342250000001 0.5226394812499999 0.64306774375 0.6189962546875 0.64306774375 0.6190898265625 0.5646270953125 0.619276946875 0.46388874687500004 0.6190898265625 0.40282722031249996 0.5565501078125 0.4025945328125 0.5566430171875 0.4344306109375 0.44587328125000003 0.4344306109375 0.44587328125000003 0.44098256406249997
0 0.5685763453125 0.42085402812500006 0.570671825 0.427368715625 0.5735156859375 0.432708628125 0.6032265953125 0.40878583125 0.603301440625 0.4032323265625 0.5669949921875 0.40279079375000004 0.56685505625 0.409747015625 0.567603440625 0.414980128125 0.5685763453125 0.42085402812500006
5 0.516401596875 0.6433803734375 0.516452934375 0.6259385984375 0.49483551718749996 0.6260118593749999 0.46273885468750003 0.6259778218750001 0.4626519421875 0.643233853125 0.48313545468749997 0.643233853125 0.516401596875 0.6433803734375
5 0.44689358749999997 0.44326619687499996 0.44708088437500004 0.42052563125000003 0.44717452812499997 0.3857573984375 0.434584840625 0.3856016078125 0.43481294375 0.41050257968750004 0.434625646875 0.4427316375 0.44689358749999997 0.44326619687499996
3 0.6634659218750001 0.3321019421875 0.6634659218750001 0.16925361562500002 0.5463336640625001 0.169083565625 0.4351557578125 0.16905874375000002 0.43542610000000004 0.332442046875 0.54599375625 0.3321019421875 0.6634659218750001 0.3321019421875
5 0.528087134375 0.186241615625 0.528161559375 0.1688226984375 0.5058356765625 0.1688226984375 0.47432847499999997 0.168613603125 0.474133603125 0.186347828125 0.491624284375 0.186241615625 0.528087134375 0.186241615625
5 0.6300098843749999 0.1860380140625 0.6300098843749999 0.16892803125 0.615351153125 0.1688370203125 0.5761923734375001 0.16872461562500002 0.57656794375 0.186129025 0.5912362859375 0.186129025 0.6300098843749999 0.1860380140625
0 0.578331396875 0.30988365625 0.5764496718750001 0.31749203593750003 0.5755872140625 0.3246528609375 0.5754754890625 0.3315820109375 0.6115752 0.3318324921875 0.6115752 0.325454878125 0.5815460078125 0.302275275 0.578331396875 0.30988365625
0 0.48474043125 0.29733730625 0.4543309171875 0.3214308828125 0.45442684218749996 0.33183492812500004 0.490783959375 0.3321087171875 0.490783959375 0.316776440625 0.487906090625 0.30390828281250004 0.48474043125 0.29733730625
5 0.4469208375 0.25262835 0.446987434375 0.23789813125 0.446987434375 0.22183744062500002 0.43473187968750004 0.22189944218750002 0.434867215625 0.23390671875 0.434734028125 0.25243828281249997 0.4469208375 0.25262835
0 0.5404264234375 0.3597801015625 0.5585005296875 0.40289060781249997 0.562244453125 0.40252214375 0.5624697921874999 0.34966201875 0.556951325 0.350752684375 0.5479142718750001 0.35333194218749997 0.5404264234375 0.3597801015625
3 0.7856013859375001 0.44284287187500004 0.7859819984375 0.41432829531250004 0.7859819984375 0.3156613265625 0.695145646875 0.31602133593750004 0.6955894140625001 0.35071551875 0.6953991203125 0.44338600625 0.7856013859375001 0.44284287187500004
5 0.7761086671874999 0.3335210671875 0.7763284609375 0.3156431984375 0.761712615625 0.315800021875 0.739387965625 0.3154217015625 0.7391844234375 0.3339915375 0.7554486796875 0.3338347140625 0.7761086671874999 0.3335210671875
0 0.7164364437499999 0.3780843203125 0.7077548499999999 0.3547176359375 0.6997326187499999 0.333546478125 0.6952696125 0.33389341093749997 0.695556659375 0.386709609375 0.7023700609375 0.38592549374999996 0.7088537828125 0.38325949375 0.7164364437499999 0.3780843203125
5 0.690868684375 0.3330793390625 0.690868684375 0.315404621875 0.6799979421875 0.315531778125 0.663903828125 0.3151009609375 0.6637809390625 0.3333336515625 0.6750080984375 0.3333336515625 0.690868684375 0.3330793390625
3 0.38895875 0.643233503125 0.388469403125 0.4339371640625 0.38798002343750004 0.316180840625 0.3507883078125 0.316180840625 0.3263200578125 0.2980238234375 0.3216710984375 0.3116415875 0.32093704375 0.306403990625 0.3170221375 0.29697629999999997 0.29279857656249997 0.3154824953125 0.2546221453125 0.31600321875000004 0.25438342812500003 0.44999914218750003 0.25413875625000004 0.6428843296875 0.38895875 0.643233503125
1 0.3223170921875 0.3127840515625 0.317561871875 0.2970794796875 0.28767190781249996 0.32228435312500003 0.2876809703125 0.331482015625 0.3561470875 0.331784646875 0.3560112296875 0.32073328125 0.3265288609375 0.29824278125000003 0.3223170921875 0.3127840515625
0 0.2694662046875 0.561159290625 0.2599557640625 0.5590265718749999 0.2545060671875 0.5598511140625 0.2549288171875 0.6127323375 0.26226544375 0.6131201046875 0.27979183281250003 0.56852686875 0.2694662046875 0.561159290625
5 0.3489463328125 0.6439476046875 0.348674596875 0.625140884375 0.3272081796875 0.625722540625 0.2938078671875 0.6253738359375001 0.2936499015625 0.644529246875 0.3197356890625 0.6441414812499999 0.3489463328125 0.6439476046875
0 0.2479678171875 0.6853186421874999 0.218671921875 0.7094318390625001 0.218329975 0.72239885625 0.2537831078125 0.7222713296875 0.2534539453125 0.7052041984375 0.2515886578125 0.6956528718749999 0.2479678171875 0.6853186421874999
0 0.23238295625 0.63977629375 0.2254779015625 0.6361134953125 0.21934869531249998 0.6347848875000001 0.21223908281249998 0.6347599125000001 0.2121332984375 0.6869418828125 0.22066763749999999 0.6870525984375 0.23742597812500002 0.6436514 0.23238295625 0.63977629375
5 0.20366355781249998 0.723131734375 0.2038404296875 0.7057997031250001 0.19423025 0.705967975 0.1766532796875 0.7058522468749999 0.1768375984375 0.72330000625 0.1892188078125 0.7232158734375 0.20366355781249998 0.723131734375
3 0.16465744843750002 0.6412714078125 0.1647991046875 0.6360160203125 0.16465744843750002 0.5007253140625 0.16508237812499998 0.4139622671875 0.1012183546875 0.4139622671875 0.037718209375 0.4141136046875 0.037573851562499996 0.4565953921875 0.0372905671875 0.6428884515625 0.16465744843750002 0.6412714078125
5 0.0501800234375 0.570864546875 0.0500383765625 0.549220215625 0.0500383765625 0.492421596875 0.036579459375 0.49243611875 0.0365823625 0.5294278218749999 0.0365823625 0.5706624109375 0.0501800234375 0.570864546875
5 0.12085955 0.6441012374999999 0.1210011875 0.6253031109375 0.1055621765625 0.6253031109375 0.07864348593750001 0.6252728828125 0.078083559375 0.644303365625 0.094939 0.6441012374999999 0.12085955 0.6441012374999999
0 0.152701434375 0.4906431140625 0.164090828125 0.4927268609375 0.1644768375 0.4376872578125 0.1608784328125 0.43813273593749996 0.142188134375 0.483975128125 0.152701434375 0.4906431140625
3 0.221415875 0.4231203859375 0.221415875 0.3317679296875 0.2655132953125 0.3317679296875 0.265951353125 0.2984111171875 0.2779248171875 0.2656625546875 0.2677035625 0.25878619375 0.2782168515625 0.2529517109375 0.26624698593749996 0.22065365781250001 0.26624698593749996 0.1691513796875 0.118055853125 0.1691513796875 0.0372773421875 0.1693117109375 0.0374520671875 0.316573465625 0.0374520671875 0.42228688437499995 0.221415875 0.4231203859375
5 0.11133714531250001 0.187071590625 0.11133714531250001 0.1676927625 0.0875362203125 0.1676927625 0.051568912499999994 0.1679354265625 0.0514697859375 0.18665484375000002 0.0755627453125 0.1868632171875 0.11133714531250001 0.187071590625
5 0.050009610937500004 0.2631620609375 0.049863598437500004 0.24357485781250002 0.050009610937500004 0.2119019265625 0.036472003125 0.21174716093749998 0.0365759609375 0.2350314984375 0.0365759609375 0.2629536859375 0.050009610937500004 0.2631620609375
5 0.050009610937500004 0.398081678125 0.050009610937500004 0.3774525984375 0.049863598437500004 0.3468215390625 0.03695381875 0.34685245781249996 0.0367219796875 0.36995111718749996 0.036867996874999996 0.3978733046875 0.050009610937500004 0.398081678125
0 0.17687153125 0.39831669375 0.1749808625 0.412222159375 0.175019053125 0.42269218906250006 0.21279425624999998 0.4230144625 0.21264881562500001 0.411599528125 0.18094375000000001 0.3862791296875 0.17687153125 0.39831669375
5 0.22661067968749998 0.18686850156249998 0.22704699218750002 0.1679819703125 0.205522453125 0.1683970578125 0.1727795359375 0.16840861093749998 0.1723630109375 0.18728358750000001 0.1951964859375 0.18728358750000001 0.22661067968749998 0.18686850156249998
1 0.278951703125 0.26575212187499997 0.2680874546875 0.25913716875000004 0.27866199062499997 0.2523154984375 0.261858615625 0.21006579374999998 0.254941690625 0.2100630828125 0.2549054984375 0.3079224453125 0.2659146078125 0.3079224453125 0.2660594578125 0.29903360156250003 0.278951703125 0.26575212187499997