3 0.707009765625 0.9027003499999999 0.706792846875 0.961292696875 0.7479160890625 0.9615909984375 0.7479160890625 0.96352995625 0.79900113125 0.96352995625 0.7992180578125 0.9608452453125 0.85470850625 0.9618893015625 0.85470850625 0.810117559375 0.8577454124999999 0.80996840625 0.85535926875 0.8056430375 0.7636454859375 0.8056430375 0.7093608453125 0.8052936 0.709829753125 0.8774938921875 0.7071182328125001 0.8770464406249999 0.707009765625 0.9027003499999999
0 0.7260124984375 0.827609571875 0.7288625015625 0.8275408140625 0.7326125015625 0.8267157203125001 0.7361625 0.8241716796875 0.7389625 0.8203899984374999 0.7414625 0.8155081921875 0.7423625015625 0.8102138390625001 0.7448124984375 0.8104201109375 0.7448625015625 0.8056070625 0.7238874984375 0.8053436421875 0.7238124984375001 0.8102138390625001 0.7260124984375 0.810076321875 0.7260124984375 0.827609571875
5 0.799112515625 0.963229459375 0.798949309375 0.9529052890624999 0.7812829906250001 0.9526808484375 0.74721349375 0.952784025 0.7474593515625 0.9634539 0.7610031203125 0.963566121875 0.799112515625 0.963229459375
0 0.6928389828125 0.8140502625 0.694700959375 0.8180580281250001 0.6972915453125 0.8227337484374999 0.7029584437499999 0.8268528390625001 0.709111075 0.8272981484375 0.7090301203125 0.8103764796874999 0.7109730578125 0.8102651546875 0.7110540125 0.8058120828125 0.6900662484375 0.8055507859375 0.690005534375 0.8101538250000001 0.6922722890624999 0.8101538250000001 0.6928389828125 0.8140502625
3 0.5521403390625 0.8849631421874999 0.5910401859375 0.884619353125 0.5910401859375 0.8862007828125 0.620225 0.8859945109374999 0.6201249984375 0.8849631421874999 0.6654423656249999 0.8851789640625001 0.665673478125 0.8529851953125 0.6658275484375 0.8114745515624999 0.6659816203125 0.753761084375 0.6660586625 0.725481359375 0.602389440625 0.725481359375 0.5527006859375 0.7252694843749999 0.5519903375 0.725232221875 0.5519903375 0.82770985 0.5521403390625 0.8849631421874999
0 0.6575544390625 0.7807699875 0.6541038421875001 0.7840652046875001 0.650173996875 0.792500959375 0.64950304375 0.8006730984375 0.6626344875 0.80080490625 0.6626344875 0.80436374375 0.6660850828125 0.804100125 0.66630074375 0.774408096875 0.6634012828125 0.7745749796875 0.663305434375 0.7783974328125 0.6575544390625 0.7807699875
5 0.62046660625 0.886594140625 0.62046660625 0.8767983875 0.6076864390625001 0.876726359375 0.5907684296875 0.876670028125 0.5907684296875 0.886450084375 0.6014011109374999 0.886450084375 0.62046660625 0.886594140625
3 0.253731846875 0.9733744265625001 0.29533449843750004 0.9728304515625 0.295433390625 0.9745983718750001 0.3624720875 0.9745983718750001 0.3627687703125 0.9731024406250001 0.401633809375 0.9731024406250001 0.401633809375 0.87782160625 0.40143601875 0.8174621515625 0.3098324640625 0.8173261578125001 0.266294721875 0.8171774640624999 0.266587965625 0.8891018296875 0.25363295625000004 0.88882984375 0.253731846875 0.9733744265625001
0 0.273425 0.8244071296875 0.2748249984375 0.829013903125 0.277475 0.8334831625 0.280525 0.8375398765625001 0.2844250015625 0.839190065625 0.289725 0.8400839171875001 0.2896249984375 0.8226881828125 0.291725 0.8226881828125 0.291775 0.817393828125 0.2706374984375 0.8171993125 0.27072499843750003 0.8219318453125 0.273275 0.8217943296874999 0.273425 0.8244071296875
5 0.362928065625 0.9749264515625 0.36278596093750004 0.9644715500000001 0.33270680937499997 0.9644715500000001 0.29559925468750003 0.964492840625 0.2953128390625 0.9749264515625 0.31542936093749996 0.9748287421875 0.362928065625 0.9749264515625
5 0.24317034999999998 0.898363321875 0.24305429374999998 0.8886278515624999 0.2330152828125 0.8885480546875 0.22001679531249999 0.8887005390624999 0.22007482500000003 0.8981239234375 0.230694125 0.8982835218749999 0.24317034999999998 0.898363321875
0 0.23446600625 0.8402196828124999 0.238818178125 0.840139884375 0.2422418875 0.83854390625 0.2452593921875 0.8360701390624999 0.24821886875 0.8316013999999999 0.250714115625 0.8268932625 0.25094623125000004 0.822747971875 0.253557534375 0.8226681749999999 0.253557534375 0.81748124375 0.23271062968749998 0.8173109609375 0.232667109375 0.8222649265624999 0.2347561515625 0.8222649265624999 0.23446600625 0.8402196828124999
3 0.1347447546875 0.8962852578125 0.13482539375 0.8986138531250001 0.17353128281250002 0.898835625 0.17353128281250002 0.8967287984375 0.2128106453125 0.8971723421875 0.212649378125 0.806170771875 0.212649378125 0.7404392875 0.13697842031250002 0.7404392875 0.09891878125 0.7405501765625 0.098757271875 0.8026224375 0.098757271875 0.897061453125 0.1347447546875 0.8962852578125
0 0.19637500000000002 0.7775283546875 0.196125 0.7811037609375 0.1969749984375 0.78577929375 0.198525 0.7894234609375 0.2014250015625 0.7947178140625 0.2053749984375 0.7983619796875 0.20967500156250002 0.7995308640625 0.20967500156250002 0.8033125453125001 0.212725 0.8032437859374999 0.21269999843749998 0.774931271875 0.209775 0.77470928125 0.209725 0.7778721421875 0.19637500000000002 0.7775283546875
5 0.17341494531249999 0.8983516390625 0.173309346875 0.8887677734375 0.16145519531250002 0.8887677734375 0.1349111796875 0.8886877703125 0.1347161046875 0.8983516390625 0.147016121875 0.8984242453125001 0.17341494531249999 0.8983516390625
3 0.1321942625 0.5972055921874999 0.1325699515625 0.60219964375 0.13476145 0.605557715625 0.13726601875 0.6089157859375 0.14039672812499998 0.6124460640625 0.1450301765625 0.6140820484375 0.1453432484375 0.63258071875 0.145405865625 0.6753562296875 0.145280634375 0.70814796875 0.1413359421875 0.7088368046875 0.13782954218750001 0.7118504578125 0.135011903125 0.716241778125 0.1320690359375 0.7252303062500001 0.131943809375 0.7309992984375 0.1450927953125 0.73091319375 0.145155409375 0.744603790625 0.183953596875 0.744157690625 0.253963446875 0.744647171875 0.2540142953125 0.6697863374999999 0.2540142953125 0.5664768375 0.2079722 0.56696631875 0.2079722 0.5649384671875 0.15976884375 0.5649384671875 0.159870540625 0.566686615625 0.14556914375000002 0.56661269375 0.1449675640625 0.5922115375 0.13231949375000002 0.591781015625 0.1321942625 0.5972055921874999
5 0.2079991234375 0.57470121875 0.20789912500000002 0.564593815625 0.1891 0.564593815625 0.1599499984375 0.5647938140625001 0.16007215156250001 0.574563703125 0.17890163750000002 0.5742886703125001 0.2079991234375 0.57470121875
0 0.13198288593750002 0.5918003640625 0.1319284140625 0.5949464609375 0.1319284140625 0.5988416296875 0.1331812609375 0.6039353125 0.1361655734375 0.607373284375 0.1389981015625 0.61089391875 0.14488104375 0.61418983125 0.1447720984375 0.6177104640625 0.1485306453125 0.6175606499999999 0.1482446671875 0.58835026875 0.1449471421875 0.5882797281250001 0.1449471421875 0.592025084375 0.13198288593750002 0.5918003640625
0 0.14211461718750001 0.708904190625 0.13857395781249998 0.7113761249999999 0.13601379062500002 0.714447315625 0.133344678125 0.7196159046874999 0.1318739390625 0.72568338125 0.13198288593750002 0.7310017828125 0.1450016171875 0.7307021578125 0.144892671875 0.7339231609375 0.1483243890625 0.733848253125 0.1482290609375 0.7043131671875 0.1450560875 0.7049341140625 0.1451650296875 0.708454746875 0.14211461718750001 0.708904190625
0 0.2368907359375 0.7303856796875 0.232744546875 0.7252322625 0.22867809687500001 0.7231489625 0.22317642499999998 0.7226007265625001 0.2232561578125 0.7397056953125001 0.22086412812499998 0.73981534375 0.2207843953125 0.74462560625 0.24263160625000002 0.74474946875 0.24271133906250003 0.7401442859375 0.23992063749999998 0.7400346359375 0.2368907359375 0.7303856796875
3 0.7792488718749999 0.6173278515625 0.79759649375 0.642558709375 0.8560089874999999 0.6427743625 0.8745134359375 0.6168965546875 0.9011723796875 0.6173278515625 0.901015565625 0.45975782499999995 0.8215267390625 0.4593265265625 0.75550665 0.45972803281249996 0.7554126375 0.53282815625 0.755726275 0.6173278515625 0.7792488718749999 0.6173278515625
0 0.7735875 0.467203828125 0.7746374984375 0.4705729609375 0.7767375015625 0.4740796109375 0.7794374984375 0.477998809375 0.7837875000000001 0.4810929125 0.7896374984375 0.48198676406249996 0.7895375 0.46431966406249997 0.7918874984375 0.46425090625000004 0.7918375 0.4597128890625 0.7709499984375 0.45938144375 0.7708375000000001 0.464109725 0.7734375 0.4640409671875 0.7735875 0.467203828125
5 0.8751621999999999 0.6160604140625 0.8704844765624999 0.6097072296875 0.8535060874999999 0.6324198640625001 0.7998580515625 0.63265810625 0.7833881875 0.6093677609375 0.77859496875 0.6161440625 0.797941096875 0.6427437874999999 0.8557893921874999 0.6424261265625 0.8751621999999999 0.6160604140625
0 0.7506644921875 0.58903175625 0.75058203125 0.5710016312499999 0.71842218125 0.5706614421875 0.7185046421875 0.588691565625 0.7161957265625001 0.5888746453125 0.716278190625 0.5992374875 0.752396175 0.59901069375 0.752478634375 0.5892585515625 0.7506644921875 0.58903175625
0 0.732265109375 0.5256843390625 0.7284769765625 0.5305871843750001 0.72574729375 0.5356432437499999 0.725357340625 0.540699303125 0.7227390734375 0.5406226968750001 0.72309939375 0.5446574531249999 0.743573790625 0.5448360796875 0.743629496875 0.5408525171874999 0.7417911421875 0.5408525171874999 0.7419582625000001 0.5234627359374999 0.73627606875 0.5233861296875 0.732265109375 0.5256843390625
3 0.600109828125 0.540343403125 0.6172021203125 0.540551753125 0.6318228 0.5605533078125 0.679008209375 0.560761659375 0.69431068125 0.540239228125 0.7120373125 0.5404475796875 0.7123403328125 0.490361728125 0.712264578125 0.3842520671875 0.6445030968750001 0.384043715625 0.6003759125 0.38413682968749996 0.60018558125 0.38435624062499996 0.6002613343750001 0.4901478265625 0.600109828125 0.540343403125
0 0.6088625015625 0.4181215765625 0.6120624984374999 0.41454616875 0.6144624999999999 0.4101456671875 0.6155624984375 0.406845290625 0.6162124999999999 0.403338640625 0.6161125015625 0.3981130453125 0.6036625 0.3984568328125 0.6037125 0.395225215625 0.6004499984375 0.3950343640625 0.6005624984375 0.42430978125 0.6034625 0.4244472984375 0.6034625 0.4205968578125 0.6088625015625 0.4181215765625
0 0.7053128703125 0.413902303125 0.70245140625 0.4163875390625 0.69989115 0.4196556046875 0.6976823015625 0.42345249531249995 0.696226471875 0.42876814375 0.6958750625000001 0.43429089374999996 0.7086261421875 0.43435992656250005 0.70872654375 0.4380187515625 0.711788809375 0.4380187515625 0.7119268625 0.4090440625 0.7092285546875 0.4089318265625 0.7092787546875 0.41286678749999994 0.7053128703125 0.413902303125
5 0.694644140625 0.5397739609375 0.6899802421875 0.5327436828125001 0.6767060828125 0.5507510625 0.634210821875 0.5506277265625 0.6212398078125 0.532624721875 0.61664318125 0.5397848625 0.6321596046875 0.560999034375 0.6792470078124999 0.56075235625 0.694644140625 0.5397739609375
0 0.8822200875 0.4523727875 0.8817167593749999 0.4443265203125 0.8793888796875 0.43872046875 0.8764318375 0.43370236718750005 0.872782728125 0.430674203125 0.869196528125 0.42972249375000005 0.8692594437500001 0.426261734375 0.8660507421875 0.42605407656249994 0.8659878265625001 0.4552279125 0.8694481921874999 0.45531443281249995 0.8694481921874999 0.452113228125 0.8822200875 0.4523727875
3 0.6452307562499999 0.3885849828125 0.753458128125 0.388442171875 0.753458128125 0.209819071875 0.718316846875 0.210104684375 0.718420834375 0.2082482078125 0.695233940625 0.2082482078125 0.6951299609375 0.20996187812499997 0.6937782593749999 0.210104684375 0.6936742859375 0.1916827203125 0.6580109859375 0.19153991406249998 0.658218946875 0.210104684375 0.65655531875 0.2102474890625 0.65655531875 0.2082482078125 0.625570140625 0.2081054015625 0.6254661609375 0.20896223749999998 0.625570140625 0.21367483125 0.6003118625 0.21365745937499997 0.6002164624999999 0.24081952968749998 0.600424415625 0.3885849828125 0.6452307562499999 0.3885849828125
5 0.656839659375 0.21883557812499999 0.6567260125 0.2081436734375 0.64394078125 0.2081436734375 0.6308190703125 0.20817225156250002 0.6305873203125001 0.21867949375 0.6406450328125 0.21883557812499999 0.656839659375 0.21883557812499999
1 0.658063321875 0.1912482140625 0.658063321875 0.2085864328125 0.6580738453125 0.2164196734375 0.693350559375 0.21678728125000002 0.693634671875 0.1917164734375 0.674087475 0.19156038749999998 0.658063321875 0.1912482140625
5 0.718527103125 0.21873800625 0.718583925 0.2082021859375 0.7093217390625 0.2080461 0.6944440703125 0.2080004296875 0.6943772234375001 0.21858192031249998 0.7050031703124999 0.21873800625 0.718527103125 0.21873800625
0 0.7417201109375 0.378018934375 0.7392198890625 0.3728680890625 0.7362082562500001 0.36982440625 0.73262839375 0.3670148546875 0.7284802953125 0.3663124671875 0.7263778359375 0.366390509375 0.726661953125 0.3837941234375 0.72455949375 0.38387216562500004 0.7248436078125 0.3887042625 0.7456977375 0.3884701328125 0.7458113875 0.3839436328125 0.74308386875 0.3838655890625 0.7417201109375 0.378018934375
1 0.5715399640625 0.1958920140625 0.539843275 0.19553615625 0.5392387046875 0.195654775 0.539325071875 0.2139221921875 0.5372522640625 0.21380357343749998 0.5374931015625 0.218081015625 0.573353675 0.21819249687500003 0.5734400390625 0.2127359953125 0.57136723125 0.2126173765625 0.5715399640625 0.1958920140625
5 0.504133075 0.2744093640625 0.5040194796875 0.2840823671875 0.5040194796875 0.3157087953125 0.511463321875 0.3154746671875 0.51157696875 0.30298776875 0.51157696875 0.2744050203125 0.504133075 0.2744093640625
5 0.51152014375 0.49510660624999997 0.51152014375 0.474971484375 0.51157696875 0.45256046406249995 0.5038815703124999 0.45233032656249994 0.504133125 0.45840105312499996 0.504246771875 0.49510660624999997 0.51152014375 0.49510660624999997
3 0.253676240625 0.474615459375 0.283569665625 0.474533640625 0.295603309375 0.49736115 0.35826518281249997 0.49736115 0.368090659375 0.474602203125 0.401451253125 0.4745203828125 0.401451253125 0.4017302328125 0.4013916796875 0.31494239999999996 0.3725808671875 0.31518785781249997 0.303482803125 0.31518785781249997 0.2565985 0.315246540625 0.2559995671875 0.41582962187500006 0.25391453125 0.41582962187500006 0.253676240625 0.474615459375
0 0.267616984375 0.3218387296875 0.268582978125 0.32620914375 0.27136731875 0.330579559375 0.27534494375 0.33487193125000003 0.27989080624999996 0.33682300781249996 0.2837547859375 0.3365888796875 0.2835843140625 0.31871700625 0.28574360312499997 0.31871700625 0.28568677343750004 0.31497093593750003 0.2649440703125 0.31487328125 0.26494629375 0.319107221875 0.26733286562499997 0.319029178125 0.267616984375 0.3218387296875
0 0.234741259375 0.33695766875 0.23655960625 0.336879625 0.24053723124999998 0.3364894109375 0.2440034484375 0.3340700734375 0.2472423734375 0.330480090625 0.2499130671875 0.3262657625 0.25122 0.319085796875 0.2537202234375 0.3190077515625 0.2536634015625 0.3149495109375 0.2327565703125 0.3149591921875 0.2324683296875 0.31939796875000004 0.23502537656250003 0.31939796875000004 0.234741259375 0.33695766875
0 0.375619959375 0.2979229765625 0.3798686265625 0.29225195937500004 0.38277560781250003 0.2849834625 0.3831483 0.2802742921875 0.38299922343750004 0.27761258906249997 0.36995506875 0.277919709375 0.36995506875 0.27484851250000003 0.367217246875 0.2747608078125 0.3669735515625 0.30355350312499996 0.370327759375 0.30345113125 0.370476834375 0.300277559375 0.375619959375 0.2979229765625
3 0.0985356140625 0.42366452812500005 0.2125955453125 0.42314861718749996 0.2128448765625 0.3810201890625 0.2127196703125 0.30684597187499996 0.2128448765625 0.2421578921875 0.1553674515625 0.2419859234375 0.10102609375 0.24267379843749998 0.0987860421875 0.2425060109375 0.0985356140625 0.348824434375 0.0985356140625 0.42366452812500005
0 0.20719000312500002 0.2758072421875 0.2044056625 0.2774461453125 0.2015645 0.2804117859375 0.1987801625 0.2848602421875 0.19696181875000002 0.2907428671875 0.1963935859375 0.2969863171875 0.209576578125 0.2969863171875 0.209576578125 0.3005763 0.212815503125 0.30042021406249997 0.21250657031250003 0.27131658125 0.20934928749999998 0.2715929125 0.20940610781250002 0.275338984375 0.20719000312500002 0.2758072421875
2 0.571882953125 0.0953995109375 0.6026935546875001 0.125706740625 0.6048331796874999 0.1198218421875 0.572952765625 0.086866409375 0.5434259531250001 0.117467884375 0.51325724375 0.0880433875 0.5045538140625 0.08721706093750001 0.5049127046875 0.0962822484375 0.5115455375 0.0953995109375 0.54214218125 0.12600098125 0.571882953125 0.0953995109375