3 0.9466172015625001 0.778681259375 0.9466172015625001 0.7536934484375 0.9463627421874999 0.6819221609375 0.8651979359374999 0.6819221609375 0.7964932296875 0.6817588671875 0.7959915718749999 0.7112244140625 0.796245996875 0.7785014859375 0.9466172015625001 0.778681259375
0 0.8280727515624999 0.7017928625 0.83647460625 0.6961092328125 0.8404073890625 0.689288875 0.8407649125000001 0.6819633078125 0.8101014234375 0.6815694859375 0.8100177109375 0.7050767375 0.8182407984375001 0.7045715265625 0.8280727515624999 0.7017928625
5 0.807621003125 0.744322928125 0.8077806937500001 0.7347146515625 0.807621003125 0.713955125 0.7954809140625 0.7139013890625 0.7961237062500001 0.728301990625 0.7958043375 0.7444357515625 0.807621003125 0.744322928125
5 0.9005512234375 0.7792128125 0.9005512234375 0.770074109375 0.8847487218750001 0.7701869328125001 0.8655602953124999 0.77041114375 0.865101215625 0.7792128125 0.8778759968750001 0.7793256390625001 0.9005512234375 0.7792128125
5 0.9469859734374999 0.673841025 0.9468403359374999 0.6622130265624999 0.9468403359374999 0.640397675 0.9355453656250001 0.6404780546875 0.9354801625 0.6532605031250001 0.9356258093750001 0.673841025 0.9469859734374999 0.673841025
5 0.768540296875 0.6723459578125001 0.7559588796875001 0.6637505499999999 0.7465958125000001 0.6570065015625 0.7376586265625 0.6627836015625 0.7487843468750001 0.6710235875 0.759598134375 0.67851701875 0.768540296875 0.6723459578125001
3 0.7351885140625 0.631326240625 0.735074596875 0.62907268125 0.7445294078125 0.6293141328125 0.744757234375 0.597664275 0.727661303125 0.5979057265625001 0.727889121875 0.5816283515625 0.743723075 0.58122593125 0.7438369984375 0.548207840625 0.7274334703124999 0.54812735625 0.72754739375 0.523405659375 0.6622529703125 0.5235666265625001 0.6131995171875 0.523624353125 0.612953559375 0.5914669890625001 0.612953559375 0.6319701125 0.7351885140625 0.631326240625
0 0.7298191843749999 0.604220740625 0.7230058875 0.6072746953125 0.7176578218749999 0.6114349171875 0.7137749765625 0.61795691875 0.7127493171875 0.6239095421874999 0.744691215625 0.6235472078125001 0.7447304703125 0.6030840453125 0.740881628125 0.6027196453125 0.735680084375 0.6029784546875 0.7298191843749999 0.604220740625
5 0.690688784375 0.6324002671875 0.6907862734375 0.624685375 0.6722625156250001 0.624685375 0.6443760484375 0.62474866875 0.644574371875 0.63219361875 0.6610507703125 0.63246915 0.690688784375 0.6324002671875
0 0.7467460734375 0.6098986765625 0.75126908125 0.61379341875 0.7608804796874999 0.61828735 0.7720466625 0.6191861359375 0.771905325 0.5976152640625 0.7432929109375 0.5974972281250001 0.74321246875 0.6004114890625 0.7442018781249999 0.6049054203125 0.7467460734375 0.6098986765625
3 0.9262219078125 0.6318840531250001 0.9463924312499999 0.6316819078125 0.9462493750000001 0.5991200921875001 0.9462493750000001 0.5498730734375 0.8833992640625 0.5497720015625001 0.8457441578125 0.5498705109375 0.84582415 0.593653971875 0.8456810921875 0.6318840531250001 0.9262219078125 0.6318840531250001
0 0.8704293203125 0.5895017984375001 0.8755792437500001 0.5849535218749999 0.8780111484375 0.5781816453124999 0.8774389375 0.574441953125 0.846107184375 0.574904453125 0.846253303125 0.596677965625 0.8572684125000001 0.5962736750000001 0.8648502406249999 0.593645784375 0.8704293203125 0.5895017984375001
5 0.9468150375000001 0.6167127812500001 0.9466183203125 0.605176690625 0.9467166765625 0.5891121953125 0.935598065625 0.58906170625 0.9357988234375 0.6016324703125 0.9358971781250001 0.6166432875 0.9468150375000001 0.6167127812500001
0 0.8705776640625 0.5171813937499999 0.864707975 0.512775028125 0.8556588625 0.509923853125 0.8458957015624999 0.5106532953125 0.84587605 0.5301412859375 0.8763250640625 0.5299684890624999 0.8749799265625 0.5222789515625 0.8705776640625 0.5171813937499999
5 0.9466031609375 0.5221065796875 0.9466031609375 0.51738380625 0.9466031609375 0.5104345828125 0.9360459296875 0.510390484375 0.9361946281250001 0.5156971015625 0.9360991406249999 0.5221740500000001 0.9466031609375 0.5221065796875
3 0.9237407265625001 0.49749142968750004 0.9459860765625001 0.4971872234375 0.946273103125 0.46492516874999995 0.9461295906249999 0.4162278828125 0.862192890625 0.4162278828125 0.80145216875 0.41614681875 0.8014675953125 0.4523431875 0.8016111125000001 0.4973900265625 0.9237407265625001 0.49749142968750004
5 0.90178693125 0.424323559375 0.9020739578124999 0.416211453125 0.87767584375 0.41611005156249997 0.832376628125 0.4160351953125 0.83275459375 0.4247291625 0.8647591921875 0.4246277625 0.90178693125 0.424323559375
0 0.83088885625 0.47782778437499995 0.8242870124999999 0.4748871453125 0.81194443125 0.4735689296875 0.8116974750000001 0.49740881562499994 0.84222680625 0.497601046875 0.8410786625 0.48847492499999995 0.8372036640625 0.48239084375 0.83088885625 0.47782778437499995
3 0.75065766875 0.5299745109375 0.750847903125 0.5330657953125 0.7540817796875 0.537232309375 0.759027709375 0.541533228125 0.77006095 0.5456997375 0.7786212124999999 0.546237359375 0.7786212124999999 0.530780934375 0.8084870453124999 0.53064653125 0.8084870453124999 0.4621915109375 0.808677265625 0.41632719375000005 0.7622635609375 0.4161927890625 0.763024484375 0.414311134375 0.7422985296875 0.3765182296875 0.683518021875 0.3762494234375 0.662973375 0.4164648625 0.6130728640625 0.41606211562500006 0.612901934375 0.4656860046875 0.612901934375 0.53064653125 0.75065766875 0.5299745109375
5 0.6783404281250001 0.41040254374999996 0.6838570484375001 0.4007254765625 0.6903248015625 0.389166759375 0.6774750078125 0.38632357812499996 0.6739651734375001 0.39373648437500003 0.666546278125 0.40690804375 0.6783404281250001 0.41040254374999996
5 0.731604328125 0.385403459375 0.7310336390625001 0.3765328171875 0.7123912812500001 0.3762640078125 0.6942135984375 0.37641073281250004 0.6943196 0.385403459375 0.7129619578125 0.3852690546875 0.731604328125 0.385403459375
5 0.7589191750000001 0.4075101390625 0.7535927890624999 0.39689225 0.7476957140625 0.3857367484375 0.735901575 0.3890968390625 0.7416084171875 0.399177109375 0.74807616875 0.4104670203125 0.7589191750000001 0.4075101390625
5 0.624333753125 0.5145467625 0.6246221765625 0.504255690625 0.624333753125 0.48723975937499997 0.612288559375 0.48725240000000003 0.6120756890625 0.49946677656249994 0.6123641140625 0.514648653125 0.624333753125 0.5145467625
0 0.7526627921875 0.5358182796875 0.756479303125 0.539153440625 0.7607979828125 0.542133796875 0.7672257890624999 0.54475935 0.772749684375 0.5458947234375 0.7789766218749999 0.5458237609375 0.778876184375 0.5234710859375 0.751083984375 0.523454725 0.7498506296875 0.5285802703125 0.750352803125 0.5319154312500001 0.7526627921875 0.5358182796875
0 0.7912296234375 0.51615061875 0.7984609093749999 0.5182794453125 0.8084039140625 0.518989053125 0.8080901921875 0.49876032812500004 0.7775705375 0.4985523203125 0.7779722734375001 0.5026680531250001 0.7786753156249999 0.5055064875 0.7810857421875 0.5089835703125 0.7848018156250001 0.512744496875 0.7912296234375 0.51615061875
3 0.4851397609375 0.7785666531250001 0.4858354875 0.6816729078125 0.42426553437500003 0.6814271375 0.3348186875 0.6812733546875 0.3348673765625 0.7168381578125 0.335215240625 0.7788124234375 0.4851397609375 0.7785666531250001
0 0.3552244046875 0.6993764953125 0.3643319015625 0.7035401890624999 0.3757609140625 0.705054259375 0.3761180703125 0.6819646828125 0.3455210296875 0.6816994843749999 0.34575975468750003 0.6891565187500001 0.3495099046875 0.6948342828125 0.3552244046875 0.6993764953125
5 0.34647407812500003 0.7402666250000001 0.34647407812500003 0.729541959375 0.3466526484375 0.7151582890625 0.33452158593750003 0.7150335734375 0.334509325 0.726387646875 0.334330753125 0.74001428125 0.34647407812500003 0.7402666250000001
5 0.4432443984375 0.7787799234375 0.4432443984375 0.770452534375 0.4311201765625 0.7703263625 0.3922686640625 0.7703126046875 0.392706740625 0.7792846171875001 0.41485045625000005 0.7791584406250001 0.4432443984375 0.7787799234375
5 0.33443421562500003 0.689941490625 0.33443421562500003 0.6817934796875 0.3292499765625 0.6817934796875 0.32131109687500004 0.6817678359375 0.321314925 0.6900909937499999 0.32787456718749997 0.6900909937499999 0.33443421562500003 0.689941490625
0 0.31236652187499997 0.656935253125 0.31046210625000004 0.6511045671875 0.30697068125000004 0.6473669484375 0.30295025 0.644376853125 0.27743943125000003 0.66300613125 0.2992472234375 0.6789872015625 0.308346090625 0.6728575078125 0.3128955265625 0.6649337578125001 0.31236652187499997 0.656935253125
5 0.27462985 0.6462648343749999 0.2744182484375 0.6411069203124999 0.2744182484375 0.63310841875 0.2627767515625 0.633135521875 0.2628859609375 0.6386400921875001 0.2632033671875 0.6461900843749999 0.27462985 0.6462648343749999
3 0.2739190046875 0.6315147062500001 0.2739190046875 0.62887474375 0.30858519218749997 0.6029150765625 0.3478181828125 0.602475084375 0.3474030203125 0.5957285046874999 0.34761060781249997 0.523228571875 0.2753711859375 0.523228571875 0.2753711859375 0.5104687343750001 0.2272121765625 0.5103220703125 0.2274197515625 0.5233752359375 0.1516283640625 0.5232799015625 0.1518763484375 0.5534415140625 0.152083921875 0.6319547046875 0.2739190046875 0.6315147062500001
5 0.22880637343750002 0.6321272421875 0.228715284375 0.6248544 0.20976774687500002 0.6249187625 0.1867729125 0.6248325515625 0.1869942625 0.6321272421875 0.2047575796875 0.6321272421875 0.22880637343750002 0.6321272421875
0 0.28751318124999997 0.6001903015625001 0.27916359375 0.5997689203125 0.271410409375 0.6009628296875 0.2640548171875 0.6037720234374999 0.258687228125 0.6074942078125 0.282543190625 0.6224531703125 0.30252781875 0.60673665 0.2988447609375 0.60405294375 0.2945705640625 0.6019460484375 0.28751318124999997 0.6001903015625001
5 0.4857420078125 0.662205040625 0.48565010781250006 0.6561662859374999 0.485374396875 0.6454523640625001 0.47429657656249996 0.6453905203125 0.4742541703125 0.6524651109375 0.4742541703125 0.6621401078125 0.4857420078125 0.662205040625
0 0.4073539390625 0.6404950265625 0.4112499890625 0.64407355625 0.4169641984375 0.6478355984374999 0.4244965703125 0.650129525 0.43319775 0.6503130390625 0.4331135578125 0.630802375 0.4052760421875 0.6306770171875 0.40605525 0.63682474375 0.4073539390625 0.6404950265625
0 0.3767199765625 0.631876028125 0.423801515625 0.6312173359375 0.4239680984375 0.61285701875 0.37665976093750003 0.61262163125 0.3767199765625 0.631876028125
0 0.4546388390625 0.5951018140625 0.46004836562499996 0.5996882718750001 0.4715887 0.6041473234375 0.4854731640625 0.6047843296875001 0.4853387765625 0.5825947734375 0.4494096234375 0.5823616640625 0.44995056875 0.588859140625 0.4546388390625 0.5951018140625
5 0.485764590625 0.6202499718750001 0.485530328125 0.616774153125 0.485530328125 0.610484575 0.47411735781250003 0.6104751796875 0.473934365625 0.615367275 0.473934365625 0.620167215625 0.485764590625 0.6202499718750001
0 0.5368304484374999 0.4374427984375 0.5437373015625 0.4323247859375 0.5484541765625 0.42625458437499997 0.548622653125 0.41625660781249996 0.5182739640625 0.4161432453125 0.5174575531250001 0.44125155156250007 0.5280705359375 0.44029936249999996 0.5368304484374999 0.4374427984375
0 0.5327874109375 0.37168394843749997 0.5413788687500001 0.36787519999999996 0.54744343125 0.3627571875 0.5509810734375 0.35548710781250004 0.5516549109375 0.3473935078125 0.5192004125 0.34722550937499996 0.51998445 0.3727551609375 0.5243644171875 0.3726361375 0.5327874109375 0.37168394843749997
5 0.5189957281249999 0.3546128984375 0.5189957281249999 0.34746465312499997 0.513158840625 0.34739591875000003 0.5051583359375 0.34729859531249996 0.5050844859375 0.3547503640625 0.5108240875 0.35468163124999996 0.5189957281249999 0.3546128984375
3 0.34767506406250004 0.5306110937499999 0.3479686921875 0.46129282812500005 0.34884945625 0.3770221484375 0.2748625546875 0.3763998296875 0.27515616249999997 0.3639534859375 0.2278867421875 0.363746046875 0.2275931546875 0.3763998296875 0.1521339625 0.376351065625 0.1518446453125 0.43449957812499995 0.1518446453125 0.5304036546875001 0.34767506406250004 0.5306110937499999
1 0.2744137859375 0.3847402953125 0.2750166875 0.364187015625 0.25955840625 0.36642778125 0.2507565625 0.3742791015625 0.2419547203125 0.3654350875 0.227638315625 0.3641289109375 0.2290453234375 0.373132484375 0.22919604374999997 0.3845273046875 0.2744137859375 0.3847402953125
1 0.257408653125 0.5133029828125 0.25169034843750004 0.520547153125 0.241517084375 0.5117977015624999 0.227538059375 0.5098673984375 0.227236609375 0.5211557265625 0.22813566562499998 0.5301256234375 0.2748659671875 0.5305271703125001 0.2748659671875 0.517747928125 0.2748659671875 0.5101868796875 0.257408653125 0.5133029828125
5 0.162498740625 0.5106361765625 0.16260825625 0.5015827359375 0.16260825625 0.4768211921875 0.15131134375 0.47676587968749995 0.15165630937500002 0.491910259375 0.15187534687499998 0.5106361765625 0.162498740625 0.5106361765625