3 0.80545960625 0.5973421703125 0.805696553125 0.503293503125 0.8810433625 0.5029552984375 0.8810505 0.3195380421875 0.780351134375 0.319876246875 0.7791664468749999 0.307700834375 0.7753754078124999 0.29789285468750004 0.74931204375 0.3195380421875 0.740942828125 0.31948045625 0.74151341875 0.416630559375 0.741987296875 0.5976803765625001 0.80545960625 0.5973421703125
0 0.7533640593750001 0.45192375937499996 0.7486406703124999 0.44935532968749997 0.7451543593750001 0.448713221875 0.7414514 0.44868791718749995 0.7413306687500001 0.49240328125 0.7449294375 0.4922427546875 0.759099603125 0.4561241984375 0.7533640593750001 0.45192375937499996
5 0.7842494921875 0.5980285234375 0.7843355703125 0.5826696796874999 0.77478063125 0.58279255 0.7572619390625001 0.5829762296875 0.757392359375 0.597905653125 0.7689271546875001 0.5980285234375 0.7842494921875 0.5980285234375
0 0.775265221875 0.2967078203125 0.749391671875 0.3184007265625 0.75014526875 0.3255719375 0.7801636125 0.32628905625 0.7802892156250001 0.3117673609375 0.7780284171875 0.3026240671875 0.775265221875 0.2967078203125
0 0.69074799375 0.5215832328125 0.71602016875 0.5016923359375001 0.7159020703125 0.496129628125 0.68566994375 0.49646675937499996 0.686024221875 0.50590650625 0.68744135625 0.513154884375 0.69074799375 0.5215832328125
5 0.7104232625 0.5982462281250001 0.710499971875 0.5831355265625 0.6993767640625 0.5831355265625 0.6848843312499999 0.58316990625 0.6849549515625 0.5978082375 0.6955411765624999 0.5981367296875 0.7104232625 0.5982462281250001
3 0.6028225984375 0.503008096875 0.60271685 0.596501534375 0.6479881828125 0.59740718125 0.647882440625 0.5031590375 0.6782314625 0.5027062171875001 0.678442953125 0.47505960937499997 0.6785487031249999 0.39198107968749996 0.6782314625 0.319631571875 0.6067345937499999 0.319329690625 0.56359033125 0.31948063125 0.5284082921875 0.31920848125 0.528361640625 0.424620959375 0.5281501453125 0.5027062171875001 0.6028225984375 0.503008096875
0 0.6672341015625001 0.41820095 0.66371093125 0.4202781265625 0.658272990625 0.42553284218750004 0.672748628125 0.4606261640625 0.67833975 0.4601888640625 0.678327378125 0.4167734421875 0.674893165625 0.4165610734375 0.6715997687499999 0.41699837500000003 0.6672341015625001 0.41820095
5 0.63361286875 0.597383921875 0.63361286875 0.5832709406250001 0.6240097375 0.5832709406250001 0.6109972171875 0.58335205 0.6111108625 0.59762725 0.6209981078125 0.5974650328125 0.63361286875 0.597383921875
3 0.3296598765625 0.68284275 0.3672520921875 0.6829690234375 0.47286132812500004 0.6829690234375 0.4730382640625 0.521983559375 0.4218107921875 0.5221098328125 0.362819465625 0.5223623828124999 0.3338551234375 0.5219758125 0.3339946484375 0.6273573625 0.32983680625 0.6272310890624999 0.3296598765625 0.68284275
0 0.3488160609375 0.574706740625 0.3511458125 0.5721923578125 0.336769534375 0.5367963609374999 0.3337565703125 0.5367075890625 0.333701078125 0.5798166140625 0.3385878765625 0.5794110671875 0.34404290625 0.577383340625 0.3488160609375 0.574706740625
5 0.42433306875000004 0.6833974765625 0.42440972187500003 0.6700485453125 0.402332946875 0.6700485453125 0.37992553125 0.67006655 0.3800262046875 0.6833974765625 0.39758030624999996 0.6839445609375 0.42433306875000004 0.6833974765625
0 0.456868328125 0.5738974578125 0.4631385265625 0.5764245265625 0.4731708390625 0.5769509968750001 0.47287194687499995 0.5341243578125 0.466089203125 0.5339652484374999 0.45155710468750004 0.5702121499999999 0.456868328125 0.5738974578125
3 0.321253521875 0.3159772171875 0.3336729140625 0.345733303125 0.3336729140625 0.35760728125 0.3337900734375 0.451997896875 0.3337900734375 0.5288148578125 0.3539364453125 0.5286476171875 0.45407793124999996 0.5281459015625 0.47305850625 0.528480378125 0.47341000156249996 0.454813865625 0.47317568125 0.326446603125 0.472941346875 0.230210465625 0.46509134999999996 0.230210465625 0.3718643640625 0.2297087484375 0.333923765625 0.2299426484375 0.333555746875 0.2707720640625 0.3210191953125 0.30343428437500003 0.321253521875 0.3159772171875
0 0.346788946875 0.46974132031250004 0.342046440625 0.467091646875 0.3377666125 0.46577078437499997 0.333722328125 0.465661090625 0.333660296875 0.5085416703125001 0.33730393125 0.5085416703125001 0.35072175781250003 0.47353880156250006 0.346788946875 0.46974132031250004
5 0.473520978125 0.48816131875 0.47371244062500006 0.46675362812500004 0.4735848 0.42481968906249995 0.4633010578125 0.42469840625 0.46318210000000004 0.4458014203125 0.463309740625 0.488252415625 0.473520978125 0.48816131875
0 0.2881768265625 0.6161350999999999 0.28639319531249996 0.623391034375 0.285947290625 0.6287375140625 0.28614164531249997 0.6395705828125 0.315733928125 0.6395577640625 0.31582310625 0.6287375140625 0.2912981796875 0.6086245703125 0.2881768265625 0.6161350999999999
5 0.2623024359375 0.6790593984375 0.26243895781250004 0.664736315625 0.2539062734375 0.6649311875 0.24304488281249997 0.66469420625 0.24298443593750002 0.679156834375 0.2504249375 0.679156834375 0.2623024359375 0.6790593984375
0 0.27964084843750003 0.583614353125 0.2740434109375 0.5806912734375 0.2702890296875 0.580106659375 0.26594456875 0.5794237140625 0.2660568171875 0.6228810359375 0.2696064125 0.6228810359375 0.28319044843749996 0.5872194828125 0.27964084843750003 0.583614353125
3 0.1433221578125 0.44405329531250004 0.2372544 0.44448441406250006 0.236801346875 0.3637777140625 0.23740541249999997 0.22898296562499998 0.1896842203125 0.228551846875 0.120774575 0.228777659375 0.12021664218749999 0.3566991703125 0.1203676578125 0.4442688546875 0.1433221578125 0.44405329531250004
5 0.20828924999999998 0.24380397187499997 0.20838734374999998 0.22784128906249998 0.1891602546875 0.22798131093750001 0.16412351249999999 0.22799137187500002 0.1639492125 0.24380397187499997 0.181410553125 0.2439439953125 0.20828924999999998 0.24380397187499997
0 0.223274425 0.388508196875 0.2193717375 0.392800353125 0.233383028125 0.4272289171875 0.23664593125 0.4272289171875 0.23666197968749997 0.3849369078125 0.23210345625 0.38492165156249997 0.22839270625000002 0.386200165625 0.223274425 0.388508196875
0 0.186005009375 0.41923482968750003 0.161247496875 0.438021446875 0.16103216250000002 0.44423211562500003 0.1905274609375 0.4442284765625 0.1897737203125 0.4312350921875 0.18762845156250002 0.42378665312499997 0.186005009375 0.41923482968750003
5 0.1302136234375 0.4785528171875 0.13028388125 0.4699279203125 0.1302136234375 0.454082178125 0.12041003593749999 0.45408776093750003 0.12030687656250001 0.4635093921875 0.12030687656250001 0.4783522359375 0.1302136234375 0.4785528171875
3 0.268990103125 0.36898654531249997 0.26846201875000003 0.374074609375 0.33882960781250004 0.37482840156249997 0.33909365937499997 0.22925577812500003 0.30899269375 0.2290673328125 0.232207640625 0.229666740625 0.231759971875 0.30279587812500003 0.231759971875 0.36992877812499997 0.268990103125 0.36898654531249997
5 0.3104805046875 0.2431806515625 0.3104805046875 0.2285116890625 0.292151678125 0.2286011328125 0.2668782515625 0.22873919062499998 0.26642833125 0.24327009687499998 0.28522726875000004 0.24335954062499998 0.3104805046875 0.2431806515625
1 0.32121303437500004 0.3158599734375 0.33299036718749997 0.34567782187499996 0.33849219062499997 0.3458005296875 0.338513753125 0.27192756875 0.3335921296875 0.27262106875000003 0.320869165625 0.30285300937500004 0.32121303437500004 0.3158599734375