3 0.8149916859375 0.7214437671875 0.962915671875 0.721634565625 0.962915671875 0.6859086515625 0.962915671875 0.5327791328125 0.8619505171874999 0.53296993125 0.8620842234375001 0.48450681875 0.8154220921875 0.48412521875000003 0.8152590906249999 0.5305204515625 0.8149916859375 0.6311337 0.8149916859375 0.7214437671875
0 0.8298221625 0.5269594875 0.8314135953124999 0.5246884328125 0.8193494859375001 0.49376394218749997 0.8153452296875001 0.4936174234375 0.815308025 0.49355846718749996 0.8154992375000001 0.5315015984375 0.821505625 0.5312085578125 0.8264852796875 0.5293770624999999 0.8298221625 0.5269594875
5 0.908235971875 0.7223785687500001 0.9080224781249999 0.7073486140624999 0.8853924734374999 0.7072470609375 0.8572533265625 0.70743004375 0.8574963609375 0.7225816796875 0.8751449203125 0.7225816796875 0.908235971875 0.7223785687500001
3 0.8206178312500001 0.72236985625 0.8203525359375 0.631065525 0.8199545765625 0.532189165625 0.7919649921875 0.532567765625 0.7239923187499999 0.5320310171875 0.7241797859375 0.6541755578124999 0.7235165265625 0.72255915625 0.8206178312500001 0.72236985625
0 0.7854304453125 0.54671839375 0.78895419375 0.5556823468750001 0.8111691390625 0.53851965625 0.8111691390625 0.532944515625 0.7840959328125 0.5320236234375 0.784051584375 0.53644264375 0.784511203125 0.5413618859375 0.7854304453125 0.54671839375
5 0.793975771875 0.722267396875 0.7942374875 0.70760824375 0.77604820625 0.70760824375 0.7542787828125 0.7072633234375 0.7545220390625 0.7224541375 0.770944734375 0.7224541375 0.793975771875 0.722267396875
3 0.7289996515625 0.7213952015625 0.7292724015625 0.5976651109375 0.7292724015625 0.5330105703125 0.663455725 0.5326213359375 0.619814409375 0.532749428125 0.61973379375 0.6375280437499999 0.619824715625 0.7213952015625 0.7289996515625 0.7213952015625
0 0.657828334375 0.55235293125 0.6595557750000001 0.5444385515625 0.660010365625 0.5326318484375 0.6326441203125001 0.5326318484375 0.6321895296875 0.53950828125 0.6556463078125 0.5589698750000001 0.657828334375 0.55235293125
5 0.6969081265625 0.7224608953125 0.69681720625 0.7072808515625 0.685103659375 0.7070213640625 0.6510095078125 0.7067551578125 0.6517219984375 0.72285013125 0.6705419765625 0.72285013125 0.6969081265625 0.7224608953125
5 0.6192410921875 0.49303367187499997 0.6303218140625 0.49303367187499997 0.6303218140625 0.47251634062500003 0.630230240625 0.4448114078125 0.6193679249999999 0.44482656093750006 0.6192410921875 0.44507277343749996 0.6192410921875 0.460362759375 0.6192410921875 0.49303367187499997
0 0.656815875 0.41623240624999996 0.63450855625 0.4338894421875 0.6344715671875 0.44211103906250004 0.6611583671875 0.4420388453125 0.6609799078124999 0.43117297656250003 0.6594332671875 0.42429691875 0.656815875 0.41623240624999996
5 0.62999115625 0.40381670156249994 0.62999115625 0.37456822500000003 0.630042490625 0.3523586265625 0.6195993859375 0.352348790625 0.619518478125 0.3774986171875 0.6196211515625001 0.4039632203125 0.62999115625 0.40381670156249994
3 0.8014844515625 0.36293838906250003 0.8042826484375001 0.3648018625 0.8091328578124999 0.36746396875 0.815195615625 0.36946055 0.815195615625 0.4127521359375 0.8151023390625 0.4916044109375 0.85660001875 0.49147130624999996 0.8566932953125 0.5111708953125 0.9064374203125001 0.5109046859374999 0.906344146875 0.5395438984375 0.962774453125 0.5395438984375 0.96305426875 0.37984276562499997 0.96305426875 0.313646278125 0.9060698500000001 0.313646278125 0.8152021671874999 0.31416514218749997 0.8154754375 0.3299469390625 0.8151023390625 0.330346253125 0.8014844515625 0.36293838906250003
0 0.8058682953125 0.3662325921875 0.8121175984375 0.3683622765625 0.820139096875 0.3692940140625 0.8200894984374999 0.329843178125 0.8152888921875 0.3302941515625 0.8018575421874999 0.3631711703125 0.8058682953125 0.3662325921875
5 0.9220052093750001 0.32867963125 0.921911940625 0.3136387296875 0.8978474437499999 0.313106309375 0.8667030578125001 0.3131394765625 0.8667874609374999 0.3288127359375 0.888333578125 0.32867963125 0.9220052093750001 0.32867963125
0 0.8265805500000001 0.445111846875 0.8220425578125001 0.44364004218749997 0.818673440625 0.44265884062499994 0.8149587265625 0.44275332812499996 0.8150292953125 0.481538271875 0.8194297734375 0.481538271875 0.8314623265625001 0.4498216140625 0.8265805500000001 0.445111846875
5 0.767676459375 0.32821824843749997 0.767676459375 0.3134992875 0.7518395812499999 0.3134992875 0.7308934171875 0.3137375328125 0.7305613109375 0.32821824843749997 0.74688548125 0.32821824843749997 0.767676459375 0.32821824843749997
3 0.42313920625 0.6704953515625001 0.42313920625 0.7215220203125 0.5707536296875 0.7224198687500001 0.5710052953125 0.5542269796875 0.570879465625 0.41585707968749996 0.5707536296875 0.3143424453125 0.494262034375 0.313803740625 0.4232521046875 0.3141243859375 0.423013378125 0.4471457140625 0.423013378125 0.551727559375 0.42313920625 0.6704953515625001
5 0.5417779109375 0.722793553125 0.5417779109375 0.7068119203125 0.5070694578125 0.7066323515625 0.4730497265625 0.7066995625 0.47319921562499995 0.723152690625 0.49773654375 0.723152690625 0.5417779109375 0.722793553125
1 0.46788750312499994 0.32675081562499997 0.490314121875 0.3445307296875 0.4994147796875 0.34468533749999997 0.5227081250000001 0.3272146375 0.5228164625 0.31469139375 0.4667804390625 0.313859046875 0.467454140625 0.31469139375 0.46712911406249996 0.32675081562499997 0.46788750312499994 0.32675081562499997
5 0.468019515625 0.32703545312500004 0.46782431406249997 0.314778784375 0.46300936562499995 0.3149644921875 0.4537435546875 0.3148322609375 0.453834934375 0.3268497453125 0.4589752171875 0.32703545312500004 0.468019515625 0.32703545312500004
5 0.5376125765624999 0.326963346875 0.5376125765624999 0.3150766578125 0.5310183312500001 0.31482901874999997 0.522224090625 0.3147780375 0.522052478125 0.3271284390625 0.5273163046875 0.3270458921875 0.5376125765624999 0.326963346875
1 0.44023595000000004 0.5970626296875 0.42689187031250003 0.5634769671875001 0.4229283921875 0.5632239109375 0.4230792734375 0.6437283796875 0.42809212968750004 0.6437283796875 0.44037715625 0.6094717828125 0.44023595000000004 0.5970626296875
0 0.39025306875 0.6979785078125 0.38917050625 0.7026131125 0.3881420703125 0.708483609375 0.3877631765625 0.7152810296875 0.3877618015625 0.7212378015625001 0.4181290515625 0.7213060140625001 0.41807491875 0.710491940625 0.3926888328125 0.6911810890625001 0.39025306875 0.6979785078125
5 0.3781711671875 0.749014259375 0.38771978125 0.749014259375 0.38771978125 0.74249413125 0.387668446875 0.7298934421875 0.3773633609375 0.73001008125 0.3775037921875 0.738171803125 0.3781711671875 0.738171803125 0.3781711671875 0.749014259375
0 0.39079998125 0.666621065625 0.38628235625 0.6643500125 0.38253478125 0.6630313343750001 0.3783232703125 0.6624294359375 0.378222503125 0.7061275828125 0.3821754234375 0.7062008421875 0.3954716171875 0.6703573171875 0.39079998125 0.666621065625
3 0.33924703125 0.763824828125 0.33924703125 0.6907933484375001 0.33912231406250004 0.5326274140625 0.3177253875 0.532983384375 0.31785010625 0.4856394046875 0.28479865625 0.48528343593749995 0.23185282499999998 0.48553300468750005 0.2317420484375 0.6612334390625 0.23149260468750002 0.763824828125 0.33924703125 0.763824828125
0 0.323716715625 0.6319816640625 0.3304090328125 0.6349661203125 0.33894173437499997 0.6356823875 0.33916279843749997 0.5917678546875 0.33342057187499996 0.5916887421875 0.3188647828125 0.6286390765625 0.323716715625 0.6319816640625
5 0.30175382968750003 0.7641722093750001 0.3016701671875 0.7491305609375 0.28025475625 0.7492499390625 0.2565367796875 0.7492002796875 0.25658068749999996 0.7646497250000001 0.277745140625 0.764530346875 0.30175382968750003 0.7641722093750001
3 0.23181833593749998 0.4926685625 0.37163820625 0.4922426796875 0.428341315625 0.492455621875 0.428341315625 0.411911709375 0.428341315625 0.3141022375 0.3123901671875 0.3141022375 0.22749584218750002 0.3141372796875 0.2279386515625 0.3869629734375 0.23181833593749998 0.3869629734375 0.23181833593749998 0.4926685625
0 0.245476125 0.394614634375 0.238019996875 0.392353584375 0.2319967765625 0.39269295625 0.23205509531250001 0.436377596875 0.238392803125 0.43651060468749997 0.25246624375 0.39980175625 0.245476125 0.394614634375
5 0.383023559375 0.3275406171875 0.3829303625 0.31384130312499997 0.3572999296875 0.3134422953125 0.3266159 0.313484534375 0.3265434109375 0.32767362499999997 0.3518942359375 0.327407615625 0.383023559375 0.3275406171875
0 0.3919318578125 0.47278946875 0.3903277203125 0.4829272953125 0.390323575 0.49231479843750003 0.420921 0.49273810156250003 0.42115016250000004 0.48325432656249995 0.39582763593750003 0.4628151515625 0.3919318578125 0.47278946875
0 0.17756154062500001 0.3683256578125 0.17606528906250002 0.375036371875 0.17610591250000002 0.38684283750000004 0.2073797765625 0.3866276015625 0.2073797765625 0.3777816609375 0.1813021859375 0.357954553125 0.17756154062500001 0.3683256578125
5 0.22789984375 0.3884578015625 0.22789984375 0.37335869375 0.21956356875 0.37335869375 0.20843283437500001 0.3735794140625 0.2085554046875 0.3884578015625 0.21721230937499997 0.3886103171875 0.22789984375 0.3884578015625