3 0.7455732234375 0.681476390625 0.744916025 0.8028846656249999 0.9199287999999999 0.8035405062500001 0.9199287999999999 0.6414441796875 0.9201478562500001 0.4918086375 0.8515988859375 0.49279237968749995 0.7462443390625 0.491328371875 0.747106659375 0.6410897046875 0.7455732234375 0.6417455328125 0.7455732234375 0.681476390625
0 0.79639360625 0.53154421875 0.7996774484375 0.5202794046875 0.8022771531249999 0.50717125625 0.8026876375 0.49201495937499995 0.7558068609374999 0.49176126406250004 0.75589288125 0.498773846875 0.7917414921875 0.5428090328125 0.79639360625 0.53154421875
5 0.8834084609374999 0.803975390625 0.8838189359375 0.786156503125 0.8290951984375001 0.78554205625 0.7782307671875001 0.7857639843750001 0.7784715828125 0.8041802046875001 0.8110271015625001 0.80438501875 0.8834084609374999 0.803975390625
3 0.6585311984375 0.7258041921875 0.6585311984375 0.717798890625 0.714441590625 0.6548481328125 0.718330996875 0.6544842562500001 0.7173586453125 0.5502974265625 0.717115565625 0.3875263765625 0.674071140625 0.3882541296875 0.6745573 0.3151148015625 0.6060063203125 0.314750925 0.5200698796875 0.31448950781249996 0.5194358234374999 0.5059044 0.5194358234374999 0.7258336703125 0.6585311984375 0.7258041921875
0 0.680441175 0.41537830781249996 0.6857582453125 0.42478448750000003 0.707026521875 0.39526355468749996 0.70721986875 0.38802803125 0.676601115625 0.3875937484375 0.6765742140625 0.3941058703125 0.6780243234375 0.40278849687499996 0.680441175 0.41537830781249996
0 0.6849458171875 0.6399204203125 0.6751315734375 0.6344318953125 0.6635595609375 0.702050525 0.667221590625 0.7068804296875 0.7042447000000001 0.6641575609375 0.7000333671875001 0.6557273703125001 0.6928557890625 0.64760435625 0.6849458171875 0.6399204203125
5 0.6275275453125 0.7259591421875 0.6276558015625 0.7078898296875 0.593026515625 0.7073131515625 0.545924275 0.7073808609375 0.5460845953125 0.7257669109375 0.580200853125 0.7261513671875 0.6275275453125 0.7259591421875
0 0.8384608531250001 0.3936861671875 0.8430188734374999 0.3881356609375 0.8125371546875 0.3358327671875 0.8085488890624999 0.3361428390625 0.8086913250000001 0.4062815609375 0.8193741687499999 0.40500066874999996 0.8310540859375 0.399236675 0.8384608531250001 0.3936861671875
5 0.92018465 0.4458218921875 0.920009403125 0.4153537765625 0.920009403125 0.35745909062500003 0.9084649234375 0.3575851546875 0.9085306453124999 0.40039637656249993 0.9087058921875 0.4459532171875 0.92018465 0.4458218921875
3 0.7767267578125 0.326250040625 0.8160322140625 0.326250040625 0.9194901359375001 0.325996265625 0.919659471875 0.23873669843749998 0.920167440625 0.128890759375 0.8856196453124999 0.128890759375 0.745921478125 0.12880158749999998 0.7443855703125 0.26029442812500003 0.77689608125 0.26029442812500003 0.7767267578125 0.326250040625
5 0.8728838265625001 0.14652264375 0.8728838265625001 0.129043 0.8438122375000001 0.1286788390625 0.8042282703125 0.12850394375000002 0.804279721875 0.14652264375 0.8236202453124999 0.14652264375 0.8728838265625001 0.14652264375
0 0.8040569906249999 0.295093575 0.802347759375 0.2921512609375 0.7829479796875 0.3201672109375 0.783306659375 0.3264453890625 0.8100393015625 0.326691475 0.809441075 0.3137708734375 0.8067063015624999 0.30264125000000003 0.8040569906249999 0.295093575
3 0.60750819375 0.3273137453125 0.717404459375 0.3270168109375 0.717007709375 0.260479003125 0.7529124484375 0.2607759390625 0.7529124484375 0.23405166406250003 0.7529124484375 0.129160934375 0.64499433125 0.1285670640625 0.5197423015625 0.1288278796875 0.51966334375 0.20252828906250003 0.5198617125 0.326126003125 0.60750819375 0.3273137453125
5 0.659856965625 0.14600391562499998 0.6596686640625 0.1285275296875 0.61926966875 0.1285275296875 0.5770494015625001 0.1283256796875 0.5772078125 0.1464267359375 0.5951730359375 0.1467086125 0.659856965625 0.14600391562499998
0 0.6769605921874999 0.2975972078125 0.67403 0.30768680625 0.672857765625 0.317337728125 0.672942925 0.3271053734375 0.70489893125 0.32698864843750003 0.7050943046875 0.3198235734375 0.6811611156249999 0.28823873906249997 0.6769605921874999 0.2975972078125
3 0.2957698 0.6451704703125001 0.29613515156250003 0.753795125 0.2943083890625 0.753795125 0.2943083890625 0.8769124390625 0.488839878125 0.8769124390625 0.48902254687499996 0.5305078421875 0.488839878125 0.42981313437499996 0.449524246875 0.42981313437499996 0.41572917187499997 0.389616521875 0.40915282656249996 0.4071170890625 0.4064126859375 0.4188752765625 0.4022111421875 0.40192160625 0.395817478125 0.390436859375 0.363849146875 0.42981313437499996 0.3134654453125 0.429281459375 0.313124034375 0.5182249156250001 0.313124034375 0.6022394 0.2957698 0.6451704703125001
5 0.445126321875 0.8776961984374999 0.445126321875 0.859477490625 0.40062031875 0.859205571875 0.3364927015625 0.8585256093750001 0.3370403265625 0.8779681187499999 0.377186553125 0.8779681187499999 0.445126321875 0.8776961984374999
0 0.321415959375 0.6719522812500001 0.3112006703125 0.6655465140625 0.3038843109375 0.6628602265625 0.2960950171875 0.6619625921875001 0.2964299125 0.732083825 0.30139950781249997 0.7322904609374999 0.33038885625000003 0.679184596875 0.321415959375 0.6719522812500001
0 0.2691681203125 0.70984329375 0.235203965625 0.7622482671874999 0.2350934546875 0.7702307203125 0.2835375703125 0.7696788140625 0.28249252187499996 0.747387146875 0.2764834890625 0.7211846609375 0.2691681203125 0.70984329375
0 0.158228728125 0.7105836875 0.1547664734375 0.7241382328125 0.153035346875 0.7339054843749999 0.151836871875 0.7438720625 0.152048171875 0.7528789203125 0.198177840625 0.7526426515625 0.1983110078125 0.7460647093749999 0.16408793593749998 0.70061710625 0.158228728125 0.7105836875
0 0.1861931078125 0.5058756703125 0.19671303906249998 0.5086663109375 0.20723297187499998 0.5086663109375 0.2165544296875 0.505062196875 0.20345809843749998 0.43866051875 0.1988436609375 0.44009623906249995 0.17980125 0.5022876984375 0.1861931078125 0.5058756703125
5 0.091482828125 0.4180830703125 0.091656940625 0.3982542234375 0.0915698875 0.3659363484375 0.080060028125 0.36624833125 0.0798172671875 0.3880897296875 0.0799913796875 0.418213384375 0.091482828125 0.4180830703125
0 0.2247926515625 0.40472054375 0.20842603906249998 0.3760514625 0.199459228125 0.361456290625 0.1955387984375 0.361514446875 0.19536757968750001 0.41983696875 0.2032026578125 0.4191854046875 0.2139105984375 0.4142334703125 0.2247926515625 0.40472054375
3 0.32782285 0.4398852796875 0.49010687500000005 0.4398852796875 0.49010687500000005 0.2574105703125 0.4896471328125 0.126920046875 0.328320165625 0.1266685140625 0.3280527140625 0.1861299421875 0.3280527140625 0.3121474078125 0.32782285 0.4398852796875
5 0.46641207656250006 0.14627584531249999 0.46641207656250006 0.1283165578125 0.41395765156250003 0.127934446875 0.35182300624999996 0.1278988203125 0.35257322343749997 0.1468490125 0.383576740625 0.14665795625 0.46641207656250006 0.14627584531249999
1 0.40673174687499997 0.4180966296875 0.3960258296875 0.38960667656250003 0.3616479359375 0.433766096875 0.361651246875 0.44026895312500003 0.45086391875 0.440354403125 0.4511018359375 0.433766096875 0.415653346875 0.38942861562500003 0.40673174687499997 0.4180966296875
0 0.35183158593749997 0.34950613124999996 0.33915725937499996 0.343103046875 0.327446390625 0.34097505156249996 0.3279087859375 0.4118769125 0.3326616578125 0.4121140625 0.36117890625000004 0.35922933437500004 0.35183158593749997 0.34950613124999996
3 0.240475425 0.3525388484375 0.262133365625 0.3863092265625 0.26243415937500003 0.4416926265625 0.335830478125 0.44034183125000004 0.3349280578125 0.40972335937500004 0.362301234375 0.35794210625 0.35598436875 0.3507377671875 0.3466594078125 0.34533450781249997 0.33613127187499997 0.341282059375 0.33613127187499997 0.29085163281250004 0.3367328578125 0.1205394984375 0.25396944062500004 0.120089228125 0.080101809375 0.11902123281250002 0.0803268875 0.35343938750000004 0.18873706562499998 0.35433994375 0.240475425 0.3525388484375
5 0.2404834328125 0.13716331406249999 0.2406007796875 0.1195972515625 0.21888450312500002 0.1195972515625 0.170520096875 0.11875275625 0.17030795468749999 0.13716331406249999 0.20070168124999999 0.13681199375 0.2404834328125 0.13716331406249999
0 0.23942727968750002 0.3270191328125 0.23684557343749998 0.3185874203125 0.2339118140625 0.3131419421875 0.2096203078125 0.3463418015625 0.2096203078125 0.353543890625 0.24165694062499998 0.3538952109375 0.24318248593749997 0.34599048125 0.242126340625 0.336680465625 0.23942727968750002 0.3270191328125
0 0.1093741109375 0.201861603125 0.0995983171875 0.1955492 0.0900142109375 0.19149514375 0.0799273484375 0.192077871875 0.0804300921875 0.2624032859375 0.08713897968749999 0.2626902125 0.11742476406249999 0.2113302046875 0.1093741109375 0.201861603125