3 0.8512497265625001 0.7388751484375 0.9331324000000001 0.7395929234375 0.9381558765625 0.7065754078125 0.96452913125 0.7072931828125 0.96452913125 0.5106810375 0.9115727078125 0.5106810375 0.8857017921875 0.4902245328125 0.8811806750000001 0.5110399265625001 0.8733942890625 0.51139880625 0.785922984375 0.50993893125 0.7855489859375 0.7072931828125 0.8442168609375 0.7069343015625 0.8512497265625001 0.7388751484375
0 0.8168665624999999 0.5372761796875001 0.81962215 0.5305040578125 0.8218266203125 0.5210545828125001 0.822487959375 0.5108176531249999 0.7908813609374999 0.5104869546875 0.791845815625 0.5108176531249999 0.7911844765625 0.5160148625 0.8168665624999999 0.5372761796875001
5 0.859254978125 0.72145020625 0.8567433171875001 0.7098764906249999 0.8557857453125 0.703902103125 0.8446873421875001 0.707902678125 0.8470106296875001 0.7180408953125 0.848957165625 0.72629501875 0.859254978125 0.72145020625
5 0.912724246875 0.7384817015625 0.9128846812500001 0.7223204515625 0.8933114124999999 0.7223204515625 0.86677919375 0.7222486515625001 0.8669997953124999 0.7387109390625 0.8848884874999999 0.73882555625 0.912724246875 0.7384817015625
5 0.934483471875 0.7257602359375 0.9355263125000001 0.7175076875 0.93705045625 0.7065042828125 0.925739671875 0.70320140625 0.9246968375 0.7109744140625 0.923012246875 0.7219778171875 0.934483471875 0.7257602359375
0 0.8827141093750001 0.5017177734375 0.881396478125 0.5084012812500001 0.8806058968749999 0.51263730625 0.8808529515625001 0.5178919828125 0.9117678765624999 0.518191203125 0.9118337578125001 0.5127314375 0.8859423015625 0.4919278484375 0.8827141093750001 0.5017177734375
3 0.8776651078125 0.5179755046875 0.8778226203124999 0.44991822968750006 0.9156861984375 0.4496931671875 0.9643581390625 0.44935557499999995 0.9642793828125 0.37106397343749997 0.9641218640625 0.306832134375 0.879363296875 0.307057196875 0.8227368765625 0.3065443953125 0.8227709624999999 0.3811917671875 0.8223771765624999 0.5179755046875 0.8776651078125 0.5179755046875
5 0.8798126359375 0.3211891703125 0.8798126359375 0.3065377625 0.861197065625 0.3066668515625 0.838915865625 0.306790321875 0.8391339562500001 0.3215118890625 0.8548775718750001 0.3215118890625 0.8798126359375 0.3211891703125
0 0.8369282874999999 0.46884548437499995 0.8330434765625 0.46658645625000006 0.8293845281250001 0.46536012656250003 0.826945228125 0.46465014687500006 0.8225974015625 0.4644516125 0.8227442140625 0.5080796546874999 0.8267193671875 0.5082087390625001 0.840361378125 0.47174994843749996 0.8369282874999999 0.46884548437499995
0 0.7451907359375001 0.4234737375 0.7195631328125 0.44373259843749996 0.7195631328125 0.4494303390625 0.7508015140625 0.4493660734375 0.7502707609375 0.43864079843750003 0.7482994078125 0.43084059531249996 0.7451907359375001 0.4234737375
5 0.774525484375 0.3219121859375 0.7743738437500001 0.306528453125 0.7662690546875 0.306528453125 0.7373811390625 0.3069617953125 0.7375246890625 0.3219121859375 0.752006559375 0.32212885468749997 0.774525484375 0.3219121859375
3 0.7055804640625001 0.5183437234375 0.7055090609375 0.5047797671875001 0.7054376578125 0.4388930484375 0.7055804640625001 0.349148675 0.7054376578125 0.30692643125 0.6879715 0.30692643125 0.67311933125 0.285705128125 0.6335379515625 0.2853990515625 0.6186857828125001 0.30682440624999996 0.5952650484374999 0.306863825 0.595141859375 0.429410115625 0.595284665625 0.51732346875 0.7055804640625001 0.5183437234375
5 0.6814907078125 0.3177465734375 0.6879885375 0.3067278203125 0.6730649546875 0.2854044890625 0.6331497453125 0.2852004375 0.6184554828125 0.3064813921875 0.62556025 0.3172364453125 0.6384130921875 0.29887185625 0.6687092703124999 0.2990759078125 0.6814907078125 0.3177465734375
0 0.6914295015625 0.4616388921875 0.687810721875 0.465164328125 0.7016182671875 0.5010563734375 0.7054563671875 0.50113471875 0.7054015375 0.4571519125 0.7003119578125 0.4581918 0.6954869203125 0.4593669453125 0.6914295015625 0.4616388921875
3 0.7582202453125 0.7068341609375 0.7582202453125 0.6367777625000001 0.7581080078125 0.5107776 0.6577757640625 0.5110983421874999 0.595034246875 0.51080365625 0.594994940625 0.5798717718749999 0.594994940625 0.7066737859375001 0.7582202453125 0.7068341609375
0 0.7197986828125 0.536264571875 0.745318921875 0.5157198375000001 0.7453942015624999 0.51087945625 0.7143408140624999 0.5106038265625 0.714303178125 0.5193770140625 0.7164863203125 0.5276594484375 0.7197986828125 0.536264571875
5 0.696243890625 0.7072771953125 0.6960951265624999 0.6923978390625 0.680846603125 0.6922915578125 0.6500334249999999 0.6922854859375 0.6499032546875 0.707383475 0.6699122921875 0.7072771953125 0.696243890625 0.7072771953125
3 0.2582039171875 0.7065552687500001 0.28681210468749996 0.7062723906249999 0.2921574765625 0.7385202984375 0.37456839375 0.7389446109375 0.3788249 0.7062723906249999 0.40239776562499996 0.7065552687500001 0.402199790625 0.3991967953125 0.40606034218750003 0.3987724828125 0.4061593296875 0.360882125 0.3418300171875 0.36116499687500003 0.3183716515625 0.34461673125000003 0.3143131265625 0.3562146625 0.313620209375 0.3511228875 0.31035358749999997 0.34461673125000003 0.2886751109375 0.3605992453125 0.2583846421875 0.36054894375 0.2582039171875 0.4649278609375 0.2582039171875 0.5870852265625001 0.2582039171875 0.7065552687500001
0 0.26508751406250003 0.6014209203124999 0.25819451875 0.6016440750000001 0.2588448015625 0.6482498765625 0.269249315625 0.6467632437499999 0.2809543953125 0.6402592234375 0.26508751406250003 0.6014209203124999
5 0.379533203125 0.7054456453125 0.36834835312499997 0.7011715749999999 0.36600733281250003 0.724214396875 0.3003288375 0.723656903125 0.2972114484375 0.7017168593750001 0.2858965421875 0.7054456453125 0.29187913593750003 0.73982404375 0.374851175 0.73908073125 0.379533203125 0.7054456453125
1 0.4705096421875 0.7443675859375001 0.4742679671875 0.7316137765625 0.4764603125 0.7163987109375001 0.479122465625 0.7338512875000001 0.48350716875 0.7457100875 0.529076846875 0.709238678125 0.5295466296875 0.6931286046875 0.42226325937500003 0.6931086640624999 0.42171857968750004 0.6911148453125 0.422188375 0.7065536640625 0.4705096421875 0.7443675859375001
3 0.40637310312499997 0.3739923703125 0.4065538203125 0.28829867343750004 0.4061923875 0.1627241796875 0.3561354578125 0.1627241796875 0.3355336640625 0.1471020421875 0.33173856874999996 0.1596255765625 0.327846275 0.147747584375 0.3076057828125 0.1629823984375 0.257998503125 0.162317090625 0.25823199375 0.3178438953125 0.25841271093749996 0.3738632625 0.40637310312499997 0.3739923703125
5 0.3048574125 0.16232309218750002 0.257599475 0.1620648765625 0.2576898390625 0.1915016375 0.257780196875 0.20686555625 0.2578479640625 0.2065179296875 0.26762936718749997 0.20634912500000002 0.26744864375 0.176266821875 0.304676696875 0.17678325625 0.3048574125 0.16232309218750002
1 0.3320705703125 0.160327828125 0.32791404218750003 0.147675184375 0.3037881015625 0.16665415156250002 0.303607378125 0.176079078125 0.3035170203125 0.176190346875 0.36035304687499997 0.176079078125 0.36017233125 0.16575038749999998 0.335775309375 0.1471587515625 0.3320705703125 0.160327828125
5 0.3965016828125 0.2228427125 0.4062851703125 0.22294474687500002 0.40621375937500004 0.20325716093750001 0.4062851703125 0.1627650296875 0.3593109796875 0.16244917187500002 0.3592352125 0.1757182109375 0.3969301609375 0.17633043125 0.3965016828125 0.2228427125
1 0.3149394484375 0.3556481234375 0.31047826875 0.3440244234375 0.28541695 0.36539703437500004 0.2849249078125 0.3732052765625 0.343805890625 0.37345863125 0.343543471875 0.364272159375 0.3179573078125 0.34421190468749996 0.3149394484375 0.3556481234375
0 0.2137714890625 0.6854063874999999 0.2124958234375 0.69395910625 0.212716609375 0.705858953125 0.24428924375 0.7061572453125 0.2443873703125 0.695361190625 0.21799098125 0.6743299171875 0.2137714890625 0.6854063874999999
3 0.073829715625 0.7065175734375 0.07772855625 0.738436778125 0.1611363921875 0.7390390296875 0.165667484375 0.7066841875 0.20001945625 0.7068347484374999 0.200335575 0.557081446875 0.20065170000000002 0.47836947187499995 0.1053478140625 0.47821890937499995 0.0370390125 0.478057175 0.036889959374999996 0.5323892328125 0.036995340625 0.7068186984375 0.073829715625 0.7065175734375
0 0.184456953125 0.6860165390625 0.19255579218750002 0.689505128125 0.19994002187499998 0.6911217890625 0.20017822343749997 0.6461979796875 0.1961288078125 0.6464704765625 0.18124124218749998 0.6836340890625 0.184456953125 0.6860165390625
5 0.165429375 0.7056455578125 0.1550482875 0.7027222921875 0.15269927656249999 0.724376109375 0.0866238875 0.7239430359375 0.08403378593750001 0.703205509375 0.073690584375 0.7055488328124999 0.0777823984375 0.73866763125 0.1608071390625 0.7389924375 0.165429375 0.7056455578125
3 0.151463946875 0.48581348125 0.151226690625 0.43347313437499996 0.1509894234375 0.3706145609375 0.151463946875 0.28084980625 0.120558071875 0.2811888125 0.11949040625 0.27152713125 0.11652464843749999 0.26220445625 0.09173090625 0.280285628125 0.0368050578125 0.2800269265625 0.0368494 0.348313146875 0.036968028125 0.4856328546875 0.151463946875 0.48581348125
0 0.116591784375 0.261833096875 0.1051869 0.2705314734375 0.090083140625 0.2830835625 0.090083140625 0.2878320203125 0.12113832499999999 0.2882585453125 0.12044478437499999 0.2757064578125 0.1186724015625 0.2675586125 0.116591784375 0.261833096875
5 0.047485146875 0.44618507812499997 0.0473952140625 0.41650138437499995 0.0475750796875 0.38014934375 0.036558165625 0.3799113015625 0.036513203125 0.40018177499999996 0.0364232640625 0.44631357656250004 0.047485146875 0.44618507812499997
3 0.1327968140625 0.4702286 0.1356816546875 0.4720319578125 0.1406399734375 0.47460818125 0.146049046875 0.47589629375 0.14622935312500002 0.486072384375 0.146770259375 0.4858147609375 0.1534414515625 0.4858147609375 0.2673087609375 0.4856859453125 0.2676693671875 0.3737970421875 0.2673989109375 0.205122978125 0.1919094265625 0.20538060156250001 0.1904670078125 0.19636381249999998 0.187401865625 0.18953681875 0.16756859531249998 0.2049941640625 0.146180215625 0.20507661718749998 0.14595889687500002 0.3339402625 0.146319503125 0.43422522187499996 0.1327968140625 0.4702286
0 0.18769891875 0.1884384875 0.16146490468750002 0.20737373906249998 0.1610366890625 0.21843508437499998 0.19274738593750002 0.218966753125 0.1923867796875 0.2049263265625 0.1907640546875 0.1966824078125 0.18769891875 0.1884384875
0 0.146193621875 0.476983421875 0.15113736718749998 0.4777907078125 0.1509961203125 0.43101051406249996 0.1476061203125 0.4315732921875 0.13235113437499998 0.47072691093749996 0.146193621875 0.476983421875
0 0.2289320609375 0.4598004609375 0.20286408281249999 0.48036382031249997 0.202660425 0.48561839687499997 0.2340008328125 0.48592498281249996 0.23345775156249998 0.47544930625 0.2324621015625 0.46885351093749994 0.2289320609375 0.4598004609375
5 0.1093482890625 0.22011556406250002 0.1093482890625 0.20483790625 0.09873878750000001 0.2050747703125 0.08000639375 0.204976590625 0.08000639375 0.2199971296875 0.0927709484375 0.2199971296875 0.1093482890625 0.22011556406250002