3 0.9247653625 0.4963603703125 0.9255995421875 0.39836437812500003 0.924598528125 0.2872818375 0.84282214375 0.2868226625 0.7727193125 0.2866284578125 0.7727245734375 0.3866553625 0.773058240625 0.49658996406250006 0.9247653625 0.4963603703125
0 0.7780724703125 0.358582059375 0.783282728125 0.3570046578125 0.788180375 0.35327624375 0.7922443703125001 0.34768363281250003 0.7948495 0.34151741874999997 0.7972462203124999 0.33305679375 0.7976630421875 0.3241659703125 0.7778640640625001 0.32402256875 0.7778640640625001 0.31900355625 0.7724922125 0.31895954843749996 0.7728622125 0.364318075 0.7780724703125 0.364461478125 0.7780724703125 0.358582059375
3 0.59914536875 0.49620219062500004 0.59914536875 0.4987721984375 0.6434103078125 0.49850167343749996 0.6433120171875 0.49606692499999994 0.69102389375 0.4959999984375 0.691670625 0.4445883859375 0.6912825828125 0.376088990625 0.6914119265625 0.2876538515625 0.62676059375 0.2876538515625 0.548931515625 0.2871603734375 0.5488949484375001 0.42445107968749995 0.549147009375 0.496227790625 0.59914536875 0.49620219062500004
3 0.7065869203124999 0.29338566093749996 0.7075047671875 0.17235132656250002 0.7073736484375 0.0736914203125 0.6505161578124999 0.074052296875 0.650253921875 0.0715261515625 0.6034854000000001 0.07188703125 0.6034854000000001 0.0742327359375 0.548752328125 0.07309030625 0.5487201703125 0.172531765625 0.5488512875 0.29428785468749996 0.7065869203124999 0.29338566093749996
0 0.7006396109375 0.11961829375 0.696426896875 0.1208864484375 0.692082528125 0.1237850828125 0.68826475 0.128133034375 0.6852368609374999 0.135198453125 0.6828672078125 0.1437131921875 0.682340615625 0.154220740625 0.70235103125 0.154039578125 0.702219375 0.158931025 0.7073536265625 0.158931025 0.7077083328125 0.1139018046875 0.7024826765625 0.1140021921875 0.702614321875 0.11889363593749999 0.7006396109375 0.11961829375
3 0.9243656093749999 0.19566188281250002 0.9243294593750001 0.07382079999999999 0.8649425859375001 0.0736531703125 0.8649425859375001 0.0714739421875 0.820751046875 0.072144471875 0.8206292359375 0.0736531703125 0.7729214265625 0.0737674890625 0.773490765625 0.2934258515625 0.9247688937499999 0.2930128109375 0.9243656093749999 0.19566188281250002
0 0.7979634296875 0.15497209218750002 0.79734561875 0.146186746875 0.7949773312499999 0.1366929109375 0.7905496734375 0.128332665625 0.7860190421875 0.12393999375 0.78076763125 0.12068091562500001 0.7777815328125001 0.12011411718750001 0.777678565625 0.1140210578125 0.77259986875 0.1138753203125 0.772324178125 0.159931559375 0.7775755890625 0.16007326093750002 0.777678565625 0.1545469953125 0.7979634296875 0.15497209218750002
3 0.29897538749999997 0.49053985000000006 0.3484106640625 0.4904286625 0.3484106640625 0.49576560937499997 0.3623075953125 0.4955432359375 0.362469184375 0.501213740625 0.39493456718750003 0.5015472984375 0.394853771875 0.49598798125 0.450805621875 0.49618075156249997 0.4509971140625 0.4432460625 0.45061414375000003 0.3368203421875 0.45061414375000003 0.2140721265625 0.3957951328125 0.21380862500000003 0.299480590625 0.21380862500000003 0.29889458593749996 0.2563754359375 0.29889458593749996 0.3431748375 0.29897538749999997 0.49053985000000006
0 0.3042552984375 0.3449866734375 0.3239691421875 0.3451105484375 0.32387911875 0.3390406125 0.3232489984375 0.334209434375 0.3216286796875 0.32875888125 0.319198209375 0.32231730937499997 0.315057403125 0.3171145078125 0.30965634999999997 0.3129027125 0.3039852421875 0.3106729390625 0.3039852421875 0.3053462578125 0.298148928125 0.30509525000000004 0.2984941734375 0.3499417265625 0.3041652828125 0.35018947968749997 0.3042552984375 0.3449866734375
0 0.390828465625 0.48616949531250003 0.3895774296875 0.479283146875 0.38691899375 0.47304239218750005 0.383635034375 0.46830802499999996 0.37925642656249997 0.46372529218749997 0.3749560078125 0.461250509375 0.3704992125 0.4596365203125 0.365807846875 0.45931372187499997 0.36565146406250004 0.4862830890625 0.3621433875 0.48615876093750005 0.3623675109375 0.5013409890625 0.3948943140625 0.5015561843749999 0.394816125 0.48627709531249996 0.390828465625 0.48616949531250003
0 0.18540329687499998 0.4215282828125 0.1855115203125 0.42748508437500005 0.18637724375 0.4338886484375 0.1892990859375 0.44073896562500003 0.192978428125 0.44773820937500003 0.2009864234375 0.45503529374999996 0.20585615000000002 0.45756693437499996 0.20585615000000002 0.46277913593750003 0.21094231406250002 0.46277913593750003 0.2107617375 0.4168275859375 0.2056397203125 0.4176563640625 0.2056397203125 0.4219750453125 0.18540329687499998 0.4215282828125
3 0.2103725125 0.4136798609375 0.21056035468749998 0.35258053125 0.21084212500000002 0.28448730625 0.2326321546875 0.28487505468749996 0.232820003125 0.1984498984375 0.23300784531250002 0.11705829999999999 0.23300784531250002 0.0735154 0.1768125421875 0.07364465 0.1768125421875 0.070930396875 0.13066239531249998 0.070413396875 0.13066239531249998 0.0737739 0.07496905000000001 0.0736720546875 0.0752356546875 0.2900378640625 0.074953884375 0.41329210937500005 0.2103725125 0.4136798609375
0 0.2229720140625 0.1303747875 0.2186488921875 0.133578203125 0.21454746875000003 0.1380019640625 0.21144369062499999 0.14318844375 0.20978095156249998 0.14974781875 0.2087833109375 0.1573749921875 0.2085616125 0.16347673437500002 0.228403628125 0.163019103125 0.22862532343750003 0.16820558593749999 0.23328099687499998 0.1680530390625 0.23363586718749998 0.122590378125 0.228403628125 0.122442525 0.2279602296875 0.1282391796875 0.2229720140625 0.1303747875
0 0.18544044375 0.311160284375 0.18532843593749998 0.315938659375 0.186336525 0.32256673281250003 0.1885767296875 0.33027379375 0.1929451296875 0.33659357968750003 0.19921770156250002 0.3429133734375 0.20605032343750002 0.346150334375 0.20593831406250002 0.351699421875 0.2114268171875 0.35185356093750003 0.21156676718749998 0.3058725203125 0.2056022890625 0.306073625 0.2057142984375 0.3113144234375 0.18544044375 0.311160284375
3 0.45055555625 0.22047055937499999 0.45038103906250004 0.073064065625 0.404029771875 0.073304225 0.2990776953125 0.0729769859375 0.299205965625 0.1566139890625 0.299205965625 0.22071072812499998 0.45055555625 0.22047055937499999
0 0.3241623046875 0.15901561875 0.32381327031249996 0.14796813125 0.3210209421875 0.137881290625 0.31665794687500004 0.1313968921875 0.3112478359375 0.1265936359375 0.306012240625 0.1237116796875 0.30409252656249997 0.1237116796875 0.304441559375 0.1184281 0.299056740625 0.11798746093750001 0.29885693125 0.1645393625 0.30409252656249997 0.164299203125 0.304441559375 0.15877545937499998 0.3241623046875 0.15901561875
5 0.9266146609374999 0.41316478281249996 0.9267900453125 0.3950703375 0.9266146609374999 0.355503828125 0.914269571875 0.355157771875 0.9148642640625001 0.37721715625 0.9150396484375 0.41268226406249997 0.9266146609374999 0.41316478281249996
5 0.7473870703125 0.4991981890625 0.7470609484375 0.4837205421875 0.730917915625 0.4837205421875 0.7088892140625 0.4835901390625 0.7087416281250001 0.499646821875 0.725863025 0.4998711359375 0.7473870703125 0.4991981890625
0 0.7190144640625 0.382857853125 0.7212973218750001 0.39003589375000003 0.727004453125 0.3978868734375 0.735320553125 0.40349472343750004 0.7437997281250001 0.4046162875 0.7436366624999999 0.376801384375 0.747224003125 0.376801384375 0.7470609484375 0.36962334375 0.71319409375 0.3694198375 0.7123289703125 0.37590412500000003 0.7186883421875 0.37590412500000003 0.7190144640625 0.382857853125
5 0.64420805625 0.4991374640625 0.6439575265624999 0.48420284999999996 0.6257520859375 0.4839730875 0.5985944562500001 0.4839567546875 0.59877796875 0.49890769687500003 0.6165658546875 0.49902257812500006 0.64420805625 0.4991374640625
0 0.6664943515624999 0.330736571875 0.6664943515624999 0.33868449218749996 0.6681161375 0.34551692031250003 0.670852890625 0.35179159531250004 0.67450190625 0.35750852499999997 0.679874065625 0.3628071390625 0.686259834375 0.3658747578125 0.6863612 0.3713128078125 0.6920374375 0.37145225000000004 0.6917544312499999 0.3258996375 0.686563921875 0.3258562671875 0.6864625578125 0.3311548828125 0.6664943515624999 0.330736571875
5 0.8651483140625 0.0862178484375 0.8650702234375001 0.071287290625 0.8446125390624999 0.071394703125 0.8201105375 0.0713352671875 0.8201726265625 0.086003021875 0.8374289234375001 0.0863252625 0.8651483140625 0.0862178484375
5 0.7590149578125 0.08631431875 0.7588618796875 0.07146891250000001 0.7423300578124999 0.0715741984375 0.7231275562499999 0.0715427421875 0.7229663921875 0.08620903125 0.738426709375 0.08620903125 0.7590149578125 0.08631431875
5 0.6504133624999999 0.0860742 0.65057629375 0.0711687109375 0.6297204078124999 0.0713928515625 0.6029501953125 0.071348240625 0.6030802703125 0.0862983421875 0.621736515625 0.086186271875 0.6504133624999999 0.0860742
5 0.4526606734375 0.4157038375 0.45236873749999995 0.396436165625 0.4521741125 0.35922076875000003 0.4415774484375 0.35894524375 0.44166428125 0.38089806875 0.441761590625 0.4153022328125 0.4526606734375 0.4157038375
5 0.39627985468750004 0.08607539374999999 0.3961887984375 0.070667734375 0.3789785390625 0.0705424671875 0.35239873906249997 0.0706595703125 0.3523891453125 0.08607539374999999 0.3689619859375 0.08607539374999999 0.39627985468750004 0.08607539374999999
5 0.177192 0.0858480546875 0.177124653125 0.0711191859375 0.15739434531250002 0.0711191859375 0.1303781578125 0.0709903265625 0.1303914296875 0.0858480546875 0.14991972656250002 0.0861259578125 0.177192 0.0858480546875
5 0.353125 0.5453125 0.0125 0.0671875
5 0.353125 0.68515625 0.0125 0.0765625
5 0.1484375 0.75859375 0.0609375 0.0125
5 0.303125 0.75859375 0.06015625 0.01953125
5 0.35234375 0.82734375 0.0125 0.13046875
5 0.1578125 0.9 0.0875 0.01796875
5 0.3015625 0.89921875 0.0875 0.015625
1 0.2546875 0.47421875 0.05390625 0.03828125
1 0.2265625 0.771875 0.05859375 0.0375
1 0.2296875 0.8890625 0.06015625 0.0484375
3 0.256856421875 0.789217753125 0.256856421875 0.765464065625 0.35930855781250004 0.765464065625 0.3611601015625 0.48296483749999997 0.2803093203125 0.48296483749999997 0.2809265015625 0.45327272656249995 0.228466071875 0.45327272656249995 0.22784888906249998 0.48381318437500004 0.0741975390625 0.48217922343749997 0.097006403125 0.7629190265625 0.1988413578125 0.7620706796875 0.1994585390625 0.791762790625 0.256856421875 0.789217753125