3 0.544770003125 0.74810695625 0.54454341875 0.7200255078125 0.54454341875 0.6036867984375001 0.43173780624999997 0.60352628125 0.325677171875 0.6041155109375 0.326348584375 0.685202365625 0.32589539843750004 0.747785921875 0.544770003125 0.74810695625
0 0.3583900125 0.6159126265625 0.35012398437500003 0.6123341328125 0.3401741390625 0.6102737890625 0.334204240625 0.609948471875 0.32501976718750003 0.60984003125 0.325314040625 0.6368235671875 0.370023675 0.63619075625 0.369870603125 0.629142209375 0.3649722234375 0.6213345859375 0.3583900125 0.6159126265625
3 0.3348709328125 0.74776105625 0.3353091265625 0.698429603125 0.3348709328125 0.636991628125 0.2822870171875 0.636681203125 0.2823674640625 0.624264253125 0.1346031875 0.624294396875 0.13420488749999998 0.62473853125 0.134423984375 0.74776105625 0.3348709328125 0.74776105625
0 0.26538578749999997 0.7157199015625 0.256369140625 0.7207990859375 0.2507201609375 0.725870184375 0.247569765625 0.7301028390625001 0.24626615312500003 0.7349511515625 0.2458152140625 0.74751923125 0.282875903125 0.7477624078125 0.2835277078125 0.7139498828125 0.27505423906250004 0.7139498828125 0.26538578749999997 0.7157199015625
0 0.2880934421875 0.6520254015625 0.292004275 0.6563350125 0.2968928171875 0.6608754984375 0.3044972140625 0.66503119375 0.3137311296875 0.6675707859375 0.3226391359375 0.668186446875 0.32285640937500004 0.65634358125 0.32274777656250003 0.637335115625 0.2852173890625 0.6369423078125 0.28592075625 0.64371400625 0.286138021875 0.647792746875 0.2880934421875 0.6520254015625
3 0.3260152234375 0.609788325 0.5446074203125 0.6096214390625 0.5446074203125 0.5150269921875 0.47393523281250005 0.514526346875 0.3553873171875 0.514227590625 0.35663983906249996 0.5682531859375 0.3260152234375 0.568586953125 0.3260152234375 0.609788325
0 0.34535426406249997 0.6016230390625 0.35233597968749997 0.59932673125 0.36019039375 0.5950873890625 0.365302 0.589788215625 0.36916688125 0.5826343328125 0.36916688125 0.5760986859375 0.325300628125 0.5763815828125 0.3256558796875 0.60303615 0.337749190625 0.602417915625 0.34535426406249997 0.6016230390625
3 0.0514505265625 0.44804013125 0.0715787234375 0.46217618125 0.07175224062499999 0.48946490468750004 0.1512239328125 0.48946490468750004 0.1512239328125 0.484056328125 0.32019371875 0.48418609687499997 0.31967317031250003 0.42520398125 0.3193261234375 0.38771955937499997 0.3191526078125 0.3347606328125 0.2021140671875 0.334146021875 0.072311484375 0.33469087656249996 0.0717028484375 0.3616088609375 0.050880571875 0.3761136796875 0.0514505265625 0.44804013125
0 0.2700583828125 0.46086214375 0.26302270625 0.4562340234375 0.2536418015625 0.45362328906249993 0.24124559843750001 0.45291127031249995 0.24077300156249998 0.48472803906250006 0.279606815625 0.48471477187499995 0.27910426093749996 0.47154242343749997 0.2750838703125 0.46525292656249995 0.2700583828125 0.46086214375
3 0.326063878125 0.521056609375 0.5445955703124999 0.52086993125 0.544332053125 0.46975055625 0.544332053125 0.33425144218749997 0.4557123265625 0.33425144218749997 0.3105381140625 0.33452302343749996 0.3113066515625 0.4840938 0.3263273953125 0.483907121875 0.326063878125 0.521056609375
0 0.352679571875 0.5094823953125001 0.3637474984375 0.503321928125 0.3687543953125 0.49529465000000006 0.36980848593750004 0.4854005671875 0.3250479765625 0.485667159375 0.32474626875 0.513589375 0.339239965625 0.5132160109374999 0.352679571875 0.5094823953125001
5 0.545538859375 0.71330071875 0.545538859375 0.678271659375 0.5453128546875 0.637938471875 0.5261033453125 0.637824628125 0.5263277390625001 0.655235325 0.5263277390625001 0.712980615625 0.545538859375 0.71330071875
5 0.5454254640625 0.5900605296875 0.545958953125 0.566272740625 0.5454254640625 0.5345380609375 0.5252610640625 0.5345283921874999 0.52595305625 0.5462364484375 0.5264865624999999 0.5900605296875 0.5454254640625 0.5900605296875
5 0.502790109375 0.34695600781249997 0.5023298406250001 0.33435276875 0.41763038906250005 0.3342441203125 0.35122871093749997 0.333961996875 0.3516628296875 0.346847359375 0.4231625515625 0.346847359375 0.502790109375 0.34695600781249997
5 0.218997359375 0.3468550515625 0.2187503203125 0.3344345609375 0.1951588171875 0.33425962343750004 0.14390015312499999 0.33405048125 0.14402330937500002 0.3468550515625 0.171196765625 0.3465051765625 0.218997359375 0.3468550515625
5 0.0685658046875 0.382214221875 0.0689363546875 0.3818643484375 0.0751121390625 0.3779282765625 0.0838817578125 0.37075588125 0.0706664578125 0.361646634375 0.0633781421875 0.3667323421875 0.055349623437499995 0.37268018281250004 0.0685658046875 0.382214221875
5 0.0689363546875 0.43755100625 0.06905986562500001 0.4090547265625 0.06905986562500001 0.38500096093749997 0.05028602343750001 0.3848197109375 0.0511500859375 0.40982357656249996 0.051273604687499995 0.43772594531250003 0.0689363546875 0.43755100625
5 0.0835112078125 0.453101990625 0.07362995312500001 0.445492253125 0.068356675 0.44164663437499996 0.0557201734375 0.45109021875 0.0638722125 0.45703806093750005 0.07128315156250001 0.46202375 0.0835112078125 0.453101990625