3 0.2812741875 0.8850445453125 0.2812741875 0.596712475 0.275009796875 0.596712475 0.2537108734375 0.6238497656249999 0.0453154546875 0.6240686281250001 0.0457330828125 0.5608211734374999 0.0801872328125 0.5608211734374999 0.0797994984375 0.5558543874999999 0.08045823125 0.49981987656250004 0.002642384375 0.4998221015625 0.0027749203125 0.8847008421875 0.2812741875 0.8850445453125
3 0.3447813328125 0.7817499031249999 0.3560575625 0.7818905953125 0.3779698546875 0.8040422218750001 0.3835362453125 0.8005278078125 0.38735894375 0.7932178328124999 0.3891026359375 0.786470153125 0.38984035 0.781549971875 0.393304578125 0.7818587546875 0.3934635140625 0.8075116921875001 0.48294585625 0.8071785359374999 0.482786909375 0.668180871875 0.4996343921875 0.668180871875 0.49947544375 0.622038884375 0.38853642499999996 0.622205465625 0.3886953609375 0.558843878125 0.42175455937499995 0.558677303125 0.4219134953125 0.49854280937500006 0.42156706093749996 0.49827287656249997 0.3447813328125 0.49813218125000003 0.3447813328125 0.7817499031249999
3 0.4948808609375 0.6629184593749999 0.47813258281250004 0.6627912625 0.47813258281250004 0.8064921328124999 0.5730395046875 0.806873715625 0.5726754078125 0.781815803125 0.5778940687499999 0.7815614125 0.5786222624999999 0.7890660625 0.582384565625 0.7966979140625 0.5885741359375001 0.8043297640624999 0.6110265390625 0.781307015625 0.6225561515625 0.7814342125 0.6224293375000001 0.5943402078125 0.6156383875 0.594351446875 0.5969482859374999 0.6216989140625 0.4948808609375 0.6223349015624999 0.4948808609375 0.6629184593749999
3 0.6228188218749999 0.1078421046875 0.6160772531250001 0.1077262703125 0.594194746875 0.1276489515625 0.38738761718750003 0.1278010140625 0.387082434375 0.1066914046875 0.3441798984375 0.1067549203125 0.3442625953125 0.3877090734375 0.6228188218749999 0.387243559375 0.6228188218749999 0.1078421046875
3 0.280056996875 0.1253727296875 0.0021615749999999998 0.12527670468750002 0.002927578125 0.38930801718749997 0.280606246875 0.3887197875 0.280056996875 0.1253727296875
0 0.1865177359375 0.1483414984375 0.1900557015625 0.1426671140625 0.1921463203125 0.1348578125 0.1919855015625 0.12732942187500002 0.16179502343750002 0.126876540625 0.16175197187499998 0.1309812515625 0.181907659375 0.1521618734375 0.1865177359375 0.1483414984375
0 0.052977221875 0.050552575 0.0621051703125 0.047199315625 0.06793953593749999 0.040985906249999995 0.0471428640625 0.0176116671875 0.0428473171875 0.017895075 0.042249524999999996 0.051538829687499996 0.0476133765625 0.051834709374999996 0.052977221875 0.050552575
0 0.13069559687500001 0.0380791375 0.127262065625 0.0424773734375 0.12421003906250001 0.049354615625 0.12123431093749999 0.058071123437500004 0.1211580109375 0.0627092625 0.155698309375 0.0627757125 0.1558748203125 0.0581510953125 0.1341291265625 0.036799646875 0.13069559687500001 0.0380791375
0 0.1904136515625 0.08292315 0.19244697500000002 0.084201784375 0.21400021093750002 0.06267815624999999 0.21393243437499998 0.057989840625 0.1826228046875 0.058160015625000006 0.1826192421875 0.0631754 0.18322924062499998 0.06999476875 0.1848559015625 0.07589068125000001 0.1904136515625 0.08292315
0 0.40588819843749996 0.020692940625 0.39885367031249996 0.024137528125 0.39510576875000003 0.0287303125 0.41597870625000005 0.0510899234375 0.42071426093750003 0.0509885546875 0.420706828125 0.0185174109375 0.41246144375 0.01906129375 0.40588819843749996 0.020692940625
0 0.4674647125 0.027852010937499998 0.47302599062499995 0.0327224640625 0.49542345 0.01052599375 0.495118728125 0.0034199296875 0.46213870625000003 0.0037115875 0.4620558015625 0.0089291265625 0.46335089218750003 0.0182708046875 0.4674647125 0.027852010937499998
0 0.8777292437499999 0.11662532187500001 0.8823853749999999 0.11651923906249999 0.8826845671875001 0.0828802453125 0.8730731281249999 0.08373894531250001 0.86315355625 0.08777018125 0.8565742484375001 0.094983965625 0.8777292437499999 0.11662532187500001
0 0.7481968796875 0.33532384843749996 0.7525916500000001 0.328517971875 0.75521539375 0.319305971875 0.7554121765625 0.3105064515625 0.723470009375 0.3103979375 0.7232713078125 0.315043703125 0.7439988890625 0.3364237875 0.7481968796875 0.33532384843749996
0 0.8668215640625 0.3243140703125 0.8689135125 0.3296308703125 0.87215603125 0.3343995453125 0.8757123453125001 0.3375786625 0.8984622874999999 0.31527003124999997 0.89851458125 0.3108850421875 0.8655042796875 0.310705165625 0.865252603125 0.31505078124999997 0.86567099375 0.3196002078125 0.8668215640625 0.3243140703125
5 0.840625 0.00703125 0.04453125 0.00703125
5 0.690625 0.16015625 0.009375 0.046875
5 0.9609375 0.1625 0.00859375 0.04609375
5 0.9609375 0.2546875 0.009375 0.04765625
5 0.3511196953125 0.18983067343749999 0.35117188125 0.1412787703125 0.34379669062499996 0.14022963906250002 0.34379669062499996 0.18983067343749999 0.3511196953125 0.18983067343749999
5 0.3428711 0.21800511406249998 0.343308490625 0.26499925156250004 0.3525842953125 0.26551060312499997 0.3525842953125 0.21795497187500001 0.3428711 0.21800511406249998
5 0.342332090625 0.29418039687499997 0.342820290625 0.3448041328125 0.3525842953125 0.3448041328125 0.3540488953125 0.2952030984375 0.342332090625 0.29418039687499997
5 0.34477309218749996 0.043021754687500004 0.34335938125 0.042557543749999996 0.343308490625 0.0788163171875 0.3525842953125 0.07932766718749999 0.3530724953125 0.043021754687500004 0.34477309218749996 0.043021754687500004
5 0.45936447343750003 0.0018780749999999999 0.42696707968750003 0.002265253125 0.42658531406250005 0.0117398421875 0.45971318749999995 0.0121050921875 0.45936447343750003 0.0018780749999999999
5 0.532594509375 0.0018780749999999999 0.49946663593749996 0.0018780749999999999 0.500512778125 0.0121050921875 0.5336406515625 0.0121050921875 0.532594509375 0.0018780749999999999
5 0.56990695625 0.126830371875 0.5378252265625 0.126830371875 0.5385226546874999 0.134135384375 0.56990695625 0.13340488281250001 0.56990695625 0.126830371875
5 0.6149553609375 0.1407380328125 0.6152539546875 0.191116175 0.6243205296875 0.1900204234375 0.6236231015625 0.141076840625 0.6149553609375 0.1407380328125
5 0.61390904375 0.2178297390625 0.6149052390625 0.26892675312500003 0.6236231015625 0.26892675312500003 0.623971815625 0.21888741718750002 0.61390904375 0.2178297390625
5 0.61390904375 0.2938253546875 0.613859096875 0.34639646874999996 0.6243205296875 0.34639646874999996 0.625017959375 0.29306987812499996 0.61390904375 0.2938253546875
1 0.5134293328124999 0.1502081046875 0.5280753390624999 0.1334065765625 0.52877276875 0.12829306875 0.4778878390625 0.12648885468749999 0.4778604578125 0.1330413265625 0.49390132343750004 0.15093860625 0.5134293328124999 0.1502081046875
5 0.61565290625 0.0461088765625 0.6152539546875 0.080773903125 0.6236231015625 0.081139153125 0.623971815625 0.046075093750000004 0.61565290625 0.0461088765625
5 0.6868024593750001 0.2306174640625 0.6867404171875 0.2769622671875 0.69476085 0.276231765625 0.6944121359375 0.23057543749999998 0.6868024593750001 0.2306174640625
5 0.13984375 0.503125 0.06484375 0.009375
5 0.00625 0.56015625 0.009375 0.04765625
5 0.00625 0.64921875 0.009375 0.046875
5 0.00625 0.73125 0.00859375 0.04765625
5 0.00625 0.815625 0.009375 0.0484375
5 0.27734375 0.66875 0.00859375 0.0515625
5 0.27734375 0.7421875 0.00859375 0.05078125
5 0.27734375 0.815625 0.0109375 0.053125
5 0.34921875 0.64609375 0.00859375 0.0515625
5 0.3484375 0.72734375 0.01171875 0.05390625
5 0.48359375 0.5015625 0.06875 0.01015625
5 0.61953125 0.64765625 0.00859375 0.0484375
5 0.61875 0.72890625 0.01171875 0.05
0 0.37774371093750003 0.8071714578125 0.3826257140625 0.7995011953125 0.38604311562500004 0.789785528125 0.386531315625 0.7795585109375 0.351416478125 0.7785894296875 0.359192103125 0.7954103875 0.36846790625 0.8025693 0.37774371093750003 0.8071714578125
0 0.47107155624999997 0.6510335515625 0.4925523671875 0.6270000609374999 0.49304056718749995 0.6223979015625 0.458431265625 0.6229494375 0.45837835 0.6346703234375 0.463260353125 0.6418292359375 0.47107155624999997 0.6510335515625
0 0.535188521875 0.641488334375 0.5390941234375 0.63228401875 0.5390941234375 0.6220570015625 0.501074225 0.6215856765625001 0.5273773171875 0.651715353125 0.53079471875 0.648647246875 0.535188521875 0.641488334375
1 0.1665830015625 0.6476427250000001 0.18464640937500001 0.62974544375 0.1851346109375 0.6241205843750001 0.13242188125 0.6231202031249999 0.1294797828125 0.6251432859375 0.1499841921875 0.648154075 0.1665830015625 0.6476427250000001
0 0.607948415625 0.7860590515625 0.6103894171875 0.7775365375 0.574707040625 0.774254046875 0.5794700671874999 0.7945815671875 0.58842040625 0.8065130875 0.607948415625 0.7860590515625