3 0.8109141078125001 0.33034859375000003 0.9678514640625 0.3299421078125 0.9678514640625 0.17473003125 0.9681152203125001 0.0085426703125 0.9323458 0.0085426703125 0.8109272593749999 0.007719909375 0.810613453125 0.0085653046875 0.810613453125 0.1596898265625 0.8109141078125001 0.33034859375000003
0 0.8248640140625 0.315150740625 0.8312078375 0.311377265625 0.8371064703125001 0.30554553125 0.8424486375000001 0.2981701078125 0.827089915625 0.27398557343749996 0.8144022812499999 0.2539175578125 0.8104352875 0.25399594531249997 0.8105069531250001 0.31738051875 0.817629834375 0.31738051875 0.8248640140625 0.315150740625
3 0.5626657828125 0.380522553125 0.6720222375 0.38019163749999996 0.708095775 0.38019163749999996 0.7259178078125 0.359674640625 0.7409484468749999 0.3292669109375 0.7409484468749999 0.19789195312500002 0.6076266109375 0.19789195312500002 0.5135325921875 0.1973054390625 0.5119910640625001 0.36166015156250003 0.552788509375 0.36199107812500003 0.5626657828125 0.380522553125
0 0.792920325 0.29022580625 0.7876496484375 0.2814616546875 0.7848756046875 0.27996533437500004 0.7581060796875 0.32228976875000004 0.7579499625 0.32909685624999996 0.7995780328125 0.3297713625 0.7997167328125 0.3171595390625 0.7966652890625 0.30070003437500004 0.792920325 0.29022580625
0 0.7086238109375 0.29916806406249996 0.711563828125 0.304605240625 0.7162678437500001 0.30943829218749996 0.725675903125 0.3163857984375 0.73429995625 0.31910439375 0.7411599953125 0.31910439375 0.7413518671875 0.254829809375 0.7378279671875 0.25567061562500004 0.7264599109375001 0.271982159375 0.7086238109375 0.29916806406249996
0 0.138402746875 0.11911766093750001 0.138855709375 0.12284075781249999 0.146254096875 0.13145040624999998 0.1535014890625 0.1372677359375 0.16331567656249998 0.1412235125 0.1701101140625 0.1409908234375 0.1705611828125 0.0805922765625 0.1651275328125 0.08095598125 0.1542564265625 0.095150265625 0.138402746875 0.11911766093750001
3 0.45181752187499996 0.844681459375 0.6299697328125 0.845358096875 0.6301160921875 0.658430003125 0.6296770359375 0.5245054125 0.5192621187500001 0.5247309609374999 0.45196584843750004 0.5247828015625 0.4515248265625 0.6092984703125001 0.45211021875 0.7157188984375 0.45181752187499996 0.844681459375
0 0.4700490390625 0.71132326875 0.47397834375 0.7059050765625 0.4760464 0.7028772671875 0.4652925 0.685985259375 0.45567603749999996 0.67116491875 0.45163442812500004 0.670441309375 0.45216033749999995 0.7173788921875001 0.457537284375 0.7173788921875001 0.4641550703125 0.716104025 0.4700490390625 0.71132326875
3 0.371791775 0.8943157890625001 0.40300266875 0.8449784828125001 0.4561633859375 0.845282875 0.4559716046875 0.792026334375 0.455858946875 0.7139305953124999 0.346033578125 0.7135833765624999 0.2868858359375 0.71326484375 0.28703110781249996 0.811592946875 0.2864859484375 0.8934756109374999 0.371791775 0.8943157890625001
0 0.4261743671875 0.7419650640625 0.43332666406250003 0.7535044609375 0.45254845625 0.7223308703125 0.4526602171875 0.7135471546875001 0.4220002375 0.712971853125 0.42215120156249997 0.7202641140625 0.42270997499999996 0.729564521875 0.4261743671875 0.7419650640625
0 0.185912565625 0.7563224515625 0.19040928125 0.745927328125 0.19378182500000002 0.7366872234375 0.1956554578125 0.72571459375 0.195905271875 0.7135869546875 0.1615670984375 0.7131917453125001 0.16118062187499999 0.719362021875 0.1643033421875 0.723789571875 0.185912565625 0.7563224515625
3 0.0815648046875 0.8208115140625001 0.0815648046875 0.8226215015625 0.1270696078125 0.8220785062499999 0.1274219453125 0.8209925109375 0.16300765156250002 0.8208115140625001 0.1625378796875 0.714424521875 0.1625378796875 0.6241464171875 0.1626553234375 0.5249892968750001 0.0839115078125 0.5255322953125 0.012368025000000001 0.525386446875 0.012139692187499999 0.7039265875 0.012257134375000001 0.8209925109375 0.0815648046875 0.8208115140625001
0 0.131010346875 0.60340893125 0.13764237343750002 0.6101547203125001 0.1440091171875 0.6166960953125 0.155150925 0.6220109578125 0.163374634375 0.6228286328125 0.163273209375 0.5581188421875 0.15979334375 0.5580281515625 0.14759041875 0.5764257640625 0.131010346875 0.60340893125
5 0.9266810421875 0.3306348625 0.9265514781249999 0.3199046546875 0.916104003125 0.319719653125 0.869211284375 0.3193233453125 0.8689196421875 0.33118987031249997 0.885491515625 0.33118987031249997 0.9266810421875 0.3306348625
5 0.6720821921875 0.3818394609375 0.6720821921875 0.3700731515625 0.6252593609375 0.3700731515625 0.579037471875 0.36978162187499997 0.578803684375 0.38152569375 0.6131204968749999 0.381682578125 0.6720821921875 0.3818394609375
5 0.44226877187499997 0.311471978125 0.44235772500000003 0.3002349296875 0.389185309375 0.29996085625 0.3449236171875 0.30010370937499997 0.3447987796875 0.3113349421875 0.3655258578125 0.311746053125 0.44226877187499997 0.311471978125
5 0.2386184328125 0.2526526546875 0.2386184328125 0.242327596875 0.2218634125 0.2420929359375 0.1921920953125 0.2421136734375 0.192161334375 0.2526526546875 0.21051569531249997 0.2527699859375 0.2386184328125 0.2526526546875
5 0.1416304359375 0.2526959234375 0.14148659531250002 0.24205910625 0.1210588859375 0.24183750312500002 0.095024140625 0.24203714999999998 0.09481015781249999 0.2528067234375 0.1050228765625 0.2528067234375 0.1416304359375 0.2526959234375
5 0.229184253125 0.8847223281250001 0.21971999687500002 0.8723717421874999 0.2144765375 0.864614803125 0.207249446875 0.8718571296875 0.21637966562500002 0.8850654 0.22573258125 0.8958721687500001 0.229184253125 0.8847223281250001
5 0.3711837375 0.8967412093749999 0.38672840937499997 0.872248940625 0.40451056875 0.8441281953124999 0.400036496875 0.8336825765625001 0.3829600078125 0.8584607078125 0.3663554671875 0.885492909375 0.3711837375 0.8967412093749999
5 0.1274094828125 0.8227380390624999 0.1274094828125 0.8106608156249999 0.1110835125 0.8106608156249999 0.081179203125 0.8102466500000001 0.081236484375 0.8226272390625 0.1004392734375 0.8227380390624999 0.1274094828125 0.8227380390624999
5 0.5648571390625 0.8457174468750001 0.5647088515625 0.8352087046875001 0.547035634375 0.8352087046875001 0.5182385609375 0.8349178437500001 0.518294775 0.845603221875 0.5376463296875 0.845831671875 0.5648571390625 0.8457174468750001
3 0.164983696875 0.25225322031249997 0.29590113125 0.2528630796875 0.29590113125 0.31140963125 0.5189218140625 0.310799753125 0.5175353968749999 0.20498909375 0.7363846640625 0.20437924375 0.736582725 0.255912378125 0.7086563124999999 0.3004321375 0.7140039234375 0.3083603328125 0.7209360109375 0.3172032796875 0.73519633125 0.3211673671875 0.7363846640625 0.3208624390625 0.73955361875 0.331230071875 0.815776959375 0.331230071875 0.8153808625 0.321472296875 0.8316217312499999 0.31567863125 0.8415247140625001 0.30439622499999996 0.8439014296874999 0.2976877875 0.815776959375 0.251948309375 0.8153808625 0.00739455 0.2956785125 0.0080044078125 0.2946882140625 0.0375826046875 0.1644707515625 0.03626804375 0.1644707515625 0.07847084531250001 0.1359168015625 0.12331136875 0.163899671875 0.1496881234375 0.164983696875 0.25225322031249997