0 0.9022511078125 0.5889223515625 0.90859755 0.58342451875 0.9128856828125 0.5773479765625 0.8929887515624999 0.5368376671874999 0.8813250281249999 0.5139782796875 0.8772468453125001 0.5145410140625 0.8772084187500001 0.5970244109375 0.8845840109375 0.5973137765625001 0.8929887515624999 0.5938414625 0.9022511078125 0.5889223515625
3 0.895152309375 0.5110740609375 0.994947390625 0.5102942578125 0.9951014703125001 0.41728144531250005 0.9951014703125001 0.28087419062499996 0.9951014703125001 0.172785225 0.87917049375 0.17304515781250002 0.810199053125 0.1731685828125 0.80997125 0.4107831046875 0.8101253312500001 0.5108141265625 0.895152309375 0.5110740609375
0 0.82892988125 0.4771163625 0.826599428125 0.489324471875 0.82598615 0.499463415625 0.82550088125 0.5119476046875 0.8734538296875 0.5123807609375 0.8734538296875 0.50431099375 0.8545648890624999 0.476170259375 0.8372704546874999 0.4529232859375 0.83175095625 0.46575214843749996 0.82892988125 0.4771163625
3 0.7210284359375 0.7031495249999999 0.7211888125 0.67313285625 0.7211888125 0.5124827609375 0.6300880546875 0.5124827609375 0.5845513718750001 0.5125431390624999 0.58407228125 0.5995717140625 0.5845534125 0.7031495249999999 0.7210284359375 0.7031495249999999
0 0.7056275453125 0.5357708609375 0.6998874515625 0.53907201875 0.692190521875 0.545234184375 0.686189521875 0.5529368859375 0.697669696875 0.576705221875 0.7167163453125001 0.613898271875 0.7219346046874999 0.613898271875 0.7217014374999999 0.5326795875 0.7137158421875001 0.5331299375 0.7100630578125 0.5340102453125 0.7056275453125 0.5357708609375
3 0.72075621875 0.5249251359375 0.8169171937499999 0.525323715625 0.8173897218749999 0.3755248 0.8171534578124999 0.17273714843750002 0.70167178125 0.1723385671875 0.5842656015625 0.1719099859375 0.5843112703125 0.3759233796875 0.58407500625 0.5241279765625 0.72075621875 0.5249251359375
0 0.7977977734375 0.47924809843749994 0.7942762734375 0.47124109062499997 0.7912141046875 0.4665918609375 0.769778921875 0.4952621171875 0.755233625 0.5174751015625 0.75509794375 0.5254517390625 0.8040752171875001 0.5254821093750001 0.8036158984374999 0.5076600609375 0.8008599421874999 0.4931957890625 0.7977977734375 0.47924809843749994
3 0.2921891046875 0.5564200171875 0.2924003296875 0.7031517640625 0.4170250875 0.703508109375 0.41681384687499995 0.5129468390625 0.4174475390625 0.36690793125 0.4174475390625 0.1727634375 0.3284571734375 0.1731197765625 0.22540235625 0.1737262640625 0.22566733125 0.392564228125 0.2258785734375 0.556063684375 0.2921891046875 0.5564200171875
0 0.2489024546875 0.49580294687500004 0.24341052031250002 0.510056453125 0.24108701093749998 0.5239536218749999 0.237707359375 0.5428395125 0.236861578125 0.55572814375 0.28734603124999997 0.5563803468749999 0.28671233906250004 0.5485409156250001 0.2651670515625 0.516114190625 0.2489024546875 0.49580294687500004
3 0.2336168625 0.5558724921875 0.2333368921875 0.5176152140625 0.2333368921875 0.2773135078125 0.2333368921875 0.172932521875 0.1467515453125 0.172460209375 0.006373031249999999 0.1736154296875 0.0059836234375 0.2352777203125 0.00626359375 0.5539832359375 0.2336168625 0.5558724921875
0 0.20708578593750002 0.5148867359375 0.20409596093750001 0.50479921875 0.1993394296875 0.49654579375 0.183031325 0.5201597609374999 0.1680822265625 0.5407933203125 0.1631897984375 0.5472126484375 0.16337716093750002 0.555196578125 0.2118423171875 0.5561538609375 0.211570509375 0.5401055359375 0.20993970312500002 0.5270376125 0.20708578593750002 0.5148867359375
5 0.9963109187500001 0.6567061671875 0.9960673968749999 0.604552646875 0.9960673968749999 0.5478818859375 0.98257884375 0.548099790625 0.9824305656250001 0.5922329125 0.9829175937500001 0.656295509375 0.9963109187500001 0.6567061671875
5 0.9954895671875 0.3727919421875 0.9953935749999999 0.32830775 0.9952015859375001 0.26727736874999997 0.983010925 0.2673173109375 0.9834901421875 0.3141898265625 0.98339415 0.37311571093749996 0.9954895671875 0.3727919421875
5 0.596229884375 0.6669362671875 0.596229884375 0.6276437328125 0.595972128125 0.5600516265625 0.5835360984375 0.560057521875 0.5838575265625 0.604373359375 0.5835997703125 0.6669362671875 0.596229884375 0.6669362671875
5 0.417315459375 0.6061882749999999 0.4175839625 0.5609244125 0.417449715625 0.5000232046875001 0.404656515625 0.49978205156250005 0.40483006093749996 0.5362311265625 0.40523281874999995 0.6059618765625 0.417315459375 0.6061882749999999
5 0.417449715625 0.376761171875 0.4175839625 0.3477821609375 0.417449715625 0.2710805875 0.404656515625 0.2705636171875 0.4046958140625 0.30001206406250003 0.40523281874999995 0.376308375 0.417449715625 0.376761171875
5 0.596112515625 0.385934109375 0.596112515625 0.33688304375 0.5958833609374999 0.28084898125 0.5838189828125 0.280829625 0.58362355625 0.3219779875 0.5837381296874999 0.38554766875 0.596112515625 0.385934109375
0 0.04085673125 0.6440768953125 0.045309065625 0.6362682484375 0.026609234375000002 0.6005286484375 0.012896021875 0.5750003640625 0.006289596875 0.5758330484374999 0.0057722734375 0.6590935390625 0.0177045546875 0.6593938703125 0.030171107812499997 0.6530868812499999 0.04085673125 0.6440768953125
5 0.01829116875 0.3628241203125 0.01829116875 0.3215441671875 0.017970296875 0.25809106875 0.0055422125 0.2579910203125 0.0057770375 0.3002728828125 0.0058839921875 0.36264374843749997 0.01829116875 0.3628241203125