0 0.8373666578125001 0.6619254765625 0.8427701703125001 0.6563375171875 0.8464368390624999 0.6504701546875 0.8489456015625001 0.640691228125 0.8493315750000001 0.6311917031250001 0.82442841875 0.6308788234375 0.8242438625 0.6641606578125 0.8300333343749999 0.663881253125 0.8373666578125001 0.6619254765625
0 0.8454719265625 0.703524653125 0.839103503125 0.6957015125 0.8329280718750001 0.6934663249999999 0.8241870546875001 0.69336626875 0.8246298218750001 0.7247589015625 0.8489456015625001 0.7250382953125001 0.8489456015625001 0.7130241859375 0.8454719265625 0.703524653125
3 0.3208205359375 0.8152714015625 0.3208205359375 0.7442914453125 0.32115075000000004 0.7443180609375 0.3214809515625 0.7443180609375 0.3401376078125 0.743839990625 0.33997250625 0.7364299125 0.33964229375 0.731410190625 0.33634023125 0.724239153125 0.33188245156249996 0.7180242578125 0.3274246609375 0.7146777703125 0.3312220375 0.71276549375 0.3346892 0.7077457625 0.3378261609375 0.70224796875 0.33997250625 0.693642728125 0.3401376078125 0.68599361875 0.32049033437499996 0.6857545875 0.3206554359375 0.6379476671875 0.19724449375 0.6376991546874999 0.198516346875 0.7189803890625 0.1986814484375 0.8152714015625 0.3208205359375 0.8152714015625
3 0.2030595765625 0.8156738828125001 0.2025642625 0.7389703921875 0.20157364531250002 0.6381377234375 0.1282749984375 0.637997815625 0.12859806875 0.7229683812500001 0.12843296875000002 0.8156738828125001 0.2030595765625 0.8156738828125001
0 0.17400143125 0.6531969046875 0.176643078125 0.6625192484375 0.1825867875 0.669212215625 0.189851328125 0.67399290625 0.194969521875 0.67399290625 0.1945600515625 0.6371018359375 0.173175915625 0.63718158125 0.17334101562499998 0.6450697265625001 0.17400143125 0.6531969046875
3 0.3117649 0.41452089687499993 0.34585947031250003 0.41452089687499993 0.3451565 0.31534510937500004 0.3462109828125 0.2273364484375 0.3665974171875 0.226827553125 0.3662459328125 0.21614098906249998 0.36132505937500004 0.20392775625 0.35288928125 0.1973122640625 0.3602706046875 0.19171454375000002 0.3641369953125 0.18153685625 0.365894446875 0.167288096875 0.3455079859375 0.16677920156249998 0.3455079859375 0.1291217609375 0.235719625 0.129199059375 0.2354914671875 0.407905403125 0.31246787187499997 0.4084142796875 0.3117649 0.41452089687499993
0 0.286286734375 0.38628354374999996 0.28336071875 0.3807920953125 0.2793509828125 0.37655583593749997 0.2749077703125 0.3735747640625 0.2677552796875 0.3723195734375 0.2682615609375 0.40838185156250006 0.2888876421875 0.4085631421875 0.2888876421875 0.399463021875 0.28780393125 0.392402590625 0.286286734375 0.38628354374999996
0 0.24232367500000002 0.3282305828125 0.2448799609375 0.3275961328125 0.2478014328125 0.32601000468749997 0.25013861249999997 0.32421239218750003 0.25284097031249997 0.3207229109375 0.255762440625 0.3163874921875 0.257515325 0.3115233671875 0.25861087656250004 0.30560182343750003 0.2588299875 0.2987285984375 0.23469010625000003 0.2990105453125 0.23501999687500003 0.3283363265625 0.239621315625 0.3282305828125 0.24232367500000002 0.3282305828125
0 0.24574298749999998 0.1756723703125 0.249690890625 0.1732590578125 0.25249828750000003 0.17071873125 0.2553056828125 0.1652570296875 0.2576744296875 0.159795328125 0.25881493125 0.15395257499999998 0.258990396875 0.14671264374999998 0.23472579062499999 0.14635286875 0.23460112031250002 0.1766885 0.24135642656249998 0.17681551874999998 0.24574298749999998 0.1756723703125
0 0.21065178125 0.1688801359375 0.21504130156249998 0.1643210390625 0.218858278125 0.1585185515625 0.22086219687500003 0.1518871390625 0.2216255875 0.14304524999999998 0.2217210109375 0.12992057968749998 0.20076701406250003 0.12966925468749999 0.20091849687500002 0.17122876250000002 0.2057851390625 0.171090609375 0.21065178125 0.1688801359375
3 0.8355923359374999 0.8085826796875001 0.9229704953125 0.8088147156250001 0.9229704953125 0.7846828984374999 0.9346743609375 0.7844508625 0.9346743609375 0.727650578125 0.9349950125 0.5975266890625 0.9038904125 0.5975266890625 0.8246897296875 0.5976796609374999 0.8246839828124999 0.7853790078125 0.8355923359374999 0.7853790078125 0.8355923359374999 0.8085826796875001
3 0.6576921578125 0.7847695609375 0.6576921578125 0.81555661875 0.7431445953125 0.81538169375 0.743023734375 0.7846191218749999 0.7456827921875 0.784444196875 0.7460453859375 0.7563055203125 0.74616625625 0.6987914421875 0.7460453859375 0.654909384375 0.7629666625 0.6550843109375 0.7623623375 0.6451135031249999 0.7600658796875 0.6374167390625 0.756319025 0.6325188015625 0.751363503125 0.629020271875 0.7459245234375 0.6274459328125 0.7459245234375 0.5975335078125 0.69202003125 0.5970087296875 0.6439156484375 0.5971052218749999 0.64403426875 0.7582174671875 0.64403426875 0.7852943390625 0.6576921578125 0.7847695609375
0 0.7251812140625 0.7082105640624999 0.7231639921874999 0.7144820109375 0.72174446875 0.7206453296875 0.7214456203124999 0.7269167765625 0.746176515625 0.726877909375 0.746324665625 0.697181465625 0.741617815625 0.697181465625 0.7378075109375 0.6972895953125 0.732876534375 0.6993440343749999 0.728244396875 0.7030204 0.7251812140625 0.7082105640624999
0 0.7590059124999999 0.636156625 0.7567705421875 0.63292143125 0.7536270453125 0.6304950359375 0.750832828125 0.6285741375 0.74727020625 0.627563140625 0.7409133625 0.6276642406249999 0.741074546875 0.6549562843750001 0.7629178171875 0.6550622921875 0.762638396875 0.6461655078125 0.760892009375 0.640807215625 0.7590059124999999 0.636156625
5 0.2850866328125 0.815633809375 0.2850224046875 0.8017838046874999 0.2736543421875 0.8016908515625 0.26014134843750003 0.8017429015624999 0.260166809375 0.8157267625 0.269993440625 0.81554085625 0.2850866328125 0.815633809375
5 0.1862695359375 0.8156423046875 0.186151146875 0.801849859375 0.1718858109375 0.8019355265625 0.1530865359375 0.8017161890625 0.153417821875 0.8158136390624999 0.16501950781250002 0.8155566390625 0.1862695359375 0.8156423046875
5 0.15530300625 0.504430728125 0.15530300625 0.47393110156249996 0.155210115625 0.4322539359375 0.1453174578125 0.43216413124999997 0.1452704875 0.460736921875 0.14536338437500002 0.5042962859375 0.15530300625 0.504430728125
5 0.086702665625 0.4141827375 0.0867720234375 0.40083172031250003 0.08046021875 0.40083172031250003 0.0711939125 0.400811125 0.071165909375 0.4144838875 0.07671474843750001 0.4143835046875 0.086702665625 0.4141827375
0 0.0845524890625 0.355586825 0.0873269109375 0.362714059375 0.09218214687500001 0.3684359234375 0.0982165109375 0.37174858125 0.10494448125 0.3718489640625 0.1049175609375 0.34574563281250004 0.0830959203125 0.34544808125 0.083234640625 0.349463425 0.0845524890625 0.355586825
3 0.0367421203125 0.24737978593749999 0.037924165625 0.2537095296875 0.039579028125 0.25901282812500004 0.042534140625 0.2641450546875 0.0460802765625 0.26842190781249997 0.05210870937499999 0.27167231875 0.0480897515625 0.2728698375 0.04454361875 0.2757780984375 0.04099748125 0.28073924843750003 0.0385151859375 0.2862136234375 0.0374513484375 0.2935698125 0.0374513484375 0.30058385625 0.056600484375 0.3004127765625 0.056600484375 0.342290034375 0.1658198640625 0.34297432968749997 0.188396928125 0.2957937765625 0.187096678125 0.2894760078125 0.1745670046875 0.2619450359375 0.17468520468749998 0.2571549625 0.17787672968749998 0.257497109375 0.1828413125 0.25561529374999997 0.1865056609375 0.2527070296875 0.1904064109375 0.24637728750000001 0.193125109375 0.2400475421875 0.194307159375 0.23252027812499998 0.19395254374999998 0.2265326828125 0.1744487953125 0.22670375625 0.1745670046875 0.18893228125 0.1748034125 0.1304488625 0.10175295 0.1299356390625 0.0565754796875 0.12978619375 0.0563640671875 0.242790715625 0.036860323437499995 0.2429617890625 0.0367421203125 0.24737978593749999
0 0.158164421875 0.3084053046875 0.160524353125 0.31628714062499996 0.163428878125 0.32259260625 0.167150309375 0.32797852656250004 0.1715071 0.332182171875 0.1829262234375 0.30616373124999996 0.1622489140625 0.2867302640625 0.16007051875 0.292247546875 0.1583459578125 0.299866653125 0.158164421875 0.3084053046875
0 0.1862112734375 0.252621625 0.18920656875 0.248286615625 0.19202033125 0.2432947859375 0.1938356625 0.23672659375 0.19483409375 0.231209309375 0.1946525609375 0.2270056640625 0.16974670625 0.227316778125 0.1701456046875 0.2573507234375 0.17504699375 0.2577448140625 0.18140064843749998 0.256168446875 0.1862112734375 0.252621625
5 0.345956190625 0.3676291640625 0.34576364531250003 0.35100843125000003 0.34563528125 0.31795925 0.3454427328125 0.291671503125 0.3358607546875 0.2915468375 0.3362646359375 0.336789828125 0.33620045625 0.36735049218750004 0.345956190625 0.3676291640625
1 0.36625345625 0.1649049078125 0.33641899531249997 0.1641204671875 0.33641899531249997 0.2284445875 0.36625345625 0.229229028125 0.3657110109375 0.2017736109375 0.36625345625 0.1649049078125
1 0.065739084375 0.30218199375 0.0641276109375 0.24105461093749997 0.03536218125 0.2402111953125 0.03536218125 0.30218199375 0.065739084375 0.30218199375
1 0.20080781874999998 0.40104768437500005 0.1563585140625 0.401914625 0.1563273515625 0.44105415 0.2002653734375 0.438700828125 0.20080781874999998 0.40104768437500005
1 0.1275777828125 0.556445471875 0.1275777828125 0.6192007109375 0.15849713125 0.6184162703125 0.15849713125 0.556445471875 0.1275777828125 0.556445471875
1 0.12814670781249998 0.6655681078125 0.1270353375 0.729833009375 0.15903957500000002 0.729833009375 0.15903957500000002 0.6662933296875 0.12814670781249998 0.6655681078125
1 0.3265625 0.71328125 0.03203125 0.06875
1 0.2828125 0.65546875 0.04296875 0.03984375
1 0.3265625 0.58203125 0.03046875 0.0640625
1 0.32734375 0.465625 0.0328125 0.06484375
1 0.12734375 0.39375 0.03828125 0.0421875
3 0.181822253125 0.67094759375 0.19212870312500002 0.6780075578125 0.19701070625 0.6748697953125 0.1964682609375 0.6442766171875001 0.23932139375 0.6442766171875001 0.2621040703125 0.645845496875 0.2631889609375 0.6787919984374999 0.3044147578125 0.6764386765625 0.30332986875 0.6434921765625 0.32123054375 0.6442766171875001 0.32123054375 0.6144678781249999 0.3407585546875 0.6144678781249999 0.3413009984375 0.5532815203125 0.32177298906249996 0.5532815203125 0.32123054375 0.4952329234375 0.3413009984375 0.49680180468749996 0.3423858875 0.43483100625000004 0.32177298906249996 0.433262125 0.32177298906249996 0.40188450624999994 0.2903111953125 0.400315625 0.2859716375 0.379920171875 0.28000474531249997 0.3720757671875 0.266443628125 0.3681535640625 0.266443628125 0.401100065625 0.2349818359375 0.40188450624999994 0.2349818359375 0.342267028125 0.206774709375 0.342267028125 0.206774709375 0.401100065625 0.14493601250000002 0.399531184375 0.146020903125 0.5250416625 0.128662671875 0.5250416625 0.1265191046875 0.6443816671875 0.170973359375 0.6442766171875001 0.17260069375 0.6576121046875001 0.181822253125 0.67094759375
1 0.65859375 0.69609375 0.0296875 0.0609375
1 0.91953125 0.690625 0.03203125 0.06015625