3 0.4782731375 0.8200309859375 0.51094185625 0.8631972828125001 0.5862516578125 0.8633841468749999 0.6113198984375 0.8307032171875001 0.616653565625 0.8228547984375 0.6167869046875001 0.7828860578125 0.63252121875 0.783072921875 0.6349213734375 0.77877498125 0.6350547125 0.6504389203125001 0.6351880515625 0.5402289640625 0.5209146687499999 0.53985523125 0.4619898046875 0.539385025 0.46010191875000006 0.7830026859375 0.478406478125 0.78362311875 0.4782731375 0.8200309859375
0 0.5024276296875 0.5967179625 0.5008210875 0.5880875015625 0.498411290625 0.579269428125 0.492788409375 0.5697008765625 0.485826759375 0.5620085125000001 0.4764553 0.55525424375 0.4698952765625 0.5528152000000001 0.46016417968749995 0.5525720890625 0.4602560609375 0.6051608015625 0.5024276296875 0.60666175 0.5024276296875 0.5967179625
3 0.361323040625 0.783336459375 0.38044583125 0.7835458234375 0.4022577625 0.8172539078125001 0.4269082359375 0.8174632718750001 0.44767439375 0.7831270875 0.46649838906249996 0.783336459375 0.4660502046875 0.7115585656250001 0.46590081093749997 0.6129816953125 0.357671175 0.611916303125 0.3575881203125 0.6945998375 0.3575881203125 0.77977721875 0.361323040625 0.783336459375
0 0.426609446875 0.6487834484375 0.43228652968750003 0.6582049624999999 0.4422961109375 0.6669983671875 0.4517081140625 0.671395078125 0.4588791546875 0.6718138140625001 0.4584309703125 0.612353596875 0.42007958125 0.6116547109375 0.42048417968749996 0.6280561171875 0.42242633124999995 0.637896365625 0.426609446875 0.6487834484375
3 0.47422716249999997 0.5472671609375 0.577692103125 0.5474823109375 0.6355701921875 0.54812775625 0.6355701921875 0.4818977484375 0.6355701921875 0.3715741328125 0.6352631515625 0.3031806546875 0.63142508125 0.29930796875 0.571742521875 0.298662521875 0.47411581875 0.29951554687500004 0.4740736359375 0.3670499671875 0.4740736359375 0.44704358125 0.47422716249999997 0.5472671609375
0 0.4869548 0.5211290515625 0.49099594843750005 0.51917618125 0.49775441875000004 0.5150751515625 0.50242264375 0.5102906171875 0.5065334609375001 0.5045296484375 0.5112016875000001 0.4967181640625 0.5144764078125 0.487159971875 0.5158002328125 0.47827440781249997 0.51559120625 0.468705340625 0.47381340468750005 0.4689926609375 0.473995259375 0.5218125578125 0.480335678125 0.5220078421875 0.4869548 0.5211290515625
0 0.454406478125 0.399486228125 0.4441357375 0.40830810156249997 0.43833773593750003 0.419683671875 0.4346932703125 0.42943415937499996 0.43287104374999996 0.44289912343750004 0.43265100937499995 0.45487819375000005 0.47163482968750003 0.45520331093750005 0.4713035078125 0.3960039109375 0.4630206484375 0.3960039109375 0.454406478125 0.399486228125
0 0.136869090625 0.5076226609375001 0.128079065625 0.5017713859375 0.119728553125 0.4986917671875 0.1074225046875 0.4968439953125 0.108343290625 0.5537766109375 0.1515923921875 0.5538169374999999 0.15005412812500002 0.532875534375 0.145659115625 0.5205570609375 0.136869090625 0.5076226609375001
0 0.09175225625 0.35221551406249996 0.08495263125 0.35787342187500004 0.0781529890625 0.36502025 0.072840778125 0.3754427109375 0.06965344999999999 0.38586517656249997 0.068378521875 0.4010521859375 0.0672905984375 0.40934585312499994 0.10747640624999999 0.40939015312500004 0.10747640624999999 0.3498332359375 0.099826825 0.3495354484375 0.09175225625 0.35221551406249996
0 0.043743199999999996 0.7528205265625 0.0348868140625 0.745027271875 0.0256184953125 0.7424295203125 0.018409803125 0.74271815625 0.01782583125 0.8014104 0.0561009578125 0.8016005484375001 0.055894998437499996 0.7813958046875 0.051363826562500006 0.76436609375 0.043743199999999996 0.7528205265625
3 0.7946387374999999 0.6126498984375 0.8153415109375001 0.6124695953125 0.8153415109375001 0.71319634375 0.8185591234375 0.7173433328125001 0.8603811921875 0.7175236359375 0.8635988046874999 0.71211451875 0.8632126890625 0.670850178125 0.9045635843750001 0.6706698734375001 0.9678861390625 0.6703092671875 0.971103734375 0.6652607640625 0.9709275734375 0.63445555625 0.9939922734375 0.6351579828125 0.9964993156249999 0.6319970546875 0.9964993156249999 0.5870908296875 0.9964993156249999 0.4765321921875 0.9929894625 0.4702103375 0.950369896875 0.47091276249999997 0.9498684921875 0.354309740625 0.9463586390625001 0.349392746875 0.8177114296875001 0.3490731828125 0.817805521875 0.5185943890625 0.795153553125 0.5182337828125 0.7946387374999999 0.6126498984375
5 0.7943547171875001 0.3644548015625 0.810708459375 0.3644548015625 0.810528090625 0.34870403906249997 0.7960381937500001 0.3486198109375 0.7823482234375 0.3485300921875 0.782450153125 0.34870403906249997 0.7826305265625 0.3642863453125 0.7943547171875001 0.3644548015625
5 0.9120742453125 0.3647271140625 0.9118483765625 0.3488005796875 0.8845953281250001 0.34890605625000004 0.8513103453124999 0.348783971875 0.8515326828124999 0.36483258749999997 0.8744296500000001 0.3645161671875 0.9120742453125 0.3647271140625
0 0.8573736343749999 0.49080876562500003 0.8496172078124999 0.478131653125 0.8417171390625 0.46947901875 0.8338170703125 0.46485086718749996 0.8250551796875 0.46243617812500004 0.8173713171875001 0.4630109796875 0.817442384375 0.5159617671875 0.8602463874999999 0.51676666875 0.8599591125 0.5038883281250001 0.8573736343749999 0.49080876562500003
5 0.5758676765625 0.86363285625 0.5758676765625 0.8466305359374999 0.55213220625 0.8465229265625 0.52338098125 0.8462991875 0.5232502046875 0.8640632968749999 0.5397651765625 0.8637404656250001 0.5758676765625 0.86363285625
5 0.514640634375 0.8460097890625 0.5035778109375 0.8310170859375001 0.49306250937499996 0.8177893515625 0.4852399703125 0.8292600734375 0.49726478125 0.8459373515624999 0.5065238859375001 0.8576333453125 0.514640634375 0.8460097890625
5 0.4895689046875 0.81402941875 0.489508778125 0.806027696875 0.489508778125 0.7875934078125 0.47814533125 0.78742495 0.47820545625 0.7989524890624999 0.47820545625 0.8138609625000001 0.4895689046875 0.81402941875
5 0.589293803125 0.8597110671875001 0.6001957171875001 0.8457916859375001 0.6119256296875 0.8294760390624999 0.6036461484375 0.8179039140625 0.595641753125 0.8277329218749999 0.581151865625 0.847338284375 0.589293803125 0.8597110671875001
5 0.6170315890625 0.8124878140625 0.6169625921875 0.80098499375 0.6167555921875 0.785229025 0.6053159640625 0.7850692765625 0.6056466765625 0.7954752375 0.6056466765625 0.8121011640625 0.6170315890625 0.8124878140625
5 0.4215911 0.8172952765625 0.42137128749999997 0.8032328203124999 0.4155829203125 0.8031301718750001 0.4067909078125 0.8031978421874999 0.406863734375 0.8172952765625 0.41345807656250005 0.8172952765625 0.4215911 0.8172952765625
5 0.430163740625 0.8125735765625001 0.43543921875 0.8044645687499999 0.4419602921875 0.793686771875 0.4344363171875 0.78457950625 0.42891814375 0.7935841265625 0.423056509375 0.8031301718750001 0.430163740625 0.8125735765625001
5 0.40532505625 0.8030275265625001 0.39931687656250003 0.79348148125 0.39381449218750003 0.785143696875 0.3873005203125 0.7946105828125 0.3933087 0.8041566281250001 0.39895052343750004 0.81247093125 0.40532505625 0.8030275265625001
5 0.3690478890625 0.537546365625 0.3689383859375 0.5199041281250001 0.368828875 0.49275041875000003 0.356816221875 0.4928002828125 0.35634501093750004 0.5103926624999999 0.35645451875 0.5367793140625 0.3690478890625 0.537546365625
5 0.5977767734375 0.3153704375 0.5976058828124999 0.2988515515625 0.5471950640625 0.29873185 0.5062496875 0.29859078437500003 0.5066063703125 0.3154901390625 0.5448859125000001 0.3154901390625 0.5977767734375 0.3153704375
5 0.4440693171875 0.31558455625000004 0.444198046875 0.298723309375 0.4294953046875 0.298633140625 0.391463434375 0.2983657171875 0.3920018625 0.3154943890625 0.40738239531250003 0.3157648890625 0.4440693171875 0.31558455625000004
5 0.2206233171875 0.8730369609374999 0.22052773281250002 0.85589771875 0.19930883125 0.8556299171875 0.1597194140625 0.8558197 0.1597384453125 0.8731708609375 0.1811485125 0.8730369609374999 0.2206233171875 0.8730369609374999
5 0.23195235468750003 0.8680475765625 0.24156744375 0.856675940625 0.2520943109375 0.8434382593749999 0.24427843437500002 0.83089475625 0.2332785703125 0.843662371875 0.224077925 0.8552743734374999 0.23195235468750003 0.8680475765625
5 0.2584767421875 0.8266252328125001 0.2583938578125 0.815826071875 0.258310965625 0.8027045109375001 0.2468314484375 0.8025562875000001 0.2468723234375 0.814664871875 0.24695520937499998 0.8263929937500001 0.2584767421875 0.8266252328125001
5 0.15332948125 0.8542679296875001 0.143170721875 0.841691203125 0.1334139765625 0.8310062203124999 0.12560944999999998 0.8429201890625 0.1360044625 0.8555917953125001 0.146005721875 0.8670652984375 0.15332948125 0.8542679296875001
5 0.13127945624999998 0.82835766875 0.13127945624999998 0.8180028265624999 0.13127945624999998 0.8034403031249999 0.1199002375 0.80347630625 0.11986069531250002 0.8145673984374999 0.11986069531250002 0.828247346875 0.13127945624999998 0.82835766875
5 0.08813926093749999 0.8025141109374999 0.08813926093749999 0.7862567921875 0.0746626125 0.7861265875 0.059206749999999995 0.78639434375 0.059698890625 0.8026443171875 0.06694839531249999 0.8026443171875 0.08813926093749999 0.8025141109374999
5 0.013638618750000001 0.5101834328125 0.013638618750000001 0.49444802968749996 0.013638618750000001 0.47205534374999997 0.0020759312500000003 0.4717290015625 0.001974365625 0.488194221875 0.0021183734375 0.5097799625 0.013638618750000001 0.5101834328125
0 0.045895293749999996 0.42911382343750004 0.039703159375000005 0.43556937500000004 0.034231051562499996 0.44404228593750006 0.028470928125 0.453725609375 0.026454882812500004 0.46582976406250004 0.026598890625 0.477530453125 0.0683597546875 0.47793392343749996 0.0684480296875 0.42404880624999997 0.0611596078125 0.42366695312499997 0.053671453125000004 0.4246756328125 0.045895293749999996 0.42911382343750004
5 0.10351277343750001 0.0687873125 0.10365771093750001 0.05213831249999999 0.07930922500000001 0.0519352765625 0.049598631250000004 0.051809867187500004 0.0498881515625 0.0693964203125 0.0746714234375 0.0689903484375 0.10351277343750001 0.0687873125
1 0.16546185156249998 0 0.1655328921875 0.0650793609375 0.2467030953125 0.07030978437499999 0.2467030953125 0 0.16546185156249998 0
3 0.16547748281250002 0 0.16547748281250002 0.051142423437499994 0.0023652203125 0.0542278890625 0.0012631093750000001 0.40910797656250003 0.10816776875 0.40756524375 0.10816776875 0.557261846875 0.0916361203125 0.557261846875 0.09053401093749999 0.804099121875 0.11808675937499999 0.8025563874999999 0.11808675937499999 0.83495378125 0.1566606046875 0.8781503031250001 0.22829774687499998 0.8735221046874999 0.26136104375 0.833411046875 0.25805471406249997 0.80101365625 0.281199021875 0.799470921875 0.2845053515625 0.253291946875 0.2712800328125 0.25483468125000003 0.27138449375 0.054320982812499995 0.24813572499999997 0.05268515625 0.24593150625 0 0.16547748281250002 0