5 0.27822294062499997 0.22053552187499997 0.27822294062499997 0.19387055312499998 0.2636088859375 0.1929812125 0.2639626921875 0.2171314734375 0.2631704703125 0.25003715625 0.278619053125 0.2494698265625 0.27822294062499997 0.22053552187499997
5 0.27822294062499997 0.3801900984375 0.27822294062499997 0.3444477171875 0.2636088859375 0.34470046249999997 0.2631704703125 0.3773534015625 0.26356658125 0.42103854375000005 0.2774306890625 0.421605875 0.27822294062499997 0.3801900984375
5 0.27782680000000004 0.585799184375 0.27822294062499997 0.54722010625 0.2636088859375 0.5467564703125001 0.26356658125 0.580125790625 0.2639626921875 0.640831115625 0.27822294062499997 0.6396964328125 0.27782680000000004 0.585799184375
5 0.2322733046875 0.6670448328125 0.23187719218749997 0.6454859374999999 0.22197425937499998 0.6454859374999999 0.204170578125 0.646012053125 0.20494121562499998 0.6664775015625 0.22118202031249998 0.6676121625 0.2322733046875 0.6670448328125
5 0.6212605671875 0.2216701828125 0.6216567093750001 0.181389090625 0.6063697968749999 0.18092875 0.60700031875 0.2199681703125 0.60700031875 0.2585472484375 0.6208644265625 0.256845234375 0.6212605671875 0.2216701828125
5 0.62244893125 0.365890525 0.622052790625 0.345466290625 0.6063697968749999 0.34470046249999997 0.6073964609375 0.36532317187499996 0.6066042375 0.40390224999999996 0.6216567093750001 0.40390224999999996 0.62244893125 0.365890525
0 0.423598 0.285779559375 0.41686401718750005 0.2784041296875 0.40260376718749996 0.2750001015625 0.401802953125 0.33264799843750004 0.43587763125 0.33286872968750003 0.43627374375 0.31698322968750003 0.4319164578125 0.3005303765625 0.423598 0.285779559375
0 0.509555484375 0.28067349531249997 0.501236996875 0.28975091875 0.496879740625 0.2971263484375 0.49529523593749997 0.3107424828125 0.49331464843750006 0.321521940625 0.49195105312500004 0.33264799843750004 0.5277768468749999 0.332301378125 0.527380765625 0.2755674328125 0.517081690625 0.276134784375 0.509555484375 0.28067349531249997
0 0.5562973453125 0.37156391875 0.56025851875 0.36191914375 0.565011915625 0.3517070375 0.566596359375 0.3324174875 0.5276140375 0.33123006093749996 0.527380765625 0.3840453703125 0.534906971875 0.3840453703125 0.5463944109375001 0.37950665781250004 0.5562973453125 0.37156391875
0 0.4117144796875 0.3692945515625 0.41765623906249993 0.35851509375 0.4200329375 0.3466009734375 0.4204290484375 0.33468685468750003 0.3814948640625 0.32910315625000003 0.3812134546875 0.381776025 0.38953191249999997 0.38234335625 0.4033960203125 0.37610262968749997 0.4117144796875 0.3692945515625
3 0.381609565625 0.31516510625 0.381609565625 0.3321852890625 0.4580601984375 0.32991592187499996 0.4580601984375 0.2879328171875 0.4584563390625 0.147799965625 0.4584563390625 0.0967394046875 0.264599525 0.096561503125 0.2639626921875 0.1954564671875 0.26356658125 0.314597775 0.31030844218750003 0.31516510625 0.381609565625 0.31516510625
3 0.6204900859375 0.3339698953125 0.6208644265625 0.17514837656249999 0.619743415625 0.096561503125 0.4504868421875 0.09753251874999999 0.450930103125 0.2880489046875 0.450930103125 0.33286872968750003 0.6204900859375 0.3339698953125
3 0.40933778125 0.370996565625 0.4148834296875 0.36021712968749997 0.41924071406249996 0.34262959375 0.4200329375 0.3324174875 0.3867590734375 0.33298481875 0.387155215625 0.3057525296875 0.26356658125 0.30518519843749997 0.2647549453125 0.475954365625 0.3875513265625 0.47935839375 0.387155215625 0.38120867187499996 0.40933778125 0.370996565625
5 0.6216567093750001 0.58421326875 0.6216567093750001 0.5649237296875 0.6063697968749999 0.5637717125 0.60700031875 0.58421326875 0.6062080953125 0.60633950625 0.620072203125 0.6052048328125 0.6216567093750001 0.58421326875
5 0.6212605671875 0.6693141984375 0.6204683453125 0.6522940140625 0.607360434375 0.6488479265625 0.6062080953125 0.6693141984375 0.60700031875 0.69087309375 0.6212605671875 0.6925751078125 0.6212605671875 0.6693141984375
5 0.6204683453125 0.7874368890625 0.6208644265625 0.76360865 0.6063697968749999 0.7608649421875 0.6066042375 0.7914082703124999 0.6073964609375 0.8243139546875 0.6216567093750001 0.818073228125 0.6204683453125 0.7874368890625
5 0.7281972750000001 0.5750032890625 0.727404990625 0.54890565 0.71286343125 0.5467564703125001 0.7123525500000001 0.5750032890625 0.7127486609375 0.60847629375 0.72661276875 0.60847629375 0.7281972750000001 0.5750032890625
5 0.7281972750000001 0.7550820984375 0.7285933546875001 0.73011914375 0.71286343125 0.7296703296875 0.7123525500000001 0.7550820984375 0.7131447718749999 0.788555103125 0.7281972750000001 0.7874204296875 0.7281972750000001 0.7550820984375
0 0.307355159375 0.6872063765624999 0.307355159375 0.6718882078124999 0.264599525 0.6729528546875 0.26338612499999997 0.7223814703125 0.28002305625 0.7229487578125 0.2998289234375 0.708197984375 0.307355159375 0.6872063765624999
0 0.22218991250000003 0.6935632125 0.2075335828125 0.6912938671875 0.206647175 0.750230415625 0.24080743125 0.7502971578125 0.2415996703125 0.72817093125 0.23407343281249998 0.706044684375 0.22218991250000003 0.6935632125
0 0.6318159999999999 0.6477717515625 0.6397383484375 0.6415310265625 0.6452839671875 0.633020934375 0.6496412828125 0.6211068140625 0.650948528125 0.6056008515625 0.6076528171875 0.6052212921875 0.6084450703125001 0.6511758015625 0.6211208140625 0.6511758015625 0.6318159999999999 0.6477717515625
0 0.6476606953124999 0.8606401781249999 0.6429072687499999 0.851562734375 0.638153871875 0.8436200171875001 0.6306276375000001 0.837946621875 0.6211208140625 0.8345425515624999 0.607360434375 0.8338886921875 0.6072567062500001 0.8827663828125001 0.6504335046875 0.8816317218749999 0.650829615625 0.8725542984375 0.6476606953124999 0.8606401781249999
1 0.682915146875 0.715401265625 0.7268841359375 0.71426658125 0.7262370515625001 0.621907125 0.68370736875 0.6229249265625 0.6833112265625 0.6688794140625001 0.682915146875 0.715401265625
3 0.4583348625 0.7221419015625 0.620833203125 0.7226091625 0.62167879375 0.65075585 0.6367312046875 0.6456497875 0.64504969375 0.6394090625 0.6494070093750001 0.6263602578125 0.6525759 0.605936025 0.6208865109375 0.6042340109375 0.6204904296875 0.5236718140625001 0.521461059375 0.521969790625 0.40024915468750005 0.521969790625 0.2636088859375 0.5219425734375001 0.2620042046875 0.738693509375 0.458478425 0.739260796875 0.4583348625 0.7221419015625
3 0.6494070093750001 0.8603363171874999 0.6410885203125 0.8472875140625 0.62365938125 0.835940725 0.622471015625 0.82856529375 0.6208865109375 0.714530071875 0.49373284531249995 0.7122607171875 0.49373284531249995 0.909694853125 0.49442765 0.9033676015625 0.6204904296875 0.9034541062500001 0.622074875 0.8818952546875 0.65217981875 0.8801931968750001 0.6494070093750001 0.8603363171874999