3 0.8364685296875001 0.8151272421875 0.960147709375 0.8153106671874999 0.9569024765625 0.7379448875 0.9527558078125 0.6449877234375 0.9495105765625 0.5694358015625001 0.835712 0.57002375 0.8364685296875001 0.6356226828125 0.8368291109375001 0.705478125 0.8364685296875001 0.8151272421875
0 0.86711789375 0.60667169375 0.8737886312500001 0.60226941875 0.8811805328125001 0.5921808765625001 0.884786340625 0.58190890625 0.8855075046875 0.56906894375 0.8494669046875 0.5688778359375 0.8496297296875 0.609973396875 0.8581033703125 0.609789965625 0.86711789375 0.60667169375
5 0.928056021875 0.8154940953125 0.9278757343749999 0.8015535640625 0.8974066640625 0.8017369921874999 0.864123771875 0.801498496875 0.8645938265625001 0.81604438125 0.8874906953125 0.8158609531250001 0.928056021875 0.8154940953125
5 0.7635520515625001 0.721960534375 0.7635520515625001 0.7085285875 0.74053585625 0.7084097203125 0.71676909375 0.70830864375 0.7167018328125 0.7217228 0.7328248484375 0.721841665625 0.7635520515625001 0.721960534375
0 0.7558410453125 0.587588390625 0.7640193875 0.5843789875 0.7699778921875 0.5804563843749999 0.7755858921875001 0.57403758125 0.781310734375 0.5648848390625 0.78399790625 0.5556132296875 0.7843484015625 0.5439642874999999 0.7433637234375 0.543751490625 0.7434566921875 0.588420459375 0.7490647015625 0.588539325 0.7558410453125 0.587588390625
0 0.870353115625 0.4437654203125 0.8619807187499999 0.4445282375 0.8543580828125 0.446816684375 0.84985948125 0.449486540625 0.8427456234375 0.4535461703125 0.86685420625 0.4882630078125 0.8711028890625 0.48508460937500003 0.877475909375 0.44414682812499995 0.870353115625 0.4437654203125
5 0.9123400859374999 0.33500073750000003 0.9123400859374999 0.3221600046875 0.8899720296875 0.3220328671875 0.8656045953125 0.32190573125 0.8651047484375001 0.3352550109375 0.883599009375 0.3352550109375 0.9123400859374999 0.33500073750000003
0 0.7676863265625 0.41753536718750006 0.76063080625 0.4108252046875 0.7508144234375 0.40583159375 0.7399243796875 0.40317874062500003 0.7350161890625 0.40317874062500003 0.7338053046875 0.4480938421875 0.7756621421875 0.44827728125000005 0.7758155203125 0.438290059375 0.7724411453125 0.4259620828125 0.7676863265625 0.41753536718750006
5 0.80878135 0.334838596875 0.8086855500000001 0.32187527656250003 0.7861722484375 0.3216803390625 0.7530880062499999 0.3217709046875 0.7534082078125001 0.33513100156250003 0.7733348765625 0.3349360640625 0.80878135 0.334838596875
3 0.6155833921875 0.4984835796875 0.734001403125 0.4986853546875 0.73419971875 0.40893120468750005 0.7343980343750001 0.3224053765625 0.6931169796875001 0.3224053765625 0.5201870000000001 0.3219830515625 0.519995465625 0.3849205171875 0.5201937812499999 0.49787826874999996 0.6155833921875 0.4984835796875
5 0.678758284375 0.3353701015625 0.678656475 0.3220135921875 0.6229969875 0.3218064234375 0.578005803125 0.3215095609375 0.57809208125 0.33526651875 0.612682509375 0.3353701015625 0.678758284375 0.3353701015625
0 0.7186238984375 0.44783427812500004 0.711230959375 0.4508986390625 0.7042487234375 0.455913046875 0.69822484375 0.4617631875 0.6935700234375 0.46914550781250003 0.6909688046875 0.4784778765625 0.6901473625000001 0.48808882656249997 0.7347810078125 0.4881996375 0.7353264890625 0.447277121875 0.726153753125 0.447277121875 0.7186238984375 0.44783427812500004
5 0.658243365625 0.7215168281250001 0.6580182031249999 0.708612078125 0.5959493124999999 0.7086884390625 0.5609834593749999 0.70860548125 0.5612339828125 0.7215168281250001 0.61268603125 0.721364109375 0.658243365625 0.7215168281250001
0 0.6836749234374999 0.501355503125 0.676709453125 0.5036172109375 0.6692993859375 0.5067836031249999 0.6620375234375 0.5111562390625 0.6575914828125 0.516433559375 0.65388645 0.524123371875 0.6512188265625001 0.5340748875 0.6507742234375 0.54266938125 0.6949382234375 0.54266938125 0.6951233921875 0.49739195468749997 0.6872317578125 0.4971336453125 0.6870835484375 0.5012047203125001 0.6836749234374999 0.501355503125
3 0.360051146875 0.8153064796875 0.48303762499999997 0.8150582156249999 0.48084145312500004 0.76665985 0.47718114062500006 0.6549808875 0.47327679375000004 0.5408192421875 0.35988987968749997 0.5401138109375 0.360051146875 0.572583678125 0.3585870265625 0.690717596875 0.360051146875 0.8153064796875
0 0.385577575 0.5837192156250001 0.392758871875 0.5804107125 0.3989916890625 0.5759993828125001 0.40495351875 0.57020950625 0.4101023640625 0.5604218546874999 0.41267679218750003 0.5513234796875001 0.413354271875 0.54029514375 0.3721808 0.540009978125 0.3724344578125 0.5848220484375 0.377718796875 0.58495990625 0.385577575 0.5837192156250001
5 0.473002925 0.5354041515625 0.47270662343750003 0.5249533875 0.4721140015625 0.5071669875 0.4596845140625 0.5073897171875 0.46026169687499996 0.52033093125 0.46055800781249995 0.535705615625 0.473002925 0.5354041515625
0 0.3873885828125 0.51051129375 0.39064796562500004 0.51814839375 0.39489504062499997 0.524680121875 0.400623653125 0.53121185 0.4110931875 0.536939675 0.42146395312499996 0.5395523640625 0.4295630328125 0.5400548046875 0.42954288749999997 0.498224259375 0.3863021203125 0.49805076562500006 0.3863021203125 0.5040800546875001 0.3873885828125 0.51051129375
3 0.23363382656249998 0.3901111203125 0.1972341078125 0.3896173421875 0.1977194390625 0.3977646453125 0.2008740796875 0.40813394374999995 0.20839669375 0.419243909375 0.22077259531250001 0.42788498906249994 0.23411916718749998 0.43257585625 0.234361828125 0.49822058281250003 0.28580675625 0.49797368906250006 0.4713960234375 0.4969861421875 0.469697359375 0.4288725359375 0.4650867234375 0.29857064843750003 0.4604761078125 0.1808463 0.23041899531249999 0.180209671875 0.22975119375 0.3348631875 0.23363382656249998 0.335110071875 0.23363382656249998 0.3901111203125
0 0.275857503125 0.46513758593750004 0.26590825156250003 0.45748405625000005 0.25571631875 0.453533846875 0.2445537421875 0.45279318437500005 0.244593709375 0.4979364125 0.28677741874999996 0.49822058281250003 0.2855640953125 0.48538240468750005 0.282166784375 0.474519328125 0.275857503125 0.46513758593750004
3 0.2421896421875 0.49804335312500003 0.2421896421875 0.40115637968750006 0.24254511875 0.32216195000000003 0.1762108265625 0.32216195000000003 0.051840796875 0.3220130125 0.0518246890625 0.3731371140625 0.0520024421875 0.49822419062499995 0.2421896421875 0.49804335312500003
5 0.1931261296875 0.3353637515625 0.19300605625 0.32204773750000004 0.14872853125000002 0.32204773750000004 0.10049991250000001 0.321639940625 0.1006138 0.33524158437499996 0.1348895078125 0.33524158437499996 0.1931261296875 0.3353637515625
0 0.212172725 0.42394180156249994 0.22255063125 0.429807640625 0.23325798749999999 0.4328243578125 0.2429769765625 0.433662334375 0.2434711546875 0.389249546875 0.197182428125 0.3900875234375 0.2001475484375 0.4060090890625 0.20344211875 0.4143888609375 0.212172725 0.42394180156249994
0 0.2895032671875 0.6868453234375 0.28059621875 0.6796833671875 0.2712581796875 0.6758831453125 0.259190553125 0.674760853125 0.2585942140625 0.7208439281250001 0.300277928125 0.72133964375 0.2989849671875 0.70409248125 0.29625538281249997 0.6953227390625 0.2895032671875 0.6868453234375
5 0.19436023125 0.72175060625 0.194221984375 0.7085290546875 0.151364859375 0.7083884 0.10360684843750001 0.7082681703125 0.1033925265625 0.7221725703125 0.132286521875 0.7220319171875 0.19436023125 0.72175060625
5 0.9583922703125 0.215615040625 0.9585171593749999 0.18856425000000002 0.9583922703125 0.15298593124999998 0.9444348234375 0.152918634375 0.9446541640625 0.180559128125 0.9445292640625 0.21536090937500002 0.9583922703125 0.215615040625
3 0.6098590546875 0.119265334375 0.61015434375 0.1934026953125 0.6092684765625 0.26558797031250003 0.7814064375 0.2651374890625 0.7819970140625 0.18756745 0.85050421875 0.18756745 0.8503565703125 0.1407278078125 0.8543429828125 0.14102813281249998 0.854638271875 0.08340845 0.7798981140625 0.08340845 0.7803410515625 0.006868515625 0.725421290625 0.007018675 0.60565153125 0.006623503125000001 0.6054297078124999 0.083397940625 0.6103019875 0.083397940625 0.6098590546875 0.119265334375
5 0.7494576546875 0.0194010390625 0.7492450484375001 0.0067156546875 0.6751892796875001 0.0067877328125 0.6376929625 0.0065070265625 0.6376178 0.0194010390625 0.6928233140625 0.0194010390625 0.7494576546875 0.0194010390625
0 0.820735421875 0.169461 0.8282795640625 0.17504113906250002 0.833629053125 0.1774127015625 0.8429563546875001 0.179505253125 0.8511863203125 0.1799237671875 0.85085835 0.140646865625 0.81031079375 0.1410022765625 0.8109966265624999 0.1497909984375 0.814562946875 0.1615092984375 0.820735421875 0.169461
5 0.4622846734375 0.8152084437499999 0.4621859546875 0.8020562796874999 0.43188033593749997 0.8020562796874999 0.38322365468749997 0.8019458234375 0.3834162421875 0.8152084437499999 0.40562165781250004 0.8151080453124999 0.4622846734375 0.8152084437499999
4 0.259497265625 0.192191325 0.43381355 0.19263086875 0.4352308171875 0.1806286234375 0.2590173796875 0.1811087140625 0.259497265625 0.192191325