5 0.626229025 0.6335316843750001 0.6259856187499999 0.6169867484375 0.607649184375 0.61688885 0.583809640625 0.6168806078125 0.5838767234375 0.633629584375 0.5982375640625001 0.6337274828125 0.626229025 0.6335316843750001
0 0.5426506546875001 0.4925259015625 0.5448033140625 0.48768519843749997 0.547053825 0.47953864218750003 0.5489129421875 0.47198242031250004 0.5489129421875 0.46383586406250005 0.50753179375 0.46337969375 0.5077188375 0.46997529687500006 0.518677840625 0.4764689265625 0.5426506546875001 0.4925259015625
3 0.5295735953125 0.6326019125 0.5291155062499999 0.5300054640625 0.50714444375 0.5300054640625 0.5074498375000001 0.46389050625 0.458933596875 0.46372677187500005 0.4587809015625 0.445854525 0.41831573437499997 0.445670278125 0.41831573437499997 0.39740704843749997 0.34609625624999996 0.3971580453125 0.345577509375 0.5228197156250001 0.34588290312500003 0.6326019125 0.5295735953125 0.6326019125
5 0.46932082968750005 0.6335848093750001 0.46932082968750005 0.61694434375 0.4401484796875 0.616841625 0.40184522031250003 0.616706465625 0.40200622968750005 0.6335848093750001 0.4274372609375 0.6337902484375 0.46932082968750005 0.6335848093750001
0 0.46259004218750005 0.482353121875 0.46612203125 0.4903601234375 0.47596881093750004 0.48416115625 0.497481871875 0.4699551875 0.4975889015625 0.46362707500000006 0.45944558750000003 0.4634568578125 0.45980725468749994 0.47034262499999996 0.46044943437499997 0.47499185 0.46259004218750005 0.482353121875
3 0.4573198109375 0.40286494062499995 0.506728203125 0.40352204374999995 0.661150253125 0.40286494062499995 0.661331778125 0.3698028453125 0.661331778125 0.25792472499999997 0.6609687281250001 0.193990890625 0.627530634375 0.193990890625 0.40621490312499997 0.1943617359375 0.4062339234375 0.3400458 0.4572052015625 0.340337290625 0.4573198109375 0.40286494062499995
0 0.48222227812499996 0.3806222828125 0.4732730671875 0.375466321875 0.4698062515625 0.383054340625 0.4679519109375 0.3898641 0.46690380625000005 0.3958956046875 0.46659003437499996 0.40332290000000004 0.50761869375 0.40377546875 0.50761869375 0.3975494 0.49608952500000003 0.3895722546875 0.48222227812499996 0.3806222828125
5 0.5913801984375 0.20997310468750002 0.5912189531250001 0.19344595 0.5387252453125 0.193348665625 0.4999668703125 0.1935298421875 0.500245421875 0.209875825 0.5325880984375 0.209875825 0.5913801984375 0.20997310468750002
0 0.2348209421875 0.6858321296875001 0.229037075 0.683180128125 0.2252197265625 0.6923923453125 0.2236002375 0.6997900359375 0.22279049999999997 0.7039774078125001 0.2223996125 0.7180236609375 0.2643186671875 0.7179353109375 0.2643186671875 0.7056523546875 0.24777681093749998 0.6940672953125 0.2348209421875 0.6858321296875001
5 0.20730503749999998 0.6930328515624999 0.20700839062499998 0.668944959375 0.20690950937500002 0.6455596578125 0.1930762421875 0.6456715843749999 0.19296722187499998 0.6593999375 0.193263865625 0.692913540625 0.20730503749999998 0.6930328515624999
3 0.026052081249999998 0.63126884375 0.17604305781250001 0.6314135421875 0.20482441875 0.630834740625 0.20458457812500003 0.6246125921875 0.2201744828125 0.6247572906250001 0.2206541640625 0.563283465625 0.22952841875000002 0.563428165625 0.22952841875000002 0.5417391031250001 0.22952841875000002 0.48272519999999997 0.2296483390625 0.40751282031249997 0.22976826875 0.349801228125 0.11046619375 0.349511825 0.080485609375 0.329977165625 0.07760747031250001 0.3364887171875 0.075328953125 0.3453154890625 0.0738898796875 0.3372122234375 0.0706519796875 0.3304112703125 0.04103115625 0.349511825 0.0259301921875 0.34963660937499996 0.025932160937499997 0.427328825 0.025812240625 0.5217784 0.026052081249999998 0.63126884375
5 0.1699185796875 0.6334719828125001 0.1697352859375 0.6171061156250001 0.12572792500000002 0.6171061156250001 0.078537671875 0.6172046796874999 0.0788652140625 0.63369314375 0.0948452765625 0.6335825609375 0.1699185796875 0.6334719828125001
0 0.2053126109375 0.5723308390625 0.19870123906249998 0.576479103125 0.20438701250000002 0.5889238953125 0.21694860781249997 0.6174831046875 0.22250216093750003 0.61764265 0.222300475 0.5679793890625 0.2166841578125 0.568342121875 0.21126283906249999 0.5692994140625001 0.2053126109375 0.5723308390625
3 0.0267399703125 0.3588039078125 0.22451665625 0.3583021015625 0.22451665625 0.40363172968749994 0.28204595 0.4037990015625 0.282006396875 0.29432481718750003 0.28184616406249996 0.1949901609375 0.1755750453125 0.194796821875 0.17653644375 0.1037650984375 0.1760557390625 0.0179536109375 0.1116023609375 0.018533639062500003 0.0827602890625 0.00035950468750000004 0.0792351390625 0.0080931796875 0.077152109375 0.0167935625 0.076350940625 0.010026598437500001 0.07218486562500001 0.0007461875 0.045906525 0.017373587500000003 0.0268004859375 0.0176479703125 0.0267399703125 0.047490584375 0.0267399703125 0.27437082031250004 0.0267399703125 0.3588039078125
5 0.15653569375 0.0335327328125 0.15653569375 0.017170560937500003 0.14098750625 0.0170848953125 0.12131241875000001 0.017253974999999998 0.1213925296875 0.0336184 0.13481083124999999 0.033704065625 0.15653569375 0.0335327328125
5 0.1627913703125 0.18899755625 0.17676701718750001 0.18860538124999998 0.1766586734375 0.12208889062499999 0.1765503359375 0.0775266875 0.17644200000000002 0.034010271875 0.162626428125 0.033842340625 0.162683034375 0.0722977421875 0.162683034375 0.1300557515625 0.1627913703125 0.18899755625
5 0.242165178125 0.2082867421875 0.24187433593750002 0.1936877578125 0.22114415781250002 0.19375794375 0.19600743437499998 0.193736246875 0.19649126249999999 0.208427115625 0.2079504453125 0.20821655312499998 0.242165178125 0.2082867421875
1 0.0659510375 0.3294965453125 0.041431564062499995 0.34891621875 0.040078484375 0.35827702499999997 0.11358887343749999 0.3573595546875 0.11288831562499999 0.34469455 0.08276439062499999 0.3294965453125 0.0659510375 0.3294965453125
1 0.06665159375 0 0.037228225 0.018697220312500002 0.037976465625 0.0288851328125 0.11849276718749999 0.030517890625 0.1177922109375 0.016164220312499998 0.082063834375 0 0.06665159375 0
5 0.81015625 0.26171875 0.0609375 0.0203125
5 0.878125 0.26171875 0.053125 0.021875