3 0.42996669218749994 0.8359446500000001 0.500318725 0.8356030796875 0.5004168625000001 0.6960858796875 0.4872703140625 0.6960858796875 0.4865926625 0.68987410625 0.4855083953125 0.6842446859375 0.4829333 0.6766740875 0.4794094828125 0.669491721875 0.4748014171875 0.664056421875 0.46924461875 0.6601740625 0.4642299546875 0.6588152375 0.4596218875 0.658232884375 0.4600284765625 0.6960858796875 0.4472885171875 0.696279996875 0.4474240515625 0.7013270625 0.399310315625 0.7013270625 0.3387416828125 0.701238925 0.3392464734375 0.77222115625 0.3396188609375 0.8357677296875 0.42996669218749994 0.8359446500000001
0 0.3493754 0.7509166453125 0.3541419546875 0.74899655 0.358982984375 0.74536970625 0.36300476718749997 0.74067614375 0.3670265453125 0.73512920625 0.3698566875 0.7269154703125 0.3712717578125 0.7192350937499999 0.3712717578125 0.7118747375 0.339060615625 0.7119268609375 0.3392464734375 0.7505966265625 0.345353621875 0.7510233140625 0.3493754 0.7509166453125
0 0.48327718124999997 0.6765064015625 0.479949121875 0.6700285953125 0.4746583578125 0.6631841234375 0.4678315640625 0.65902855 0.4618581234375 0.6580507671875 0.459383409375 0.6580507671875 0.45940937656249997 0.7102409468750001 0.48779993125 0.7108509890625 0.48771459375 0.6955731468749999 0.4860932328125 0.6854286593750001 0.48327718124999997 0.6765064015625
5 0.4521345796875 0.558749171875 0.4428465015625 0.5459928078125 0.437249109375 0.5363072421874999 0.4285962875 0.54836185 0.4373754328125 0.5613004421875 0.44360990312500004 0.5702298906250001 0.4521345796875 0.558749171875
5 0.41650644375 0.43161526562499997 0.41657585781249995 0.41630407500000005 0.4065104609375 0.41630407500000005 0.3837906109375 0.416213046875 0.38374184375 0.431913534375 0.39540381875 0.43181411093750005 0.41650644375 0.43161526562499997
5 0.5006374109375 0.39268529375 0.5006374109375 0.3721778328125 0.5005550875 0.3401072953125 0.48945869999999997 0.33986545 0.4896063625 0.3495315546875 0.4897710046875 0.39268529375 0.5006374109375 0.39268529375
0 0.3545356484375 0.3624498375 0.35995472500000003 0.357059834375 0.3647716921875 0.34563304375000004 0.3673307015625 0.33442184375 0.3676317609375 0.320407846875 0.339302796875 0.319991834375 0.3397836953125 0.3669774296875 0.34806285 0.3665462328125 0.3545356484375 0.3624498375
5 0.307987721875 0.4316971703125 0.3079211828125 0.4163542359375 0.29334978437500003 0.41616364062500005 0.278572290625 0.41622779843749996 0.2783126296875 0.4316971703125 0.28603081406249997 0.4316971703125 0.307987721875 0.4316971703125
3 0.2561333671875 0.431321446875 0.2561333671875 0.3910230453125 0.2558960828125 0.35184958593750004 0.2837144171875 0.35202421250000004 0.2836474015625 0.3434812859375 0.28210599062499997 0.3350343484375 0.2784870171875 0.32735531406249996 0.2742665890625 0.3215960390625 0.2709156875 0.318044484375 0.2669616328125 0.3150890125 0.2610640515625 0.312977278125 0.2559036671875 0.3120173984375 0.2559036671875 0.296467353125 0.21021900468750002 0.296371365625 0.1677967390625 0.29641759687499997 0.16778415156249998 0.3704048421875 0.16794234375 0.4309815875 0.2561333671875 0.431321446875
5 0.1782128234375 0.3875084609375 0.1781542890625 0.3788728875 0.178037215625 0.3486240625 0.1674246703125 0.34858295 0.16720791562499998 0.3565889125 0.167266453125 0.38742462031249997 0.1782128234375 0.3875084609375
0 0.2832269515625 0.3375360421875 0.2814276375 0.3321105546875 0.27858661093750003 0.3266850625 0.27441977500000003 0.32085265937499996 0.27034764375 0.31678354375 0.264570896875 0.31352825 0.259172953125 0.31217187812499997 0.2554796171875 0.311493690625 0.2497126921875 0.31120295625 0.2497028703125 0.352049228125 0.2838898578125 0.352049228125 0.2839845546875 0.344996090625 0.2832269515625 0.3375360421875
3 0.12286047656250002 0.31917579375 0.1649067375 0.31917579375 0.1649067375 0.3108075234375 0.1680367359375 0.3111063890625 0.1679324 0.313646759375 0.2062173953125 0.31366767812499996 0.2062173953125 0.3052994015625 0.264745553125 0.306046571875 0.29667150000000003 0.283780990625 0.30136649375 0.283780990625 0.3012621578125 0.26960573593750004 0.30136649375 0.21449618125 0.3012621578125 0.1598349296875 0.301157821875 0.090529203125 0.188377046875 0.09023033593749999 0.1231585421875 0.09004168125 0.12286047656250002 0.145628296875 0.12275614374999999 0.2559968390625 0.12286047656250002 0.31917579375
5 0.1335131984375 0.25418944374999997 0.1335717359375 0.21907786875 0.1335131984375 0.1821218 0.1334546625 0.1484296453125 0.12293014375 0.1483986171875 0.12285950937500001 0.2088493234375 0.12285950937500001 0.2539379234375 0.1335131984375 0.25418944374999997
0 0.27868222187499997 0.2596067796875 0.2716164015625 0.25611071875 0.264550578125 0.25574271249999997 0.2581271 0.257030734375 0.25440148125 0.26034279374999997 0.268096678125 0.30323519062500004 0.29422703281249996 0.2849992265625 0.289216725 0.27175099375 0.28459181875 0.265126878125 0.27868222187499997 0.2596067796875
3 0.4126337578125 0.2844996375 0.4124684515625 0.275502259375 0.45743355937499997 0.27644935625 0.45743355937499997 0.2352839984375 0.458260115625 0.16335473125 0.43362849531250003 0.1280755546875 0.4334631875 0.0899551046875 0.38979841249999997 0.0899551046875 0.29461163749999997 0.0898307109375 0.2944217203125 0.1389505375 0.2950829703125 0.284262865625 0.4126337578125 0.2844996375
0 0.3236517875 0.24049184375000002 0.3191647515625 0.24401613906250003 0.315039571875 0.248680653125 0.3116381046875 0.25519645625 0.3095393265625 0.26017193125000004 0.30816426875 0.26587300156250004 0.307006321875 0.272092346875 0.30707869374999996 0.275202021875 0.3067168359375 0.284220075 0.30674601562500003 0.2840886234375 0.3349417546875 0.284316475 0.3348693859375 0.2383150734375 0.32994811875 0.2383150734375 0.3236517875 0.24049184375000002
5 0.45146870625 0.15374465937499998 0.44399131562500005 0.142606621875 0.436604109375 0.1319649546875 0.4288570765625 0.1431206828125 0.435975553125 0.153487628125 0.44363240312499996 0.16419728281249998 0.45146870625 0.15374465937499998
5 0.4576159890625 0.23407723281249998 0.4576859125 0.19833730624999998 0.4576159890625 0.17079575625 0.44651945 0.1707728421875 0.44663781562500005 0.1873276953125 0.44698744062499995 0.234277534375 0.4576159890625 0.23407723281249998
5 0.5004167328125 0.79687970625 0.50056145625 0.7748259015625 0.5004890921875 0.7491228984375 0.48970048750000006 0.7491219453125 0.489707246875 0.760316140625 0.4897796109375 0.796776065625 0.5004167328125 0.79687970625
5 0.325675034375 0.836260003125 0.3256164953125 0.821923275 0.31982135624999997 0.8218394343750001 0.313528984375 0.8218548390624999 0.31379207187499997 0.836260003125 0.3187091609375 0.8361761624999999 0.325675034375 0.836260003125
0 0.3231579515625 0.7197856296875 0.3187676953125 0.7261528203125 0.31595793125 0.7317701343749999 0.3133823140625 0.7392319421875 0.31215304375 0.7467775875 0.311860359375 0.7523890343749999 0.311801825 0.7611025828125 0.3388992359375 0.761486175 0.3390214125 0.712871034375 0.33422139687499997 0.712954875 0.328367725 0.714967046875 0.3231579515625 0.7197856296875
5 0.2739274296875 0.8363218031249999 0.273693284375 0.8217335515625 0.26099080625000004 0.8217335515625 0.24070219843750001 0.8217626734374999 0.24091269999999998 0.8362379625 0.25502005625 0.8363218031249999 0.2739274296875 0.8363218031249999
0 0.18443130000000002 0.791973778125 0.188715534375 0.7889056859375 0.19377093125 0.7839967375 0.1976267453125 0.7772469296875 0.20036865937499998 0.7695153312499999 0.201653928125 0.76104739375 0.2020823484375 0.75356124375 0.1677833546875 0.753760415625 0.1672943609375 0.7941828078125 0.17911884843749998 0.7940600843750001 0.18443130000000002 0.791973778125
5 0.1780906296875 0.7528420796875 0.178176315625 0.7408151515625 0.1780906296875 0.72670191875 0.167123571875 0.726778365625 0.1672086734375 0.7372561609375 0.1672943609375 0.7528420796875 0.1780906296875 0.7528420796875
5 0.178176315625 0.8225062296875001 0.1780906296875 0.8098656828124999 0.1780906296875 0.7951388296874999 0.1672178265625 0.7950429515625 0.16712299218749999 0.8060612453125 0.1670373046875 0.8222607828124999 0.178176315625 0.8225062296875001
0 0.32459348125 0.674156321875 0.317386915625 0.6669091218750001 0.3098736765625 0.6638345546875 0.305120403125 0.6638345546875 0.3039561953125 0.7102867515625 0.33272004375 0.7106119359374999 0.33287338125 0.6958979234375 0.3304200765625 0.6835996453125001 0.32459348125 0.674156321875
5 0.1370491515625 0.6483107734375 0.1370491515625 0.5990271015624999 0.1370491515625 0.5631762 0.126218346875 0.56334515625 0.12644130468749998 0.6052630328124999 0.12634825 0.648444046875 0.1370491515625 0.6483107734375
5 0.15379838437499999 0.6717577984374999 0.1450515640625 0.6593632453125 0.13819425000000002 0.6505179703125 0.1302564046875 0.6618954671874999 0.1385379671875 0.67362364375 0.145982075 0.6837525203125 0.15379838437499999 0.6717577984374999
5 0.14698296718749998 0.5278617703124999 0.130447384375 0.5493601875 0.1381639890625 0.5609969578125 0.15414838749999998 0.5383808734375 0.151759925 0.5336472765625 0.14698296718749998 0.5278617703124999
4 0.45851757656250003 0.58317715625 0.44739215000000004 0.5862980015625 0.44692902968750003 0.6832998140625001 0.457659165625 0.6845283125 0.45894678125 0.6286316140625 0.45851757656250003 0.58317715625
3 0.1259655109375 0.6464448468749999 0.1259655109375 0.6550443390625 0.14656737343749998 0.6820713140625 0.1478549890625 0.7158550328125 0.1783285765625 0.7170835328125 0.2319792578125 0.7201547796875001 0.23240846249999997 0.7121695375 0.46074576250000004 0.7097125390625 0.458170528125 0.565978171875 0.4332766125 0.531580203125 0.43279674218749997 0.4947465421875 0.146996578125 0.49472523749999997 0.146996578125 0.5260519578125 0.126823921875 0.5543074328125 0.1259655109375 0.6464448468749999