3 0.5115372046875 0.6857105109375 0.65704185625 0.6856154906249999 0.6569074953125 0.5897993593749999 0.6571762062500001 0.5408902484375 0.5808705015625 0.54070020625 0.48211904531250005 0.5406792578124999 0.4816295515625 0.6330005703125 0.511402853125 0.63290555 0.5115372046875 0.6857105109375
0 0.5332221781250001 0.663495596875 0.5396712546875 0.6608350125 0.5474638953125 0.6539935156250001 0.5531068296874999 0.6458217281249999 0.5536442593750001 0.63841010625 0.51128273125 0.6386593390625 0.51132218125 0.6651109515625 0.5273105234375 0.664540825 0.5332221781250001 0.663495596875
5 0.578156215625 0.685838996875 0.5780723 0.6740284046875 0.5618760828125 0.6739690546875 0.541232596875 0.6739045906250001 0.5414000328124999 0.6860170453125 0.5555822140625 0.6859576953125 0.578156215625 0.685838996875
5 0.6029070796875 0.685898346875 0.6028231640625 0.67373165625 0.5951866031249999 0.6738503546875 0.5809265828125 0.6739045906250001 0.5812561796875 0.6860170453125 0.5903193484375 0.6860170453125 0.6029070796875 0.685898346875
5 0.6278872343749999 0.6857404687499999 0.6278033187500001 0.6741672765625 0.6173974546875 0.6741079265625001 0.6062199609375 0.6740350765625001 0.6062363328125 0.68579981875 0.61630651875 0.68579981875 0.6278872343749999 0.6857404687499999
5 0.6970619890624999 0.6856324828125 0.6970619890624999 0.6743588125 0.68169075 0.674258153125 0.6660209515625 0.6743270203125 0.6656078812499999 0.6858337999999999 0.677705615625 0.6857331421875 0.6970619890624999 0.6856324828125
5 0.7321316140625 0.6856731703125 0.731989284375 0.67419818125 0.718895271875 0.6742485109375 0.7004644875 0.6742163671875 0.70067750625 0.6859248140624999 0.7148389734375 0.6859248140624999 0.7321316140625 0.6856731703125
0 0.6728481359375 0.6005695171875 0.678754675 0.5987576781249999 0.6835226078125001 0.596593534375 0.68779239375 0.5938254453125 0.6919198578125 0.5904030796875 0.6948375453125 0.5868800578125 0.6964742984375001 0.5831557203125 0.697185928125 0.5801482390625 0.6971766953125 0.572138865625 0.6609638906249999 0.5722952453125 0.660750403125 0.6015760953125 0.667866715625 0.6014251078124999 0.6728481359375 0.6005695171875
3 0.631091534375 0.49187450625 0.6406365046875 0.49187450625 0.6415602203125 0.5086114640625 0.6295520140625 0.5107890546875 0.62154654375 0.5138376796874999 0.6147726812500001 0.52058820625 0.6098462296875 0.528427528125 0.6098462296875 0.53517805625 0.6406365046875 0.5347425359375 0.640944415625 0.578496840625 0.658802790625 0.5795856390624999 0.6575711609375 0.6026680828125001 0.6658845453125 0.603321365625 0.6751216234374999 0.6015792921875 0.6837429187499999 0.5978773859375 0.6917483890625 0.5913446234374999 0.69698273125 0.5802389140625 0.7816560406249999 0.5795856390624999 0.7816560406249999 0.5212719609375001 0.7825797140625 0.449021715625 0.7819639328125 0.3717677078125 0.7333152625 0.37154995 0.733623175 0.349120778125 0.7259255953125 0.349120778125 0.7154569093750001 0.35042733125000003 0.70591191875 0.3547825109375 0.7003696625 0.3608797578125 0.696366928125 0.3671947703125 0.6960590375 0.36479942187500003 0.69020886875 0.3582666546875 0.6828192015625001 0.35304043749999997 0.6695793890624999 0.34955629843749997 0.6597264859374999 0.34890301875 0.6600343984375 0.371520871875 0.6408537234375 0.371790834375 0.640944415625 0.4455375765625 0.6313994265625 0.4455375765625 0.631091534375 0.49187450625
0 0.624009759375 0.5123438499999999 0.615388484375 0.5193121359374999 0.6095383171875 0.5280224890625 0.6095383171875 0.53542629375 0.6529526234375 0.5352085343749999 0.65270818125 0.5072812875 0.6449471515625 0.5079886703125001 0.63663376875 0.508206428125 0.624009759375 0.5123438499999999
3 0.436704853125 0.5484324234375 0.6578445984375 0.5491505359375 0.6574384625 0.5475706953125 0.6574384625 0.45168156875000004 0.6570322984375 0.3789055078125 0.65764153125 0.31891179062499997 0.6525646296875001 0.31876816875 0.6523615609375 0.273854740625 0.65764153125 0.273854740625 0.6570322984375 0.231219159375 0.6564230921875 0.231097546875 0.5739632718750001 0.23095392656249997 0.573760203125 0.21544276875 0.5688863703125 0.21544276875 0.5632002515625001 0.216448121875 0.5577172015625 0.217884340625 0.5528433828125 0.22032591406250002 0.5479695640625 0.22420370156249997 0.5445172796875 0.230092196875 0.5414711453125001 0.224347321875 0.5376126953125 0.2211876421875 0.5313173453125 0.21831520468750001 0.523397390625 0.21630449999999998 0.5156805062500001 0.2160172578125 0.5158835890625 0.23105543593750003 0.43763884218750004 0.230529640625 0.43772022968749996 0.35996753125000003 0.436907928125 0.47694896093750005 0.436704853125 0.5484324234375
5 0.5133852390625 0.2424823640625 0.5130599734375 0.23044346718750003 0.4971216703125 0.23052014999999998 0.48149828906250003 0.23055815468750002 0.481833909375 0.2424823640625 0.49397737812500003 0.24255904374999998 0.5133852390625 0.2424823640625
5 0.6075487671875 0.242597796875 0.6077245921875 0.23066025156249997 0.5940102140625 0.230722428125 0.5761819609375001 0.230753678125 0.576339765625 0.24247344843750002 0.5883838 0.24253562343750001 0.6075487671875 0.242597796875
5 0.5283897343749999 0.717770690625 0.5282655109375 0.7081069640625001 0.5281412953125 0.687813134375 0.511198496875 0.68772828125 0.5113716625 0.6994096078125 0.5113716625 0.7176828390625001 0.5283897343749999 0.717770690625
5 0.5285139484375 0.7495546953125001 0.5283897343749999 0.7333020609374999 0.5283897343749999 0.719421434375 0.511061853125 0.7193085640625 0.5113716625 0.7326870953125 0.5116201 0.749466840625 0.5285139484375 0.7495546953125001
5 0.50752085625 0.763416875 0.5076450796875001 0.751029734375 0.5031731749999999 0.7512054375 0.4965776203125 0.7512751515625 0.49658954218750007 0.7632411718750001 0.5009372234375 0.7633290234375 0.50752085625 0.763416875
0 0.46804345625000005 0.73812335625 0.46232935781249995 0.743124775 0.458602771875 0.7479566390625 0.45698791875 0.751734278125 0.4566152609375 0.7632429000000001 0.4935714578125 0.7631539734375 0.49338423125 0.731622303125 0.48518574374999995 0.7320615640625 0.4754966203125 0.7343457171875001 0.46804345625000005 0.73812335625
5 0.453357003125 0.763283115625 0.453266240625 0.751279090625 0.4487279375 0.751279090625 0.44202087187499994 0.7512649390624999 0.442283559375 0.763283115625 0.44654955625000003 0.7633473093750001 0.453357003125 0.763283115625
3 0.28301408437500003 0.76357045 0.2852761390625 0.768633296875 0.2901849421875 0.772249615625 0.3002070796875 0.7789036406250001 0.31104735625 0.78468975 0.3263873625 0.78960794375 0.34131830937499996 0.791922390625 0.3599308609375 0.79221169375 0.377316203125 0.7900419046875 0.39306528281249997 0.7851237125 0.4047236890625 0.7794822515625001 0.41576850624999995 0.771412071875 0.423949834375 0.7631668656249999 0.4337674390625 0.7633115171875 0.4337674390625 0.69853745625 0.43356291249999995 0.6394048546875 0.3672829296875 0.638970896875 0.267982584375 0.6391083359375 0.26787859687500004 0.6937436671875 0.26787859687500004 0.763425796875 0.28301408437500003 0.76357045
0 0.41560074687500004 0.650310403125 0.407724046875 0.6526227515625 0.40222522187500004 0.6559861671875 0.3977667171875 0.6597700109375 0.393605434375 0.664710028125 0.39197064843749996 0.6702806875 0.391673415625 0.6759564515625 0.4337332703125 0.6758305171875 0.4343264859375 0.6493644421875 0.422585746875 0.64957465625 0.41560074687500004 0.650310403125
5 0.37150405000000003 0.777153475 0.3564937375 0.7789402875 0.339551396875 0.7778892203125001 0.32691895937500004 0.7750513390625 0.31369205624999996 0.7689551484375 0.3012082296875 0.7600210734374999 0.286346534375 0.7684296125000001 0.2913995109375 0.7721083515625 0.3024077875 0.7794658234375 0.316823628125 0.78619265625 0.33510351250000003 0.7906071375 0.3656056390625 0.791973528125 0.380913184375 0.788820325 0.39547765 0.784090521875 0.4070697671875 0.7777841140625 0.4191077390625 0.7675887609375 0.4041431421875 0.760177540625 0.39785434999999997 0.76632748125 0.386068496875 0.772318565625 0.37150405000000003 0.777153475
3 0.4333848921875 0.5901289984375 0.3791749328125 0.5508026796875 0.26747491874999996 0.550635471875 0.2677304203125 0.6470271203125 0.43315223906250006 0.6466980312499999 0.4333848921875 0.5901289984375
5 0.2842480609375 0.6227483234375 0.2843542390625 0.6096815656250001 0.2843542390625 0.575533765625 0.26714215625 0.5755725609375 0.26768345937500004 0.5937769125 0.26747109375 0.6228234203125 0.2842480609375 0.6227483234375
0 0.3723134671875 0.5865234984375001 0.3823989625 0.588226853125 0.3923339296875 0.588439771875 0.40136572187499997 0.5868428765625 0.4091932671875 0.58375555 0.41656923125 0.5781131921875 0.38930902500000003 0.5586037515625 0.359668965625 0.580242384375 0.3652385671875 0.58375555 0.3723134671875 0.5865234984375001
5 0.28514905 0.62342376875 0.28514905 0.612581684375 0.28504404375000003 0.5749522218750001 0.2665957171875 0.57496525 0.26719370625 0.5948489343750001 0.266878696875 0.62342376875 0.28514905 0.62342376875
5 0.2839846203125 0.54165915 0.2840763359375 0.52526158125 0.2840763359375 0.50146925 0.2678791171875 0.5014438828125 0.26802559062500003 0.518061415625 0.26802559062500003 0.541724015625 0.2839846203125 0.54165915
0 0.3848179609375 0.547849865625 0.39241576093749997 0.5452058046875 0.3990487640625 0.5415382359375001 0.40495816875 0.5361648234375 0.408455571875 0.5304502375 0.409299765625 0.5224327625 0.3673557828125 0.5224526125 0.3673309515625 0.5482763265624999 0.37818495625000004 0.548617496875 0.3848179609375 0.547849865625
0 0.402232515625 0.46542576249999995 0.3969845453125 0.470181171875 0.3932125578125 0.4752845375 0.39124457343749997 0.4809678328125 0.390752571875 0.488854853125 0.42991729687499997 0.48873486093749996 0.4292923875 0.4588145828125 0.41863244218749995 0.45916254062500006 0.40944848125 0.46125028125 0.402232515625 0.46542576249999995
0 0.37159650625 0.42243503593750004 0.3706125125 0.4157078703125 0.3674965203125 0.40921267656250004 0.3629045453125 0.40364536875 0.35847657499999996 0.4017714359375 0.328350884375 0.4223058078125 0.35601657656249996 0.44192061562499996 0.36421654531250003 0.43565739218750005 0.36848052343750004 0.43032205625 0.37159650625 0.42243503593750004
5 0.2841828046875 0.45048731562500005 0.2845108015625 0.43302769531249996 0.2845131609375 0.42396334687500004 0.2674548796875 0.423950965625 0.2674548796875 0.43308947499999995 0.26729088125 0.45037132812499997 0.2841828046875 0.45048731562500005
5 0.2845108015625 0.47506814375 0.28434679687500003 0.4626658 0.2845108015625 0.45245906874999997 0.2673734046875 0.452269009375 0.2677828765625 0.46312162656250005 0.267618878125 0.475184128125 0.2845108015625 0.47506814375
3 0.3439053890625 0.3800504390625 0.344052940625 0.37618920624999996 0.347446775 0.375980490625 0.3471516609375 0.3976722765625 0.35423443125 0.39756791874999997 0.3598416296875 0.3967330609375 0.3658914953125 0.3950633359375 0.372679153125 0.391515175 0.3779912359375 0.387132153125 0.38212285156250003 0.38162310625 0.38419286874999997 0.375553653125 0.3868503109375 0.375553653125 0.3876475296875 0.3795004421875 0.45222314218750004 0.3795004421875 0.453020378125 0.29722118750000004 0.453020378125 0.2312929109375 0.3443313984375 0.23091702656250002 0.341408221875 0.22490287343749998 0.336624840625 0.21907666250000002 0.3281210484375 0.21437810625 0.315631128125 0.2109951453125 0.306330115625 0.21080720312499998 0.306330115625 0.23054114062500003 0.267798075 0.23059696718749997 0.26785730937499996 0.3153852015625 0.2681524328125 0.379633009375 0.3439053890625 0.3800504390625
0 0.334700984375 0.21765318749999998 0.327175534375 0.2138963109375 0.31728916875 0.21129755625 0.30755035468749997 0.21098448281249998 0.3069601265625 0.23185601875 0.306400575 0.24207439062499997 0.3447349125 0.24238595468750002 0.34443979687500004 0.23059353906250002 0.3411935265625 0.2246451515625 0.334700984375 0.21765318749999998
5 0.40374015625000004 0.2425652828125 0.4033414171875 0.2305802328125 0.38141077343749996 0.23050973125000002 0.352333215625 0.23065264531250002 0.35220314531249997 0.2424947828125 0.373037259375 0.2425652828125 0.40374015625000004 0.2425652828125
0 0.3630494296875 0.3963763796875 0.37076407968749997 0.393059959375 0.37726858124999996 0.3881388171875 0.38195787812500004 0.383110690625 0.3839243546875 0.376905771875 0.3839243546875 0.3681333015625 0.3466227 0.36764678281249996 0.3470150640625 0.39787412187500004 0.3568474625 0.39744619375 0.3630494296875 0.3963763796875
5 0.6530200828125 0.317063971875 0.6530200828125 0.30367801562499996 0.652838084375 0.2757476953125 0.6398450999999999 0.2756444359375 0.640462584375 0.29029205468749997 0.640462584375 0.3169352609375 0.6530200828125 0.317063971875
0 0.46926069375 0.518950684375 0.462600159375 0.5152318328125001 0.45523853125 0.5128765609375 0.44822744375 0.512008828125 0.436483871875 0.5118848671875 0.4367304984375 0.538151625 0.47942677187499994 0.5384126703125001 0.47872566406250006 0.53072704375 0.47522012187499996 0.5245289609375 0.46926069375 0.518950684375
1 0.51436994375 0.24201388750000002 0.5781416046875 0.24139919999999998 0.577322940625 0.21363000625 0.5126485015625 0.21305148125 0.51436994375 0.24201388750000002
1 0.6592974796875 0.24317129375 0.735325053125 0.243134775 0.735325053125 0.2090018078125 0.65837065625 0.20958033281250002 0.6592974796875 0.24317129375
1 0.6576598812500001 0.3780092578125 0.7336877265624999 0.3779890125 0.7336877265624999 0.34848424375 0.656733328125 0.3479057203125 0.6576598812500001 0.3780092578125